1840690 275
1840700 275
1840710 275
1840720 275
1840730 275
1840740 275
1840750 275
1840760 275
1840770 275
1840780 276
1840790 276
1840800 276
1840810 276
1840820 276
1840830 275
1840840 275
1840850 274
1840860 273
1840870 273
1840880 273
1840890 274
1840900 274
1840910 275
1840920 275
1840930 275
1840940 275
1840950 275
1840960 275
1840970 275
1840980 276
1840990 276
1841000 276
1841010 276
1841020 276
1841030 276
1841040 276
1841050 276
1841060 275
1841070 275
1841080 275
1841090 275
1841100 275
1841110 275
1841120 275
1841130 275
