1840370 296
1840380 294
1840390 294
1840400 291
1840410 289
1840420 289
1840430 284
1840440 279
1840450 279
1840460 278
1840470 278
1840480 278
1840490 278
1840500 278
1840510 278
1840520 278
1840530 278
1840540 278
1840550 277
1840560 277
1840570 277
1840580 277
1840590 277
1840600 277
1840610 277
1840620 275
1840630 275
1840640 274
1840650 273
1840660 275
1840670 275
1840680 277
1840690 277
1840700 277
1840710 277
1840720 277
1840730 277
1840740 277
1840750 277
1840760 277
1840770 277
1840780 277
1840790 277
1840800 277
1840810 277
1840820 277
1840830 277
1840840 277
1840850 277
1840860 277
1840870 277
1840880 277
1840890 277
1840900 276
1840910 276
1840920 276
1840930 276
1840940 276
1840950 276
1840960 276
1840970 276
1840980 276
1840990 276
1841000 275
1841010 275
1841020 275
1841030 275
1841040 275
1841050 275
1841060 276
1841070 276
