1840000 335
1840010 335
1840020 335
1840030 335
1840040 335
1840050 335
1840060 335
1840070 334
1840080 334
1840090 334
1840100 334
1840110 334
1840120 333
1840130 333
1840140 332
1840150 332
1840160 331
1840170 331
1840180 331
1840190 331
1840200 330
1840210 330
1840220 330
1840230 329
1840240 329
1840250 329
1840260 329
1840270 329
1840280 329
1840290 329
1840300 329
1840310 329
1840320 329
1840330 329
1840340 330
1840350 330
1840360 330
1840370 331
1840380 331
1840390 332
1840400 332
1840410 333
1840420 333
1840430 333
1840440 333
1840450 332
1840460 332
1840470 332
1840480 331
1840490 331
1840500 331
1840510 331
1840520 331
1840530 330
1840540 329
1840550 329
1840560 329
1840570 329
1840580 329
1840590 328
1840600 328
1840610 328
1840620 327
1840630 327
1840640 327
1840650 327
1840660 327
1840670 327
1840680 326
1840690 326
1840700 326
1840710 325
1840720 325
1840730 325
1840740 324
1840750 324
1840760 324
1840770 323
1840780 322
1840790 322
1840800 322
1840810 321
1840820 320
1840830 320
1840840 319
1840850 317
1840860 317
1840870 316
1840880 315
1840890 315
1840900 314
1840910 313
1840920 313
1840930 312
1840940 311
1840950 311
1840960 310
1840970 309
1840980 309
1840990 308
1841000 307
1841010 307
1841020 306
1841030 305
1841040 305
1841050 305
1841060 304
1841070 304
1841080 303
1841090 302
1841100 302
1841110 302
1841120 301
1841130 301
1841140 301
1841150 300
1841160 300
1841170 300
1841180 300
1841190 300
1841200 300
1841210 300
1841220 300
1841230 300
1841240 301
1841250 301
1841260 301
1841270 302
1841280 302
1841290 302
1841300 303
1841310 303
1841320 303
1841330 304
1841340 305
1841350 305
1841360 305
1841370 306
1841380 306
1841390 306
1841400 306
1841410 307
1841420 307
1841430 307
1841440 307
1841450 307
1841460 307
1841470 307
1841480 307
1841490 307
1841500 307
1841510 307
1841520 306
1841530 306
1841540 306
1841550 305
1841560 305
1841570 305
1841580 304
1841590 303
1841600 303
1841610 302
1841620 301
1841630 301
1841640 300
1841650 298
1841660 298
1841670 297
1841680 295
1841690 295
1841700 294
1841710 293
1841720 292
1841730 292
1841740 292
1841750 291
1841760 291
1841770 290
1841780 289
1841790 289
1841800 288
1841810 287
1841820 287
1841830 286
1841840 285
1841850 285
1841860 284
1841870 284
1841880 284
1841890 283
1841900 283
1841910 283
1841920 282
1841930 282
1841940 282
1841950 281
1841960 280
1841970 280
1841980 279
1841990 278
1842000 278
1842010 276
1842020 278
1842030 278
1842040 280
1842050 280
1842060 280
1842070 280
1842080 279
1842090 279
1842100 279
1842110 280
1842120 280
1842130 280
1842140 280
1842150 279
1842160 279
1842170 280
1842180 280
1842190 280
1842200 281
1842210 282
1842220 282
1842230 283
1842240 283
1842250 283
1842260 282
1842270 283
1842280 283
1842290 284
1842300 285
1842310 285
1842320 285
1842330 286
1842340 286
1842350 287
1842360 287
1842370 288
1842380 288
1842390 287
1842400 286
1842410 286
1842420 288
1842430 290
1842440 290
1842450 292
1842460 294
1842470 294
1842480 297
1842490 300
1842500 300
1842510 301
1842520 303
1842530 303
1842540 304
1842550 306
1842560 306
1842570 308
1842580 310
1842590 310
1842600 312
1842610 314
1842620 314
1842630 316
1842640 318
1842650 318
1842660 319
1842670 321
1842680 323
1842690 323
1842700 325
1842710 326
1842720 326
1842730 327
1842740 329
1842750 329
1842760 330
1842770 331
1842780 331
1842790 332
1842800 333
1842810 333
1842820 334
1842830 336
1842840 336
1842850 337
1842860 337
1842870 337
1842880 338
1842890 339
1842900 339
1842910 339
1842920 339
1842930 339
1842940 340
1842950 340
1842960 340
1842970 340
1842980 340
1842990 340
1843000 340
1843010 340
1843020 340
1843030 340
1843040 340
1843050 339
1843060 339
1843070 338
1843080 338
1843090 338
1843100 337
1843110 336
1843120 336
1843130 335
1843140 333
1843150 333
1843160 332
1843170 332
1843180 332
1843190 331
1843200 330
1843210 330
1843220 329
1843230 328
1843240 328
1843250 327
1843260 326
1843270 326
1843280 325
1843290 324
1843300 323
1843310 323
1843320 322
1843330 320
1843340 320
1843350 319
1843360 318
1843370 318
1843380 318
1843390 318
1843400 318
1843410 318
1843420 318
1843430 318
1843440 318
1843450 318
1843460 318
1843470 319
1843480 319
1843490 319
1843500 319
1843510 320
1843520 320
1843530 320
1843540 321
1843550 321
1843560 322
1843570 322
1843580 322
1843590 323
1843600 324
1843610 324
1843620 325
1843630 325
1843640 326
1843650 326
1843660 326
1843670 327
1843680 327
1843690 327
1843700 328
1843710 328
1843720 328
1843730 327
1843740 327
1843750 327
1843760 327
1843770 327
1843780 326
1843790 326
1843800 326
1843810 326
1843820 325
1843830 325
1843840 324
1843850 323
1843860 323
1843870 323
1843880 322
1843890 322
1843900 322
1843910 321
1843920 321
1843930 320
1843940 319
1843950 318
1843960 317
1843970 315
1843980 313
1843990 313
1844000 312
1844010 311
1844020 311
1844030 310
1844040 308
1844050 308
1844060 307
1844070 306
1844080 306
1844090 304
1844100 303
1844110 303
1844120 301
1844130 300
1844140 300
1844150 297
1844160 293
1844170 293
1844180 293
1844190 297
1844200 297
1844210 302
1844220 304
1844230 304
1844240 306
1844250 307
1844260 308
1844270 308
1844280 309
1844290 310
1844300 310
1844310 311
1844320 312
1844330 312
1844340 313
1844350 314
1844360 314
1844370 315
1844380 316
1844390 316
1844400 317
1844410 318
1844420 318
1844430 319
1844440 320
1844450 320
1844460 321
1844470 322
1844480 322
1844490 323
1844500 323
1844510 323
1844520 324
1844530 324
1844540 324
1844550 324
1844560 324
1844570 323
1844580 323
1844590 322
1844600 320
1844610 320
1844620 319
1844630 319
1844640 319
1844650 318
1844660 317
1844670 317
1844680 316
1844690 315
1844700 315
1844710 314
1844720 313
1844730 313
1844740 313
1844750 312
1844760 312
1844770 312
1844780 311
1844790 311
1844800 310
1844810 309
1844820 309
1844830 308
1844840 307
1844850 307
1844860 306
1844870 306
1844880 306
1844890 305
1844900 304
1844910 303
1844920 303
1844930 302
1844940 301
1844950 301
1844960 300
1844970 299
1844980 299
1844990 298
1845000 297
1845010 297
1845020 296
1845030 295
1845040 295
1845050 294
1845060 293
1845070 293
1845080 291
1845090 290
1845100 290
1845110 289
1845120 288
1845130 288
1845140 287
1845150 286
1845160 286
1845170 284
1845180 283
1845190 283
1845200 282
1845210 280
1845220 278
1845230 278
1845240 277
1845250 275
1845260 275
1845270 273
1845280 271
1845290 271
1845300 269
1845310 267
1845320 267
1845330 266
1845340 266
1845350 266
1845360 267
1845370 268
1845380 266
1845390 267
1845400 268
1845410 268
1845420 270
1845430 271
1845440 271
1845450 271
1845460 271
1845470 271
1845480 272
1845490 272
1845500 272
1845510 272
1845520 272
1845530 272
1845540 272
1845550 273
1845560 274
1845570 274
1845580 274
1845590 275
1845600 275
1845610 275
1845620 275
1845630 275
1845640 276
1845650 276
1845660 276
1845670 277
1845680 278
1845690 278
1845700 278
1845710 279
1845720 279
1845730 278
1845740 278
1845750 278
1845760 278
1845770 277
1845780 277
1845790 277
1845800 277
1845810 277
1845820 276
1845830 276
1845840 276
1845850 276
1845860 276
1845870 276
1845880 276
1845890 276
1845900 276
1845910 276
1845920 276
1845930 276
1845940 276
1845950 277
1845960 276
1845970 276
1845980 276
1845990 276
1846000 276
1846010 276
1846020 275
1846030 275
1846040 274
1846050 274
1846060 274
1846070 273
1846080 272
1846090 272
1846100 272
1846110 271
1846120 271
1846130 270
1846140 269
1846150 269
1846160 268
1846170 266
1846180 265
1846190 265
1846200 264
1846210 262
1846220 262
1846230 261
1846240 259
1846250 259
1846260 258
1846270 256
1846280 256
1846290 255
1846300 252
1846310 252
1846320 251
1846330 251
1846340 251
1846350 250
1846360 249
1846370 249
1846380 248
1846390 247
1846400 247
1846410 246
1846420 245
1846430 245
1846440 245
1846450 244
1846460 244
1846470 243
1846480 242
1846490 242
1846500 242
1846510 241
1846520 239
1846530 239
1846540 238
1846550 237
1846560 237
1846570 237
1846580 238
1846590 238
1846600 240
1846610 241
1846620 241
1846630 242
1846640 243
1846650 243
1846660 244
1846670 246
1846680 246
1846690 246
1846700 247
1846710 247
1846720 247
1846730 247
1846740 247
1846750 247
1846760 247
1846770 247
1846780 246
1846790 245
1846800 245
1846810 245
1846820 244
1846830 243
1846840 243
1846850 243
1846860 242
1846870 242
1846880 241
1846890 241
1846900 241
1846910 241
1846920 241
1846930 241
1846940 241
1846950 242
1846960 242
1846970 242
1846980 242
1846990 242
1847000 242
1847010 242
1847020 242
