1840000 337
1840010 337
1840020 337
1840030 337
1840040 337
1840050 337
1840060 336
1840070 336
1840080 336
1840090 335
1840100 335
1840110 335
1840120 335
1840130 334
1840140 334
1840150 333
1840160 333
1840170 333
1840180 332
1840190 332
1840200 332
1840210 332
1840220 332
1840230 332
1840240 331
1840250 331
1840260 332
1840270 331
1840280 331
1840290 331
1840300 331
1840310 332
1840320 332
1840330 332
1840340 332
1840350 333
1840360 333
1840370 333
1840380 334
1840390 334
1840400 334
1840410 335
1840420 335
1840430 335
1840440 334
1840450 334
1840460 334
1840470 333
1840480 333
1840490 333
1840500 332
1840510 332
1840520 332
1840530 331
1840540 331
1840550 331
1840560 331
1840570 331
1840580 330
1840590 330
1840600 329
1840610 329
1840620 329
1840630 329
1840640 329
1840650 329
1840660 328
1840670 328
1840680 328
1840690 327
1840700 327
1840710 327
1840720 326
1840730 326
1840740 325
1840750 325
1840760 325
1840770 324
1840780 323
1840790 323
1840800 322
1840810 321
1840820 321
1840830 320
1840840 319
1840850 319
1840860 318
1840870 317
1840880 317
1840890 317
1840900 316
1840910 315
1840920 315
1840930 313
1840940 312
1840950 312
1840960 311
1840970 310
1840980 311
1840990 310
1841000 309
1841010 309
1841020 308
1841030 307
1841040 307
1841050 306
1841060 305
1841070 305
1841080 304
1841090 303
1841100 303
1841110 303
1841120 302
1841130 302
1841140 301
1841150 301
1841160 301
1841170 300
1841180 300
1841190 300
1841200 300
1841210 300
1841220 301
1841230 301
1841240 301
1841250 301
1841260 301
1841270 302
1841280 302
1841290 302
1841300 303
1841310 303
1841320 303
1841330 304
1841340 304
1841350 304
1841360 305
1841370 305
1841380 305
1841390 306
1841400 307
1841410 307
1841420 307
1841430 307
1841440 307
1841450 307
1841460 307
1841470 307
1841480 306
1841490 306
1841500 306
1841510 306
1841520 305
1841530 305
1841540 304
1841550 304
1841560 303
1841570 303
1841580 302
1841590 301
1841600 301
1841610 300
1841620 299
1841630 299
1841640 298
1841650 297
1841660 297
1841670 295
1841680 294
1841690 293
1841700 292
1841710 291
1841720 291
1841730 290
1841740 290
1841750 290
1841760 289
1841770 288
1841780 288
1841790 287
1841800 286
1841810 286
1841820 285
1841830 284
1841840 284
1841850 282
1841860 281
1841870 281
1841880 281
1841890 280
1841900 279
1841910 279
1841920 278
1841930 277
1841940 277
1841950 276
1841960 275
1841970 275
1841980 273
1841990 273
1842000 273
1842010 276
1842020 277
1842030 277
1842040 277
1842050 276
1842060 276
1842070 276
1842080 276
1842090 276
1842100 276
1842110 276
1842120 276
1842130 276
1842140 276
1842150 276
1842160 276
1842170 276
1842180 277
1842190 277
1842200 277
1842210 278
1842220 278
1842230 279
1842240 279
1842250 279
1842260 280
1842270 281
1842280 281
1842290 282
1842300 284
1842310 284
1842320 284
1842330 284
1842340 284
1842350 284
1842360 285
1842370 285
1842380 286
1842390 287
1842400 286
1842410 285
1842420 284
1842430 284
1842440 284
1842450 287
1842460 287
1842470 291
1842480 294
1842490 296
1842500 296
1842510 298
1842520 300
1842530 300
1842540 300
1842550 301
1842560 301
1842570 304
1842580 306
1842590 306
1842600 309
1842610 311
1842620 311
1842630 313
1842640 315
1842650 315
1842660 316
1842670 318
1842680 318
1842690 320
1842700 322
1842710 322
1842720 323
1842730 325
1842740 325
1842750 327
1842760 328
1842770 328
1842780 330
1842790 332
1842800 333
1842810 333
1842820 334
1842830 335
1842840 335
1842850 337
1842860 338
1842870 338
1842880 339
1842890 339
1842900 339
1842910 340
1842920 340
1842930 340
1842940 341
1842950 341
1842960 341
1842970 341
1842980 341
1842990 341
1843000 341
1843010 341
1843020 341
1843030 341
1843040 340
1843050 340
1843060 340
1843070 339
1843080 339
1843090 339
1843100 338
1843110 338
1843120 337
1843130 337
1843140 336
1843150 336
1843160 335
1843170 334
1843180 334
1843190 333
1843200 332
1843210 332
1843220 331
1843230 330
1843240 330
1843250 329
1843260 327
1843270 327
1843280 326
1843290 325
1843300 325
1843310 324
1843320 323
1843330 323
1843340 322
1843350 320
1843360 320
1843370 320
1843380 320
1843390 320
1843400 319
1843410 320
1843420 320
1843430 320
1843440 320
1843450 321
1843460 321
1843470 322
1843480 322
1843490 322
1843500 322
1843510 323
1843520 323
1843530 323
1843540 324
1843550 324
1843560 324
1843570 324
1843580 324
1843590 325
1843600 325
1843610 325
1843620 326
1843630 326
1843640 326
1843650 327
1843660 327
1843670 327
1843680 327
1843690 327
1843700 327
1843710 327
1843720 327
1843730 327
1843740 326
1843750 325
1843760 324
1843770 324
1843780 323
1843790 322
1843800 322
1843810 321
1843820 320
1843830 319
1843840 318
1843850 318
1843860 318
1843870 317
1843880 316
1843890 316
1843900 315
1843910 314
1843920 314
1843930 314
1843940 313
1843950 313
1843960 312
1843970 311
1843980 311
1843990 310
1844000 309
1844010 309
1844020 308
1844030 307
1844040 307
1844050 306
1844060 304
1844070 302
1844080 302
1844090 301
1844100 299
1844110 299
1844120 297
1844130 295
1844140 295
1844150 292
1844160 291
1844170 291
1844180 292
1844190 295
1844200 295
1844210 298
1844220 301
1844230 301
1844240 303
1844250 305
1844260 305
1844270 306
1844280 307
1844290 307
1844300 307
1844310 308
1844320 308
1844330 309
1844340 311
1844350 311
1844360 312
1844370 313
1844380 313
1844390 315
1844400 315
1844410 316
1844420 316
1844430 317
1844440 318
1844450 318
1844460 319
1844470 320
1844480 320
1844490 321
1844500 322
1844510 322
1844520 323
1844530 323
1844540 323
1844550 322
1844560 322
1844570 322
1844580 321
1844590 320
1844600 320
1844610 319
1844620 318
1844630 318
1844640 318
1844650 317
1844660 317
1844670 316
1844680 315
1844690 315
1844700 314
1844710 313
1844720 312
1844730 312
1844740 311
1844750 310
1844760 310
1844770 310
1844780 310
1844790 310
1844800 309
1844810 308
1844820 308
1844830 307
1844840 306
1844850 306
1844860 305
1844870 304
1844880 304
1844890 303
1844900 302
1844910 302
1844920 301
1844930 300
1844940 300
1844950 298
1844960 297
1844970 297
1844980 296
1844990 295
1845000 295
1845010 294
1845020 293
1845030 292
1845040 292
1845050 291
1845060 290
1845070 290
1845080 289
1845090 289
1845100 289
1845110 288
1845120 287
1845130 287
1845140 287
1845150 286
1845160 286
1845170 285
1845180 283
1845190 283
1845200 282
1845210 281
1845220 281
1845230 280
1845240 279
1845250 279
1845260 277
1845270 276
1845280 276
1845290 275
1845300 272
1845310 272
1845320 270
1845330 268
1845340 266
1845350 266
1845360 264
1845370 262
1845380 262
1845390 262
1845400 264
1845410 264
1845420 266
1845430 266
1845440 266
1845450 265
1845460 264
1845470 264
1845480 264
1845490 264
1845500 264
1845510 265
1845520 265
1845530 265
1845540 265
1845550 265
1845560 265
1845570 266
1845580 267
1845590 267
1845600 265
1845610 266
1845620 266
1845630 267
1845640 269
1845650 269
1845660 270
1845670 271
1845680 272
1845690 272
1845700 272
1845710 273
1845720 273
1845730 273
1845740 272
1845750 272
1845760 272
1845770 271
1845780 271
1845790 271
1845800 271
1845810 271
1845820 271
1845830 271
1845840 271
1845850 271
1845860 271
1845870 271
1845880 271
1845890 271
1845900 271
1845910 271
1845920 272
1845930 272
1845940 273
1845950 272
1845960 272
1845970 273
1845980 274
1845990 274
1846000 274
1846010 274
1846020 274
1846030 274
1846040 274
1846050 273
1846060 273
1846070 273
1846080 272
1846090 272
1846100 272
1846110 271
1846120 271
1846130 270
1846140 269
1846150 269
1846160 268
1846170 267
1846180 267
1846190 266
1846200 265
1846210 265
1846220 264
1846230 262
1846240 262
1846250 261
1846260 260
1846270 260
1846280 258
1846290 257
1846300 255
1846310 256
1846320 254
1846330 253
1846340 253
1846350 251
1846360 250
1846370 250
1846380 249
1846390 248
1846400 248
1846410 246
1846420 245
1846430 245
1846440 245
1846450 244
1846460 244
1846470 244
1846480 243
1846490 243
1846500 242
1846510 241
1846520 241
1846530 240
1846540 239
1846550 239
1846560 238
1846570 237
1846580 237
1846590 237
1846600 237
1846610 237
1846620 237
1846630 237
1846640 238
1846650 238
1846660 238
1846670 240
1846680 240
1846690 242
1846700 243
1846710 243
1846720 243
1846730 243
1846740 243
1846750 243
1846760 243
1846770 243
1846780 242
1846790 242
1846800 242
1846810 241
1846820 241
1846830 241
1846840 240
1846850 240
1846860 240
1846870 240
1846880 240
1846890 240
1846900 240
1846910 241
1846920 241
1846930 241
1846940 241
1846950 241
1846960 241
1846970 242
1846980 242
1846990 242
1847000 243
1847010 245
1847020 245
1847030 245
1847040 246
1847050 246
1847060 247
