1840000 316
1840010 317
1840020 317
1840030 318
1840040 318
1840050 319
1840060 321
1840070 321
1840080 321
1840090 322
1840100 322
1840110 322
1840120 322
1840130 322
1840140 321
1840150 319
1840160 319
1840170 317
1840180 314
1840190 314
1840200 311
1840210 308
1840220 308
1840230 305
1840240 303
1840250 303
1840260 300
1840270 298
1840280 298
1840290 295
1840300 293
1840310 293
1840320 290
1840330 288
1840340 288
1840350 286
1840360 284
1840370 283
1840380 283
1840390 282
1840400 280
1840410 280
1840420 278
1840430 276
1840440 276
1840450 274
1840460 272
1840470 272
1840480 271
1840490 270
1840500 270
1840510 269
1840520 268
1840530 268
1840540 269
1840550 273
1840560 273
1840570 278
1840580 280
1840590 280
1840600 281
1840610 281
1840620 281
1840630 281
1840640 281
1840650 281
1840660 282
1840670 282
1840680 282
1840690 282
1840700 284
1840710 287
1840720 287
1840730 286
1840740 284
1840750 284
1840760 284
1840770 285
1840780 285
1840790 289
1840800 291
1840810 291
1840820 291
1840830 291
1840840 291
1840850 292
1840860 292
1840870 292
1840880 292
1840890 292
1840900 292
1840910 292
1840920 292
1840930 292
1840940 293
1840950 293
1840960 293
1840970 293
1840980 294
1840990 294
1841000 294
1841010 294
1841020 295
1841030 295
1841040 295
1841050 295
1841060 295
1841070 295
1841080 295
1841090 295
1841100 296
1841110 296
1841120 296
1841130 296
1841140 297
1841150 297
1841160 297
1841170 297
1841180 297
1841190 297
1841200 297
1841210 297
1841220 296
1841230 295
1841240 295
1841250 293
1841260 292
1841270 292
1841280 291
1841290 290
1841300 289
1841310 289
1841320 287
1841330 286
1841340 286
1841350 285
1841360 284
1841370 284
1841380 283
1841390 282
1841400 282
1841410 282
1841420 282
1841430 280
1841440 280
1841450 280
1841460 280
1841470 279
1841480 279
1841490 279
1841500 280
1841510 280
1841520 280
1841530 280
1841540 280
1841550 280
1841560 281
1841570 282
1841580 282
1841590 283
1841600 282
1841610 282
1841620 283
1841630 282
1841640 282
1841650 282
1841660 282
1841670 283
1841680 283
1841690 282
1841700 282
1841710 282
1841720 281
1841730 280
1841740 280
1841750 278
1841760 277
1841770 277
1841780 275
1841790 274
1841800 274
1841810 273
1841820 273
1841830 273
1841840 272
1841850 270
1841860 270
1841870 270
1841880 269
1841890 269
1841900 269
1841910 267
1841920 267
1841930 266
1841940 265
1841950 264
1841960 264
1841970 263
1841980 262
1841990 262
1842000 262
1842010 261
1842020 261
1842030 260
1842040 260
1842050 260
1842060 259
1842070 259
1842080 259
1842090 259
1842100 258
1842110 258
1842120 257
1842130 257
1842140 256
1842150 255
1842160 255
1842170 255
1842180 254
1842190 253
1842200 253
1842210 253
1842220 253
1842230 253
1842240 251
1842250 250
1842260 250
1842270 250
1842280 249
1842290 249
1842300 249
1842310 248
1842320 247
1842330 247
1842340 247
1842350 247
1842360 247
1842370 246
1842380 247
1842390 247
1842400 249
1842410 252
1842420 252
1842430 254
1842440 256
1842450 256
1842460 258
1842470 260
1842480 260
1842490 262
1842500 263
1842510 263
1842520 264
1842530 266
1842540 266
1842550 268
1842560 270
1842570 270
1842580 269
1842590 269
1842600 273
1842610 273
1842620 277
1842630 279
1842640 279
1842650 280
1842660 282
1842670 282
1842680 283
1842690 284
1842700 284
1842710 286
1842720 287
1842730 287
1842740 289
1842750 291
1842760 291
1842770 293
1842780 294
1842790 294
1842800 296
1842810 298
1842820 298
1842830 300
1842840 302
1842850 302
1842860 302
1842870 304
1842880 304
1842890 306
1842900 307
1842910 309
1842920 309
1842930 311
1842940 312
1842950 312
1842960 312
1842970 315
1842980 315
1842990 318
1843000 321
1843010 321
1843020 323
1843030 325
1843040 325
1843050 328
1843060 330
1843070 330
1843080 332
1843090 334
1843100 334
1843110 336
1843120 338
1843130 338
1843140 339
1843150 340
1843160 340
1843170 341
1843180 342
1843190 342
1843200 342
1843210 343
1843220 344
1843230 344
1843240 344
1843250 345
1843260 345
1843270 345
1843280 345
1843290 345
1843300 345
1843310 345
1843320 345
1843330 346
1843340 346
1843350 346
1843360 346
1843370 346
1843380 346
1843390 346
1843400 346
1843410 346
1843420 346
1843430 346
1843440 346
1843450 346
1843460 346
1843470 346
1843480 346
1843490 346
1843500 346
1843510 345
1843520 345
1843530 345
1843540 343
1843550 342
1843560 341
1843570 341
1843580 340
1843590 339
1843600 339
1843610 337
1843620 335
1843630 335
1843640 333
1843650 332
1843660 332
1843670 330
1843680 329
1843690 329
1843700 328
1843710 326
1843720 326
1843730 325
1843740 324
1843750 324
1843760 323
1843770 321
1843780 321
1843790 320
1843800 318
1843810 318
1843820 315
1843830 313
1843840 313
1843850 312
1843860 309
1843870 308
1843880 308
1843890 306
1843900 304
1843910 304
1843920 304
1843930 301
1843940 301
1843950 299
1843960 297
1843970 297
1843980 295
1843990 294
1844000 294
1844010 292
1844020 289
1844030 289
1844040 287
1844050 285
1844060 285
1844070 282
1844080 280
1844090 280
1844100 279
1844110 278
1844120 278
1844130 276
1844140 274
1844150 274
1844160 272
1844170 269
1844180 265
1844190 265
1844200 262
1844210 260
1844220 260
1844230 257
1844240 259
1844250 259
1844260 261
1844270 264
1844280 264
1844290 267
1844300 270
1844310 270
1844320 274
1844330 277
1844340 277
1844350 280
1844360 281
1844370 281
1844380 284
1844390 286
1844400 286
1844410 287
1844420 289
1844430 289
1844440 291
1844450 293
1844460 293
1844470 294
1844480 293
1844490 293
1844500 293
1844510 292
1844520 291
1844530 291
1844540 290
1844550 289
1844560 289
1844570 288
1844580 287
1844590 287
1844600 286
1844610 285
1844620 285
1844630 284
1844640 283
1844650 283
1844660 281
1844670 281
1844680 281
1844690 282
1844700 282
1844710 282
1844720 282
1844730 283
1844740 283
1844750 283
1844760 284
1844770 284
1844780 285
1844790 285
1844800 285
1844810 286
1844820 285
1844830 285
1844840 285
1844850 285
1844860 285
1844870 285
1844880 284
1844890 284
1844900 284
1844910 284
1844920 283
1844930 283
1844940 283
1844950 283
1844960 283
1844970 284
1844980 284
1844990 283
1845000 284
1845010 285
1845020 285
1845030 287
1845040 288
1845050 288
1845060 289
1845070 290
1845080 290
1845090 291
1845100 291
1845110 291
1845120 292
1845130 294
1845140 295
1845150 295
1845160 297
1845170 298
1845180 298
1845190 299
1845200 300
1845210 300
1845220 300
1845230 301
1845240 301
1845250 301
1845260 301
1845270 301
1845280 300
1845290 300
1845300 300
1845310 300
1845320 299
1845330 299
1845340 299
1845350 298
1845360 298
1845370 298
1845380 299
1845390 299
1845400 299
1845410 299
1845420 299
1845430 299
1845440 298
1845450 298
1845460 298
1845470 298
1845480 298
1845490 298
1845500 298
1845510 298
1845520 298
1845530 297
1845540 297
1845550 297
1845560 297
1845570 297
1845580 297
1845590 296
1845600 296
1845610 296
1845620 296
1845630 295
1845640 295
1845650 295
1845660 295
1845670 295
1845680 294
1845690 294
1845700 294
1845710 294
1845720 293
1845730 293
1845740 292
1845750 292
1845760 292
1845770 292
1845780 291
1845790 290
1845800 290
1845810 290
1845820 289
1845830 289
1845840 288
1845850 288
1845860 288
1845870 287
1845880 286
1845890 286
1845900 285
1845910 285
1845920 285
1845930 284
1845940 284
1845950 284
1845960 283
1845970 283
1845980 283
1845990 282
1846000 282
1846010 282
1846020 281
1846030 279
1846040 279
1846050 278
1846060 277
1846070 277
1846080 276
1846090 275
1846100 274
1846110 274
1846120 273
1846130 272
1846140 272
1846150 270
1846160 269
1846170 269
1846180 267
1846190 266
1846200 266
1846210 265
1846220 264
1846230 264
1846240 263
1846250 262
1846260 262
1846270 260
1846280 259
1846290 259
1846300 258
1846310 257
1846320 257
1846330 256
1846340 255
1846350 255
1846360 254
1846370 253
1846380 253
1846390 252
1846400 250
1846410 249
1846420 249
1846430 249
1846440 249
1846450 249
1846460 248
1846470 248
1846480 248
1846490 248
1846500 249
1846510 249
1846520 249
1846530 249
1846540 249
1846550 249
1846560 249
1846570 249
1846580 249
1846590 249
1846600 249
1846610 249
1846620 249
1846630 249
1846640 248
1846650 246
1846660 246
1846670 246
1846680 247
1846690 247
1846700 246
1846710 246
1846720 246
1846730 246
1846740 245
1846750 246
1846760 246
1846770 246
1846780 246
1846790 246
1846800 246
1846810 245
1846820 245
1846830 245
1846840 245
1846850 245
1846860 244
1846870 244
1846880 244
1846890 243
1846900 242
1846910 242
1846920 242
1846930 241
1846940 241
1846950 240
1846960 240
1846970 240
1846980 239
1846990 238
1847000 238
1847010 238
1847020 237
1847030 237
1847040 237
1847050 236
1847060 236
1847070 236
1847080 235
1847090 234
1847100 234
1847110 234
1847120 233
1847130 233
1847140 232
1847150 230
1847160 230
1847170 229
1847180 229
1847190 229
1847200 229
1847210 229
1847220 229
1847230 229
1847240 229
1847250 229
1847260 229
1847270 229
1847280 229
1847290 228
1847300 228
1847310 228
1847320 229
1847330 229
1847340 229
1847350 229
1847360 229
1847370 229
1847380 229
1847390 230
1847400 231
1847410 231
1847420 232
1847430 233
1847440 233
1847450 234
1847460 237
1847470 237
1847480 239
1847490 240
1847500 240
1847510 242
1847520 243
1847530 243
1847540 245
1847550 246
1847560 246
1847570 247
1847580 247
1847590 247
1847600 247
1847610 246
1847620 246
1847630 246
1847640 246
1847650 246
1847660 246
1847670 246
1847680 246
1847690 248
1847700 248
1847710 246
1847720 246
1847730 244
1847740 245
1847750 245
1847760 247
1847770 248
1847780 248
1847790 249
1847800 251
1847810 251
1847820 253
1847830 255
1847840 255
1847850 256
1847860 259
1847870 259
1847880 261
1847890 263
1847900 263
1847910 265
1847920 266
1847930 266
1847940 267
1847950 268
1847960 268
1847970 269
1847980 270
1847990 270
1848000 272
1848010 274
1848020 275
1848030 275
1848040 277
1848050 278
1848060 278
1848070 279
1848080 280
1848090 280
1848100 281
1848110 282
1848120 282
1848130 282
1848140 282
1848150 282
1848160 282
1848170 281
1848180 281
1848190 281
