1840000 255
1840010 254
1840020 253
1840030 253
1840040 252
1840050 250
1840060 250
1840070 249
1840080 249
1840090 249
1840100 247
1840110 246
1840120 246
1840130 247
1840140 246
1840150 247
1840160 247
1840170 247
1840180 247
1840190 247
1840200 247
1840210 246
1840220 246
1840230 246
1840240 246
1840250 246
1840260 246
1840270 246
1840280 246
1840290 244
1840300 242
1840310 242
1840320 244
1840330 245
1840340 245
1840350 246
1840360 247
1840370 247
1840380 247
1840390 249
1840400 249
1840410 252
1840420 254
1840430 254
1840440 256
1840450 258
1840460 260
1840470 260
1840480 261
1840490 262
1840500 262
1840510 264
1840520 265
1840530 265
1840540 267
1840550 268
1840560 268
1840570 269
1840580 270
1840590 270
1840600 269
1840610 269
1840620 269
1840630 267
1840640 265
1840650 265
1840660 264
1840670 262
1840680 262
1840690 261
1840700 259
1840710 259
1840720 258
1840730 257
1840740 257
1840750 255
1840760 254
1840770 254
1840780 253
1840790 252
1840800 251
1840810 251
1840820 250
1840830 249
1840840 249
1840850 248
1840860 246
1840870 246
1840880 245
1840890 244
1840900 244
1840910 243
1840920 242
1840930 242
1840940 243
1840950 244
1840960 244
1840970 245
1840980 244
1840990 244
1841000 244
1841010 244
1841020 244
1841030 242
1841040 241
1841050 241
1841060 240
1841070 239
1841080 239
1841090 239
1841100 238
1841110 237
1841120 237
1841130 236
1841140 236
1841150 236
1841160 235
1841170 235
1841180 235
1841190 235
1841200 234
1841210 234
1841220 234
1841230 234
1841240 234
1841250 233
1841260 233
1841270 233
1841280 233
1841290 233
1841300 233
1841310 232
1841320 232
1841330 232
1841340 231
1841350 231
1841360 231
1841370 231
1841380 231
1841390 231
1841400 230
1841410 230
1841420 230
1841430 230
1841440 230
1841450 230
1841460 230
1841470 230
1841480 230
1841490 230
1841500 230
1841510 230
1841520 230
1841530 230
1841540 230
1841550 230
1841560 230
1841570 230
1841580 230
1841590 230
1841600 230
1841610 230
1841620 230
1841630 230
1841640 230
1841650 230
1841660 230
1841670 230
1841680 230
1841690 230
1841700 230
1841710 230
1841720 230
1841730 230
1841740 230
1841750 230
1841760 230
1841770 230
1841780 230
1841790 230
1841800 230
1841810 230
1841820 230
1841830 230
1841840 229
1841850 229
1841860 229
1841870 229
1841880 229
1841890 229
1841900 229
1841910 229
1841920 229
1841930 229
1841940 229
1841950 229
1841960 229
1841970 229
1841980 229
1841990 229
1842000 229
1842010 229
1842020 229
1842030 230
1842040 230
1842050 230
1842060 230
1842070 230
1842080 230
1842090 230
1842100 230
1842110 230
1842120 230
1842130 230
1842140 230
1842150 229
1842160 229
1842170 229
1842180 230
1842190 230
1842200 230
1842210 229
1842220 229
1842230 229
1842240 229
1842250 229
1842260 229
1842270 229
1842280 229
1842290 229
1842300 229
1842310 229
1842320 229
1842330 229
1842340 229
1842350 229
1842360 229
1842370 228
1842380 229
1842390 229
1842400 229
1842410 228
1842420 228
1842430 228
1842440 228
1842450 228
1842460 228
1842470 228
1842480 228
1842490 228
1842500 228
1842510 228
1842520 228
1842530 228
1842540 228
1842550 228
1842560 228
1842570 228
1842580 228
1842590 228
1842600 228
1842610 228
1842620 228
1842630 228
1842640 228
1842650 229
1842660 229
1842670 229
1842680 231
1842690 231
1842700 233
1842710 237
1842720 240
1842730 240
1842740 244
1842750 248
1842760 248
1842770 250
1842780 253
1842790 253
1842800 255
1842810 256
1842820 256
1842830 258
1842840 260
1842850 260
1842860 261
1842870 261
1842880 261
1842890 261
1842900 263
1842910 263
1842920 264
1842930 264
1842940 264
1842950 264
1842960 262
1842970 262
1842980 262
1842990 262
1843000 258
1843010 259
1843020 260
1843030 261
1843040 261
1843050 261
1843060 261
1843070 261
1843080 263
1843090 264
1843100 264
1843110 264
1843120 264
1843130 264
1843140 264
1843150 264
1843160 264
1843170 263
1843180 260
1843190 260
1843200 256
1843210 253
1843220 253
1843230 248
1843240 241
1843250 241
1843260 237
1843270 243
1843280 243
1843290 244
1843300 243
1843310 243
1843320 243
1843330 241
1843340 241
1843350 241
1843360 237
1843370 237
1843380 237
1843390 237
1843400 236
1843410 236
1843420 236
1843430 236
1843440 236
1843450 236
1843460 235
1843470 235
1843480 235
1843490 234
1843500 234
1843510 234
1843520 234
1843530 234
1843540 234
1843550 234
1843560 234
1843570 234
1843580 234
1843590 234
1843600 234
1843610 233
1843620 233
1843630 233
1843640 233
1843650 233
1843660 234
1843670 234
1843680 234
1843690 234
1843700 234
1843710 233
1843720 233
1843730 232
1843740 232
1843750 232
1843760 232
1843770 231
1843780 231
1843790 231
1843800 232
1843810 232
1843820 232
1843830 232
1843840 232
1843850 233
1843860 233
1843870 233
1843880 233
1843890 233
1843900 233
1843910 233
1843920 233
1843930 233
1843940 235
1843950 235
1843960 235
1843970 236
1843980 237
1843990 238
1844000 238
1844010 239
1844020 239
1844030 239
1844040 239
1844050 240
1844060 240
1844070 241
1844080 242
1844090 242
1844100 243
1844110 244
1844120 244
1844130 244
1844140 245
1844150 245
1844160 245
1844170 246
1844180 246
1844190 246
1844200 246
1844210 246
1844220 246
1844230 245
1844240 245
1844250 245
1844260 245
1844270 245
1844280 245
1844290 245
1844300 245
1844310 245
1844320 245
1844330 246
1844340 246
1844350 246
1844360 245
1844370 245
1844380 245
1844390 246
1844400 246
1844410 246
1844420 243
1844430 243
1844440 243
1844450 243
1844460 243
1844470 243
1844480 243
1844490 243
1844500 244
1844510 244
1844520 244
1844530 244
1844540 244
1844550 244
1844560 244
1844570 244
1844580 244
1844590 244
1844600 244
1844610 244
1844620 244
1844630 244
1844640 244
1844650 244
1844660 244
1844670 243
1844680 243
1844690 243
1844700 243
1844710 243
1844720 242
1844730 242
1844740 242
1844750 241
1844760 240
1844770 240
1844780 238
1844790 237
1844800 237
1844810 237
1844820 236
1844830 236
1844840 236
1844850 234
1844860 234
1844870 233
1844880 233
1844890 233
1844900 232
1844910 231
1844920 231
1844930 231
1844940 231
1844950 231
1844960 231
1844970 230
1844980 230
1844990 230
1845000 229
1845010 229
1845020 229
1845030 229
1845040 229
1845050 229
1845060 229
1845070 229
1845080 229
1845090 229
1845100 229
1845110 229
1845120 230
1845130 228
1845140 228
1845150 227
1845160 227
1845170 227
1845180 226
1845190 226
1845200 226
1845210 225
1845220 224
1845230 224
1845240 224
1845250 224
1845260 224
1845270 224
1845280 224
1845290 223
1845300 223
1845310 224
1845320 224
1845330 224
1845340 224
1845350 224
1845360 224
1845370 224
1845380 223
1845390 223
1845400 223
1845410 223
1845420 223
1845430 223
1845440 222
1845450 222
1845460 222
1845470 222
1845480 222
1845490 222
1845500 222
1845510 222
1845520 221
1845530 221
1845540 221
1845550 221
1845560 221
1845570 221
1845580 221
1845590 221
1845600 223
1845610 223
1845620 226
1845630 228
1845640 228
1845650 228
1845660 227
1845670 227
1845680 224
1845690 222
1845700 222
1845710 221
1845720 221
1845730 221
1845740 221
1845750 221
1845760 221
1845770 222
1845780 222
1845790 222
1845800 222
1845810 223
1845820 223
1845830 223
1845840 223
1845850 223
1845860 222
1845870 221
1845880 221
1845890 220
1845900 220
1845910 220
1845920 220
1845930 220
1845940 220
1845950 220
1845960 221
1845970 221
1845980 221
1845990 221
1846000 220
1846010 220
1846020 220
1846030 219
1846040 219
1846050 219
1846060 219
1846070 219
1846080 219
1846090 219
1846100 219
1846110 219
1846120 219
1846130 219
1846140 219
1846150 219
1846160 219
1846170 219
1846180 219
1846190 219
1846200 219
1846210 219
1846220 219
1846230 219
1846240 219
1846250 218
1846260 218
1846270 218
1846280 218
1846290 218
1846300 219
1846310 219
1846320 219
1846330 220
1846340 221
1846350 221
1846360 221
1846370 221
1846380 221
1846390 221
1846400 221
1846410 221
1846420 221
1846430 221
1846440 221
1846450 221
1846460 220
1846470 220
1846480 220
1846490 220
1846500 220
1846510 220
1846520 220
1846530 220
1846540 220
1846550 220
1846560 220
1846570 220
1846580 219
1846590 219
1846600 219
1846610 219
1846620 219
1846630 219
1846640 219
1846650 219
1846660 219
1846670 218
1846680 218
1846690 218
1846700 218
1846710 218
1846720 218
1846730 218
1846740 218
1846750 218
1846760 218
1846770 218
1846780 218
1846790 218
1846800 218
1846810 218
1846820 217
1846830 217
1846840 217
1846850 217
1846860 217
1846870 217
1846880 218
1846890 218
1846900 217
1846910 217
1846920 217
1846930 217
1846940 217
1846950 217
1846960 217
1846970 217
1846980 217
1846990 217
1847000 217
1847010 217
1847020 217
1847030 217
1847040 217
1847050 217
1847060 217
1847070 217
1847080 217
1847090 217
1847100 216
1847110 216
1847120 216
1847130 216
1847140 216
1847150 216
1847160 216
1847170 216
1847180 216
1847190 216
1847200 216
1847210 216
1847220 216
1847230 216
1847240 216
1847250 216
1847260 216
1847270 216
1847280 216
1847290 216
1847300 215
1847310 215
1847320 215
1847330 215
1847340 215
1847350 215
1847360 215
1847370 215
1847380 215
1847390 215
1847400 215
1847410 215
1847420 215
1847430 215
1847440 215
1847450 215
1847460 215
1847470 215
1847480 215
1847490 215
1847500 215
1847510 215
1847520 215
1847530 215
1847540 215
1847550 215
1847560 215
1847570 215
1847580 215
1847590 215
1847600 215
1847610 215
1847620 215
1847630 215
1847640 215
1847650 215
1847660 215
1847670 215
1847680 215
1847690 215
1847700 215
1847710 215
1847720 215
1847730 216
1847740 216
1847750 215
1847760 215
1847770 215
1847780 215
1847790 215
1847800 215
1847810 215
1847820 215
1847830 215
1847840 215
1847850 215
1847860 215
1847870 215
1847880 215
1847890 215
1847900 215
1847910 215
1847920 216
1847930 216
1847940 216
1847950 215
1847960 215
1847970 215
1847980 215
1847990 215
1848000 215
1848010 215
1848020 215
1848030 215
1848040 215
1848050 215
1848060 216
1848070 217
1848080 217
1848090 220
1848100 221
1848110 221
1848120 223
1848130 224
1848140 224
1848150 224
1848160 223
1848170 223
1848180 223
1848190 224
1848200 224
1848210 224
1848220 224
1848230 224
1848240 224
1848250 224
1848260 224
1848270 224
1848280 223
1848290 222
1848300 222
1848310 221
1848320 220
1848330 220
1848340 219
1848350 219
1848360 219
1848370 219
1848380 218
1848390 218
1848400 218
1848410 218
1848420 218
1848430 218
1848440 218
1848450 218
1848460 218
1848470 218
1848480 218
1848490 218
1848500 218
1848510 218
1848520 218
