1840000 276
1840010 276
1840020 276
1840030 276
1840040 275
1840050 275
1840060 275
1840070 275
1840080 275
1840090 275
1840100 275
1840110 275
1840120 275
1840130 275
1840140 275
1840150 275
1840160 275
1840170 275
1840180 275
1840190 275
1840200 275
1840210 274
1840220 274
1840230 274
1840240 274
1840250 274
1840260 274
1840270 274
1840280 274
1840290 274
1840300 274
1840310 274
1840320 274
1840330 274
1840340 274
1840350 274
1840360 273
1840370 273
1840380 273
1840390 273
1840400 273
1840410 273
1840420 273
1840430 273
1840440 273
1840450 273
1840460 273
1840470 273
1840480 273
1840490 273
1840500 273
1840510 273
1840520 273
1840530 273
1840540 273
1840550 273
1840560 273
1840570 273
1840580 273
1840590 273
1840600 273
1840610 273
1840620 273
1840630 273
1840640 273
1840650 273
1840660 273
1840670 273
1840680 273
1840690 273
1840700 273
1840710 273
1840720 273
1840730 273
1840740 273
1840750 273
1840760 272
1840770 272
1840780 272
1840790 272
1840800 272
1840810 272
1840820 272
1840830 272
1840840 272
1840850 272
1840860 272
1840870 272
1840880 272
1840890 272
1840900 272
1840910 272
1840920 272
1840930 272
1840940 272
1840950 272
1840960 272
1840970 272
1840980 272
1840990 272
1841000 271
1841010 271
1841020 271
1841030 271
1841040 271
1841050 271
1841060 271
1841070 271
1841080 271
1841090 271
1841100 271
1841110 271
1841120 271
1841130 271
1841140 271
1841150 271
1841160 271
1841170 271
1841180 271
1841190 271
1841200 271
1841210 271
1841220 271
1841230 271
1841240 271
1841250 271
1841260 271
1841270 271
1841280 271
1841290 272
1841300 272
1841310 271
1841320 271
1841330 271
1841340 271
1841350 271
1841360 271
1841370 271
1841380 271
1841390 271
1841400 271
1841410 271
1841420 271
1841430 271
1841440 271
1841450 271
1841460 271
1841470 271
1841480 271
1841490 271
1841500 272
1841510 272
1841520 272
1841530 272
1841540 272
1841550 272
1841560 272
1841570 272
1841580 272
1841590 272
1841600 272
1841610 272
1841620 272
1841630 272
1841640 272
1841650 272
1841660 273
1841670 273
1841680 273
1841690 273
1841700 273
1841710 273
1841720 273
1841730 273
1841740 273
1841750 274
1841760 274
1841770 274
1841780 274
1841790 274
1841800 274
1841810 274
1841820 274
1841830 274
1841840 274
1841850 274
1841860 274
1841870 274
1841880 274
1841890 274
1841900 274
1841910 275
1841920 275
1841930 275
1841940 275
1841950 275
1841960 275
1841970 275
1841980 275
1841990 275
1842000 275
1842010 275
1842020 275
1842030 275
1842040 275
1842050 275
1842060 275
1842070 275
1842080 275
1842090 275
1842100 275
1842110 275
1842120 275
1842130 275
1842140 276
1842150 276
1842160 276
1842170 276
1842180 276
1842190 276
1842200 276
1842210 276
1842220 276
1842230 276
1842240 276
1842250 276
1842260 276
1842270 276
1842280 276
1842290 276
1842300 276
1842310 276
1842320 276
1842330 276
1842340 276
1842350 276
1842360 276
1842370 276
1842380 276
1842390 276
1842400 276
1842410 276
1842420 276
1842430 276
1842440 276
1842450 276
1842460 276
1842470 276
1842480 276
1842490 276
1842500 276
1842510 276
1842520 276
1842530 276
1842540 276
1842550 276
1842560 276
1842570 276
1842580 276
1842590 276
1842600 276
1842610 276
1842620 276
1842630 276
1842640 276
1842650 276
1842660 276
1842670 276
1842680 276
1842690 276
1842700 276
1842710 276
1842720 276
1842730 276
1842740 276
1842750 276
1842760 276
1842770 276
1842780 276
1842790 276
1842800 276
1842810 276
1842820 276
1842830 276
1842840 276
1842850 276
1842860 276
1842870 276
1842880 276
1842890 276
1842900 276
1842910 276
1842920 276
1842930 276
1842940 276
1842950 276
1842960 276
1842970 276
1842980 276
1842990 276
1843000 276
1843010 275
1843020 275
1843030 275
1843040 275
1843050 275
1843060 275
1843070 275
1843080 275
1843090 275
1843100 275
1843110 275
1843120 275
1843130 275
1843140 275
1843150 275
1843160 274
1843170 274
1843180 274
1843190 274
1843200 273
1843210 273
1843220 273
1843230 273
1843240 273
1843250 273
1843260 273
1843270 273
1843280 273
1843290 272
1843300 272
1843310 272
1843320 272
1843330 272
1843340 272
1843350 272
1843360 272
1843370 272
1843380 272
1843390 271
1843400 271
1843410 271
1843420 271
1843430 271
1843440 271
1843450 271
1843460 271
1843470 271
1843480 271
1843490 271
1843500 270
1843510 270
1843520 270
1843530 270
1843540 269
1843550 269
1843560 269
1843570 269
1843580 269
1843590 269
1843600 268
1843610 268
1843620 268
1843630 267
1843640 267
1843650 267
1843660 266
1843670 266
1843680 266
1843690 265
1843700 265
1843710 265
1843720 264
1843730 263
1843740 263
1843750 262
1843760 262
1843770 262
1843780 261
1843790 260
1843800 260
1843810 260
1843820 259
1843830 259
1843840 259
1843850 258
1843860 258
1843870 257
1843880 255
1843890 256
1843900 253
1843910 249
1843920 249
1843930 252
1843940 254
1843950 254
1843960 254
1843970 255
1843980 256
1843990 256
1844000 257
1844010 257
1844020 257
1844030 257
1844040 257
1844050 257
1844060 257
1844070 257
1844080 257
1844090 257
1844100 257
1844110 257
1844120 256
1844130 256
1844140 256
1844150 256
1844160 256
1844170 256
1844180 255
1844190 255
1844200 255
1844210 255
1844220 254
1844230 254
1844240 252
1844250 251
1844260 251
1844270 251
1844280 251
1844290 251
1844300 251
1844310 251
1844320 250
1844330 250
1844340 250
1844350 250
1844360 250
1844370 249
1844380 249
1844390 249
1844400 248
1844410 248
1844420 248
1844430 247
1844440 247
1844450 247
1844460 246
1844470 245
1844480 245
1844490 245
1844500 244
1844510 244
1844520 243
1844530 241
1844540 241
1844550 239
1844560 239
1844570 239
1844580 238
1844590 238
1844600 237
1844610 236
1844620 236
1844630 235
1844640 235
1844650 235
1844660 235
1844670 235
1844680 235
1844690 234
1844700 234
1844710 234
1844720 233
1844730 233
1844740 231
1844750 229
1844760 229
1844770 228
1844780 228
1844790 228
1844800 231
1844810 231
1844820 231
1844830 231
1844840 230
1844850 230
1844860 230
1844870 229
1844880 229
1844890 227
1844900 226
1844910 226
1844920 225
1844930 224
1844940 224
1844950 224
1844960 223
1844970 222
1844980 222
1844990 222
1845000 222
1845010 222
1845020 221
1845030 221
1845040 221
1845050 221
1845060 221
1845070 221
1845080 221
1845090 220
1845100 220
1845110 220
1845120 220
1845130 220
1845140 220
1845150 219
1845160 219
1845170 219
1845180 219
1845190 219
1845200 219
1845210 219
1845220 219
1845230 219
1845240 218
1845250 218
1845260 218
1845270 218
1845280 218
1845290 218
1845300 218
1845310 218
1845320 218
1845330 218
1845340 218
1845350 218
1845360 218
1845370 218
1845380 218
1845390 218
1845400 218
1845410 218
1845420 218
1845430 217
1845440 217
1845450 217
1845460 217
1845470 217
1845480 217
1845490 217
1845500 217
1845510 217
1845520 217
1845530 217
1845540 217
1845550 217
1845560 217
1845570 217
1845580 217
1845590 217
1845600 217
1845610 217
1845620 217
1845630 217
1845640 216
1845650 216
1845660 216
1845670 216
1845680 216
1845690 216
1845700 216
1845710 216
1845720 216
1845730 216
1845740 216
1845750 216
1845760 216
1845770 216
1845780 216
1845790 216
1845800 216
1845810 216
1845820 216
1845830 216
1845840 216
1845850 216
1845860 216
1845870 216
1845880 216
1845890 215
1845900 215
1845910 215
1845920 216
1845930 216
1845940 216
1845950 216
1845960 216
1845970 216
1845980 216
1845990 215
1846000 215
1846010 215
1846020 215
1846030 215
1846040 215
1846050 215
1846060 215
1846070 215
1846080 215
1846090 215
1846100 215
1846110 215
1846120 215
1846130 215
1846140 215
1846150 215
1846160 215
1846170 215
1846180 215
1846190 215
1846200 215
1846210 215
1846220 215
1846230 215
1846240 215
1846250 215
1846260 215
1846270 215
1846280 215
1846290 215
1846300 215
1846310 215
1846320 215
1846330 215
1846340 215
1846350 213
1846360 212
1846370 214
1846380 215
1846390 215
1846400 215
1846410 215
1846420 215
1846430 215
1846440 215
1846450 216
1846460 216
1846470 216
1846480 216
1846490 216
1846500 216
1846510 216
1846520 216
1846530 216
1846540 216
1846550 216
1846560 216
1846570 216
1846580 216
1846590 216
1846600 217
1846610 217
1846620 217
1846630 217
1846640 217
1846650 217
1846660 217
1846670 217
1846680 217
1846690 217
1846700 217
1846710 217
1846720 218
1846730 218
1846740 218
1846750 218
1846760 218
1846770 218
1846780 219
1846790 219
1846800 219
1846810 219
1846820 219
1846830 219
1846840 219
1846850 219
1846860 219
1846870 219
1846880 220
1846890 220
1846900 220
1846910 220
1846920 220
1846930 221
1846940 221
1846950 221
1846960 222
1846970 222
1846980 222
1846990 222
1847000 223
1847010 223
1847020 223
1847030 223
1847040 224
1847050 224
1847060 224
1847070 225
1847080 225
1847090 226
1847100 226
1847110 226
1847120 226
1847130 226
1847140 226
1847150 226
1847160 226
1847170 226
1847180 227
1847190 227
1847200 227
1847210 227
1847220 227
1847230 227
1847240 227
1847250 228
1847260 228
1847270 228
1847280 228
1847290 228
1847300 229
1847310 229
1847320 229
1847330 229
1847340 229
1847350 229
1847360 229
1847370 229
1847380 230
1847390 230
1847400 230
1847410 230
1847420 230
1847430 230
1847440 230
1847450 230
1847460 230
1847470 229
1847480 229
1847490 229
1847500 229
1847510 229
1847520 229
1847530 228
1847540 228
1847550 228
1847560 227
1847570 227
1847580 227
1847590 227
1847600 227
1847610 226
1847620 226
1847630 226
1847640 226
1847650 225
1847660 225
1847670 225
1847680 225
1847690 224
1847700 224
1847710 224
1847720 224
1847730 224
1847740 223
1847750 223
1847760 223
1847770 222
1847780 222
1847790 222
1847800 222
1847810 222
1847820 222
1847830 221
1847840 221
1847850 221
1847860 220
1847870 220
1847880 220
1847890 219
1847900 219
1847910 219
1847920 218
1847930 218
1847940 218
1847950 217
1847960 216
1847970 216
1847980 216
1847990 215
1848000 215
1848010 214
1848020 213
1848030 213
1848040 213
1848050 212
1848060 212
1848070 212
1848080 211
1848090 211
1848100 211
1848110 210
1848120 210
1848130 210
1848140 209
1848150 209
1848160 209
1848170 208
1848180 208
1848190 208
1848200 208
1848210 208
1848220 208
1848230 208
1848240 208
1848250 208
1848260 208
1848270 208
1848280 208
1848290 209
1848300 209
1848310 209
1848320 210
1848330 211
1848340 211
1848350 211
1848360 212
1848370 212
1848380 212
1848390 213
1848400 213
1848410 213
1848420 214
1848430 214
1848440 214
1848450 215
1848460 215
1848470 215
1848480 215
1848490 216
1848500 216
1848510 216
1848520 216
1848530 216
1848540 216
1848550 216
1848560 216
1848570 216
1848580 216
1848590 216
1848600 216
1848610 216
1848620 216
1848630 217
1848640 217
1848650 217
1848660 217
1848670 217
1848680 217
1848690 217
1848700 217
1848710 217
1848720 217
1848730 217
1848740 217
1848750 217
1848760 217
1848770 216
1848780 216
1848790 216
1848800 216
1848810 216
1848820 216
1848830 216
1848840 216
1848850 216
1848860 216
1848870 216
1848880 216
1848890 215
1848900 215
1848910 215
1848920 215
1848930 215
1848940 215
1848950 215
1848960 215
1848970 215
1848980 215
1848990 215
1849000 215
1849010 215
1849020 215
1849030 215
1849040 215
1849050 215
1849060 215
1849070 215
1849080 215
1849090 215
1849100 215
1849110 215
1849120 215
1849130 214
1849140 214
1849150 214
1849160 214
1849170 214
1849180 214
1849190 213
1849200 213
1849210 213
1849220 213
1849230 213
1849240 213
1849250 212
1849260 212
1849270 212
1849280 212
1849290 212
1849300 212
1849310 213
1849320 213
1849330 213
1849340 213
1849350 213
1849360 213
1849370 213
1849380 213
1849390 214
1849400 214
1849410 214
1849420 214
1849430 214
1849440 214
1849450 214
1849460 214
1849470 214
1849480 214
1849490 214
1849500 214
1849510 215
1849520 215
1849530 215
1849540 215
1849550 215
1849560 215
1849570 215
1849580 215
1849590 215
1849600 215
1849610 215
1849620 215
1849630 214
1849640 214
1849650 214
1849660 214
1849670 214
1849680 214
1849690 214
1849700 214
1849710 214
1849720 214
1849730 214
1849740 214
1849750 214
1849760 214
1849770 214
1849780 213
1849790 213
1849800 213
1849810 213
1849820 213
1849830 213
1849840 212
1849850 212
1849860 212
1849870 212
1849880 212
1849890 212
1849900 212
1849910 211
1849920 211
1849930 211
1849940 211
1849950 211
1849960 211
1849970 210
1849980 210
1849990 210
1850000 210
1850010 210
1850020 209
1850030 209
1850040 209
1850050 209
1850060 208
1850070 209
1850080 209
1850090 209
1850100 209
1850110 209
1850120 209
1850130 209
1850140 209
1850150 209
1850160 209
1850170 209
1850180 209
1850190 209
1850200 209
1850210 209
1850220 209
1850230 209
1850240 209
1850250 209
1850260 209
1850270 208
1850280 208
1850290 208
1850300 208
1850310 208
1850320 208
1850330 208
1850340 208
1850350 208
1850360 208
1850370 207
1850380 207
1850390 207
1850400 207
1850410 207
1850420 207
1850430 206
1850440 206
1850450 206
1850460 206
1850470 206
1850480 206
1850490 205
1850500 205
1850510 205
1850520 205
1850530 205
1850540 205
1850550 205
1850560 204
1850570 204
1850580 204
1850590 204
1850600 204
1850610 204
1850620 204
1850630 204
1850640 204
1850650 204
1850660 204
1850670 204
1850680 204
1850690 204
1850700 204
1850710 204
1850720 204
1850730 204
1850740 204
1850750 204
1850760 204
1850770 203
1850780 203
1850790 203
1850800 203
1850810 203
1850820 203
1850830 203
1850840 203
1850850 203
1850860 203
1850870 203
1850880 203
1850890 203
1850900 203
1850910 203
1850920 203
1850930 203
1850940 203
1850950 203
1850960 203
1850970 203
1850980 204
1850990 203
1851000 203
1851010 203
1851020 203
1851030 203
1851040 203
1851050 203
1851060 203
1851070 203
1851080 203
1851090 203
1851100 203
1851110 203
1851120 203
1851130 203
1851140 203
1851150 204
1851160 204
1851170 204
1851180 204
1851190 204
1851200 203
1851210 203
1851220 203
1851230 203
1851240 203
1851250 203
1851260 204
1851270 204
1851280 204
1851290 204
1851300 204
1851310 204
1851320 204
1851330 204
1851340 204
1851350 204
1851360 204
1851370 204
1851380 204
1851390 204
1851400 204
1851410 204
1851420 204
1851430 204
1851440 204
1851450 204
1851460 204
1851470 204
1851480 204
1851490 204
1851500 204
1851510 204
1851520 203
1851530 203
1851540 203
1851550 203
1851560 203
1851570 203
1851580 203
1851590 203
1851600 203
1851610 203
1851620 203
1851630 204
1851640 204
1851650 204
1851660 204
1851670 203
1851680 203
1851690 203
1851700 203
1851710 203
1851720 203
1851730 203
1851740 203
1851750 203
1851760 203
1851770 203
1851780 203
1851790 204
1851800 204
1851810 204
1851820 204
1851830 204
1851840 204
1851850 204
1851860 203
1851870 203
1851880 203
1851890 203
1851900 203
1851910 203
1851920 204
1851930 204
1851940 203
1851950 203
1851960 203
1851970 203
1851980 204
1851990 204
1852000 204
1852010 204
1852020 204
1852030 203
1852040 203
1852050 203
1852060 203
1852070 203
1852080 203
1852090 204
1852100 204
1852110 203
1852120 203
1852130 203
1852140 203
1852150 203
1852160 203
1852170 203
1852180 203
1852190 204
1852200 204
1852210 204
1852220 203
1852230 203
1852240 203
1852250 203
1852260 203
1852270 203
1852280 203
1852290 203
1852300 203
1852310 203
1852320 203
1852330 203
1852340 203
1852350 203
1852360 203
1852370 203
1852380 203
1852390 203
1852400 203
1852410 203
1852420 203
1852430 203
1852440 202
1852450 202
1852460 202
1852470 203
1852480 203
1852490 203
1852500 202
1852510 202
1852520 202
1852530 202
1852540 202
1852550 202
1852560 201
1852570 201
1852580 201
1852590 201
1852600 201
1852610 201
1852620 201
1852630 201
1852640 201
1852650 201
1852660 201
1852670 201
1852680 201
1852690 201
1852700 201
1852710 200
1852720 200
1852730 200
1852740 200
1852750 200
1852760 200
1852770 200
1852780 200
1852790 200
1852800 200
1852810 200
1852820 200
1852830 200
1852840 200
1852850 200
1852860 200
1852870 200
1852880 200
1852890 200
1852900 200
1852910 200
1852920 200
1852930 200
1852940 200
1852950 200
1852960 200
1852970 200
1852980 200
1852990 200
1853000 200
1853010 200
1853020 201
1853030 201
1853040 201
1853050 201
1853060 201
1853070 201
1853080 201
1853090 201
1853100 201
1853110 200
1853120 200
1853130 200
1853140 200
1853150 199
1853160 199
1853170 199
1853180 200
1853190 200
1853200 200
1853210 200
1853220 199
1853230 199
1853240 199
1853250 200
1853260 200
1853270 200
1853280 200
1853290 200
1853300 200
1853310 200
1853320 200
1853330 200
1853340 200
1853350 200
1853360 200
1853370 200
1853380 200
1853390 200
1853400 200
1853410 200
1853420 199
1853430 199
1853440 199
1853450 200
1853460 200
1853470 200
1853480 200
1853490 199
1853500 199
1853510 199
1853520 199
1853530 199
1853540 199
1853550 199
1853560 199
1853570 199
1853580 199
1853590 199
1853600 199
1853610 199
1853620 199
1853630 199
1853640 199
1853650 199
1853660 199
1853670 198
1853680 199
1853690 199
1853700 199
1853710 199
1853720 199
1853730 199
1853740 199
1853750 199
1853760 199
1853770 199
1853780 199
1853790 199
1853800 199
1853810 200
1853820 200
1853830 199
1853840 199
1853850 199
1853860 199
1853870 199
1853880 199
1853890 199
1853900 199
1853910 199
1853920 199
1853930 198
1853940 198
1853950 198
1853960 198
1853970 198
1853980 198
1853990 198
1854000 198
1854010 198
1854020 198
1854030 198
1854040 198
1854050 198
1854060 198
1854070 198
1854080 198
1854090 198
1854100 198
1854110 198
1854120 198
1854130 198
1854140 198
1854150 198
1854160 198
1854170 198
1854180 199
1854190 199
1854200 199
1854210 199
1854220 199
1854230 199
1854240 199
1854250 199
1854260 199
1854270 199
1854280 199
1854290 199
1854300 199
1854310 199
1854320 197
1854330 197
1854340 197
1854350 197
1854360 198
1854370 198
1854380 199
1854390 198
1854400 199
1854410 198
1854420 198
1854430 198
1854440 198
1854450 198
1854460 198
1854470 198
1854480 198
1854490 197
1854500 197
1854510 197
1854520 197
1854530 197
1854540 197
1854550 197
1854560 197
1854570 197
1854580 197
1854590 197
1854600 197
1854610 197
1854620 197
1854630 198
1854640 197
1854650 197
1854660 197
1854670 197
1854680 197
1854690 198
1854700 198
1854710 198
1854720 198
1854730 197
1854740 197
1854750 197
1854760 198
1854770 198
1854780 197
1854790 197
1854800 197
1854810 197
1854820 197
1854830 197
1854840 197
1854850 197
1854860 197
1854870 197
1854880 197
1854890 197
1854900 197
1854910 197
1854920 197
1854930 197
1854940 197
1854950 197
1854960 197
1854970 197
1854980 197
1854990 197
1855000 197
1855010 197
1855020 197
1855030 197
1855040 197
1855050 197
1855060 197
1855070 197
1855080 197
1855090 197
1855100 197
1855110 197
1855120 197
1855130 197
1855140 197
1855150 197
1855160 197
1855170 197
1855180 197
1855190 197
1855200 197
1855210 197
1855220 197
1855230 198
1855240 198
1855250 197
1855260 197
1855270 197
1855280 197
1855290 198
1855300 198
1855310 198
1855320 198
1855330 198
1855340 198
1855350 198
1855360 198
1855370 198
1855380 198
1855390 198
1855400 199
1855410 199
1855420 199
1855430 199
1855440 199
1855450 199
1855460 199
1855470 199
1855480 199
1855490 199
1855500 199
1855510 199
1855520 199
1855530 199
1855540 199
1855550 199
1855560 199
1855570 199
1855580 199
1855590 199
1855600 199
1855610 199
1855620 199
1855630 199
1855640 199
1855650 199
1855660 199
1855670 199
1855680 199
1855690 199
1855700 199
1855710 199
1855720 199
1855730 199
1855740 198
1855750 198
1855760 198
1855770 198
1855780 198
1855790 198
1855800 198
1855810 198
1855820 198
1855830 198
1855840 198
1855850 198
1855860 198
1855870 198
1855880 198
1855890 198
1855900 198
1855910 198
1855920 198
1855930 198
1855940 198
1855950 198
1855960 198
1855970 198
1855980 198
1855990 198
1856000 198
1856010 198
1856020 198
1856030 198
1856040 198
1856050 198
1856060 198
1856070 198
1856080 198
1856090 198
1856100 198
1856110 197
1856120 197
1856130 197
1856140 197
1856150 197
1856160 197
1856170 197
1856180 197
1856190 197
1856200 197
1856210 198
1856220 198
1856230 198
1856240 198
1856250 198
1856260 198
1856270 198
1856280 198
1856290 198
