1840000 259
1840010 258
1840020 258
1840030 258
1840040 257
1840050 257
1840060 257
1840070 257
1840080 256
1840090 256
1840100 256
1840110 256
1840120 256
1840130 255
1840140 255
1840150 255
1840160 255
1840170 254
1840180 254
1840190 254
1840200 254
1840210 254
1840220 254
1840230 253
1840240 253
1840250 253
1840260 253
1840270 253
1840280 253
1840290 252
1840300 252
1840310 252
1840320 252
1840330 252
1840340 252
1840350 252
1840360 251
1840370 251
1840380 251
1840390 251
1840400 251
1840410 251
1840420 251
1840430 251
1840440 251
1840450 250
1840460 250
1840470 250
1840480 250
1840490 250
1840500 250
1840510 250
1840520 250
1840530 250
1840540 250
1840550 250
1840560 250
1840570 250
1840580 250
1840590 250
1840600 250
1840610 250
1840620 250
1840630 250
1840640 250
1840650 250
1840660 250
1840670 250
1840680 250
1840690 250
1840700 250
1840710 250
1840720 250
1840730 250
1840740 250
1840750 250
1840760 250
1840770 250
1840780 250
1840790 250
1840800 250
1840810 250
1840820 250
1840830 250
1840840 250
1840850 250
1840860 250
1840870 251
1840880 251
1840890 251
1840900 251
1840910 251
1840920 251
1840930 251
1840940 251
1840950 251
1840960 251
1840970 252
1840980 252
1840990 252
1841000 252
1841010 252
1841020 252
1841030 252
1841040 252
1841050 252
1841060 252
1841070 252
1841080 252
1841090 252
1841100 252
1841110 252
1841120 252
1841130 252
1841140 252
1841150 252
1841160 252
1841170 252
1841180 253
1841190 253
1841200 253
1841210 253
1841220 253
1841230 253
1841240 253
1841250 253
1841260 253
1841270 253
1841280 253
1841290 253
1841300 252
1841310 252
1841320 252
1841330 252
1841340 252
1841350 252
1841360 252
1841370 252
1841380 252
1841390 252
1841400 251
1841410 251
1841420 251
1841430 251
1841440 251
1841450 251
1841460 251
1841470 250
1841480 250
1841490 250
1841500 250
1841510 250
1841520 250
1841530 250
1841540 250
1841550 249
1841560 249
1841570 249
1841580 249
1841590 249
1841600 249
1841610 249
1841620 249
1841630 249
1841640 249
1841650 248
1841660 248
1841670 248
1841680 248
1841690 248
1841700 248
1841710 248
1841720 248
1841730 248
1841740 248
1841750 248
1841760 248
1841770 248
1841780 247
1841790 247
1841800 247
1841810 247
1841820 247
1841830 246
1841840 246
1841850 246
1841860 246
1841870 246
1841880 246
1841890 245
1841900 245
1841910 245
1841920 245
1841930 245
1841940 245
1841950 245
1841960 245
1841970 245
1841980 245
1841990 244
1842000 244
1842010 244
1842020 244
1842030 244
1842040 244
1842050 244
1842060 243
1842070 243
1842080 243
1842090 243
1842100 243
1842110 242
1842120 242
1842130 242
1842140 241
1842150 241
1842160 241
1842170 241
1842180 240
1842190 240
1842200 240
1842210 240
1842220 240
1842230 240
1842240 241
1842250 241
1842260 241
1842270 242
1842280 242
1842290 242
1842300 242
1842310 242
1842320 242
1842330 242
1842340 242
1842350 242
1842360 242
1842370 242
1842380 242
1842390 242
1842400 242
1842410 242
1842420 242
1842430 242
1842440 242
1842450 242
1842460 241
1842470 241
1842480 241
1842490 241
1842500 241
1842510 241
1842520 240
1842530 240
1842540 240
1842550 240
1842560 240
1842570 239
1842580 239
1842590 239
1842600 238
1842610 238
1842620 238
1842630 238
1842640 238
1842650 238
1842660 237
1842670 237
1842680 237
1842690 237
1842700 236
1842710 236
1842720 236
1842730 235
1842740 235
1842750 235
1842760 234
1842770 234
1842780 234
1842790 234
1842800 234
1842810 234
1842820 233
1842830 233
1842840 233
1842850 233
1842860 233
1842870 233
1842880 232
1842890 232
1842900 232
1842910 232
1842920 232
1842930 232
1842940 232
1842950 232
1842960 232
1842970 232
1842980 232
1842990 232
1843000 232
1843010 232
1843020 232
1843030 232
1843040 231
1843050 231
1843060 232
1843070 232
1843080 232
1843090 232
1843100 233
1843110 233
1843120 233
1843130 233
1843140 233
1843150 233
1843160 233
1843170 233
1843180 233
1843190 234
1843200 234
1843210 234
1843220 234
1843230 235
1843240 235
1843250 235
1843260 236
1843270 236
1843280 236
1843290 237
1843300 237
1843310 237
1843320 238
1843330 238
1843340 238
1843350 239
1843360 239
1843370 240
1843380 240
1843390 240
1843400 241
1843410 242
1843420 242
1843430 243
1843440 244
1843450 244
1843460 244
1843470 245
1843480 245
1843490 245
1843500 246
1843510 246
1843520 246
1843530 247
1843540 247
1843550 247
1843560 248
1843570 248
1843580 248
1843590 248
1843600 249
1843610 249
1843620 250
1843630 250
1843640 250
1843650 250
1843660 250
1843670 250
1843680 250
1843690 251
1843700 251
1843710 251
1843720 251
1843730 251
1843740 251
1843750 251
1843760 251
1843770 251
1843780 251
1843790 251
1843800 252
1843810 252
1843820 252
1843830 252
1843840 252
1843850 252
1843860 252
1843870 252
1843880 252
1843890 252
1843900 252
1843910 252
1843920 252
1843930 253
1843940 253
1843950 253
1843960 253
1843970 253
1843980 253
1843990 253
1844000 254
1844010 254
1844020 254
1844030 254
1844040 254
1844050 254
1844060 255
1844070 255
1844080 255
1844090 255
1844100 255
1844110 256
1844120 256
1844130 256
1844140 256
1844150 257
1844160 257
1844170 257
1844180 257
1844190 257
1844200 258
1844210 258
1844220 258
1844230 258
1844240 258
1844250 258
1844260 258
1844270 259
1844280 259
1844290 259
1844300 259
1844310 259
1844320 259
1844330 260
1844340 260
1844350 260
1844360 260
1844370 260
1844380 260
1844390 261
1844400 261
1844410 261
1844420 261
1844430 261
1844440 261
1844450 261
1844460 262
1844470 262
1844480 262
1844490 262
1844500 262
1844510 263
1844520 263
1844530 263
1844540 263
1844550 263
1844560 263
1844570 263
1844580 263
1844590 263
1844600 264
1844610 264
1844620 264
1844630 264
1844640 264
1844650 264
1844660 264
1844670 265
1844680 265
1844690 265
1844700 265
1844710 266
1844720 266
1844730 266
1844740 266
1844750 266
1844760 267
1844770 267
1844780 267
1844790 267
1844800 268
1844810 268
1844820 268
1844830 269
1844840 269
1844850 269
1844860 270
1844870 270
1844880 271
1844890 271
1844900 271
1844910 272
1844920 272
1844930 272
1844940 273
1844950 273
1844960 273
1844970 274
1844980 275
1844990 275
1845000 275
1845010 276
1845020 276
1845030 277
1845040 277
1845050 278
1845060 278
1845070 279
1845080 279
1845090 279
1845100 280
1845110 280
1845120 280
1845130 280
1845140 280
1845150 280
1845160 281
1845170 281
1845180 281
1845190 281
1845200 281
1845210 281
1845220 282
1845230 282
1845240 282
1845250 282
1845260 282
1845270 282
1845280 282
1845290 282
1845300 282
1845310 282
1845320 282
1845330 282
1845340 282
1845350 282
1845360 282
1845370 282
1845380 282
1845390 282
1845400 283
1845410 283
1845420 283
1845430 283
1845440 283
1845450 283
1845460 283
1845470 283
1845480 283
1845490 283
1845500 283
1845510 283
1845520 283
1845530 283
1845540 283
1845550 283
1845560 283
1845570 283
1845580 283
1845590 283
1845600 283
1845610 283
1845620 283
1845630 283
1845640 283
1845650 283
1845660 283
1845670 283
1845680 283
1845690 283
1845700 283
1845710 283
1845720 283
1845730 283
1845740 283
1845750 283
1845760 283
1845770 283
1845780 283
1845790 283
1845800 283
1845810 283
1845820 283
1845830 283
1845840 283
1845850 283
1845860 283
1845870 283
1845880 283
1845890 283
1845900 283
1845910 283
1845920 283
1845930 283
1845940 283
1845950 283
1845960 283
1845970 283
1845980 283
1845990 283
1846000 283
1846010 283
1846020 283
1846030 283
1846040 283
1846050 283
1846060 283
1846070 283
1846080 283
1846090 283
1846100 283
1846110 283
1846120 283
1846130 283
1846140 283
1846150 283
1846160 283
1846170 283
1846180 283
1846190 284
1846200 284
1846210 284
1846220 284
1846230 284
1846240 283
1846250 283
1846260 283
1846270 283
1846280 283
1846290 283
1846300 283
1846310 283
1846320 283
1846330 283
1846340 283
1846350 283
1846360 284
1846370 284
1846380 284
1846390 284
1846400 284
1846410 284
1846420 284
1846430 284
1846440 284
1846450 285
1846460 285
1846470 285
1846480 285
1846490 286
1846500 286
1846510 286
1846520 286
1846530 287
1846540 287
1846550 287
1846560 288
1846570 288
1846580 288
1846590 289
1846600 289
1846610 289
1846620 290
1846630 290
1846640 289
1846650 289
1846660 289
1846670 290
1846680 290
1846690 290
1846700 290
1846710 290
1846720 290
1846730 290
1846740 290
1846750 290
1846760 290
1846770 290
1846780 290
1846790 290
1846800 290
1846810 290
1846820 290
1846830 291
1846840 291
1846850 291
1846860 291
1846870 291
1846880 291
1846890 292
1846900 292
1846910 292
1846920 292
1846930 292
1846940 292
1846950 293
1846960 293
1846970 293
1846980 293
1846990 293
1847000 293
1847010 293
1847020 292
1847030 292
1847040 293
1847050 292
1847060 292
1847070 292
1847080 292
1847090 292
1847100 292
1847110 292
1847120 292
1847130 293
1847140 293
1847150 293
1847160 293
1847170 293
1847180 293
1847190 293
1847200 293
1847210 293
1847220 293
1847230 292
1847240 292
1847250 292
1847260 292
1847270 292
1847280 292
1847290 292
1847300 292
1847310 292
1847320 292
1847330 292
1847340 292
1847350 292
1847360 292
1847370 292
1847380 292
1847390 292
1847400 292
1847410 292
1847420 292
1847430 292
1847440 292
1847450 292
1847460 292
1847470 292
1847480 292
1847490 292
1847500 292
1847510 292
1847520 292
1847530 293
1847540 293
1847550 293
1847560 293
1847570 293
1847580 293
1847590 293
1847600 293
1847610 293
1847620 293
1847630 293
1847640 293
1847650 293
1847660 294
1847670 294
1847680 294
1847690 293
1847700 294
1847710 294
1847720 294
1847730 294
1847740 294
1847750 294
1847760 294
1847770 294
1847780 294
1847790 294
1847800 294
1847810 294
1847820 294
1847830 294
1847840 294
1847850 294
1847860 294
1847870 294
1847880 294
1847890 294
1847900 294
1847910 294
1847920 294
1847930 294
1847940 294
1847950 294
1847960 294
1847970 294
1847980 294
1847990 294
1848000 294
1848010 293
1848020 293
1848030 293
1848040 293
1848050 293
1848060 293
1848070 293
1848080 293
1848090 293
1848100 294
1848110 294
1848120 294
1848130 293
1848140 293
1848150 293
1848160 293
1848170 293
1848180 293
1848190 293
1848200 293
1848210 293
1848220 293
1848230 293
1848240 293
1848250 293
1848260 293
1848270 292
1848280 292
1848290 292
1848300 292
1848310 292
1848320 292
1848330 292
1848340 292
1848350 292
1848360 292
1848370 291
1848380 291
1848390 291
1848400 291
1848410 291
1848420 291
1848430 291
1848440 291
1848450 291
1848460 291
1848470 291
1848480 291
1848490 291
1848500 291
1848510 291
1848520 291
1848530 291
1848540 291
1848550 291
1848560 291
1848570 291
1848580 291
1848590 291
1848600 291
1848610 291
1848620 291
1848630 291
1848640 291
1848650 291
1848660 291
1848670 291
1848680 291
1848690 291
1848700 291
1848710 290
1848720 290
1848730 290
1848740 290
1848750 290
1848760 290
1848770 290
1848780 290
1848790 290
1848800 290
1848810 290
1848820 290
1848830 290
1848840 289
1848850 289
1848860 289
1848870 289
1848880 289
1848890 289
1848900 289
1848910 289
1848920 289
1848930 289
1848940 289
1848950 289
1848960 289
1848970 289
1848980 289
1848990 288
1849000 288
1849010 288
1849020 288
1849030 288
1849040 288
1849050 288
1849060 288
1849070 289
1849080 289
1849090 289
1849100 289
1849110 289
1849120 289
1849130 289
1849140 289
1849150 289
1849160 289
1849170 290
1849180 290
1849190 290
1849200 290
1849210 291
1849220 291
1849230 291
1849240 292
1849250 292
1849260 292
1849270 293
1849280 293
1849290 293
1849300 294
1849310 294
1849320 294
1849330 294
1849340 294
1849350 295
1849360 295
1849370 295
1849380 295
1849390 295
1849400 295
1849410 296
1849420 296
1849430 296
1849440 296
1849450 296
1849460 296
1849470 296
1849480 296
1849490 296
1849500 296
1849510 296
1849520 297
1849530 297
1849540 297
1849550 297
1849560 297
1849570 297
1849580 298
1849590 298
1849600 298
1849610 298
1849620 298
1849630 298
1849640 299
1849650 299
1849660 299
1849670 299
1849680 299
1849690 299
1849700 299
1849710 299
1849720 300
1849730 299
1849740 299
1849750 299
1849760 299
1849770 299
1849780 298
1849790 298
1849800 298
1849810 298
1849820 297
1849830 297
1849840 297
1849850 297
1849860 297
1849870 297
1849880 297
1849890 297
1849900 297
1849910 296
1849920 296
1849930 296
1849940 296
1849950 295
1849960 295
1849970 295
1849980 294
1849990 294
1850000 294
1850010 293
1850020 293
1850030 293
1850040 293
1850050 293
1850060 293
1850070 292
1850080 292
1850090 292
1850100 292
1850110 292
1850120 291
1850130 291
1850140 291
1850150 290
1850160 290
1850170 290
1850180 290
1850190 290
1850200 290
1850210 289
1850220 289
1850230 289
1850240 288
1850250 288
1850260 287
1850270 287
1850280 287
1850290 286
1850300 286
1850310 286
1850320 285
1850330 285
1850340 285
1850350 285
1850360 285
1850370 285
1850380 285
1850390 285
1850400 285
1850410 285
1850420 285
1850430 285
1850440 285
1850450 285
1850460 286
1850470 287
1850480 287
1850490 288
1850500 288
1850510 288
1850520 289
1850530 289
1850540 289
1850550 290
1850560 290
1850570 290
1850580 291
1850590 291
1850600 291
1850610 291
1850620 292
1850630 292
1850640 292
1850650 292
1850660 292
1850670 292
1850680 293
1850690 293
1850700 293
1850710 293
1850720 293
1850730 293
1850740 293
1850750 293
1850760 293
1850770 293
1850780 293
1850790 293
1850800 293
1850810 292
1850820 292
1850830 292
1850840 292
1850850 292
1850860 292
1850870 292
1850880 292
1850890 292
1850900 292
1850910 292
1850920 292
1850930 292
1850940 292
1850950 292
1850960 292
1850970 292
1850980 291
1850990 291
1851000 291
1851010 291
1851020 291
1851030 291
1851040 291
1851050 291
1851060 291
1851070 291
1851080 291
1851090 291
1851100 291
1851110 291
1851120 291
1851130 291
1851140 291
1851150 291
1851160 291
1851170 291
1851180 291
1851190 291
1851200 291
1851210 291
1851220 291
1851230 290
1851240 290
1851250 290
1851260 290
1851270 290
1851280 290
1851290 290
1851300 289
1851310 289
1851320 289
1851330 289
1851340 289
1851350 289
1851360 289
1851370 288
1851380 288
1851390 288
1851400 288
1851410 288
1851420 288
1851430 287
1851440 287
1851450 287
1851460 287
1851470 287
1851480 287
1851490 287
1851500 287
1851510 287
1851520 286
1851530 286
1851540 286
1851550 286
1851560 286
1851570 286
1851580 286
1851590 286
1851600 286
1851610 286
1851620 286
1851630 286
1851640 286
1851650 286
1851660 286
1851670 286
1851680 286
1851690 286
1851700 285
1851710 285
1851720 285
1851730 285
1851740 284
1851750 284
1851760 284
1851770 284
1851780 284
1851790 284
1851800 283
1851810 283
1851820 283
1851830 283
1851840 283
1851850 282
1851860 282
1851870 282
1851880 281
1851890 281
1851900 281
1851910 280
1851920 279
1851930 279
1851940 279
1851950 278
1851960 278
1851970 278
1851980 277
1851990 277
1852000 277
1852010 276
1852020 276
1852030 276
1852040 275
1852050 275
1852060 274
1852070 274
1852080 274
1852090 273
1852100 272
1852110 272
1852120 272
1852130 271
1852140 270
1852150 270
1852160 269
1852170 268
1852180 268
1852190 267
1852200 267
1852210 267
1852220 266
1852230 265
1852240 264
1852250 264
1852260 263
1852270 263
1852280 263
1852290 262
1852300 262
1852310 261
1852320 260
1852330 260
1852340 260
1852350 260
1852360 260
1852370 259
1852380 258
1852390 258
1852400 258
1852410 257
1852420 257
1852430 257
1852440 256
1852450 256
1852460 255
1852470 255
1852480 254
1852490 254
1852500 254
1852510 253
1852520 253
1852530 252
1852540 252
1852550 252
1852560 251
1852570 250
1852580 250
1852590 249
1852600 248
1852610 248
1852620 248
1852630 247
1852640 247
1852650 247
1852660 246
1852670 246
1852680 246
1852690 246
1852700 246
1852710 246
1852720 247
1852730 247
1852740 247
1852750 248
1852760 248
1852770 248
1852780 248
1852790 248
1852800 249
1852810 249
1852820 249
1852830 249
1852840 249
1852850 249
1852860 249
1852870 249
1852880 249
1852890 249
1852900 249
1852910 249
1852920 249
1852930 249
1852940 248
1852950 248
1852960 248
1852970 247
1852980 247
1852990 247
1853000 247
1853010 247
1853020 246
1853030 245
1853040 245
1853050 245
1853060 244
1853070 244
1853080 243
1853090 243
1853100 243
1853110 243
1853120 243
1853130 243
1853140 243
1853150 242
1853160 242
1853170 241
1853180 239
1853190 239
1853200 239
1853210 238
1853220 238
1853230 238
1853240 238
1853250 239
1853260 239
1853270 239
1853280 240
1853290 239
1853300 240
1853310 241
1853320 241
1853330 242
1853340 242
1853350 242
1853360 243
1853370 243
1853380 243
1853390 244
1853400 244
1853410 244
1853420 244
1853430 245
1853440 245
1853450 245
1853460 246
1853470 246
1853480 246
1853490 246
1853500 246
1853510 246
1853520 247
1853530 247
1853540 247
1853550 247
1853560 247
1853570 247
1853580 248
1853590 248
1853600 248
1853610 248
1853620 248
1853630 249
1853640 249
1853650 249
1853660 249
1853670 250
1853680 250
1853690 250
1853700 249
1853710 249
1853720 249
1853730 249
1853740 250
1853750 250
1853760 249
1853770 249
1853780 249
1853790 250
1853800 250
1853810 250
1853820 250
1853830 250
1853840 250
1853850 250
1853860 250
1853870 250
1853880 251
1853890 251
1853900 251
1853910 251
1853920 252
1853930 252
1853940 252
1853950 252
1853960 252
1853970 253
1853980 254
1853990 254
1854000 254
1854010 254
1854020 254
1854030 254
1854040 254
1854050 254
1854060 254
1854070 255
1854080 255
1854090 255
1854100 255
1854110 255
1854120 255
1854130 256
1854140 256
1854150 256
1854160 256
1854170 256
1854180 256
1854190 257
1854200 257
1854210 257
1854220 258
1854230 258
1854240 258
1854250 259
1854260 259
1854270 259
1854280 259
1854290 259
1854300 259
1854310 259
1854320 259
1854330 260
1854340 260
1854350 259
1854360 259
1854370 259
1854380 259
1854390 259
1854400 259
1854410 258
1854420 258
1854430 258
1854440 258
1854450 258
1854460 258
1854470 258
1854480 258
1854490 258
1854500 258
1854510 259
1854520 259
1854530 259
1854540 259
1854550 259
1854560 259
1854570 259
1854580 259
1854590 259
1854600 259
1854610 259
1854620 259
1854630 259
1854640 259
1854650 259
1854660 259
1854670 259
1854680 259
1854690 259
1854700 259
1854710 258
1854720 258
1854730 258
1854740 258
1854750 258
1854760 258
1854770 258
1854780 258
1854790 258
1854800 258
1854810 258
1854820 258
1854830 258
1854840 258
1854850 258
1854860 258
1854870 257
1854880 257
1854890 257
1854900 257
1854910 256
1854920 256
1854930 256
1854940 256
1854950 256
1854960 256
1854970 255
1854980 255
1854990 255
1855000 255
1855010 255
1855020 254
1855030 254
1855040 254
1855050 254
1855060 253
1855070 253
1855080 253
1855090 252
1855100 252
1855110 252
1855120 251
1855130 251
1855140 251
1855150 250
1855160 249
1855170 249
1855180 248
1855190 248
1855200 248
1855210 247
1855220 246
1855230 246
1855240 245
1855250 243
1855260 243
1855270 242
1855280 242
1855290 242
1855300 238
1855310 234
1855320 234
1855330 232
1855340 231
1855350 231
1855360 230
1855370 231
1855380 231
1855390 235
1855400 240
1855410 240
1855420 244
1855430 248
1855440 248
1855450 250
1855460 251
1855470 253
1855480 253
1855490 254
1855500 255
1855510 255
1855520 256
1855530 256
1855540 256
1855550 257
1855560 257
1855570 257
1855580 258
1855590 258
1855600 258
1855610 259
1855620 259
1855630 259
1855640 260
1855650 260
1855660 260
1855670 260
1855680 261
1855690 261
1855700 261
1855710 261
1855720 261
1855730 260
1855740 260
1855750 260
1855760 260
1855770 259
1855780 259
1855790 259
1855800 259
1855810 259
1855820 259
1855830 259
1855840 260
1855850 260
1855860 260
1855870 261
1855880 261
1855890 261
1855900 261
1855910 261
1855920 262
1855930 262
1855940 262
1855950 262
1855960 263
1855970 263
1855980 263
1855990 263
1856000 263
1856010 263
1856020 264
1856030 264
1856040 264
1856050 264
1856060 264
1856070 264
1856080 264
1856090 264
1856100 264
1856110 264
1856120 264
1856130 264
1856140 265
1856150 265
1856160 265
1856170 265
1856180 265
1856190 265
1856200 265
1856210 265
1856220 265
1856230 264
1856240 264
1856250 264
1856260 264
1856270 264
1856280 264
1856290 264
1856300 264
1856310 264
1856320 264
1856330 264
1856340 264
1856350 264
1856360 264
1856370 264
1856380 264
1856390 265
1856400 265
1856410 265
1856420 266
1856430 266
1856440 266
1856450 267
1856460 267
1856470 267
1856480 267
1856490 267
1856500 267
1856510 267
1856520 267
1856530 267
1856540 267
1856550 267
1856560 266
1856570 266
1856580 266
1856590 266
1856600 266
1856610 266
1856620 266
1856630 265
1856640 265
1856650 265
1856660 265
1856670 264
1856680 264
1856690 264
1856700 264
1856710 264
1856720 263
1856730 263
1856740 263
1856750 263
1856760 263
1856770 263
1856780 262
1856790 262
1856800 262
1856810 261
1856820 261
1856830 261
1856840 261
1856850 261
1856860 261
1856870 260
1856880 260
1856890 260
1856900 260
1856910 260
1856920 260
1856930 259
1856940 259
1856950 259
1856960 259
1856970 259
1856980 259
1856990 259
1857000 258
1857010 258
1857020 258
1857030 258
1857040 258
1857050 258
1857060 258
1857070 258
1857080 258
1857090 258
1857100 258
1857110 258
1857120 258
1857130 257
1857140 257
1857150 257
1857160 257
1857170 257
1857180 257
1857190 257
1857200 257
1857210 257
1857220 257
1857230 257
1857240 257
1857250 257
1857260 257
1857270 257
1857280 256
1857290 256
1857300 256
1857310 256
1857320 256
1857330 256
1857340 256
1857350 256
1857360 256
1857370 256
1857380 256
1857390 256
1857400 256
1857410 256
1857420 256
1857430 256
1857440 256
1857450 256
1857460 256
1857470 256
1857480 256
1857490 256
1857500 256
1857510 256
1857520 257
1857530 257
1857540 257
1857550 257
1857560 257
1857570 257
1857580 258
1857590 258
1857600 258
1857610 258
1857620 258
1857630 258
1857640 258
1857650 258
1857660 258
1857670 258
1857680 258
1857690 258
1857700 258
1857710 258
1857720 258
1857730 258
1857740 258
1857750 258
1857760 258
1857770 258
1857780 258
1857790 258
1857800 258
1857810 257
1857820 257
1857830 257
1857840 257
1857850 257
1857860 257
1857870 257
1857880 257
1857890 257
1857900 257
1857910 257
1857920 257
1857930 257
1857940 257
1857950 257
1857960 257
1857970 257
1857980 257
1857990 256
1858000 256
1858010 256
1858020 256
1858030 256
1858040 256
1858050 256
1858060 256
1858070 256
1858080 256
1858090 256
1858100 256
1858110 256
1858120 256
1858130 256
1858140 255
1858150 255
1858160 255
1858170 255
1858180 255
1858190 255
1858200 255
1858210 254
1858220 254
1858230 254
1858240 254
1858250 254
1858260 254
1858270 254
1858280 254
1858290 254
1858300 254
1858310 254
1858320 254
1858330 253
1858340 253
1858350 253
1858360 253
1858370 253
1858380 253
1858390 253
1858400 253
1858410 253
1858420 253
1858430 253
1858440 253
1858450 253
1858460 253
1858470 253
1858480 253
1858490 253
1858500 253
1858510 253
1858520 253
1858530 253
1858540 253
1858550 253
1858560 253
1858570 253
1858580 252
1858590 252
1858600 252
1858610 252
1858620 252
1858630 252
1858640 252
1858650 252
1858660 252
1858670 251
1858680 251
1858690 251
1858700 251
1858710 251
1858720 251
1858730 250
1858740 250
1858750 250
1858760 250
1858770 250
1858780 250
1858790 249
1858800 249
1858810 249
1858820 249
1858830 249
1858840 249
1858850 248
1858860 248
1858870 248
1858880 248
1858890 248
1858900 248
1858910 247
1858920 247
1858930 247
1858940 247
1858950 247
1858960 247
1858970 246
1858980 246
1858990 246
1859000 246
1859010 246
1859020 246
1859030 246
1859040 246
1859050 246
1859060 245
1859070 245
1859080 245
1859090 245
1859100 245
1859110 245
1859120 244
1859130 244
1859140 244
1859150 244
1859160 244
1859170 244
1859180 244
1859190 244
1859200 243
1859210 243
1859220 243
1859230 244
1859240 244
1859250 244
1859260 244
1859270 244
1859280 244
1859290 244
1859300 244
1859310 244
1859320 244
1859330 244
1859340 244
1859350 244
1859360 244
1859370 243
1859380 243
1859390 243
1859400 243
1859410 243
1859420 243
1859430 243
1859440 243
1859450 243
1859460 243
1859470 243
1859480 243
1859490 243
1859500 243
1859510 243
1859520 243
1859530 243
1859540 243
1859550 242
1859560 242
1859570 242
1859580 242
1859590 242
1859600 242
1859610 242
1859620 242
1859630 241
1859640 241
1859650 241
1859660 241
1859670 241
1859680 241
1859690 241
1859700 241
1859710 240
1859720 240
1859730 240
1859740 240
1859750 239
1859760 239
1859770 239
1859780 238
1859790 238
1859800 238
1859810 237
1859820 237
1859830 237
1859840 238
1859850 238
1859860 238
1859870 239
1859880 239
1859890 239
1859900 240
1859910 240
1859920 240
1859930 241
1859940 241
1859950 241
1859960 242
1859970 242
1859980 242
1859990 243
