1840000 258
1840010 258
1840020 258
1840030 257
1840040 257
1840050 257
1840060 256
1840070 256
1840080 256
1840090 256
1840100 256
1840110 255
1840120 255
1840130 255
1840140 255
1840150 255
1840160 254
1840170 254
1840180 254
1840190 254
1840200 254
1840210 253
1840220 253
1840230 253
1840240 253
1840250 252
1840260 252
1840270 252
1840280 252
1840290 252
1840300 251
1840310 251
1840320 251
1840330 251
1840340 251
1840350 251
1840360 251
1840370 251
1840380 251
1840390 250
1840400 250
1840410 250
1840420 250
1840430 250
1840440 250
1840450 250
1840460 250
1840470 250
1840480 250
1840490 250
1840500 250
1840510 250
1840520 249
1840530 249
1840540 249
1840550 249
1840560 249
1840570 249
1840580 249
1840590 249
1840600 249
1840610 250
1840620 250
1840630 250
1840640 250
1840650 250
1840660 250
1840670 250
1840680 250
1840690 250
1840700 250
1840710 250
1840720 250
1840730 250
1840740 250
1840750 250
1840760 249
1840770 249
1840780 249
1840790 250
1840800 250
1840810 250
1840820 250
1840830 250
1840840 250
1840850 250
1840860 250
1840870 250
1840880 250
1840890 250
1840900 251
1840910 251
1840920 251
1840930 251
1840940 251
1840950 251
1840960 251
1840970 251
1840980 252
1840990 252
1841000 252
1841010 252
1841020 252
1841030 252
1841040 252
1841050 253
1841060 253
1841070 253
1841080 253
1841090 253
1841100 253
1841110 254
1841120 254
1841130 254
1841140 254
1841150 254
1841160 254
1841170 254
1841180 254
1841190 255
1841200 255
1841210 255
1841220 255
1841230 256
1841240 256
1841250 256
1841260 256
1841270 257
1841280 257
1841290 257
1841300 257
1841310 257
1841320 257
1841330 257
1841340 257
1841350 257
1841360 257
1841370 257
1841380 256
1841390 256
1841400 256
1841410 256
1841420 255
1841430 255
1841440 255
1841450 254
1841460 254
1841470 254
1841480 254
1841490 254
1841500 253
1841510 253
1841520 253
1841530 253
1841540 253
1841550 253
1841560 253
1841570 253
1841580 253
1841590 253
1841600 252
1841610 252
1841620 252
1841630 252
1841640 252
1841650 252
1841660 252
1841670 251
1841680 251
1841690 251
1841700 251
1841710 251
1841720 251
1841730 251
1841740 251
1841750 251
1841760 250
1841770 250
1841780 250
1841790 250
1841800 250
1841810 250
1841820 250
1841830 250
1841840 249
1841850 249
1841860 249
1841870 249
1841880 248
1841890 248
1841900 248
1841910 248
1841920 248
1841930 247
1841940 247
1841950 247
1841960 247
1841970 247
1841980 246
1841990 246
1842000 246
1842010 246
1842020 246
1842030 246
1842040 246
1842050 246
1842060 245
1842070 245
1842080 245
1842090 245
1842100 245
1842110 245
1842120 244
1842130 244
1842140 244
1842150 244
1842160 244
1842170 244
1842180 243
1842190 243
1842200 243
1842210 243
1842220 243
1842230 243
1842240 243
1842250 243
1842260 243
1842270 243
1842280 244
1842290 244
1842300 244
1842310 244
1842320 244
1842330 245
1842340 245
1842350 245
1842360 245
1842370 245
1842380 245
1842390 245
1842400 245
1842410 244
1842420 244
1842430 244
1842440 244
1842450 244
1842460 244
1842470 244
1842480 244
1842490 244
1842500 244
1842510 244
1842520 243
1842530 243
1842540 243
1842550 243
1842560 243
1842570 243
1842580 242
1842590 242
1842600 242
1842610 242
1842620 241
1842630 241
1842640 241
1842650 241
1842660 241
1842670 240
1842680 240
1842690 240
1842700 239
1842710 239
1842720 238
1842730 238
1842740 238
1842750 238
1842760 238
1842770 237
1842780 237
1842790 237
1842800 236
1842810 236
1842820 236
1842830 235
1842840 235
1842850 235
1842860 234
1842870 234
1842880 234
1842890 234
1842900 233
1842910 233
1842920 233
1842930 233
1842940 233
1842950 233
1842960 233
1842970 233
1842980 233
1842990 233
1843000 233
1843010 233
1843020 233
1843030 233
1843040 232
1843050 232
1843060 232
1843070 232
1843080 232
1843090 232
1843100 232
1843110 232
1843120 231
1843130 231
1843140 232
1843150 232
1843160 232
1843170 232
1843180 232
1843190 232
1843200 232
1843210 233
1843220 233
1843230 233
1843240 233
1843250 233
1843260 233
1843270 234
1843280 234
1843290 234
1843300 234
1843310 234
1843320 235
1843330 235
1843340 235
1843350 236
1843360 236
1843370 236
1843380 237
1843390 237
1843400 237
1843410 238
1843420 239
1843430 239
1843440 240
1843450 240
1843460 241
1843470 241
1843480 242
1843490 243
1843500 243
1843510 244
1843520 244
1843530 244
1843540 245
1843550 246
1843560 246
1843570 246
1843580 247
1843590 247
1843600 247
1843610 248
1843620 248
1843630 248
1843640 248
1843650 248
1843660 249
1843670 249
1843680 249
1843690 249
1843700 249
1843710 249
1843720 249
1843730 248
1843740 248
1843750 248
1843760 249
1843770 249
1843780 249
1843790 249
1843800 249
1843810 249
1843820 249
1843830 250
1843840 250
1843850 250
1843860 250
1843870 250
1843880 250
1843890 250
1843900 250
1843910 251
1843920 251
1843930 251
1843940 251
1843950 251
1843960 251
1843970 252
1843980 252
1843990 252
1844000 252
1844010 252
1844020 252
1844030 252
1844040 253
1844050 253
1844060 253
1844070 253
1844080 253
1844090 253
1844100 254
1844110 254
1844120 254
1844130 254
1844140 254
1844150 255
1844160 255
1844170 255
1844180 255
1844190 256
1844200 256
1844210 256
1844220 257
1844230 257
1844240 257
1844250 257
1844260 258
1844270 258
1844280 258
1844290 258
1844300 258
1844310 258
1844320 259
1844330 259
1844340 259
1844350 259
1844360 259
1844370 259
1844380 259
1844390 259
1844400 259
1844410 260
1844420 260
1844430 260
1844440 260
1844450 260
1844460 260
1844470 260
1844480 260
1844490 260
1844500 260
1844510 260
1844520 261
1844530 261
1844540 261
1844550 261
1844560 261
1844570 261
1844580 261
1844590 261
1844600 262
1844610 262
1844620 262
1844630 262
1844640 262
1844650 262
1844660 263
1844670 263
1844680 263
1844690 263
1844700 263
1844710 263
1844720 264
1844730 264
1844740 264
1844750 265
1844760 265
1844770 265
1844780 266
1844790 266
1844800 266
1844810 266
1844820 266
1844830 267
1844840 267
1844850 267
1844860 267
1844870 268
1844880 268
1844890 268
1844900 269
1844910 269
1844920 269
1844930 270
1844940 270
1844950 270
1844960 271
1844970 271
1844980 271
1844990 272
1845000 273
1845010 273
1845020 273
1845030 274
1845040 274
1845050 274
1845060 275
1845070 275
1845080 275
1845090 276
1845100 276
1845110 276
1845120 277
1845130 277
1845140 277
1845150 278
1845160 278
1845170 278
1845180 278
1845190 278
1845200 278
1845210 279
1845220 279
1845230 279
1845240 279
1845250 279
1845260 280
1845270 280
1845280 280
1845290 280
1845300 280
1845310 280
1845320 280
1845330 281
1845340 281
1845350 281
1845360 281
1845370 281
1845380 281
1845390 281
1845400 281
1845410 281
1845420 281
1845430 281
1845440 281
1845450 281
1845460 281
1845470 281
1845480 281
1845490 282
1845500 282
1845510 282
1845520 282
1845530 282
1845540 282
1845550 282
1845560 282
1845570 282
1845580 282
1845590 282
1845600 283
1845610 283
1845620 283
1845630 283
1845640 283
1845650 283
1845660 283
1845670 283
1845680 283
1845690 283
1845700 283
1845710 283
1845720 283
1845730 283
1845740 283
1845750 283
1845760 283
1845770 283
1845780 283
1845790 283
1845800 283
1845810 283
1845820 283
1845830 283
1845840 283
1845850 283
1845860 283
1845870 283
1845880 283
1845890 283
1845900 283
1845910 283
1845920 283
1845930 283
1845940 283
1845950 283
1845960 283
1845970 283
1845980 284
1845990 284
1846000 284
1846010 284
1846020 284
1846030 284
1846040 284
1846050 284
1846060 284
1846070 284
1846080 284
1846090 284
1846100 284
1846110 283
1846120 283
1846130 283
1846140 284
1846150 284
1846160 284
1846170 284
1846180 284
1846190 284
1846200 284
1846210 284
1846220 284
1846230 284
1846240 284
1846250 284
1846260 284
1846270 284
1846280 284
1846290 284
1846300 284
1846310 284
1846320 284
1846330 284
1846340 284
1846350 284
1846360 284
1846370 285
1846380 285
1846390 285
1846400 285
1846410 285
1846420 286
1846430 286
1846440 286
1846450 287
1846460 287
1846470 287
1846480 287
1846490 287
1846500 288
1846510 288
1846520 288
1846530 288
1846540 289
1846550 289
1846560 290
1846570 290
1846580 290
1846590 291
1846600 292
1846610 292
1846620 292
1846630 293
1846640 293
1846650 293
1846660 293
1846670 293
1846680 293
1846690 293
1846700 293
1846710 293
1846720 293
1846730 293
1846740 293
1846750 293
1846760 293
1846770 293
1846780 293
1846790 293
1846800 293
1846810 293
1846820 293
1846830 293
1846840 293
1846850 293
1846860 293
1846870 293
1846880 293
1846890 293
1846900 292
1846910 293
1846920 293
1846930 293
1846940 294
1846950 294
1846960 294
1846970 294
1846980 294
1846990 294
1847000 294
1847010 294
1847020 294
1847030 295
1847040 295
1847050 295
1847060 295
1847070 295
1847080 295
1847090 295
1847100 295
1847110 295
1847120 295
1847130 295
1847140 295
1847150 296
1847160 296
1847170 296
1847180 295
1847190 295
1847200 295
1847210 295
1847220 295
1847230 295
1847240 295
1847250 295
1847260 295
1847270 295
1847280 295
1847290 295
1847300 295
1847310 295
1847320 295
1847330 295
1847340 295
1847350 295
1847360 295
1847370 295
1847380 294
1847390 295
1847400 295
1847410 295
1847420 295
1847430 295
1847440 295
1847450 295
1847460 295
1847470 295
1847480 295
1847490 295
1847500 295
1847510 296
1847520 296
1847530 296
1847540 296
1847550 296
1847560 296
1847570 296
1847580 296
1847590 296
1847600 296
1847610 296
1847620 296
1847630 296
1847640 296
1847650 296
1847660 296
1847670 296
1847680 296
1847690 296
1847700 296
1847710 296
1847720 296
1847730 296
1847740 295
1847750 295
1847760 295
1847770 295
1847780 295
1847790 295
1847800 294
1847810 294
1847820 294
1847830 294
1847840 294
1847850 294
1847860 294
1847870 294
1847880 294
1847890 294
1847900 294
1847910 294
1847920 294
1847930 294
1847940 294
1847950 294
1847960 294
1847970 294
1847980 294
1847990 294
1848000 294
1848010 294
1848020 294
1848030 294
1848040 294
1848050 294
1848060 294
1848070 294
1848080 294
1848090 294
1848100 294
1848110 294
1848120 294
1848130 294
1848140 294
1848150 294
1848160 294
1848170 294
1848180 294
1848190 294
1848200 293
1848210 293
1848220 293
1848230 293
1848240 293
1848250 293
1848260 293
1848270 293
1848280 293
1848290 293
1848300 293
1848310 293
1848320 293
1848330 292
1848340 292
1848350 292
1848360 292
1848370 292
1848380 292
1848390 292
1848400 292
1848410 292
1848420 292
1848430 292
1848440 292
1848450 292
1848460 292
1848470 292
1848480 291
1848490 291
1848500 291
1848510 291
1848520 291
1848530 291
1848540 291
1848550 291
1848560 291
1848570 291
1848580 291
1848590 291
1848600 291
1848610 291
1848620 291
1848630 291
1848640 291
1848650 291
1848660 291
1848670 291
1848680 291
1848690 291
1848700 291
1848710 291
1848720 291
1848730 291
1848740 291
1848750 291
1848760 290
1848770 290
1848780 290
1848790 290
1848800 290
1848810 290
1848820 290
1848830 290
1848840 290
1848850 290
1848860 290
1848870 290
1848880 290
1848890 290
1848900 290
1848910 290
1848920 290
1848930 290
1848940 290
1848950 290
1848960 290
1848970 290
1848980 290
1848990 290
1849000 289
1849010 289
1849020 289
1849030 290
1849040 290
1849050 290
1849060 290
1849070 290
1849080 290
1849090 290
1849100 291
1849110 291
1849120 291
1849130 291
1849140 291
1849150 291
1849160 291
1849170 291
1849180 292
1849190 292
1849200 292
1849210 293
1849220 293
1849230 293
1849240 293
1849250 294
1849260 294
1849270 294
1849280 295
1849290 295
1849300 295
1849310 295
1849320 295
1849330 296
1849340 296
1849350 296
1849360 297
1849370 297
1849380 297
1849390 298
1849400 298
1849410 299
1849420 299
1849430 299
1849440 299
1849450 299
1849460 299
1849470 299
1849480 299
1849490 299
1849500 299
1849510 299
1849520 300
1849530 300
1849540 300
1849550 300
1849560 300
1849570 300
1849580 300
1849590 300
1849600 300
1849610 300
1849620 300
1849630 300
1849640 300
1849650 301
1849660 301
1849670 301
1849680 300
1849690 300
1849700 301
1849710 301
1849720 301
1849730 301
1849740 301
1849750 301
1849760 301
1849770 301
1849780 301
1849790 301
1849800 301
1849810 301
1849820 301
1849830 301
1849840 300
1849850 300
1849860 300
1849870 300
1849880 300
1849890 299
1849900 299
1849910 299
1849920 299
1849930 299
1849940 299
1849950 299
1849960 298
1849970 298
1849980 298
1849990 298
1850000 298
1850010 298
1850020 297
1850030 297
1850040 297
1850050 297
1850060 297
1850070 296
1850080 296
1850090 296
1850100 295
1850110 295
1850120 295
1850130 294
1850140 294
1850150 294
1850160 294
1850170 294
1850180 293
1850190 293
1850200 293
1850210 293
1850220 293
1850230 292
1850240 292
1850250 292
1850260 291
1850270 291
1850280 291
1850290 291
1850300 290
1850310 290
1850320 290
1850330 290
1850340 290
1850350 290
1850360 289
1850370 289
1850380 289
1850390 289
1850400 289
1850410 289
1850420 289
1850430 289
1850440 289
1850450 289
1850460 289
1850470 289
1850480 289
1850490 289
1850500 289
1850510 290
1850520 290
1850530 290
1850540 290
1850550 291
1850560 291
1850570 291
1850580 291
1850590 291
1850600 291
1850610 292
1850620 292
1850630 292
1850640 292
1850650 292
1850660 292
1850670 292
1850680 292
1850690 292
1850700 292
1850710 292
1850720 292
1850730 292
1850740 292
1850750 292
1850760 292
1850770 292
1850780 292
1850790 292
1850800 292
1850810 292
1850820 292
1850830 292
1850840 292
1850850 292
1850860 292
1850870 292
1850880 292
1850890 291
1850900 291
1850910 291
1850920 291
1850930 291
1850940 291
1850950 291
1850960 291
1850970 291
1850980 291
1850990 291
1851000 291
1851010 291
1851020 291
1851030 291
1851040 291
1851050 291
1851060 290
1851070 290
1851080 290
1851090 290
1851100 290
1851110 290
1851120 290
1851130 290
1851140 290
1851150 290
1851160 290
1851170 290
1851180 290
1851190 290
1851200 290
1851210 290
1851220 290
1851230 290
1851240 290
1851250 289
1851260 289
1851270 289
1851280 289
1851290 289
1851300 289
1851310 289
1851320 288
1851330 288
1851340 288
1851350 288
1851360 288
1851370 288
1851380 287
1851390 287
1851400 287
1851410 287
1851420 287
1851430 287
1851440 287
1851450 287
1851460 287
1851470 286
1851480 286
1851490 286
1851500 286
1851510 286
1851520 286
1851530 286
1851540 286
1851550 285
1851560 285
1851570 285
1851580 285
1851590 285
1851600 285
1851610 285
1851620 284
1851630 284
1851640 284
1851650 284
1851660 284
1851670 284
1851680 284
1851690 283
1851700 283
1851710 283
1851720 283
1851730 283
1851740 283
1851750 283
1851760 283
1851770 283
1851780 283
1851790 283
1851800 282
1851810 282
1851820 282
1851830 282
1851840 282
1851850 282
1851860 281
1851870 281
1851880 281
1851890 281
1851900 280
1851910 280
1851920 280
1851930 279
1851940 279
1851950 279
1851960 279
1851970 279
1851980 278
1851990 278
1852000 277
1852010 277
1852020 277
1852030 277
1852040 277
1852050 276
1852060 276
1852070 276
1852080 275
1852090 275
1852100 275
1852110 274
1852120 273
1852130 273
1852140 273
1852150 272
1852160 272
1852170 272
1852180 271
1852190 271
1852200 270
1852210 270
1852220 270
1852230 269
1852240 268
1852250 268
1852260 267
1852270 267
1852280 266
1852290 266
1852300 265
1852310 265
1852320 264
1852330 263
1852340 263
1852350 263
1852360 262
1852370 261
1852380 261
1852390 261
1852400 260
1852410 260
1852420 259
1852430 258
1852440 258
1852450 258
1852460 257
1852470 257
1852480 256
1852490 256
1852500 256
1852510 255
1852520 254
1852530 254
1852540 254
1852550 253
1852560 253
1852570 253
1852580 253
1852590 253
1852600 253
1852610 252
1852620 252
1852630 252
1852640 252
1852650 252
1852660 252
1852670 252
1852680 252
1852690 252
1852700 252
1852710 252
1852720 252
1852730 252
1852740 253
1852750 253
1852760 253
1852770 253
1852780 253
1852790 253
1852800 253
1852810 253
1852820 254
1852830 253
1852840 253
1852850 253
1852860 253
1852870 253
1852880 253
1852890 253
1852900 253
1852910 253
1852920 253
1852930 253
1852940 252
1852950 252
1852960 252
1852970 252
1852980 251
1852990 251
1853000 250
1853010 250
1853020 250
1853030 250
1853040 250
1853050 250
1853060 249
1853070 249
1853080 249
1853090 249
1853100 249
1853110 248
1853120 248
1853130 248
1853140 248
1853150 248
1853160 248
1853170 248
1853180 248
1853190 248
1853200 248
1853210 248
1853220 248
1853230 246
1853240 246
1853250 247
1853260 247
1853270 247
1853280 247
1853290 247
1853300 247
1853310 247
1853320 246
1853330 246
1853340 246
1853350 246
1853360 246
1853370 246
1853380 246
1853390 246
1853400 246
1853410 246
1853420 246
1853430 247
1853440 247
1853450 247
1853460 247
1853470 247
1853480 247
1853490 247
1853500 246
1853510 246
1853520 246
1853530 246
1853540 246
1853550 246
1853560 246
1853570 246
1853580 246
1853590 246
1853600 247
1853610 247
1853620 247
1853630 247
1853640 247
1853650 248
1853660 248
1853670 248
1853680 248
1853690 248
1853700 248
1853710 248
1853720 248
1853730 248
1853740 249
1853750 249
1853760 249
1853770 249
1853780 249
1853790 249
1853800 249
1853810 249
1853820 249
1853830 249
1853840 249
1853850 249
1853860 249
1853870 249
1853880 249
1853890 249
1853900 249
1853910 249
1853920 249
1853930 249
1853940 249
1853950 249
1853960 250
1853970 250
1853980 250
1853990 250
1854000 251
1854010 251
1854020 251
1854030 251
1854040 251
1854050 252
1854060 252
1854070 252
1854080 252
1854090 253
1854100 253
1854110 253
1854120 253
1854130 253
1854140 253
1854150 253
1854160 253
1854170 253
1854180 254
1854190 254
1854200 254
1854210 254
1854220 254
1854230 255
1854240 255
1854250 256
1854260 256
1854270 256
1854280 257
1854290 257
1854300 257
1854310 258
1854320 258
1854330 258
1854340 258
1854350 258
1854360 259
1854370 259
1854380 259
1854390 259
1854400 259
1854410 259
1854420 259
1854430 259
1854440 259
1854450 260
1854460 260
1854470 260
1854480 260
1854490 260
1854500 260
1854510 260
1854520 260
1854530 260
1854540 260
1854550 260
1854560 260
1854570 260
1854580 259
1854590 259
1854600 259
1854610 259
1854620 259
1854630 259
1854640 259
1854650 259
1854660 259
1854670 259
1854680 259
1854690 259
1854700 259
1854710 259
1854720 259
1854730 259
1854740 259
1854750 259
1854760 259
1854770 259
1854780 259
1854790 259
1854800 259
1854810 259
1854820 259
1854830 259
1854840 259
1854850 259
1854860 258
1854870 258
1854880 258
1854890 258
1854900 258
1854910 258
1854920 258
1854930 258
1854940 258
1854950 257
1854960 257
1854970 257
1854980 257
1854990 257
1855000 257
1855010 257
1855020 257
1855030 257
1855040 257
1855050 257
1855060 257
1855070 256
1855080 256
1855090 256
1855100 256
1855110 256
1855120 256
1855130 256
1855140 255
1855150 255
1855160 255
1855170 254
1855180 254
1855190 254
1855200 253
1855210 253
1855220 253
1855230 252
1855240 252
1855250 251
1855260 250
1855270 250
1855280 250
1855290 250
1855300 250
1855310 249
1855320 249
1855330 249
1855340 248
1855350 247
1855360 244
1855370 244
1855380 242
1855390 240
1855400 238
1855410 239
1855420 243
1855430 243
1855440 246
1855450 249
1855460 249
1855470 253
1855480 254
1855490 254
1855500 255
1855510 255
1855520 255
1855530 256
1855540 256
1855550 256
1855560 256
1855570 257
1855580 257
1855590 257
1855600 258
1855610 258
1855620 258
1855630 259
1855640 259
1855650 259
1855660 260
1855670 260
1855680 260
1855690 261
1855700 261
1855710 261
1855720 261
1855730 261
1855740 261
1855750 261
1855760 261
1855770 261
1855780 261
1855790 261
1855800 261
1855810 261
1855820 261
1855830 261
1855840 261
1855850 261
1855860 261
1855870 261
1855880 262
1855890 262
1855900 262
1855910 262
1855920 262
1855930 262
1855940 262
1855950 262
1855960 263
1855970 263
1855980 263
1855990 264
1856000 264
1856010 264
1856020 264
1856030 264
1856040 264
1856050 264
1856060 264
1856070 264
1856080 264
1856090 264
1856100 265
1856110 265
1856120 265
1856130 265
1856140 265
1856150 265
1856160 265
1856170 265
1856180 265
1856190 265
1856200 265
1856210 265
1856220 264
1856230 264
1856240 264
1856250 264
1856260 264
1856270 263
1856280 263
1856290 263
1856300 263
1856310 263
1856320 263
1856330 263
1856340 263
1856350 263
1856360 263
1856370 263
1856380 263
1856390 263
1856400 263
1856410 263
1856420 263
1856430 263
1856440 263
1856450 263
1856460 263
1856470 263
1856480 263
1856490 263
1856500 263
1856510 263
1856520 263
1856530 264
1856540 264
1856550 265
1856560 265
1856570 265
1856580 266
1856590 266
1856600 266
1856610 266
1856620 266
1856630 266
1856640 266
1856650 266
1856660 266
1856670 266
1856680 265
1856690 265
1856700 265
1856710 265
1856720 265
1856730 265
1856740 265
1856750 265
1856760 264
1856770 264
1856780 264
1856790 264
1856800 264
1856810 264
1856820 263
1856830 263
1856840 263
1856850 263
1856860 262
1856870 262
1856880 262
1856890 261
1856900 261
1856910 261
1856920 261
1856930 261
1856940 261
1856950 261
1856960 260
1856970 260
1856980 260
1856990 260
1857000 260
1857010 260
1857020 260
1857030 260
1857040 259
1857050 259
1857060 259
1857070 259
1857080 260
1857090 260
1857100 260
1857110 260
1857120 260
1857130 259
1857140 259
1857150 259
1857160 258
1857170 258
1857180 258
1857190 257
1857200 256
1857210 256
1857220 256
1857230 256
1857240 255
1857250 255
1857260 255
1857270 254
1857280 254
1857290 254
1857300 254
1857310 254
1857320 254
1857330 254
1857340 254
1857350 254
1857360 254
1857370 254
1857380 254
1857390 254
1857400 254
1857410 254
1857420 254
1857430 254
1857440 254
1857450 254
1857460 254
1857470 254
1857480 254
1857490 254
1857500 254
1857510 254
1857520 254
1857530 254
1857540 254
1857550 254
1857560 254
1857570 254
1857580 254
1857590 254
1857600 254
1857610 254
1857620 254
1857630 255
1857640 255
1857650 255
1857660 255
1857670 255
1857680 255
1857690 255
1857700 255
1857710 255
1857720 256
1857730 256
1857740 256
1857750 256
1857760 256
1857770 256
1857780 256
1857790 257
1857800 257
1857810 257
1857820 257
1857830 257
1857840 257
1857850 257
1857860 257
1857870 257
1857880 256
1857890 256
1857900 256
1857910 256
1857920 256
1857930 256
1857940 256
1857950 256
1857960 256
1857970 256
1857980 256
1857990 256
1858000 256
1858010 256
1858020 256
1858030 256
1858040 256
1858050 256
1858060 256
1858070 255
1858080 255
1858090 255
1858100 255
1858110 255
1858120 255
1858130 255
1858140 255
1858150 255
1858160 255
1858170 255
1858180 255
1858190 255
1858200 255
1858210 255
1858220 255
1858230 255
1858240 255
1858250 254
1858260 254
1858270 254
1858280 254
1858290 254
1858300 254
1858310 254
1858320 254
1858330 254
1858340 254
1858350 253
1858360 253
1858370 253
1858380 253
1858390 253
1858400 253
1858410 253
1858420 253
1858430 253
1858440 253
1858450 253
1858460 252
1858470 252
1858480 252
1858490 252
1858500 252
1858510 252
1858520 252
1858530 252
1858540 252
1858550 252
1858560 252
1858570 252
1858580 252
1858590 252
1858600 252
1858610 252
1858620 252
1858630 252
1858640 252
1858650 252
1858660 252
1858670 252
1858680 252
1858690 252
1858700 252
1858710 251
1858720 251
1858730 251
1858740 251
1858750 251
1858760 251
1858770 251
1858780 250
1858790 250
1858800 250
1858810 250
1858820 250
1858830 250
1858840 249
1858850 249
1858860 249
1858870 249
1858880 249
1858890 249
1858900 248
1858910 248
1858920 248
1858930 248
1858940 248
1858950 247
1858960 247
1858970 247
1858980 247
1858990 247
1859000 247
1859010 247
1859020 247
1859030 247
1859040 246
1859050 246
1859060 246
1859070 246
1859080 246
1859090 245
1859100 245
1859110 246
1859120 245
1859130 245
1859140 245
1859150 245
1859160 245
1859170 245
1859180 245
1859190 245
1859200 245
1859210 245
1859220 245
1859230 245
1859240 245
1859250 245
1859260 245
1859270 245
1859280 245
1859290 246
1859300 246
1859310 246
1859320 246
1859330 246
1859340 246
1859350 246
1859360 246
1859370 246
1859380 246
1859390 246
1859400 246
1859410 246
1859420 246
1859430 246
1859440 246
1859450 245
1859460 245
1859470 245
1859480 245
1859490 245
1859500 245
1859510 245
1859520 245
1859530 245
1859540 245
1859550 244
1859560 244
1859570 244
1859580 244
1859590 244
1859600 244
1859610 244
1859620 244
1859630 243
1859640 243
1859650 243
1859660 243
1859670 243
1859680 243
1859690 243
1859700 242
1859710 242
1859720 242
1859730 242
1859740 242
1859750 242
1859760 242
1859770 242
1859780 241
1859790 241
1859800 241
1859810 241
1859820 241
1859830 241
1859840 241
1859850 242
1859860 242
1859870 242
1859880 242
1859890 242
1859900 242
1859910 243
1859920 243
1859930 243
1859940 244
1859950 244
1859960 244
1859970 245
1859980 245
1859990 245
