1840000 258
1840010 257
1840020 257
1840030 257
1840040 257
1840050 257
1840060 256
1840070 256
1840080 256
1840090 255
1840100 255
1840110 255
1840120 255
1840130 255
1840140 255
1840150 254
1840160 254
1840170 254
1840180 254
1840190 254
1840200 254
1840210 253
1840220 253
1840230 253
1840240 252
1840250 252
1840260 252
1840270 252
1840280 252
1840290 252
1840300 251
1840310 251
1840320 251
1840330 251
1840340 251
1840350 251
1840360 250
1840370 250
1840380 250
1840390 250
1840400 250
1840410 250
1840420 250
1840430 250
1840440 250
1840450 250
1840460 250
1840470 249
1840480 249
1840490 249
1840500 249
1840510 249
1840520 249
1840530 249
1840540 249
1840550 249
1840560 249
1840570 249
1840580 249
1840590 249
1840600 249
1840610 249
1840620 249
1840630 249
1840640 249
1840650 250
1840660 250
1840670 250
1840680 250
1840690 250
1840700 249
1840710 249
1840720 249
1840730 249
1840740 249
1840750 249
1840760 249
1840770 249
1840780 249
1840790 249
1840800 249
1840810 250
1840820 250
1840830 250
1840840 250
1840850 250
1840860 250
1840870 250
1840880 250
1840890 250
1840900 250
1840910 250
1840920 251
1840930 251
1840940 251
1840950 251
1840960 251
1840970 251
1840980 251
1840990 252
1841000 252
1841010 252
1841020 252
1841030 252
1841040 252
1841050 253
1841060 253
1841070 253
1841080 253
1841090 253
1841100 254
1841110 254
1841120 254
1841130 254
1841140 255
1841150 255
1841160 255
1841170 255
1841180 256
1841190 256
1841200 256
1841210 256
1841220 256
1841230 256
1841240 256
1841250 256
1841260 257
1841270 257
1841280 257
1841290 257
1841300 257
1841310 257
1841320 257
1841330 257
1841340 257
1841350 258
1841360 258
1841370 258
1841380 258
1841390 257
1841400 257
1841410 257
1841420 257
1841430 257
1841440 256
1841450 256
1841460 256
1841470 256
1841480 255
1841490 255
1841500 255
1841510 255
1841520 255
1841530 255
1841540 254
1841550 254
1841560 254
1841570 254
1841580 253
1841590 253
1841600 253
1841610 253
1841620 253
1841630 253
1841640 252
1841650 252
1841660 252
1841670 252
1841680 252
1841690 251
1841700 251
1841710 251
1841720 251
1841730 251
1841740 251
1841750 251
1841760 251
1841770 251
1841780 251
1841790 250
1841800 250
1841810 250
1841820 250
1841830 250
1841840 250
1841850 250
1841860 249
1841870 249
1841880 249
1841890 249
1841900 249
1841910 248
1841920 248
1841930 248
1841940 248
1841950 247
1841960 247
1841970 247
1841980 247
1841990 247
1842000 247
1842010 247
1842020 247
1842030 247
1842040 246
1842050 246
1842060 246
1842070 246
1842080 246
1842090 246
1842100 246
1842110 246
1842120 245
1842130 245
1842140 245
1842150 245
1842160 245
1842170 245
1842180 245
1842190 244
1842200 244
1842210 244
1842220 244
1842230 244
1842240 244
1842250 244
1842260 244
1842270 244
1842280 244
1842290 244
1842300 244
1842310 244
1842320 245
1842330 245
1842340 245
1842350 245
1842360 245
1842370 245
1842380 245
1842390 245
1842400 245
1842410 245
1842420 245
1842430 245
1842440 245
1842450 245
1842460 245
1842470 245
1842480 245
1842490 244
1842500 244
1842510 244
1842520 244
1842530 244
1842540 244
1842550 243
1842560 243
1842570 243
1842580 243
1842590 242
1842600 242
1842610 242
1842620 242
1842630 241
1842640 241
1842650 241
1842660 240
1842670 240
1842680 240
1842690 240
1842700 240
1842710 239
1842720 239
1842730 239
1842740 238
1842750 238
1842760 238
1842770 238
1842780 237
1842790 237
1842800 237
1842810 236
1842820 236
1842830 236
1842840 235
1842850 235
1842860 235
1842870 234
1842880 234
1842890 234
1842900 234
1842910 234
1842920 234
1842930 234
1842940 234
1842950 233
1842960 233
1842970 233
1842980 233
1842990 233
1843000 233
1843010 233
1843020 233
1843030 233
1843040 233
1843050 232
1843060 232
1843070 232
1843080 232
1843090 232
1843100 232
1843110 232
1843120 232
1843130 232
1843140 232
1843150 231
1843160 231
1843170 231
1843180 232
1843190 232
1843200 232
1843210 232
1843220 232
1843230 233
1843240 233
1843250 233
1843260 233
1843270 233
1843280 233
1843290 233
1843300 233
1843310 233
1843320 234
1843330 234
1843340 235
1843350 235
1843360 235
1843370 236
1843380 236
1843390 237
1843400 238
1843410 238
1843420 238
1843430 239
1843440 239
1843450 240
1843460 241
1843470 241
1843480 242
1843490 242
1843500 242
1843510 243
1843520 244
1843530 244
1843540 245
1843550 245
1843560 245
1843570 246
1843580 246
1843590 246
1843600 247
1843610 247
1843620 247
1843630 247
1843640 248
1843650 248
1843660 248
1843670 248
1843680 248
1843690 249
1843700 249
1843710 248
1843720 248
1843730 248
1843740 247
1843750 247
1843760 247
1843770 248
1843780 248
1843790 248
1843800 248
1843810 248
1843820 249
1843830 249
1843840 249
1843850 249
1843860 249
1843870 249
1843880 249
1843890 249
1843900 249
1843910 250
1843920 250
1843930 250
1843940 250
1843950 250
1843960 250
1843970 250
1843980 250
1843990 250
1844000 251
1844010 251
1844020 251
1844030 251
1844040 252
1844050 252
1844060 252
1844070 253
1844080 253
1844090 253
1844100 253
1844110 254
1844120 254
1844130 254
1844140 254
1844150 254
1844160 254
1844170 255
1844180 255
1844190 255
1844200 256
1844210 256
1844220 256
1844230 256
1844240 256
1844250 257
1844260 257
1844270 257
1844280 257
1844290 258
1844300 258
1844310 258
1844320 258
1844330 258
1844340 259
1844350 259
1844360 259
1844370 259
1844380 259
1844390 259
1844400 259
1844410 259
1844420 259
1844430 259
1844440 260
1844450 260
1844460 260
1844470 260
1844480 260
1844490 260
1844500 260
1844510 260
1844520 260
1844530 260
1844540 260
1844550 260
1844560 260
1844570 261
1844580 261
1844590 261
1844600 261
1844610 261
1844620 261
1844630 261
1844640 261
1844650 262
1844660 262
1844670 262
1844680 262
1844690 263
1844700 263
1844710 263
1844720 263
1844730 263
1844740 263
1844750 263
1844760 263
1844770 264
1844780 264
1844790 265
1844800 266
1844810 266
1844820 266
1844830 266
1844840 267
1844850 267
1844860 267
1844870 267
1844880 268
1844890 268
1844900 268
1844910 269
1844920 269
1844930 269
1844940 270
1844950 270
1844960 270
1844970 270
1844980 270
1844990 271
1845000 272
1845010 272
1845020 272
1845030 273
1845040 273
1845050 273
1845060 274
1845070 274
1845080 274
1845090 275
1845100 275
1845110 275
1845120 275
1845130 275
1845140 276
1845150 277
1845160 277
1845170 277
1845180 277
1845190 278
1845200 278
1845210 278
1845220 278
1845230 278
1845240 279
1845250 279
1845260 279
1845270 279
1845280 279
1845290 279
1845300 280
1845310 280
1845320 280
1845330 280
1845340 280
1845350 280
1845360 280
1845370 280
1845380 280
1845390 281
1845400 281
1845410 281
1845420 281
1845430 281
1845440 281
1845450 281
1845460 281
1845470 281
1845480 281
1845490 281
1845500 281
1845510 281
1845520 282
1845530 282
1845540 282
1845550 282
1845560 282
1845570 282
1845580 282
1845590 282
1845600 282
1845610 283
1845620 283
1845630 283
1845640 283
1845650 283
1845660 283
1845670 283
1845680 283
1845690 283
1845700 283
1845710 283
1845720 283
1845730 283
1845740 283
1845750 283
1845760 283
1845770 283
1845780 283
1845790 283
1845800 283
1845810 283
1845820 283
1845830 283
1845840 283
1845850 283
1845860 283
1845870 283
1845880 283
1845890 283
1845900 283
1845910 283
1845920 283
1845930 283
1845940 283
1845950 283
1845960 283
1845970 283
1845980 284
1845990 284
1846000 284
1846010 284
1846020 284
1846030 284
1846040 284
1846050 283
1846060 283
1846070 283
1846080 283
1846090 283
1846100 284
1846110 284
1846120 284
1846130 284
1846140 283
1846150 283
1846160 284
1846170 284
1846180 284
1846190 284
1846200 284
1846210 284
1846220 284
1846230 284
1846240 284
1846250 284
1846260 284
1846270 284
1846280 284
1846290 284
1846300 284
1846310 284
1846320 284
1846330 284
1846340 284
1846350 285
1846360 285
1846370 285
1846380 285
1846390 285
1846400 285
1846410 285
1846420 286
1846430 286
1846440 286
1846450 287
1846460 287
1846470 287
1846480 288
1846490 288
1846500 288
1846510 289
1846520 289
1846530 289
1846540 289
1846550 289
1846560 290
1846570 291
1846580 291
1846590 291
1846600 292
1846610 292
1846620 293
1846630 293
1846640 293
1846650 293
1846660 294
1846670 294
1846680 294
1846690 294
1846700 294
1846710 294
1846720 294
1846730 293
1846740 293
1846750 293
1846760 293
1846770 293
1846780 293
1846790 293
1846800 293
1846810 293
1846820 293
1846830 293
1846840 293
1846850 293
1846860 293
1846870 293
1846880 293
1846890 293
1846900 293
1846910 293
1846920 293
1846930 293
1846940 294
1846950 294
1846960 294
1846970 294
1846980 294
1846990 294
1847000 295
1847010 295
1847020 295
1847030 295
1847040 296
1847050 296
1847060 296
1847070 296
1847080 296
1847090 296
1847100 297
1847110 297
1847120 297
1847130 297
1847140 297
1847150 297
1847160 297
1847170 297
1847180 297
1847190 297
1847200 297
1847210 296
1847220 296
1847230 296
1847240 296
1847250 296
1847260 296
1847270 296
1847280 296
1847290 296
1847300 296
1847310 296
1847320 296
1847330 296
1847340 296
1847350 296
1847360 295
1847370 295
1847380 295
1847390 295
1847400 295
1847410 295
1847420 295
1847430 295
1847440 296
1847450 296
1847460 296
1847470 296
1847480 296
1847490 296
1847500 296
1847510 296
1847520 296
1847530 296
1847540 296
1847550 296
1847560 296
1847570 296
1847580 296
1847590 296
1847600 296
1847610 296
1847620 296
1847630 296
1847640 296
1847650 296
1847660 296
1847670 296
1847680 296
1847690 296
1847700 296
1847710 296
1847720 296
1847730 296
1847740 296
1847750 296
1847760 296
1847770 295
1847780 295
1847790 295
1847800 295
1847810 295
1847820 295
1847830 295
1847840 294
1847850 294
1847860 294
1847870 294
1847880 294
1847890 294
1847900 294
1847910 294
1847920 295
1847930 295
1847940 295
1847950 295
1847960 295
1847970 295
1847980 294
1847990 294
1848000 294
1848010 294
1848020 294
1848030 294
1848040 294
1848050 294
1848060 294
1848070 294
1848080 294
1848090 294
1848100 294
1848110 294
1848120 294
1848130 294
1848140 294
1848150 294
1848160 294
1848170 294
1848180 294
1848190 294
1848200 294
1848210 294
1848220 294
1848230 294
1848240 293
1848250 293
1848260 293
1848270 293
1848280 293
1848290 293
1848300 293
1848310 293
1848320 293
1848330 293
1848340 293
1848350 292
1848360 292
1848370 292
1848380 292
1848390 292
1848400 292
1848410 292
1848420 292
1848430 292
1848440 292
1848450 292
1848460 292
1848470 292
1848480 292
1848490 292
1848500 291
1848510 291
1848520 291
1848530 291
1848540 291
1848550 291
1848560 291
1848570 291
1848580 291
1848590 291
1848600 291
1848610 291
1848620 291
1848630 291
1848640 291
1848650 291
1848660 291
1848670 291
1848680 291
1848690 291
1848700 291
1848710 291
1848720 291
1848730 291
1848740 291
1848750 291
1848760 290
1848770 290
1848780 290
1848790 290
1848800 290
1848810 290
1848820 290
1848830 290
1848840 290
1848850 290
1848860 290
1848870 290
1848880 290
1848890 290
1848900 290
1848910 290
1848920 290
1848930 290
1848940 290
1848950 290
1848960 290
1848970 290
1848980 290
1848990 290
1849000 290
1849010 290
1849020 290
1849030 290
1849040 290
1849050 290
1849060 290
1849070 290
1849080 290
1849090 291
1849100 291
1849110 291
1849120 291
1849130 291
1849140 291
1849150 291
1849160 291
1849170 291
1849180 292
1849190 292
1849200 292
1849210 293
1849220 293
1849230 293
1849240 293
1849250 294
1849260 294
1849270 294
1849280 294
1849290 295
1849300 295
1849310 295
1849320 296
1849330 296
1849340 296
1849350 297
1849360 297
1849370 297
1849380 298
1849390 298
1849400 299
1849410 299
1849420 299
1849430 299
1849440 299
1849450 299
1849460 299
1849470 300
1849480 300
1849490 300
1849500 300
1849510 300
1849520 300
1849530 300
1849540 300
1849550 300
1849560 300
1849570 300
1849580 301
1849590 301
1849600 301
1849610 301
1849620 301
1849630 301
1849640 301
1849650 301
1849660 301
1849670 301
1849680 301
1849690 301
1849700 301
1849710 301
1849720 301
1849730 301
1849740 301
1849750 301
1849760 301
1849770 301
1849780 301
1849790 301
1849800 301
1849810 301
1849820 301
1849830 301
1849840 301
1849850 301
1849860 301
1849870 300
1849880 300
1849890 300
1849900 299
1849910 299
1849920 299
1849930 299
1849940 299
1849950 299
1849960 299
1849970 299
1849980 299
1849990 299
1850000 299
1850010 299
1850020 298
1850030 298
1850040 298
1850050 298
1850060 297
1850070 297
1850080 297
1850090 296
1850100 296
1850110 296
1850120 295
1850130 295
1850140 295
1850150 295
1850160 295
1850170 294
1850180 294
1850190 294
1850200 294
1850210 294
1850220 294
1850230 293
1850240 293
1850250 293
1850260 293
1850270 292
1850280 292
1850290 292
1850300 292
1850310 292
1850320 291
1850330 291
1850340 291
1850350 291
1850360 291
1850370 291
1850380 290
1850390 290
1850400 290
1850410 290
1850420 290
1850430 290
1850440 290
1850450 290
1850460 290
1850470 290
1850480 289
1850490 290
1850500 290
1850510 290
1850520 290
1850530 290
1850540 291
1850550 291
1850560 291
1850570 291
1850580 292
1850590 292
1850600 292
1850610 292
1850620 292
1850630 292
1850640 292
1850650 292
1850660 292
1850670 292
1850680 292
1850690 292
1850700 292
1850710 292
1850720 292
1850730 292
1850740 292
1850750 292
1850760 292
1850770 292
1850780 292
1850790 292
1850800 292
1850810 292
1850820 292
1850830 292
1850840 292
1850850 292
1850860 292
1850870 292
1850880 291
1850890 291
1850900 291
1850910 291
1850920 291
1850930 291
1850940 291
1850950 291
1850960 291
1850970 291
1850980 291
1850990 291
1851000 291
1851010 290
1851020 290
1851030 291
1851040 291
1851050 291
1851060 290
1851070 290
1851080 290
1851090 290
1851100 290
1851110 290
1851120 290
1851130 290
1851140 290
1851150 290
1851160 290
1851170 290
1851180 290
1851190 290
1851200 290
1851210 290
1851220 289
1851230 289
1851240 289
1851250 289
1851260 289
1851270 289
1851280 289
1851290 289
1851300 289
1851310 288
1851320 288
1851330 288
1851340 288
1851350 288
1851360 288
1851370 288
1851380 287
1851390 287
1851400 287
1851410 287
1851420 287
1851430 287
1851440 286
1851450 286
1851460 286
1851470 286
1851480 286
1851490 286
1851500 286
1851510 286
1851520 286
1851530 285
1851540 285
1851550 285
1851560 285
1851570 285
1851580 285
1851590 285
1851600 284
1851610 284
1851620 284
1851630 284
1851640 284
1851650 284
1851660 284
1851670 284
1851680 283
1851690 283
1851700 283
1851710 283
1851720 283
1851730 283
1851740 283
1851750 283
1851760 283
1851770 282
1851780 282
1851790 282
1851800 282
1851810 282
1851820 282
1851830 282
1851840 282
1851850 282
1851860 281
1851870 281
1851880 281
1851890 281
1851900 280
1851910 280
1851920 280
1851930 279
1851940 279
1851950 279
1851960 279
1851970 278
1851980 278
1851990 278
1852000 278
1852010 278
1852020 277
1852030 277
1852040 277
1852050 276
1852060 276
1852070 276
1852080 275
1852090 275
1852100 275
1852110 274
1852120 274
1852130 274
1852140 273
1852150 273
1852160 273
1852170 272
1852180 272
1852190 272
1852200 271
1852210 270
1852220 270
1852230 269
1852240 269
1852250 268
1852260 268
1852270 267
1852280 266
1852290 266
1852300 266
1852310 265
1852320 265
1852330 264
1852340 264
1852350 264
1852360 263
1852370 262
1852380 262
1852390 262
1852400 261
1852410 261
1852420 260
1852430 260
1852440 260
1852450 259
1852460 258
1852470 258
1852480 257
1852490 257
1852500 257
1852510 256
1852520 255
1852530 255
1852540 255
1852550 254
1852560 254
1852570 253
1852580 253
1852590 253
1852600 253
1852610 253
1852620 253
1852630 253
1852640 253
1852650 253
1852660 253
1852670 253
1852680 253
1852690 253
1852700 253
1852710 253
1852720 253
1852730 253
1852740 253
1852750 253
1852760 253
1852770 254
1852780 254
1852790 254
1852800 254
1852810 254
1852820 254
1852830 255
1852840 255
1852850 254
1852860 254
1852870 254
1852880 254
1852890 253
1852900 253
1852910 253
1852920 253
1852930 253
1852940 252
1852950 252
1852960 252
1852970 252
1852980 251
1852990 251
1853000 251
1853010 251
1853020 251
1853030 251
1853040 251
1853050 250
1853060 250
1853070 250
1853080 250
1853090 250
1853100 250
1853110 249
1853120 249
1853130 249
1853140 249
1853150 249
1853160 249
1853170 249
1853180 249
1853190 248
1853200 248
1853210 248
1853220 248
1853230 248
1853240 248
1853250 248
1853260 248
1853270 248
1853280 248
1853290 248
1853300 248
1853310 247
1853320 247
1853330 247
1853340 247
1853350 247
1853360 247
1853370 247
1853380 247
1853390 247
1853400 247
1853410 247
1853420 247
1853430 247
1853440 247
1853450 246
1853460 246
1853470 246
1853480 246
1853490 246
1853500 246
1853510 246
1853520 246
1853530 246
1853540 246
1853550 246
1853560 246
1853570 246
1853580 246
1853590 246
1853600 246
1853610 246
1853620 247
1853630 247
1853640 247
1853650 247
1853660 247
1853670 247
1853680 248
1853690 248
1853700 248
1853710 248
1853720 248
1853730 248
1853740 248
1853750 249
1853760 249
1853770 249
1853780 249
1853790 249
1853800 249
1853810 249
1853820 249
1853830 249
1853840 249
1853850 248
1853860 248
1853870 248
1853880 248
1853890 248
1853900 249
1853910 249
1853920 249
1853930 249
1853940 249
1853950 249
1853960 249
1853970 249
1853980 249
1853990 250
1854000 250
1854010 250
1854020 250
1854030 251
1854040 251
1854050 251
1854060 251
1854070 251
1854080 251
1854090 251
1854100 252
1854110 252
1854120 252
1854130 252
1854140 252
1854150 252
1854160 253
1854170 253
1854180 253
1854190 253
1854200 253
1854210 253
1854220 254
1854230 254
1854240 254
1854250 255
1854260 255
1854270 256
1854280 256
1854290 256
1854300 257
1854310 257
1854320 257
1854330 258
1854340 258
1854350 258
1854360 258
1854370 259
1854380 259
1854390 259
1854400 259
1854410 259
1854420 259
1854430 259
1854440 259
1854450 259
1854460 259
1854470 260
1854480 260
1854490 260
1854500 260
1854510 260
1854520 260
1854530 260
1854540 260
1854550 260
1854560 260
1854570 260
1854580 260
1854590 260
1854600 260
1854610 260
1854620 260
1854630 260
1854640 260
1854650 260
1854660 260
1854670 260
1854680 260
1854690 260
1854700 260
1854710 260
1854720 260
1854730 260
1854740 260
1854750 260
1854760 260
1854770 260
1854780 260
1854790 259
1854800 259
1854810 259
1854820 259
1854830 259
1854840 259
1854850 259
1854860 259
1854870 259
1854880 259
1854890 258
1854900 258
1854910 258
1854920 258
1854930 258
1854940 258
1854950 258
1854960 258
1854970 258
1854980 258
1854990 257
1855000 257
1855010 257
1855020 257
1855030 257
1855040 257
1855050 257
1855060 257
1855070 257
1855080 257
1855090 257
1855100 257
1855110 257
1855120 257
1855130 257
1855140 256
1855150 256
1855160 256
1855170 256
1855180 256
1855190 255
1855200 255
1855210 255
1855220 254
1855230 254
1855240 254
1855250 254
1855260 253
1855270 252
1855280 252
1855290 251
1855300 250
1855310 250
1855320 250
1855330 250
1855340 250
1855350 250
1855360 252
1855370 252
1855380 251
1855390 246
1855400 246
1855410 244
1855420 243
1855430 243
1855440 245
1855450 248
1855460 248
1855470 250
1855480 253
1855490 253
1855500 254
1855510 255
1855520 255
1855530 255
1855540 256
1855550 256
1855560 256
1855570 257
1855580 257
1855590 257
1855600 257
1855610 258
1855620 258
1855630 258
1855640 259
1855650 259
1855660 260
1855670 260
1855680 260
1855690 260
1855700 261
1855710 261
1855720 261
1855730 261
1855740 261
1855750 261
1855760 261
1855770 261
1855780 261
1855790 261
1855800 261
1855810 261
1855820 261
1855830 261
1855840 261
1855850 261
1855860 261
1855870 261
1855880 262
1855890 262
1855900 262
1855910 262
1855920 262
1855930 262
1855940 263
1855950 263
1855960 263
1855970 263
1855980 263
1855990 263
1856000 264
1856010 264
1856020 264
1856030 264
1856040 264
1856050 264
1856060 264
1856070 264
1856080 264
1856090 264
1856100 264
1856110 264
1856120 265
1856130 265
1856140 265
1856150 265
1856160 265
1856170 265
1856180 265
1856190 265
1856200 265
1856210 264
1856220 264
1856230 264
1856240 264
1856250 263
1856260 263
1856270 263
1856280 263
1856290 263
1856300 263
1856310 263
1856320 263
1856330 263
1856340 263
1856350 263
1856360 263
1856370 263
1856380 263
1856390 263
1856400 263
1856410 263
1856420 263
1856430 263
1856440 263
1856450 263
1856460 263
1856470 263
1856480 263
1856490 263
1856500 263
1856510 263
1856520 263
1856530 263
1856540 263
1856550 264
1856560 264
1856570 264
1856580 265
1856590 266
1856600 266
1856610 266
1856620 266
1856630 266
1856640 266
1856650 266
1856660 266
1856670 266
1856680 265
1856690 265
1856700 265
1856710 265
1856720 265
1856730 265
1856740 265
1856750 264
1856760 264
1856770 264
1856780 264
1856790 264
1856800 264
1856810 264
1856820 264
1856830 263
1856840 263
1856850 263
1856860 263
1856870 262
1856880 262
1856890 262
1856900 262
1856910 262
1856920 261
1856930 261
1856940 261
1856950 261
1856960 261
1856970 261
1856980 260
1856990 260
1857000 260
1857010 260
1857020 260
1857030 260
1857040 260
1857050 260
1857060 260
1857070 260
1857080 260
1857090 260
1857100 260
1857110 260
1857120 260
1857130 260
1857140 259
1857150 258
1857160 258
1857170 257
1857180 257
1857190 257
1857200 256
1857210 256
1857220 256
1857230 255
1857240 255
1857250 255
1857260 255
1857270 254
1857280 254
1857290 254
1857300 254
1857310 254
1857320 254
1857330 254
1857340 254
1857350 254
1857360 254
1857370 254
1857380 254
1857390 254
1857400 254
1857410 254
1857420 254
1857430 254
1857440 254
1857450 254
1857460 254
1857470 254
1857480 254
1857490 254
1857500 254
1857510 254
1857520 254
1857530 254
1857540 254
1857550 254
1857560 254
1857570 254
1857580 255
1857590 255
1857600 255
1857610 255
1857620 255
1857630 255
1857640 255
1857650 255
1857660 255
1857670 255
1857680 255
1857690 255
1857700 255
1857710 255
1857720 256
1857730 256
1857740 256
1857750 256
1857760 256
1857770 256
1857780 256
1857790 257
1857800 257
1857810 257
1857820 257
1857830 257
1857840 257
1857850 256
1857860 256
1857870 256
1857880 256
1857890 256
1857900 256
1857910 256
1857920 256
1857930 256
1857940 256
1857950 256
1857960 256
1857970 256
1857980 256
1857990 256
1858000 255
1858010 256
1858020 256
1858030 255
1858040 255
1858050 255
1858060 255
1858070 255
1858080 255
1858090 255
1858100 255
1858110 255
1858120 255
1858130 255
1858140 255
1858150 255
1858160 255
1858170 255
1858180 255
1858190 255
1858200 255
1858210 255
1858220 255
1858230 255
1858240 255
1858250 254
1858260 254
1858270 254
1858280 254
1858290 254
1858300 254
1858310 254
1858320 254
1858330 254
1858340 254
1858350 253
1858360 253
1858370 253
1858380 253
1858390 253
1858400 253
1858410 253
1858420 253
1858430 253
1858440 252
1858450 252
1858460 252
1858470 252
1858480 252
1858490 252
1858500 252
1858510 252
1858520 252
1858530 252
1858540 252
1858550 252
1858560 252
1858570 252
1858580 252
1858590 252
1858600 252
1858610 252
1858620 252
1858630 252
1858640 252
1858650 252
1858660 252
1858670 252
1858680 252
1858690 251
1858700 251
1858710 251
1858720 251
1858730 251
1858740 251
1858750 251
1858760 251
1858770 251
1858780 250
1858790 250
1858800 250
1858810 250
1858820 250
1858830 250
1858840 249
1858850 249
1858860 249
1858870 249
1858880 249
1858890 249
1858900 249
1858910 249
1858920 248
1858930 248
1858940 248
1858950 248
1858960 248
1858970 247
1858980 247
1858990 247
1859000 247
1859010 247
1859020 247
1859030 247
1859040 247
1859050 246
1859060 246
1859070 246
1859080 246
1859090 246
1859100 246
1859110 246
1859120 246
1859130 246
1859140 245
1859150 245
1859160 245
1859170 245
1859180 245
1859190 245
1859200 245
1859210 245
1859220 245
1859230 245
1859240 245
1859250 245
1859260 246
1859270 246
1859280 246
1859290 246
1859300 246
1859310 246
1859320 246
1859330 246
1859340 246
1859350 246
1859360 246
1859370 246
1859380 246
1859390 247
1859400 247
1859410 246
1859420 246
1859430 246
1859440 246
1859450 246
1859460 246
1859470 246
1859480 245
1859490 245
1859500 245
1859510 245
1859520 245
1859530 245
1859540 245
1859550 245
1859560 245
1859570 245
1859580 244
1859590 244
1859600 244
1859610 244
1859620 244
1859630 244
1859640 244
1859650 244
1859660 243
1859670 243
1859680 243
1859690 243
1859700 243
1859710 243
1859720 243
1859730 242
1859740 242
1859750 242
1859760 242
1859770 242
1859780 242
1859790 241
1859800 241
1859810 241
1859820 241
1859830 242
1859840 242
1859850 242
1859860 242
1859870 242
1859880 243
1859890 243
1859900 243
1859910 243
1859920 244
1859930 244
1859940 244
1859950 245
1859960 245
1859970 245
1859980 246
1859990 246
