1840000 270
1840010 270
1840020 270
1840030 270
1840040 270
1840050 270
1840060 270
1840070 270
1840080 270
1840090 270
1840100 270
1840110 270
1840120 270
1840130 270
1840140 269
1840150 269
1840160 269
1840170 269
1840180 269
1840190 269
1840200 268
1840210 268
1840220 268
1840230 268
1840240 268
1840250 268
1840260 268
1840270 267
1840280 267
1840290 267
1840300 267
1840310 267
1840320 267
1840330 267
1840340 267
1840350 267
1840360 267
1840370 266
1840380 266
1840390 266
1840400 266
1840410 266
1840420 266
1840430 265
1840440 265
1840450 265
1840460 265
1840470 265
1840480 265
1840490 264
1840500 264
1840510 264
1840520 264
1840530 264
1840540 264
1840550 263
1840560 263
1840570 263
1840580 262
1840590 262
1840600 262
1840610 261
1840620 261
1840630 260
1840640 260
1840650 260
1840660 259
1840670 258
1840680 258
1840690 258
1840700 258
1840710 258
1840720 258
1840730 256
1840740 256
1840750 256
1840760 256
1840770 255
1840780 255
1840790 255
1840800 255
1840810 255
1840820 255
1840830 255
1840840 255
1840850 255
1840860 256
1840870 256
1840880 256
1840890 257
1840900 257
1840910 258
1840920 258
1840930 258
1840940 259
1840950 259
1840960 259
1840970 259
1840980 258
1840990 258
1841000 258
1841010 258
1841020 258
1841030 258
1841040 258
1841050 258
1841060 258
1841070 258
1841080 258
1841090 257
1841100 257
1841110 257
1841120 257
1841130 257
1841140 257
1841150 257
1841160 257
1841170 257
1841180 257
1841190 257
1841200 256
1841210 256
1841220 256
1841230 256
1841240 256
1841250 256
1841260 256
1841270 256
1841280 256
1841290 256
1841300 256
1841310 256
1841320 255
1841330 255
1841340 255
1841350 255
1841360 255
1841370 255
1841380 255
1841390 255
1841400 255
1841410 255
1841420 255
1841430 255
1841440 254
1841450 254
1841460 254
1841470 254
1841480 254
1841490 254
1841500 254
1841510 254
1841520 254
1841530 253
1841540 253
1841550 253
1841560 253
1841570 253
1841580 253
1841590 253
1841600 253
1841610 253
1841620 252
1841630 252
1841640 252
1841650 252
1841660 252
1841670 252
1841680 252
1841690 252
1841700 252
1841710 252
1841720 252
1841730 252
1841740 252
1841750 252
1841760 252
1841770 252
1841780 252
1841790 252
1841800 252
1841810 252
1841820 252
1841830 252
1841840 252
1841850 252
1841860 252
1841870 252
1841880 252
1841890 252
1841900 251
1841910 251
1841920 251
1841930 251
1841940 250
1841950 250
1841960 250
1841970 250
1841980 250
1841990 249
1842000 249
1842010 249
1842020 248
1842030 248
1842040 248
1842050 247
1842060 247
1842070 247
1842080 246
1842090 246
1842100 246
1842110 245
1842120 244
1842130 244
1842140 244
1842150 243
1842160 243
1842170 243
1842180 242
1842190 242
1842200 242
1842210 241
1842220 241
1842230 241
1842240 240
1842250 240
1842260 240
1842270 240
1842280 239
1842290 239
1842300 239
1842310 239
1842320 239
1842330 239
1842340 238
1842350 238
1842360 238
1842370 238
1842380 238
1842390 238
1842400 238
1842410 238
1842420 238
1842430 237
1842440 237
1842450 238
1842460 238
1842470 238
1842480 238
1842490 238
1842500 238
1842510 238
1842520 238
1842530 238
1842540 238
1842550 239
1842560 239
1842570 239
1842580 239
1842590 239
1842600 239
1842610 240
1842620 240
1842630 240
1842640 241
1842650 241
1842660 241
1842670 242
1842680 242
1842690 242
1842700 242
1842710 243
1842720 243
1842730 243
1842740 244
1842750 244
1842760 245
1842770 246
1842780 246
1842790 246
1842800 247
1842810 247
1842820 247
1842830 247
1842840 247
1842850 248
1842860 248
1842870 248
1842880 249
1842890 249
1842900 249
1842910 249
1842920 249
1842930 249
1842940 249
1842950 249
1842960 249
1842970 249
1842980 249
1842990 248
1843000 248
1843010 248
1843020 249
1843030 249
1843040 250
1843050 250
1843060 250
1843070 250
1843080 250
1843090 250
1843100 251
1843110 251
1843120 251
1843130 252
1843140 252
1843150 252
1843160 253
1843170 253
1843180 253
1843190 253
1843200 254
1843210 254
1843220 255
1843230 255
1843240 255
1843250 256
1843260 256
1843270 256
1843280 257
1843290 258
1843300 258
1843310 258
1843320 259
1843330 259
1843340 259
1843350 260
1843360 261
1843370 261
1843380 261
1843390 262
1843400 262
1843410 262
1843420 262
1843430 262
1843440 263
1843450 263
1843460 263
1843470 263
1843480 264
1843490 264
1843500 264
1843510 264
1843520 264
1843530 265
1843540 265
1843550 265
1843560 265
1843570 265
1843580 265
1843590 265
1843600 265
1843610 265
1843620 265
1843630 264
1843640 264
1843650 264
1843660 264
1843670 264
1843680 265
1843690 265
1843700 265
1843710 265
1843720 265
1843730 265
1843740 265
1843750 265
1843760 266
1843770 266
1843780 266
1843790 266
1843800 266
1843810 266
1843820 267
1843830 267
1843840 267
1843850 267
1843860 267
1843870 268
1843880 268
1843890 268
1843900 269
1843910 269
1843920 269
1843930 269
1843940 269
1843950 269
1843960 270
1843970 270
1843980 270
1843990 271
1844000 271
1844010 271
1844020 271
1844030 272
1844040 272
1844050 272
1844060 273
1844070 273
1844080 273
1844090 273
1844100 273
1844110 274
1844120 274
1844130 274
1844140 274
1844150 275
1844160 275
1844170 275
1844180 275
1844190 276
1844200 276
1844210 276
1844220 276
1844230 276
1844240 277
1844250 277
1844260 277
1844270 277
1844280 277
1844290 277
1844300 278
1844310 278
1844320 278
1844330 278
1844340 279
1844350 279
1844360 279
1844370 279
1844380 279
1844390 279
1844400 279
1844410 279
1844420 279
1844430 279
1844440 279
1844450 279
1844460 279
1844470 279
1844480 279
1844490 279
1844500 279
1844510 279
1844520 279
1844530 279
1844540 279
1844550 279
1844560 279
1844570 279
1844580 279
1844590 279
1844600 279
1844610 279
1844620 279
1844630 279
1844640 279
1844650 279
1844660 279
1844670 279
1844680 279
1844690 279
1844700 279
1844710 279
1844720 279
1844730 279
1844740 279
1844750 279
1844760 279
1844770 279
1844780 279
1844790 279
1844800 279
1844810 279
1844820 279
1844830 278
1844840 278
1844850 278
1844860 278
1844870 278
1844880 278
1844890 278
1844900 278
1844910 278
1844920 278
1844930 278
1844940 278
1844950 278
1844960 278
1844970 278
1844980 278
1844990 278
1845000 278
1845010 278
1845020 278
1845030 278
1845040 278
1845050 278
1845060 278
1845070 278
1845080 278
1845090 278
1845100 278
1845110 278
1845120 278
1845130 278
1845140 278
1845150 278
1845160 278
1845170 277
1845180 277
1845190 277
1845200 277
1845210 277
1845220 277
1845230 277
1845240 277
1845250 277
1845260 277
1845270 277
1845280 277
1845290 277
1845300 277
1845310 277
1845320 277
1845330 277
1845340 277
1845350 277
1845360 277
1845370 277
1845380 277
1845390 277
1845400 277
1845410 277
1845420 277
1845430 277
1845440 277
1845450 277
1845460 277
1845470 277
1845480 277
1845490 277
1845500 277
1845510 277
1845520 277
1845530 277
1845540 277
1845550 277
1845560 276
1845570 276
1845580 276
1845590 276
1845600 276
1845610 276
1845620 276
1845630 276
1845640 276
1845650 276
1845660 276
1845670 276
1845680 276
1845690 276
1845700 276
1845710 276
1845720 276
1845730 276
1845740 276
1845750 276
1845760 276
1845770 276
1845780 276
1845790 276
1845800 276
1845810 276
1845820 276
1845830 276
1845840 276
1845850 276
1845860 276
1845870 276
1845880 276
1845890 276
1845900 276
1845910 276
1845920 276
1845930 276
1845940 276
1845950 276
1845960 276
1845970 276
1845980 276
1845990 276
1846000 276
1846010 276
1846020 276
1846030 276
1846040 276
1846050 276
1846060 276
1846070 276
1846080 277
1846090 277
1846100 277
1846110 277
1846120 277
1846130 277
1846140 277
1846150 276
1846160 277
1846170 277
1846180 277
1846190 276
1846200 276
1846210 276
1846220 276
1846230 276
1846240 276
1846250 276
1846260 276
1846270 276
1846280 276
1846290 276
1846300 276
1846310 276
1846320 276
1846330 276
1846340 276
1846350 276
1846360 275
1846370 275
1846380 275
1846390 275
1846400 275
1846410 275
1846420 275
1846430 275
1846440 275
1846450 275
1846460 274
1846470 274
1846480 274
1846490 274
1846500 274
1846510 274
1846520 274
1846530 274
1846540 274
1846550 274
1846560 274
1846570 274
1846580 274
1846590 274
1846600 274
1846610 274
1846620 274
1846630 274
1846640 274
1846650 274
1846660 274
1846670 274
1846680 274
1846690 274
1846700 275
1846710 274
1846720 274
1846730 274
1846740 275
1846750 275
1846760 275
1846770 275
1846780 275
1846790 275
1846800 275
1846810 275
1846820 275
1846830 275
1846840 275
1846850 275
1846860 275
1846870 275
1846880 275
1846890 275
1846900 275
1846910 275
1846920 275
1846930 275
1846940 275
1846950 275
1846960 275
1846970 275
1846980 275
1846990 275
1847000 275
1847010 275
1847020 275
1847030 275
1847040 275
1847050 275
1847060 275
1847070 275
1847080 274
1847090 274
1847100 274
1847110 274
1847120 274
1847130 274
1847140 274
1847150 274
1847160 274
1847170 274
1847180 274
1847190 274
1847200 274
1847210 274
1847220 274
1847230 274
1847240 274
1847250 274
1847260 273
1847270 273
1847280 273
1847290 273
1847300 273
1847310 273
1847320 273
1847330 272
1847340 272
1847350 272
1847360 272
1847370 272
1847380 272
1847390 272
1847400 272
1847410 271
1847420 271
1847430 271
1847440 271
1847450 271
1847460 271
1847470 271
1847480 270
1847490 270
1847500 270
1847510 270
1847520 270
1847530 270
1847540 270
1847550 269
1847560 269
1847570 269
1847580 269
1847590 269
1847600 268
1847610 268
1847620 268
1847630 268
1847640 268
1847650 268
1847660 267
1847670 267
1847680 267
1847690 267
1847700 266
1847710 266
1847720 266
1847730 266
1847740 266
1847750 266
1847760 265
1847770 265
1847780 265
1847790 265
1847800 265
1847810 264
1847820 264
1847830 264
1847840 264
1847850 263
1847860 263
1847870 263
1847880 263
1847890 263
1847900 262
1847910 262
1847920 262
1847930 261
1847940 261
1847950 260
1847960 260
1847970 260
1847980 259
1847990 259
1848000 259
1848010 258
1848020 258
1848030 258
1848040 257
1848050 257
1848060 257
1848070 256
1848080 256
1848090 256
1848100 255
1848110 255
1848120 255
1848130 254
1848140 254
1848150 254
1848160 254
1848170 254
1848180 253
1848190 253
1848200 253
1848210 252
1848220 252
1848230 252
1848240 253
1848250 253
1848260 253
1848270 254
1848280 254
1848290 254
1848300 254
1848310 254
1848320 254
1848330 254
1848340 255
1848350 255
1848360 255
1848370 255
1848380 256
1848390 256
1848400 256
1848410 256
1848420 256
1848430 257
1848440 257
1848450 257
1848460 257
1848470 257
1848480 257
1848490 257
1848500 257
1848510 257
1848520 257
1848530 258
1848540 258
1848550 258
1848560 258
1848570 258
1848580 258
1848590 258
1848600 258
1848610 258
1848620 258
1848630 258
1848640 258
1848650 258
1848660 258
1848670 258
1848680 258
1848690 258
1848700 258
1848710 258
1848720 258
1848730 258
1848740 258
1848750 258
1848760 258
1848770 258
1848780 258
1848790 258
1848800 258
1848810 259
1848820 259
1848830 259
1848840 259
1848850 259
1848860 259
1848870 259
1848880 259
1848890 259
1848900 260
1848910 260
1848920 260
1848930 260
1848940 260
1848950 261
1848960 261
1848970 261
1848980 261
1848990 261
1849000 261
1849010 261
1849020 262
1849030 262
1849040 262
1849050 262
1849060 262
1849070 262
1849080 262
1849090 262
1849100 262
1849110 263
1849120 263
1849130 263
1849140 263
1849150 263
1849160 263
1849170 264
1849180 264
1849190 264
1849200 264
1849210 264
1849220 264
1849230 265
1849240 265
1849250 265
1849260 265
1849270 266
1849280 266
1849290 266
1849300 266
1849310 266
1849320 266
1849330 266
1849340 266
1849350 266
1849360 266
1849370 266
1849380 266
1849390 266
1849400 266
1849410 266
1849420 266
1849430 266
1849440 266
1849450 266
1849460 266
1849470 266
1849480 266
1849490 266
1849500 266
1849510 266
1849520 266
1849530 266
1849540 266
1849550 266
1849560 266
1849570 266
1849580 265
1849590 265
1849600 265
1849610 265
1849620 265
1849630 265
1849640 265
1849650 265
1849660 264
1849670 264
1849680 264
1849690 264
1849700 264
1849710 264
1849720 264
1849730 263
1849740 263
1849750 263
1849760 263
1849770 263
1849780 262
1849790 262
1849800 262
1849810 261
1849820 261
1849830 261
1849840 261
1849850 260
1849860 260
1849870 260
1849880 259
1849890 259
1849900 259
1849910 258
1849920 258
1849930 258
1849940 257
1849950 256
1849960 256
1849970 255
1849980 255
1849990 255
1850000 255
1850010 255
1850020 255
1850030 255
1850040 255
1850050 255
1850060 255
1850070 255
1850080 255
1850090 255
1850100 255
1850110 255
1850120 256
1850130 256
1850140 256
1850150 257
1850160 257
1850170 257
1850180 258
1850190 259
1850200 259
1850210 259
1850220 259
1850230 260
1850240 260
1850250 260
1850260 260
1850270 260
1850280 260
1850290 261
1850300 261
1850310 261
1850320 261
1850330 261
1850340 262
1850350 262
1850360 262
1850370 262
1850380 262
1850390 262
1850400 262
1850410 262
1850420 262
1850430 262
1850440 262
1850450 262
1850460 262
1850470 262
1850480 262
1850490 262
1850500 262
1850510 262
1850520 262
1850530 262
1850540 262
1850550 262
1850560 262
1850570 262
1850580 262
1850590 262
1850600 262
1850610 262
1850620 262
1850630 262
1850640 262
1850650 262
1850660 262
1850670 262
1850680 261
1850690 261
1850700 261
1850710 261
1850720 261
1850730 261
1850740 260
1850750 260
1850760 260
1850770 260
1850780 259
1850790 259
1850800 259
1850810 258
1850820 258
1850830 258
1850840 258
1850850 258
1850860 258
1850870 258
1850880 258
1850890 259
1850900 259
1850910 259
1850920 260
1850930 260
1850940 260
1850950 261
1850960 261
1850970 261
1850980 262
1850990 262
1851000 263
1851010 263
1851020 263
1851030 263
1851040 263
1851050 263
1851060 263
1851070 263
1851080 263
1851090 263
1851100 263
1851110 263
1851120 263
1851130 263
1851140 263
1851150 264
1851160 264
1851170 264
1851180 264
1851190 264
1851200 264
1851210 264
1851220 264
1851230 264
1851240 264
1851250 264
1851260 264
1851270 264
1851280 264
1851290 264
1851300 264
1851310 264
1851320 264
1851330 264
1851340 264
1851350 264
1851360 264
1851370 264
1851380 264
1851390 264
1851400 264
1851410 264
1851420 263
1851430 263
1851440 263
1851450 263
1851460 263
1851470 263
1851480 263
1851490 263
1851500 263
1851510 262
1851520 262
1851530 262
1851540 262
1851550 261
1851560 261
1851570 261
1851580 261
1851590 261
1851600 260
1851610 260
1851620 260
1851630 259
1851640 259
1851650 259
1851660 258
1851670 258
1851680 258
1851690 257
1851700 257
1851710 257
1851720 257
1851730 257
1851740 257
1851750 257
1851760 257
1851770 257
1851780 257
1851790 257
1851800 258
1851810 258
1851820 258
1851830 258
1851840 258
1851850 259
1851860 259
1851870 259
1851880 260
1851890 260
1851900 260
1851910 260
1851920 260
1851930 260
1851940 261
1851950 261
1851960 261
1851970 261
1851980 262
1851990 262
1852000 262
1852010 262
1852020 262
1852030 262
1852040 262
1852050 263
1852060 263
1852070 263
1852080 263
1852090 263
1852100 263
1852110 263
1852120 263
1852130 264
1852140 264
1852150 264
1852160 264
1852170 264
1852180 264
1852190 264
1852200 264
1852210 264
1852220 264
1852230 264
1852240 264
1852250 264
1852260 264
1852270 264
1852280 263
1852290 263
1852300 263
1852310 263
1852320 263
1852330 263
1852340 263
1852350 263
1852360 263
1852370 263
1852380 263
1852390 263
1852400 264
1852410 264
1852420 264
1852430 264
1852440 264
1852450 264
1852460 264
1852470 264
1852480 264
1852490 264
1852500 264
1852510 264
1852520 264
1852530 264
1852540 264
1852550 264
1852560 263
1852570 263
1852580 263
1852590 263
1852600 263
1852610 263
1852620 263
1852630 263
1852640 263
1852650 263
1852660 263
1852670 263
1852680 263
1852690 263
1852700 263
1852710 262
1852720 262
1852730 262
1852740 262
1852750 262
1852760 262
1852770 262
1852780 262
1852790 262
1852800 262
1852810 262
1852820 262
1852830 262
1852840 262
1852850 262
1852860 262
1852870 261
1852880 261
1852890 261
1852900 261
1852910 261
1852920 261
1852930 261
1852940 261
1852950 261
1852960 261
1852970 261
1852980 261
1852990 261
1853000 261
1853010 261
1853020 260
1853030 260
1853040 260
1853050 260
1853060 260
1853070 260
1853080 259
1853090 259
1853100 259
1853110 259
1853120 259
1853130 259
1853140 258
1853150 258
1853160 258
1853170 257
1853180 257
1853190 257
1853200 257
1853210 256
1853220 256
1853230 256
1853240 255
1853250 255
1853260 255
1853270 254
1853280 254
1853290 254
1853300 253
1853310 253
1853320 253
1853330 252
1853340 251
1853350 251
1853360 251
1853370 250
1853380 250
1853390 250
1853400 249
1853410 249
1853420 248
1853430 248
1853440 247
1853450 247
1853460 246
1853470 246
1853480 245
1853490 245
1853500 245
1853510 244
1853520 244
1853530 244
1853540 243
1853550 243
1853560 243
1853570 243
1853580 242
1853590 242
1853600 242
1853610 242
1853620 242
1853630 242
1853640 242
1853650 243
1853660 243
1853670 243
1853680 243
1853690 243
1853700 243
1853710 243
1853720 243
1853730 244
1853740 244
1853750 244
1853760 245
1853770 245
1853780 245
1853790 246
1853800 247
1853810 247
1853820 248
1853830 248
1853840 248
1853850 249
1853860 249
1853870 249
1853880 250
1853890 250
1853900 250
1853910 251
1853920 251
1853930 251
1853940 252
1853950 252
1853960 252
1853970 252
1853980 253
1853990 253
1854000 253
1854010 253
1854020 253
1854030 253
1854040 253
1854050 254
1854060 254
1854070 254
1854080 254
1854090 254
1854100 254
1854110 254
1854120 254
1854130 255
1854140 255
1854150 255
1854160 255
1854170 255
1854180 255
1854190 255
1854200 255
1854210 255
1854220 255
1854230 255
1854240 255
1854250 255
1854260 255
1854270 255
1854280 254
1854290 254
1854300 254
1854310 254
1854320 254
1854330 254
1854340 254
1854350 254
1854360 254
1854370 254
1854380 254
1854390 254
1854400 254
1854410 254
1854420 254
1854430 254
1854440 253
1854450 253
1854460 253
1854470 253
1854480 253
1854490 253
1854500 253
1854510 253
1854520 253
1854530 253
1854540 253
1854550 253
1854560 253
1854570 253
1854580 253
1854590 252
1854600 252
1854610 252
1854620 252
1854630 252
1854640 252
1854650 252
1854660 252
1854670 252
1854680 252
1854690 252
1854700 252
1854710 252
1854720 252
1854730 252
1854740 251
1854750 251
1854760 251
1854770 251
1854780 251
1854790 251
1854800 250
1854810 250
1854820 250
1854830 250
1854840 250
1854850 250
1854860 250
1854870 250
1854880 249
1854890 249
1854900 249
1854910 249
1854920 249
1854930 249
1854940 249
1854950 249
1854960 249
1854970 248
1854980 248
1854990 248
1855000 247
1855010 247
1855020 247
1855030 247
1855040 247
1855050 246
1855060 246
1855070 246
1855080 246
1855090 245
1855100 245
1855110 245
1855120 244
1855130 244
1855140 244
1855150 244
1855160 244
1855170 243
1855180 243
1855190 242
1855200 242
1855210 242
1855220 241
1855230 241
1855240 241
1855250 240
1855260 240
1855270 240
1855280 239
1855290 239
1855300 239
1855310 238
1855320 238
1855330 237
1855340 237
1855350 237
1855360 236
1855370 236
1855380 236
1855390 235
1855400 235
1855410 235
1855420 234
1855430 234
1855440 234
1855450 233
1855460 233
1855470 233
1855480 232
1855490 232
1855500 232
1855510 231
1855520 231
1855530 231
1855540 230
1855550 230
1855560 230
1855570 229
1855580 229
1855590 228
1855600 228
1855610 228
1855620 227
1855630 227
1855640 227
1855650 226
1855660 226
1855670 226
1855680 226
1855690 226
1855700 226
1855710 226
1855720 226
1855730 226
1855740 226
1855750 226
1855760 226
1855770 226
1855780 226
1855790 226
1855800 226
1855810 226
1855820 226
1855830 227
1855840 227
1855850 227
1855860 228
1855870 228
1855880 228
1855890 229
1855900 229
1855910 230
1855920 230
1855930 230
1855940 231
1855950 231
1855960 232
1855970 232
1855980 232
1855990 233
1856000 233
1856010 233
1856020 233
1856030 233
1856040 234
1856050 234
1856060 234
1856070 234
1856080 235
1856090 235
1856100 235
1856110 235
1856120 235
1856130 235
1856140 235
1856150 235
1856160 236
1856170 236
1856180 236
1856190 236
1856200 236
1856210 236
1856220 236
1856230 236
1856240 236
1856250 237
1856260 237
1856270 237
1856280 237
1856290 237
1856300 237
1856310 237
1856320 237
1856330 237
1856340 237
1856350 237
1856360 237
1856370 237
1856380 237
1856390 237
1856400 237
1856410 237
1856420 237
1856430 237
1856440 237
1856450 237
1856460 237
1856470 237
1856480 238
1856490 238
1856500 238
1856510 238
1856520 238
1856530 238
1856540 238
1856550 238
1856560 238
1856570 238
1856580 238
1856590 238
1856600 238
1856610 238
1856620 238
1856630 238
1856640 238
1856650 238
1856660 238
1856670 238
1856680 238
1856690 238
1856700 238
1856710 238
1856720 238
1856730 238
1856740 238
1856750 238
1856760 237
1856770 237
1856780 237
1856790 237
1856800 237
1856810 237
1856820 237
1856830 237
1856840 237
1856850 237
1856860 237
1856870 237
1856880 236
1856890 236
1856900 236
1856910 236
1856920 236
1856930 236
1856940 236
1856950 236
1856960 236
1856970 235
1856980 235
1856990 235
1857000 235
1857010 235
1857020 235
1857030 234
1857040 234
1857050 234
1857060 234
1857070 234
1857080 233
1857090 233
1857100 233
1857110 233
1857120 233
1857130 232
1857140 232
1857150 232
1857160 232
1857170 232
1857180 232
1857190 232
1857200 232
1857210 232
1857220 231
1857230 231
1857240 231
1857250 231
1857260 231
1857270 232
1857280 232
1857290 232
1857300 232
1857310 232
1857320 232
1857330 232
1857340 232
1857350 232
1857360 232
1857370 232
1857380 232
1857390 232
1857400 231
1857410 231
1857420 231
1857430 231
1857440 231
1857450 231
1857460 231
1857470 231
1857480 231
1857490 231
1857500 231
1857510 231
1857520 231
1857530 231
1857540 231
1857550 231
1857560 230
1857570 230
1857580 230
1857590 230
1857600 230
1857610 230
1857620 229
1857630 229
1857640 229
1857650 229
1857660 229
1857670 228
1857680 228
1857690 228
1857700 227
1857710 227
1857720 227
1857730 226
1857740 226
1857750 226
1857760 225
1857770 225
1857780 225
1857790 224
1857800 224
1857810 224
1857820 223
1857830 223
1857840 223
1857850 222
1857860 223
1857870 223
1857880 223
1857890 223
1857900 223
1857910 223
1857920 224
1857930 224
1857940 224
1857950 224
1857960 225
1857970 225
1857980 225
1857990 225
1858000 225
1858010 225
1858020 226
1858030 226
1858040 226
1858050 226
1858060 226
1858070 226
1858080 226
1858090 226
1858100 227
1858110 227
1858120 227
1858130 227
1858140 227
1858150 227
1858160 227
1858170 227
1858180 227
1858190 227
1858200 227
1858210 227
1858220 227
1858230 226
1858240 226
1858250 226
1858260 226
1858270 226
1858280 226
1858290 225
1858300 225
1858310 225
1858320 225
1858330 224
1858340 224
1858350 224
1858360 224
1858370 224
1858380 224
1858390 225
1858400 225
1858410 225
1858420 225
1858430 225
1858440 226
1858450 226
1858460 226
1858470 226
1858480 227
1858490 227
1858500 227
1858510 227
1858520 227
1858530 227
1858540 227
1858550 227
1858560 227
1858570 227
1858580 227
1858590 227
1858600 227
1858610 228
1858620 228
1858630 227
1858640 227
1858650 227
1858660 227
1858670 227
1858680 227
1858690 227
1858700 227
1858710 227
1858720 227
1858730 227
1858740 227
1858750 227
1858760 226
1858770 226
1858780 226
1858790 226
1858800 226
1858810 226
1858820 226
1858830 226
1858840 226
1858850 225
1858860 225
1858870 225
1858880 225
1858890 225
1858900 225
1858910 225
1858920 225
1858930 225
1858940 225
1858950 225
1858960 225
1858970 225
1858980 225
1858990 225
1859000 225
1859010 225
1859020 225
1859030 225
1859040 225
1859050 225
1859060 225
1859070 225
1859080 225
1859090 225
1859100 225
1859110 225
1859120 224
1859130 224
1859140 224
1859150 224
1859160 224
1859170 224
1859180 224
1859190 224
1859200 224
1859210 224
1859220 223
1859230 223
1859240 223
1859250 223
1859260 223
1859270 222
1859280 222
1859290 222
1859300 222
1859310 222
1859320 222
1859330 221
1859340 221
1859350 221
1859360 221
1859370 220
1859380 220
1859390 220
1859400 220
1859410 219
1859420 219
1859430 219
1859440 219
1859450 219
1859460 219
1859470 219
1859480 219
1859490 219
1859500 219
1859510 219
1859520 219
1859530 219
1859540 219
1859550 219
1859560 220
1859570 220
1859580 220
1859590 220
1859600 220
1859610 221
1859620 221
1859630 221
1859640 221
1859650 221
1859660 221
1859670 221
1859680 221
1859690 221
1859700 221
1859710 221
1859720 221
1859730 221
1859740 221
1859750 221
1859760 221
1859770 221
1859780 221
1859790 221
1859800 221
1859810 220
1859820 220
1859830 220
1859840 220
1859850 220
1859860 220
1859870 220
1859880 220
1859890 220
1859900 220
1859910 220
1859920 220
1859930 219
1859940 219
1859950 219
1859960 219
1859970 219
1859980 219
1859990 219
