1840000 263
1840010 263
1840020 263
1840030 263
1840040 262
1840050 262
1840060 262
1840070 262
1840080 262
1840090 262
1840100 263
1840110 263
1840120 263
1840130 263
1840140 263
1840150 263
1840160 263
1840170 263
1840180 263
1840190 263
1840200 262
1840210 262
1840220 262
1840230 262
1840240 262
1840250 262
1840260 261
1840270 261
1840280 261
1840290 261
1840300 261
1840310 261
1840320 261
1840330 261
1840340 260
1840350 260
1840360 260
1840370 260
1840380 259
1840390 259
1840400 259
1840410 259
1840420 259
1840430 258
1840440 258
1840450 258
1840460 257
1840470 257
1840480 257
1840490 257
1840500 256
1840510 256
1840520 256
1840530 255
1840540 254
1840550 254
1840560 254
1840570 253
1840580 253
1840590 252
1840600 252
1840610 252
1840620 251
1840630 251
1840640 251
1840650 250
1840660 250
1840670 250
1840680 250
1840690 250
1840700 250
1840710 249
1840720 249
1840730 249
1840740 249
1840750 249
1840760 249
1840770 249
1840780 248
1840790 248
1840800 248
1840810 248
1840820 248
1840830 248
1840840 248
1840850 248
1840860 248
1840870 248
1840880 248
1840890 248
1840900 247
1840910 247
1840920 247
1840930 247
1840940 247
1840950 247
1840960 247
1840970 247
1840980 247
1840990 247
1841000 247
1841010 247
1841020 247
1841030 247
1841040 247
1841050 247
1841060 247
1841070 247
1841080 246
1841090 246
1841100 246
1841110 246
1841120 246
1841130 246
1841140 246
1841150 246
1841160 246
1841170 246
1841180 246
1841190 246
1841200 246
1841210 246
1841220 246
1841230 247
1841240 246
1841250 246
1841260 246
1841270 246
1841280 246
1841290 246
1841300 247
1841310 247
1841320 247
1841330 247
1841340 247
1841350 247
1841360 247
1841370 248
1841380 248
1841390 248
1841400 248
1841410 248
1841420 249
1841430 249
1841440 249
1841450 249
1841460 250
1841470 250
1841480 250
1841490 251
1841500 251
1841510 252
1841520 252
1841530 252
1841540 253
1841550 254
1841560 254
1841570 255
1841580 256
1841590 256
1841600 257
1841610 259
1841620 259
1841630 259
1841640 260
1841650 260
1841660 261
1841670 261
1841680 261
1841690 261
1841700 261
1841710 261
1841720 261
1841730 261
1841740 260
1841750 260
1841760 260
1841770 260
1841780 260
1841790 260
1841800 261
1841810 261
1841820 261
1841830 262
1841840 262
1841850 263
1841860 264
1841870 264
1841880 265
1841890 266
1841900 266
1841910 267
1841920 267
1841930 267
1841940 268
1841950 268
1841960 268
1841970 269
1841980 269
1841990 269
1842000 269
1842010 269
1842020 269
1842030 270
1842040 270
1842050 271
1842060 271
1842070 271
1842080 272
1842090 272
1842100 272
1842110 273
1842120 273
1842130 273
1842140 274
1842150 274
1842160 274
1842170 275
1842180 275
1842190 275
1842200 276
1842210 276
1842220 276
1842230 277
1842240 277
1842250 277
1842260 278
1842270 278
1842280 279
1842290 279
1842300 279
1842310 280
1842320 280
1842330 281
1842340 281
1842350 282
1842360 282
1842370 282
1842380 283
1842390 283
1842400 283
1842410 283
1842420 283
1842430 283
1842440 283
1842450 283
1842460 283
1842470 284
1842480 283
1842490 283
1842500 283
1842510 283
1842520 283
1842530 283
1842540 283
1842550 283
1842560 284
1842570 284
1842580 284
1842590 284
1842600 285
1842610 285
1842620 285
1842630 285
1842640 285
1842650 286
1842660 286
1842670 286
1842680 286
1842690 287
1842700 287
1842710 287
1842720 287
1842730 287
1842740 287
1842750 288
1842760 288
1842770 288
1842780 288
1842790 288
1842800 288
1842810 288
1842820 288
1842830 288
1842840 288
1842850 288
1842860 288
1842870 288
1842880 289
1842890 289
1842900 288
1842910 288
1842920 288
1842930 288
1842940 288
1842950 288
1842960 288
1842970 288
1842980 288
1842990 288
1843000 288
1843010 288
1843020 288
1843030 288
1843040 288
1843050 288
1843060 287
1843070 287
1843080 287
1843090 286
1843100 286
1843110 286
1843120 285
1843130 285
1843140 285
1843150 284
1843160 284
1843170 283
1843180 283
1843190 283
1843200 282
1843210 281
1843220 281
1843230 281
1843240 282
1843250 283
1843260 283
1843270 284
1843280 285
1843290 285
1843300 286
1843310 286
1843320 286
1843330 287
1843340 288
1843350 288
1843360 289
1843370 289
1843380 289
1843390 290
1843400 292
1843410 292
1843420 293
1843430 293
1843440 293
1843450 293
1843460 293
1843470 293
1843480 294
1843490 294
1843500 294
1843510 294
1843520 295
1843530 295
1843540 295
1843550 295
1843560 295
1843570 295
1843580 295
1843590 295
1843600 295
1843610 295
1843620 296
1843630 296
1843640 296
1843650 296
1843660 296
1843670 296
1843680 296
1843690 296
1843700 296
1843710 296
1843720 296
1843730 296
1843740 296
1843750 296
1843760 296
1843770 296
1843780 296
1843790 296
1843800 296
1843810 296
1843820 296
1843830 296
1843840 296
1843850 296
1843860 297
1843870 297
1843880 297
1843890 297
1843900 297
1843910 297
1843920 297
1843930 297
1843940 297
1843950 297
1843960 297
1843970 297
1843980 297
1843990 297
1844000 297
1844010 297
1844020 297
1844030 297
1844040 297
1844050 297
1844060 297
1844070 296
1844080 296
1844090 296
1844100 296
1844110 296
1844120 296
1844130 295
1844140 295
1844150 295
1844160 294
1844170 294
1844180 294
1844190 293
1844200 293
1844210 293
1844220 293
1844230 292
1844240 292
1844250 291
1844260 291
1844270 291
1844280 290
1844290 289
1844300 289
1844310 289
1844320 289
1844330 289
1844340 287
1844350 287
1844360 287
1844370 287
1844380 287
1844390 286
1844400 286
1844410 286
1844420 286
1844430 286
1844440 287
1844450 287
1844460 287
1844470 286
1844480 286
1844490 286
1844500 286
1844510 285
1844520 285
1844530 285
1844540 284
1844550 284
1844560 284
1844570 283
1844580 283
1844590 282
1844600 281
1844610 281
1844620 281
1844630 280
1844640 280
1844650 279
1844660 278
1844670 278
1844680 278
1844690 278
1844700 278
1844710 278
1844720 277
1844730 277
1844740 278
1844750 278
1844760 279
1844770 279
1844780 280
1844790 280
1844800 280
1844810 281
1844820 280
1844830 280
1844840 281
1844850 281
1844860 281
1844870 282
1844880 283
1844890 283
1844900 284
1844910 285
1844920 285
1844930 286
1844940 287
1844950 287
1844960 288
1844970 289
1844980 289
1844990 290
1845000 290
1845010 290
1845020 290
1845030 290
1845040 290
1845050 290
1845060 290
1845070 290
1845080 289
1845090 289
1845100 289
1845110 289
1845120 289
1845130 289
1845140 289
1845150 288
1845160 288
1845170 288
1845180 287
1845190 286
1845200 286
1845210 286
1845220 285
1845230 285
1845240 285
1845250 284
1845260 284
1845270 283
1845280 283
1845290 283
1845300 283
1845310 282
1845320 282
1845330 281
1845340 280
1845350 280
1845360 279
1845370 278
1845380 278
1845390 277
1845400 275
1845410 275
1845420 275
1845430 274
1845440 274
1845450 273
1845460 273
1845470 273
1845480 273
1845490 273
1845500 273
1845510 273
1845520 273
1845530 272
1845540 272
1845550 271
1845560 271
1845570 271
1845580 271
1845590 272
1845600 272
1845610 272
1845620 273
1845630 273
1845640 274
1845650 275
1845660 275
1845670 276
1845680 277
1845690 277
1845700 278
1845710 279
1845720 279
1845730 279
1845740 280
1845750 280
1845760 281
1845770 282
1845780 282
1845790 283
1845800 284
1845810 284
1845820 285
1845830 286
1845840 286
1845850 286
1845860 287
1845870 287
1845880 287
1845890 288
1845900 288
1845910 288
1845920 288
1845930 288
1845940 288
1845950 287
1845960 287
1845970 287
1845980 288
1845990 288
1846000 288
1846010 288
1846020 288
1846030 288
1846040 289
1846050 289
1846060 289
1846070 289
1846080 289
1846090 289
1846100 289
1846110 289
1846120 289
1846130 289
1846140 290
1846150 290
1846160 290
1846170 290
1846180 290
1846190 290
1846200 290
1846210 290
1846220 290
1846230 290
1846240 290
1846250 290
1846260 290
1846270 290
1846280 290
1846290 290
1846300 290
1846310 290
1846320 290
1846330 290
1846340 290
1846350 290
1846360 290
1846370 290
1846380 290
1846390 290
1846400 290
1846410 290
1846420 290
1846430 290
1846440 290
1846450 290
1846460 290
1846470 290
1846480 290
1846490 290
1846500 290
1846510 290
1846520 290
1846530 290
1846540 290
1846550 290
1846560 289
1846570 289
1846580 289
1846590 289
1846600 289
1846610 289
1846620 289
1846630 289
1846640 289
1846650 289
1846660 289
1846670 289
1846680 289
1846690 289
1846700 289
1846710 289
1846720 289
1846730 289
1846740 289
1846750 289
1846760 289
1846770 289
1846780 288
1846790 288
1846800 288
1846810 288
1846820 288
1846830 288
1846840 288
1846850 288
1846860 288
1846870 288
1846880 288
1846890 288
1846900 288
1846910 288
1846920 288
1846930 288
1846940 287
1846950 288
1846960 287
1846970 287
1846980 287
1846990 287
1847000 287
1847010 287
1847020 287
1847030 287
1847040 287
1847050 287
1847060 287
1847070 287
1847080 286
1847090 286
1847100 286
1847110 286
1847120 286
1847130 286
1847140 286
1847150 286
1847160 286
1847170 286
1847180 286
1847190 286
1847200 286
1847210 286
1847220 286
1847230 286
1847240 286
1847250 286
1847260 286
1847270 286
1847280 286
1847290 286
1847300 287
1847310 287
1847320 287
1847330 287
1847340 287
1847350 287
1847360 287
1847370 287
1847380 287
1847390 287
1847400 287
1847410 287
1847420 287
1847430 287
1847440 287
1847450 287
1847460 287
1847470 287
1847480 287
1847490 287
1847500 287
1847510 287
1847520 287
1847530 288
1847540 288
1847550 288
1847560 288
1847570 288
1847580 288
1847590 288
1847600 288
1847610 288
1847620 288
1847630 288
1847640 288
1847650 289
1847660 289
1847670 289
1847680 289
1847690 289
1847700 289
1847710 289
1847720 289
1847730 289
1847740 289
1847750 289
1847760 289
1847770 289
1847780 289
1847790 289
1847800 289
1847810 289
1847820 289
1847830 289
1847840 289
1847850 289
1847860 289
1847870 289
1847880 289
1847890 289
1847900 289
1847910 289
1847920 289
1847930 290
1847940 290
1847950 290
1847960 289
1847970 289
1847980 289
1847990 289
1848000 289
1848010 289
1848020 289
1848030 289
1848040 289
1848050 289
1848060 289
1848070 288
1848080 288
1848090 288
1848100 288
1848110 287
1848120 287
1848130 287
1848140 287
1848150 287
1848160 286
1848170 286
1848180 286
1848190 285
1848200 285
1848210 285
1848220 285
1848230 285
1848240 285
1848250 284
1848260 284
1848270 284
1848280 284
1848290 284
1848300 283
1848310 283
1848320 283
1848330 283
1848340 283
1848350 282
1848360 282
1848370 282
1848380 282
1848390 282
1848400 282
1848410 281
1848420 281
1848430 281
1848440 281
1848450 281
1848460 281
1848470 281
1848480 281
1848490 281
1848500 281
1848510 281
1848520 281
1848530 280
1848540 280
1848550 280
1848560 280
1848570 280
1848580 280
1848590 280
1848600 280
1848610 280
1848620 280
1848630 279
1848640 279
1848650 279
1848660 279
1848670 279
1848680 279
1848690 279
1848700 279
1848710 278
1848720 278
1848730 278
1848740 278
1848750 278
1848760 278
1848770 278
1848780 278
1848790 278
1848800 278
1848810 278
1848820 278
1848830 278
1848840 278
1848850 278
1848860 278
1848870 278
1848880 279
1848890 279
1848900 279
1848910 279
1848920 279
1848930 279
1848940 280
1848950 280
1848960 280
1848970 281
1848980 281
1848990 281
1849000 282
1849010 282
1849020 282
1849030 283
1849040 283
1849050 283
1849060 284
1849070 284
1849080 284
1849090 285
1849100 285
1849110 285
1849120 285
1849130 285
1849140 285
1849150 286
1849160 286
1849170 286
1849180 287
1849190 287
1849200 287
1849210 287
1849220 287
1849230 287
1849240 287
1849250 287
1849260 287
1849270 288
1849280 288
1849290 288
1849300 288
1849310 287
1849320 287
1849330 287
1849340 287
1849350 287
1849360 287
1849370 287
1849380 287
1849390 287
1849400 287
1849410 287
1849420 287
1849430 288
1849440 288
1849450 288
1849460 288
1849470 288
1849480 288
1849490 288
1849500 288
1849510 288
1849520 288
1849530 288
1849540 288
1849550 288
1849560 288
1849570 288
1849580 288
1849590 288
1849600 288
1849610 288
1849620 288
1849630 288
1849640 288
1849650 288
1849660 288
1849670 288
1849680 288
1849690 288
1849700 288
1849710 287
1849720 287
1849730 287
1849740 287
1849750 287
1849760 287
1849770 287
1849780 287
1849790 286
1849800 286
1849810 286
1849820 287
1849830 287
1849840 287
1849850 287
1849860 287
1849870 286
1849880 286
1849890 286
1849900 286
1849910 286
1849920 286
1849930 286
1849940 286
1849950 285
1849960 285
1849970 285
1849980 285
1849990 285
1850000 285
1850010 285
1850020 285
1850030 285
1850040 285
1850050 285
1850060 285
1850070 286
1850080 286
1850090 286
1850100 286
1850110 286
1850120 286
1850130 287
1850140 287
1850150 287
1850160 287
1850170 287
1850180 287
1850190 287
1850200 287
1850210 287
1850220 287
1850230 287
1850240 287
1850250 287
1850260 287
1850270 287
1850280 287
1850290 287
1850300 288
1850310 288
1850320 288
1850330 288
1850340 288
1850350 288
1850360 288
1850370 288
1850380 288
1850390 288
1850400 288
1850410 288
1850420 289
1850430 289
1850440 289
1850450 289
1850460 289
1850470 289
1850480 289
1850490 289
1850500 289
1850510 288
1850520 288
1850530 288
1850540 288
1850550 288
1850560 288
1850570 288
1850580 288
1850590 288
1850600 288
1850610 287
1850620 287
1850630 287
1850640 287
1850650 287
1850660 287
1850670 287
1850680 287
1850690 287
1850700 287
1850710 287
1850720 287
1850730 286
1850740 286
1850750 286
1850760 286
1850770 286
1850780 286
1850790 286
1850800 286
1850810 285
1850820 285
1850830 285
1850840 285
1850850 285
1850860 285
1850870 284
1850880 284
1850890 284
1850900 284
1850910 284
1850920 284
1850930 283
1850940 283
1850950 283
1850960 283
1850970 283
1850980 283
1850990 283
1851000 283
1851010 283
1851020 283
1851030 283
1851040 282
1851050 282
1851060 282
1851070 282
1851080 282
1851090 282
1851100 282
1851110 282
1851120 282
1851130 282
1851140 282
1851150 282
1851160 281
1851170 281
1851180 281
1851190 281
1851200 281
1851210 281
1851220 281
1851230 281
1851240 281
1851250 281
1851260 281
1851270 281
1851280 281
1851290 281
1851300 281
1851310 280
1851320 280
1851330 280
1851340 280
1851350 280
1851360 280
1851370 280
1851380 280
1851390 280
1851400 280
1851410 280
1851420 280
1851430 280
1851440 280
1851450 280
1851460 280
1851470 280
1851480 280
1851490 280
1851500 280
1851510 280
1851520 280
1851530 280
1851540 280
1851550 280
1851560 280
1851570 280
1851580 280
1851590 279
1851600 279
1851610 279
1851620 279
1851630 279
1851640 279
1851650 279
1851660 279
1851670 279
1851680 279
1851690 279
1851700 279
1851710 279
1851720 279
1851730 279
1851740 279
1851750 279
1851760 279
1851770 279
1851780 279
1851790 279
1851800 279
1851810 278
1851820 278
1851830 278
1851840 278
1851850 278
1851860 278
1851870 278
1851880 278
1851890 278
1851900 277
1851910 277
1851920 277
1851930 277
1851940 277
1851950 277
1851960 277
1851970 277
1851980 277
1851990 277
1852000 277
1852010 277
1852020 277
1852030 277
1852040 277
1852050 277
1852060 277
1852070 277
1852080 277
1852090 277
1852100 277
1852110 277
1852120 277
1852130 276
1852140 276
1852150 276
1852160 276
1852170 276
1852180 275
1852190 275
1852200 275
1852210 274
1852220 274
1852230 274
1852240 274
1852250 274
1852260 273
1852270 273
1852280 273
1852290 273
1852300 273
1852310 273
1852320 272
1852330 272
1852340 272
1852350 272
1852360 272
1852370 272
1852380 272
1852390 272
1852400 272
1852410 272
1852420 271
1852430 271
1852440 271
1852450 271
1852460 271
1852470 271
1852480 271
1852490 271
1852500 270
1852510 270
1852520 270
1852530 270
1852540 270
1852550 270
1852560 270
1852570 270
1852580 269
1852590 269
1852600 269
1852610 269
1852620 269
1852630 269
1852640 268
1852650 268
1852660 268
1852670 268
1852680 268
1852690 268
1852700 268
1852710 268
1852720 267
1852730 267
1852740 267
1852750 267
1852760 267
1852770 267
1852780 266
1852790 266
1852800 266
1852810 266
1852820 266
1852830 266
1852840 266
1852850 265
1852860 265
1852870 265
1852880 265
1852890 265
1852900 265
1852910 265
1852920 265
1852930 265
1852940 264
1852950 264
1852960 264
1852970 264
1852980 264
1852990 264
1853000 264
1853010 263
1853020 263
1853030 263
1853040 263
1853050 263
1853060 263
1853070 263
1853080 263
1853090 262
1853100 262
1853110 262
1853120 262
1853130 262
1853140 262
1853150 261
1853160 261
1853170 261
1853180 261
1853190 261
1853200 261
1853210 261
1853220 261
1853230 261
1853240 260
1853250 260
1853260 260
1853270 260
1853280 259
1853290 259
1853300 259
1853310 259
1853320 259
1853330 259
1853340 258
1853350 258
1853360 258
1853370 258
1853380 258
1853390 258
1853400 257
1853410 257
1853420 257
1853430 257
1853440 256
1853450 256
1853460 256
1853470 256
1853480 256
1853490 257
1853500 257
1853510 257
1853520 256
1853530 256
1853540 256
1853550 256
1853560 255
1853570 255
1853580 255
1853590 255
1853600 255
1853610 255
1853620 254
1853630 254
1853640 254
1853650 254
1853660 254
1853670 253
1853680 253
1853690 253
1853700 253
1853710 252
1853720 252
1853730 252
1853740 252
1853750 252
1853760 252
1853770 252
1853780 251
1853790 251
1853800 251
1853810 251
1853820 251
1853830 250
1853840 250
1853850 250
1853860 250
1853870 250
1853880 250
1853890 249
1853900 249
1853910 249
1853920 249
1853930 248
1853940 248
1853950 247
1853960 247
1853970 247
1853980 247
1853990 246
1854000 246
1854010 246
1854020 246
1854030 246
1854040 245
1854050 245
1854060 245
1854070 244
1854080 244
1854090 244
1854100 243
1854110 243
1854120 243
1854130 243
1854140 242
1854150 242
1854160 242
1854170 242
1854180 241
1854190 241
1854200 241
1854210 241
1854220 241
1854230 240
1854240 240
1854250 240
1854260 240
1854270 240
1854280 240
1854290 240
1854300 240
1854310 240
1854320 240
1854330 240
1854340 240
1854350 239
1854360 239
1854370 239
1854380 239
1854390 239
1854400 239
1854410 239
1854420 239
1854430 239
1854440 239
1854450 239
1854460 239
1854470 239
1854480 240
1854490 240
1854500 240
1854510 240
1854520 241
1854530 241
1854540 241
1854550 241
1854560 241
1854570 241
1854580 242
1854590 242
1854600 242
1854610 242
1854620 242
1854630 243
1854640 243
1854650 243
1854660 244
1854670 244
1854680 244
1854690 245
1854700 246
1854710 246
1854720 246
1854730 247
1854740 247
1854750 247
1854760 247
1854770 247
1854780 248
1854790 248
1854800 248
1854810 249
1854820 249
1854830 249
1854840 249
1854850 250
1854860 250
1854870 250
1854880 251
1854890 251
1854900 251
1854910 252
1854920 252
1854930 252
1854940 253
1854950 253
1854960 253
1854970 254
1854980 254
1854990 255
1855000 255
1855010 256
1855020 256
1855030 257
1855040 257
1855050 257
1855060 258
1855070 259
1855080 259
1855090 260
1855100 260
1855110 260
1855120 260
1855130 261
1855140 261
1855150 261
1855160 262
1855170 262
1855180 262
1855190 262
1855200 262
1855210 262
1855220 263
1855230 263
1855240 263
1855250 263
1855260 263
1855270 263
1855280 263
1855290 264
1855300 264
1855310 264
1855320 264
1855330 264
1855340 264
1855350 264
1855360 264
1855370 264
1855380 264
1855390 264
1855400 264
1855410 264
1855420 264
1855430 264
1855440 264
1855450 264
1855460 264
1855470 264
1855480 264
1855490 264
1855500 264
1855510 264
1855520 264
1855530 264
1855540 264
1855550 264
1855560 264
1855570 264
1855580 264
1855590 264
1855600 264
1855610 264
1855620 264
1855630 264
1855640 264
1855650 264
1855660 264
1855670 264
1855680 264
1855690 264
1855700 264
1855710 264
1855720 264
1855730 264
1855740 263
1855750 263
1855760 263
1855770 263
1855780 263
1855790 263
1855800 263
1855810 263
1855820 263
1855830 263
1855840 262
1855850 262
1855860 262
1855870 262
1855880 262
1855890 262
1855900 262
1855910 262
1855920 262
1855930 262
1855940 262
1855950 261
1855960 261
1855970 261
1855980 261
1855990 261
1856000 261
1856010 261
1856020 261
1856030 261
1856040 261
1856050 260
1856060 260
1856070 260
1856080 260
1856090 260
1856100 260
1856110 260
1856120 260
1856130 260
1856140 260
1856150 260
1856160 260
1856170 260
1856180 259
1856190 259
1856200 259
1856210 259
1856220 259
1856230 259
1856240 259
1856250 259
1856260 258
1856270 258
1856280 258
1856290 258
1856300 258
1856310 258
1856320 258
1856330 258
1856340 258
1856350 257
1856360 257
1856370 257
1856380 257
1856390 257
1856400 257
1856410 257
1856420 257
1856430 257
1856440 257
1856450 257
1856460 256
1856470 256
1856480 256
1856490 256
1856500 256
1856510 256
1856520 256
1856530 256
1856540 256
1856550 256
1856560 256
1856570 255
1856580 255
1856590 255
1856600 255
1856610 255
1856620 255
1856630 255
1856640 255
1856650 255
1856660 255
1856670 255
1856680 255
1856690 255
1856700 255
1856710 255
1856720 255
1856730 255
1856740 255
1856750 255
1856760 255
1856770 255
1856780 255
1856790 255
1856800 255
1856810 255
1856820 254
1856830 254
1856840 254
1856850 254
1856860 254
1856870 254
1856880 254
1856890 254
1856900 254
1856910 254
1856920 254
1856930 254
1856940 253
1856950 253
1856960 253
1856970 253
1856980 253
1856990 253
1857000 253
1857010 252
1857020 252
1857030 253
1857040 252
1857050 252
1857060 252
1857070 252
1857080 252
1857090 252
1857100 252
1857110 252
1857120 252
1857130 252
1857140 252
1857150 252
1857160 252
1857170 252
1857180 251
1857190 251
1857200 251
1857210 251
1857220 251
1857230 251
1857240 251
1857250 250
1857260 250
1857270 250
1857280 250
1857290 250
1857300 250
1857310 250
1857320 250
1857330 250
1857340 249
1857350 249
1857360 249
1857370 249
1857380 249
1857390 249
1857400 249
1857410 249
1857420 249
1857430 249
1857440 249
1857450 249
1857460 249
1857470 250
1857480 250
1857490 250
1857500 250
1857510 250
1857520 250
1857530 250
1857540 250
1857550 250
1857560 250
1857570 250
1857580 251
1857590 251
1857600 251
1857610 251
1857620 251
1857630 251
1857640 251
1857650 250
1857660 250
1857670 250
1857680 250
1857690 251
1857700 251
1857710 251
1857720 251
1857730 251
1857740 251
1857750 251
1857760 251
1857770 251
1857780 251
1857790 251
1857800 251
1857810 251
1857820 251
1857830 251
1857840 251
1857850 251
1857860 251
1857870 251
1857880 251
1857890 250
1857900 250
1857910 250
1857920 250
1857930 250
1857940 250
1857950 250
1857960 250
1857970 250
1857980 249
1857990 249
1858000 249
1858010 249
1858020 249
1858030 249
1858040 249
1858050 249
1858060 249
1858070 249
1858080 249
1858090 249
1858100 249
1858110 249
1858120 249
1858130 249
1858140 249
1858150 249
1858160 249
1858170 249
1858180 249
1858190 249
1858200 249
1858210 248
1858220 248
1858230 248
1858240 248
1858250 248
1858260 248
1858270 248
1858280 248
1858290 248
1858300 247
1858310 247
1858320 247
1858330 247
1858340 247
1858350 247
1858360 247
1858370 247
1858380 247
1858390 247
1858400 247
1858410 247
1858420 247
1858430 246
1858440 246
1858450 246
1858460 246
1858470 246
1858480 246
1858490 246
1858500 246
1858510 245
1858520 245
1858530 245
1858540 245
1858550 245
1858560 245
1858570 245
1858580 245
1858590 245
1858600 245
1858610 244
1858620 244
1858630 244
1858640 244
1858650 244
1858660 244
1858670 244
1858680 244
1858690 243
1858700 243
1858710 243
1858720 243
1858730 243
1858740 243
1858750 243
1858760 242
1858770 242
1858780 242
1858790 241
1858800 241
1858810 241
1858820 241
1858830 241
1858840 241
1858850 240
1858860 240
1858870 240
1858880 240
1858890 239
1858900 239
1858910 239
1858920 239
1858930 239
1858940 238
1858950 238
1858960 238
1858970 238
1858980 237
1858990 237
1859000 237
1859010 237
1859020 237
1859030 237
1859040 236
1859050 236
1859060 236
1859070 236
1859080 236
1859090 235
1859100 235
1859110 234
1859120 234
1859130 234
1859140 234
1859150 233
1859160 233
1859170 233
1859180 233
1859190 233
1859200 232
1859210 232
1859220 232
1859230 232
1859240 232
1859250 231
1859260 231
1859270 231
1859280 231
1859290 230
1859300 230
1859310 230
1859320 230
1859330 230
1859340 230
1859350 229
1859360 229
1859370 229
1859380 229
1859390 229
1859400 229
1859410 228
1859420 228
1859430 228
1859440 228
