1840000 252
1840010 252
1840020 252
1840030 252
1840040 252
1840050 252
1840060 252
1840070 252
1840080 252
1840090 252
1840100 251
1840110 251
1840120 251
1840130 251
1840140 251
1840150 251
1840160 250
1840170 251
1840180 251
1840190 251
1840200 251
1840210 251
1840220 251
1840230 251
1840240 251
1840250 251
1840260 251
1840270 251
1840280 251
1840290 252
1840300 252
1840310 252
1840320 252
1840330 252
1840340 252
1840350 252
1840360 252
1840370 252
1840380 253
1840390 253
1840400 253
1840410 253
1840420 253
1840430 253
1840440 254
1840450 254
1840460 254
1840470 254
1840480 254
1840490 254
1840500 254
1840510 254
1840520 254
1840530 254
1840540 254
1840550 254
1840560 255
1840570 256
1840580 256
1840590 256
1840600 256
1840610 256
1840620 256
1840630 256
1840640 256
1840650 257
1840660 257
1840670 257
1840680 258
1840690 258
1840700 258
1840710 258
1840720 259
1840730 259
1840740 259
1840750 259
1840760 259
1840770 259
1840780 260
1840790 260
1840800 260
1840810 260
1840820 261
1840830 261
1840840 262
1840850 262
1840860 262
1840870 262
1840880 262
1840890 262
1840900 262
1840910 262
1840920 262
1840930 262
1840940 262
1840950 262
1840960 263
1840970 264
1840980 264
1840990 264
1841000 265
1841010 265
1841020 265
1841030 266
1841040 266
1841050 266
1841060 267
1841070 267
1841080 267
1841090 267
1841100 267
1841110 268
1841120 268
1841130 268
1841140 269
1841150 269
1841160 269
1841170 269
1841180 270
1841190 270
1841200 270
1841210 270
1841220 270
1841230 270
1841240 271
1841250 271
1841260 271
1841270 271
1841280 272
1841290 272
1841300 272
1841310 273
1841320 273
1841330 273
1841340 273
1841350 273
1841360 274
1841370 274
1841380 274
1841390 275
1841400 275
1841410 275
1841420 276
1841430 276
1841440 276
1841450 277
1841460 278
1841470 278
1841480 278
1841490 279
1841500 279
1841510 280
1841520 280
1841530 280
1841540 281
1841550 281
1841560 282
1841570 282
1841580 283
1841590 283
1841600 283
1841610 284
1841620 284
1841630 284
1841640 285
1841650 285
1841660 285
1841670 286
1841680 286
1841690 286
1841700 287
1841710 287
1841720 287
1841730 288
1841740 288
1841750 288
1841760 289
1841770 289
1841780 289
1841790 289
1841800 290
1841810 290
1841820 290
1841830 291
1841840 291
1841850 291
1841860 292
1841870 292
1841880 292
1841890 292
1841900 292
1841910 293
1841920 293
1841930 293
1841940 293
1841950 294
1841960 294
1841970 294
1841980 295
1841990 295
1842000 295
1842010 295
1842020 295
1842030 295
1842040 295
1842050 295
1842060 295
1842070 295
1842080 296
1842090 296
1842100 296
1842110 296
1842120 296
1842130 296
1842140 297
1842150 297
1842160 297
1842170 297
1842180 297
1842190 297
1842200 297
1842210 297
1842220 297
1842230 297
1842240 297
1842250 297
1842260 297
1842270 297
1842280 296
1842290 296
1842300 296
1842310 296
1842320 296
1842330 296
1842340 296
1842350 296
1842360 296
1842370 296
1842380 296
1842390 295
1842400 295
1842410 295
1842420 294
1842430 294
1842440 292
1842450 291
1842460 291
1842470 289
1842480 287
1842490 287
1842500 284
1842510 283
1842520 283
1842530 281
1842540 280
1842550 280
1842560 279
1842570 277
1842580 277
1842590 276
1842600 275
1842610 275
1842620 273
1842630 275
1842640 275
1842650 278
1842660 281
1842670 281
1842680 283
1842690 286
1842700 286
1842710 288
1842720 290
1842730 290
1842740 291
1842750 292
1842760 293
1842770 293
1842780 292
1842790 292
1842800 292
1842810 292
1842820 291
1842830 291
1842840 291
1842850 291
1842860 291
1842870 290
1842880 290
1842890 290
1842900 290
1842910 289
1842920 289
1842930 289
1842940 288
1842950 288
1842960 288
1842970 287
1842980 287
1842990 287
1843000 286
1843010 286
1843020 285
1843030 285
1843040 285
1843050 284
1843060 283
1843070 283
1843080 283
1843090 282
1843100 282
1843110 281
1843120 280
1843130 280
1843140 280
1843150 280
1843160 279
1843170 279
1843180 278
1843190 278
1843200 278
1843210 278
1843220 277
1843230 277
1843240 276
1843250 275
1843260 275
1843270 274
1843280 273
1843290 273
1843300 272
1843310 271
1843320 271
1843330 270
1843340 269
1843350 269
1843360 268
1843370 268
1843380 268
1843390 268
1843400 267
1843410 267
1843420 267
1843430 267
1843440 267
1843450 267
1843460 266
1843470 266
1843480 267
1843490 267
1843500 267
1843510 266
1843520 266
1843530 267
1843540 267
1843550 267
1843560 267
1843570 267
1843580 266
1843590 266
1843600 266
1843610 266
1843620 266
1843630 266
1843640 266
1843650 265
1843660 265
1843670 265
1843680 265
1843690 265
1843700 265
1843710 265
1843720 265
1843730 264
1843740 264
1843750 264
1843760 263
1843770 263
1843780 263
1843790 263
1843800 263
1843810 263
1843820 263
1843830 263
1843840 263
1843850 263
1843860 262
1843870 262
1843880 262
1843890 262
1843900 262
1843910 261
1843920 261
1843930 261
1843940 261
1843950 261
1843960 261
1843970 261
1843980 261
1843990 260
1844000 260
1844010 260
1844020 260
1844030 260
1844040 260
1844050 259
1844060 259
1844070 259
1844080 258
1844090 258
1844100 257
1844110 257
1844120 257
1844130 256
1844140 254
1844150 254
1844160 253
1844170 253
1844180 253
1844190 252
1844200 252
1844210 252
1844220 251
1844230 251
1844240 251
1844250 251
1844260 251
1844270 251
1844280 251
1844290 251
1844300 251
1844310 251
1844320 251
1844330 250
1844340 250
1844350 250
1844360 250
1844370 250
1844380 250
1844390 250
1844400 250
1844410 249
1844420 249
1844430 249
1844440 249
1844450 248
1844460 248
1844470 248
1844480 248
1844490 248
1844500 248
1844510 247
1844520 247
1844530 247
1844540 246
1844550 246
1844560 246
1844570 245
1844580 245
1844590 244
1844600 244
1844610 244
1844620 243
1844630 243
1844640 243
1844650 243
1844660 242
1844670 242
1844680 242
1844690 242
1844700 241
1844710 241
1844720 241
1844730 241
1844740 241
1844750 242
1844760 242
1844770 242
1844780 242
1844790 242
1844800 242
1844810 242
1844820 242
1844830 242
1844840 243
1844850 244
1844860 244
1844870 245
1844880 247
1844890 247
1844900 247
1844910 248
1844920 248
1844930 248
1844940 249
1844950 249
1844960 250
1844970 251
1844980 251
1844990 252
1845000 253
1845010 253
1845020 254
1845030 255
1845040 255
1845050 256
1845060 257
1845070 257
1845080 258
1845090 260
1845100 261
1845110 261
1845120 262
1845130 264
1845140 264
1845150 265
1845160 267
1845170 267
1845180 268
1845190 270
1845200 270
1845210 271
1845220 273
1845230 273
1845240 275
1845250 276
1845260 276
1845270 277
1845280 278
1845290 278
1845300 279
1845310 280
1845320 280
1845330 281
1845340 282
1845350 282
1845360 282
1845370 282
1845380 282
1845390 283
1845400 283
1845410 283
1845420 284
1845430 284
1845440 284
1845450 285
1845460 285
1845470 285
1845480 286
1845490 286
1845500 286
1845510 286
1845520 287
1845530 286
1845540 286
1845550 286
1845560 285
1845570 285
1845580 284
1845590 283
1845600 283
1845610 282
1845620 281
1845630 281
1845640 280
1845650 277
1845660 277
1845670 276
1845680 275
1845690 275
1845700 273
1845710 272
1845720 272
1845730 271
1845740 270
1845750 270
1845760 269
1845770 268
1845780 268
1845790 267
1845800 266
1845810 266
1845820 266
1845830 264
1845840 264
1845850 262
1845860 263
1845870 263
1845880 262
1845890 261
1845900 260
1845910 260
1845920 258
1845930 257
1845940 257
1845950 255
1845960 254
1845970 254
1845980 253
1845990 253
1846000 251
1846010 250
1846020 249
1846030 249
1846040 250
1846050 251
1846060 251
1846070 253
1846080 255
1846090 255
1846100 256
1846110 257
1846120 257
1846130 258
1846140 260
1846150 260
1846160 260
1846170 261
1846180 261
1846190 261
1846200 261
1846210 261
1846220 261
1846230 261
1846240 261
1846250 261
1846260 261
1846270 260
1846280 260
1846290 259
1846300 258
1846310 258
1846320 258
1846330 257
1846340 257
1846350 257
1846360 256
1846370 256
1846380 255
1846390 255
1846400 255
1846410 255
1846420 255
1846430 255
1846440 255
1846450 254
1846460 254
1846470 254
1846480 254
1846490 254
1846500 253
1846510 252
1846520 252
1846530 251
1846540 249
1846550 249
1846560 247
1846570 245
1846580 245
1846590 244
1846600 243
1846610 243
1846620 242
1846630 241
1846640 241
1846650 241
1846660 240
1846670 241
1846680 241
1846690 240
1846700 240
1846710 236
1846720 235
1846730 234
1846740 234
1846750 234
1846760 233
1846770 233
1846780 232
1846790 230
1846800 230
1846810 230
1846820 230
1846830 230
1846840 230
1846850 230
1846860 230
1846870 230
1846880 229
1846890 229
1846900 228
1846910 227
1846920 227
1846930 227
1846940 227
1846950 227
1846960 226
1846970 226
1846980 226
1846990 227
1847000 227
1847010 227
1847020 227
1847030 228
1847040 228
1847050 228
1847060 226
1847070 226
1847080 226
1847090 225
1847100 225
1847110 225
1847120 225
1847130 226
1847140 226
1847150 226
1847160 226
1847170 226
1847180 225
1847190 225
1847200 225
1847210 225
1847220 225
1847230 225
1847240 225
1847250 224
1847260 224
1847270 224
1847280 223
1847290 223
1847300 222
1847310 222
1847320 222
1847330 221
1847340 221
1847350 221
1847360 221
1847370 221
1847380 221
1847390 222
1847400 224
1847410 224
1847420 224
1847430 227
1847440 227
1847450 229
1847460 231
1847470 233
1847480 233
1847490 235
1847500 235
1847510 235
1847520 235
1847530 234
1847540 234
1847550 233
1847560 230
1847570 230
1847580 227
1847590 226
1847600 226
1847610 223
1847620 225
1847630 225
1847640 227
1847650 226
1847660 226
1847670 224
1847680 222
1847690 222
1847700 220
1847710 219
1847720 219
1847730 219
1847740 220
1847750 220
1847760 220
1847770 218
1847780 218
1847790 219
1847800 219
1847810 219
1847820 219
1847830 218
1847840 217
1847850 217
1847860 216
1847870 216
1847880 216
1847890 215
1847900 215
1847910 215
1847920 214
1847930 213
1847940 213
1847950 212
1847960 212
1847970 212
1847980 212
1847990 212
1848000 212
1848010 212
1848020 213
1848030 213
1848040 213
1848050 214
1848060 214
1848070 214
1848080 214
1848090 214
1848100 214
1848110 214
1848120 213
1848130 214
1848140 214
1848150 214
1848160 214
1848170 214
1848180 214
1848190 214
1848200 214
1848210 214
1848220 213
1848230 212
1848240 211
1848250 211
1848260 211
1848270 212
1848280 212
1848290 212
1848300 212
1848310 212
1848320 212
1848330 212
1848340 212
1848350 212
1848360 212
1848370 212
1848380 212
1848390 213
1848400 213
1848410 214
1848420 215
1848430 215
1848440 218
1848450 220
1848460 220
1848470 219
1848480 223
1848490 223
1848500 225
1848510 225
1848520 225
1848530 226
1848540 225
1848550 225
1848560 223
1848570 221
1848580 221
1848590 218
1848600 221
1848610 221
1848620 224
1848630 226
1848640 228
1848650 228
1848660 229
1848670 229
1848680 229
1848690 229
1848700 228
1848710 228
1848720 227
1848730 227
1848740 227
1848750 227
1848760 227
1848770 227
1848780 228
1848790 228
1848800 228
1848810 229
1848820 230
1848830 227
1848840 228
1848850 229
1848860 229
1848870 229
1848880 230
1848890 230
1848900 230
1848910 230
1848920 230
1848930 231
1848940 231
1848950 231
1848960 231
1848970 232
1848980 232
1848990 231
1849000 232
1849010 232
1849020 232
1849030 232
1849040 232
1849050 232
1849060 232
1849070 234
1849080 234
1849090 236
1849100 239
1849110 239
1849120 238
1849130 237
1849140 237
1849150 235
1849160 234
1849170 234
1849180 230
1849190 228
1849200 228
1849210 226
1849220 224
1849230 224
1849240 222
1849250 220
1849260 220
1849270 218
1849280 216
1849290 216
1849300 215
1849310 215
1849320 215
1849330 215
1849340 214
1849350 214
1849360 214
1849370 214
1849380 214
1849390 215
1849400 217
1849410 217
1849420 220
1849430 222
1849440 225
1849450 225
1849460 227
1849470 228
1849480 228
1849490 228
1849500 230
1849510 230
1849520 232
1849530 235
1849540 235
1849550 239
1849560 244
1849570 244
1849580 248
1849590 254
1849600 254
1849610 257
1849620 260
1849630 260
1849640 264
1849650 268
1849660 268
1849670 271
1849680 274
1849690 274
1849700 275
1849710 276
1849720 276
1849730 277
1849740 278
1849750 278
1849760 280
1849770 281
1849780 281
1849790 282
1849800 284
1849810 285
1849820 285
1849830 285
1849840 285
1849850 285
1849860 286
1849870 286
1849880 285
1849890 285
1849900 285
1849910 285
1849920 285
1849930 285
1849940 285
1849950 285
1849960 285
1849970 285
1849980 285
1849990 286
1850000 286
1850010 286
1850020 286
1850030 286
1850040 286
1850050 286
1850060 286
1850070 286
1850080 286
1850090 286
1850100 286
1850110 286
1850120 286
1850130 285
1850140 285
1850150 285
1850160 285
1850170 284
1850180 284
1850190 284
1850200 283
1850210 282
1850220 282
1850230 281
1850240 281
1850250 281
1850260 281
1850270 281
1850280 281
1850290 281
1850300 281
1850310 281
1850320 281
1850330 281
1850340 281
1850350 281
1850360 281
1850370 281
1850380 281
1850390 282
1850400 282
1850410 282
1850420 282
1850430 282
1850440 282
1850450 282
1850460 282
1850470 281
1850480 281
1850490 281
1850500 281
1850510 281
1850520 281
1850530 281
1850540 281
1850550 281
1850560 281
1850570 281
1850580 281
1850590 281
1850600 280
1850610 280
1850620 280
1850630 280
1850640 280
1850650 280
1850660 280
1850670 280
1850680 280
1850690 280
1850700 280
1850710 280
1850720 280
1850730 280
1850740 280
1850750 280
1850760 280
1850770 280
1850780 280
1850790 280
1850800 280
1850810 280
1850820 280
1850830 280
1850840 280
1850850 280
1850860 280
1850870 281
1850880 281
1850890 281
1850900 281
1850910 281
1850920 281
1850930 282
1850940 282
1850950 282
1850960 282
1850970 282
1850980 282
1850990 282
1851000 282
1851010 281
1851020 281
1851030 281
1851040 281
1851050 281
1851060 281
1851070 281
1851080 281
1851090 281
1851100 281
1851110 281
1851120 281
1851130 281
1851140 281
1851150 281
1851160 280
1851170 280
1851180 280
1851190 280
1851200 280
1851210 280
1851220 280
1851230 280
1851240 279
1851250 279
1851260 279
1851270 279
1851280 278
1851290 278
1851300 278
1851310 277
1851320 277
1851330 277
1851340 277
1851350 277
1851360 277
1851370 277
1851380 277
1851390 277
1851400 277
1851410 277
1851420 277
1851430 277
1851440 277
1851450 277
1851460 277
1851470 277
1851480 277
1851490 277
1851500 277
1851510 277
1851520 277
1851530 277
1851540 277
1851550 277
1851560 277
1851570 277
1851580 276
1851590 276
1851600 276
1851610 276
1851620 276
1851630 276
1851640 275
1851650 275
1851660 275
1851670 275
1851680 275
1851690 275
1851700 274
1851710 274
1851720 274
1851730 274
1851740 273
1851750 273
1851760 273
1851770 273
1851780 273
1851790 273
1851800 272
1851810 272
1851820 272
1851830 272
1851840 271
1851850 271
1851860 271
1851870 271
1851880 271
1851890 270
1851900 270
1851910 270
1851920 270
1851930 270
1851940 270
1851950 269
1851960 269
1851970 269
1851980 269
1851990 269
1852000 269
1852010 269
1852020 268
1852030 268
1852040 268
1852050 268
1852060 268
1852070 268
1852080 268
1852090 268
1852100 267
1852110 267
1852120 267
1852130 267
1852140 267
1852150 267
1852160 267
1852170 266
1852180 266
1852190 266
1852200 266
1852210 266
1852220 266
1852230 265
1852240 265
1852250 265
1852260 265
1852270 265
1852280 265
1852290 265
1852300 264
1852310 264
1852320 264
1852330 264
1852340 264
1852350 263
1852360 263
1852370 263
1852380 263
1852390 263
1852400 263
1852410 263
1852420 262
1852430 262
1852440 262
1852450 262
1852460 262
1852470 262
1852480 261
1852490 261
1852500 261
1852510 261
1852520 261
1852530 261
1852540 260
1852550 260
1852560 260
1852570 260
1852580 260
1852590 260
1852600 259
1852610 259
1852620 259
1852630 258
1852640 258
1852650 258
1852660 257
1852670 257
1852680 257
1852690 256
1852700 256
1852710 256
1852720 256
1852730 256
1852740 256
1852750 256
1852760 255
1852770 255
1852780 255
1852790 254
1852800 254
1852810 254
1852820 254
1852830 254
1852840 254
1852850 254
1852860 254
1852870 254
1852880 254
1852890 254
1852900 254
1852910 255
1852920 255
1852930 255
1852940 255
1852950 255
1852960 255
1852970 255
1852980 255
1852990 255
1853000 255
1853010 255
1853020 255
1853030 255
1853040 255
1853050 255
1853060 255
1853070 254
1853080 254
1853090 254
1853100 254
1853110 254
1853120 254
1853130 254
1853140 254
1853150 254
1853160 254
1853170 254
1853180 253
1853190 253
1853200 253
1853210 253
1853220 253
1853230 253
1853240 252
1853250 252
1853260 252
1853270 252
1853280 252
1853290 252
1853300 251
1853310 251
1853320 251
1853330 251
1853340 251
1853350 251
1853360 251
1853370 251
1853380 250
1853390 250
1853400 250
1853410 250
1853420 250
1853430 250
1853440 249
1853450 249
1853460 249
1853470 249
1853480 249
1853490 248
1853500 248
1853510 248
1853520 248
1853530 249
1853540 249
1853550 248
1853560 247
1853570 247
1853580 247
1853590 247
1853600 247
1853610 247
1853620 247
1853630 247
1853640 247
1853650 247
1853660 247
1853670 247
1853680 247
1853690 247
1853700 246
1853710 247
1853720 247
1853730 247
1853740 247
1853750 247
1853760 247
1853770 247
1853780 247
1853790 247
1853800 247
1853810 247
1853820 247
1853830 247
1853840 247
1853850 247
1853860 248
1853870 248
1853880 248
1853890 248
1853900 248
1853910 248
1853920 249
1853930 249
1853940 249
1853950 249
1853960 250
1853970 250
1853980 250
1853990 250
1854000 250
1854010 250
1854020 251
1854030 251
1854040 251
1854050 252
1854060 252
1854070 252
1854080 253
1854090 253
1854100 253
1854110 253
1854120 253
1854130 254
1854140 254
1854150 255
1854160 255
1854170 255
1854180 256
1854190 256
1854200 256
1854210 257
1854220 257
1854230 257
1854240 258
1854250 258
1854260 258
1854270 259
1854280 259
1854290 259
1854300 260
1854310 260
1854320 260
1854330 261
1854340 261
1854350 261
1854360 262
1854370 262
1854380 262
1854390 263
1854400 263
1854410 264
1854420 265
1854430 265
1854440 265
1854450 266
1854460 266
1854470 266
1854480 267
1854490 267
1854500 267
1854510 267
1854520 267
1854530 268
1854540 268
1854550 268
1854560 268
1854570 269
1854580 269
1854590 269
1854600 269
1854610 270
1854620 270
1854630 270
1854640 270
1854650 270
1854660 271
1854670 271
1854680 271
1854690 271
1854700 272
1854710 272
1854720 272
1854730 272
1854740 272
1854750 272
1854760 272
1854770 272
1854780 272
1854790 272
1854800 272
1854810 272
1854820 272
1854830 272
1854840 272
1854850 272
1854860 272
1854870 272
1854880 272
1854890 272
1854900 272
1854910 272
1854920 272
1854930 272
1854940 271
1854950 271
1854960 271
1854970 271
1854980 271
1854990 271
1855000 271
1855010 270
1855020 270
1855030 270
1855040 270
1855050 270
1855060 269
1855070 269
1855080 269
1855090 269
1855100 268
1855110 268
1855120 268
1855130 268
1855140 268
1855150 267
1855160 267
1855170 267
1855180 267
1855190 266
1855200 266
1855210 266
1855220 266
1855230 266
1855240 265
1855250 265
1855260 265
1855270 265
1855280 264
1855290 264
1855300 264
1855310 264
1855320 264
1855330 264
1855340 263
1855350 263
1855360 263
1855370 263
1855380 262
1855390 262
1855400 262
1855410 262
1855420 262
1855430 261
1855440 261
1855450 261
1855460 261
1855470 261
1855480 261
1855490 260
1855500 260
1855510 260
1855520 260
1855530 260
1855540 260
1855550 260
1855560 259
1855570 259
1855580 259
1855590 259
1855600 259
1855610 259
1855620 259
1855630 259
1855640 258
1855650 258
1855660 258
1855670 258
1855680 258
1855690 258
1855700 258
1855710 257
1855720 257
1855730 257
1855740 257
1855750 257
1855760 257
1855770 257
1855780 257
1855790 256
1855800 256
1855810 256
1855820 256
1855830 256
1855840 255
1855850 255
1855860 255
1855870 255
1855880 255
1855890 255
1855900 255
1855910 255
1855920 255
1855930 254
1855940 254
1855950 254
1855960 254
1855970 254
1855980 254
1855990 254
1856000 254
1856010 254
1856020 254
1856030 254
1856040 254
1856050 253
1856060 253
1856070 253
1856080 253
1856090 253
1856100 252
1856110 252
1856120 252
1856130 252
1856140 251
1856150 251
1856160 251
1856170 251
1856180 251
1856190 251
1856200 251
1856210 250
1856220 250
1856230 250
1856240 250
1856250 250
1856260 249
1856270 249
1856280 249
1856290 249
1856300 249
1856310 249
1856320 248
1856330 248
1856340 248
1856350 248
1856360 248
1856370 248
1856380 247
1856390 247
1856400 247
1856410 247
1856420 246
1856430 246
1856440 246
1856450 246
1856460 246
1856470 246
1856480 245
1856490 245
1856500 245
1856510 244
1856520 244
1856530 244
1856540 244
1856550 244
1856560 244
1856570 243
1856580 243
1856590 243
1856600 243
1856610 243
1856620 243
1856630 243
1856640 242
1856650 242
1856660 242
1856670 242
1856680 242
1856690 242
1856700 242
1856710 242
1856720 242
1856730 242
1856740 242
1856750 241
1856760 241
1856770 241
1856780 241
1856790 241
1856800 241
1856810 241
1856820 241
1856830 241
1856840 241
1856850 241
1856860 241
1856870 241
1856880 241
1856890 241
1856900 241
1856910 241
1856920 241
1856930 241
1856940 241
1856950 241
1856960 241
1856970 241
1856980 241
1856990 241
1857000 241
1857010 240
1857020 240
1857030 240
1857040 240
1857050 240
1857060 240
1857070 240
1857080 240
1857090 240
1857100 239
1857110 239
1857120 239
1857130 239
1857140 239
1857150 239
1857160 239
1857170 239
1857180 239
1857190 238
1857200 238
1857210 238
1857220 238
1857230 238
1857240 238
1857250 238
1857260 238
1857270 237
1857280 237
1857290 237
1857300 237
1857310 237
1857320 236
1857330 236
1857340 236
1857350 236
1857360 236
1857370 236
1857380 236
1857390 236
1857400 236
1857410 237
1857420 237
1857430 237
1857440 237
1857450 237
1857460 237
1857470 237
1857480 237
1857490 237
1857500 237
1857510 237
1857520 237
1857530 236
1857540 236
1857550 236
1857560 236
1857570 236
1857580 236
1857590 236
1857600 236
1857610 235
1857620 235
1857630 235
1857640 235
1857650 235
1857660 235
1857670 234
1857680 234
1857690 234
1857700 234
1857710 234
1857720 233
1857730 233
1857740 233
1857750 231
1857760 231
1857770 231
1857780 231
1857790 231
1857800 230
1857810 229
1857820 229
1857830 229
1857840 229
1857850 228
1857860 229
1857870 229
1857880 229
1857890 229
1857900 229
1857910 229
1857920 230
1857930 229
1857940 229
1857950 229
1857960 229
1857970 229
1857980 229
1857990 228
1858000 228
1858010 227
1858020 226
1858030 226
1858040 224
1858050 222
1858060 222
1858070 221
1858080 219
1858090 218
1858100 218
1858110 217
1858120 217
1858130 217
1858140 217
1858150 217
1858160 217
1858170 217
1858180 217
1858190 218
1858200 218
1858210 218
1858220 218
1858230 219
1858240 220
1858250 220
1858260 220
1858270 220
1858280 220
1858290 221
1858300 221
1858310 221
1858320 221
1858330 222
1858340 222
1858350 222
1858360 222
1858370 222
1858380 223
1858390 223
1858400 223
1858410 224
1858420 224
1858430 224
1858440 223
1858450 223
1858460 223
1858470 223
1858480 223
1858490 223
1858500 223
1858510 223
1858520 223
1858530 223
1858540 223
1858550 223
1858560 223
1858570 223
1858580 223
1858590 223
1858600 223
1858610 223
1858620 223
1858630 223
1858640 223
1858650 223
1858660 223
1858670 223
1858680 223
1858690 223
1858700 223
1858710 223
1858720 223
1858730 223
1858740 223
1858750 223
1858760 223
1858770 223
1858780 223
1858790 223
1858800 223
