1840000 265
1840010 265
1840020 265
1840030 265
1840040 265
1840050 265
1840060 264
1840070 264
1840080 264
1840090 264
1840100 264
1840110 264
1840120 264
1840130 264
1840140 264
1840150 263
1840160 263
1840170 263
1840180 263
1840190 263
1840200 262
1840210 262
1840220 262
1840230 262
1840240 261
1840250 261
1840260 261
1840270 260
1840280 260
1840290 260
1840300 259
1840310 259
1840320 259
1840330 259
1840340 258
1840350 258
1840360 258
1840370 257
1840380 257
1840390 257
1840400 256
1840410 256
1840420 256
1840430 255
1840440 255
1840450 255
1840460 254
1840470 254
1840480 254
1840490 253
1840500 253
1840510 252
1840520 252
1840530 252
1840540 251
1840550 251
1840560 251
1840570 250
1840580 250
1840590 250
1840600 250
1840610 250
1840620 249
1840630 249
1840640 249
1840650 249
1840660 249
1840670 249
1840680 249
1840690 249
1840700 248
1840710 248
1840720 248
1840730 248
1840740 248
1840750 248
1840760 248
1840770 248
1840780 248
1840790 248
1840800 248
1840810 248
1840820 248
1840830 248
1840840 248
1840850 248
1840860 248
1840870 248
1840880 247
1840890 247
1840900 247
1840910 247
1840920 247
1840930 247
1840940 247
1840950 247
1840960 247
1840970 247
1840980 247
1840990 247
1841000 247
1841010 247
1841020 247
1841030 247
1841040 247
1841050 247
1841060 247
1841070 247
1841080 247
1841090 247
1841100 247
1841110 247
1841120 247
1841130 248
1841140 248
1841150 248
1841160 248
1841170 248
1841180 248
1841190 248
1841200 248
1841210 248
1841220 248
1841230 249
1841240 249
1841250 249
1841260 249
1841270 249
1841280 249
1841290 250
1841300 250
1841310 250
1841320 250
1841330 250
1841340 251
1841350 251
1841360 251
1841370 252
1841380 253
1841390 253
1841400 253
1841410 254
1841420 254
1841430 254
1841440 256
1841450 257
1841460 257
1841470 258
1841480 259
1841490 259
1841500 260
1841510 261
1841520 261
1841530 262
1841540 263
1841550 263
1841560 264
1841570 265
1841580 266
1841590 267
1841600 267
1841610 267
1841620 267
1841630 268
1841640 268
1841650 268
1841660 269
1841670 269
1841680 269
1841690 269
1841700 269
1841710 269
1841720 269
1841730 269
1841740 268
1841750 268
1841760 268
1841770 268
1841780 268
1841790 267
1841800 267
1841810 267
1841820 267
1841830 267
1841840 267
1841850 267
1841860 267
1841870 267
1841880 268
1841890 268
1841900 269
1841910 270
1841920 270
1841930 271
1841940 272
1841950 272
1841960 273
1841970 274
1841980 274
1841990 275
1842000 275
1842010 275
1842020 276
1842030 276
1842040 276
1842050 277
1842060 277
1842070 277
1842080 278
1842090 278
1842100 278
1842110 278
1842120 278
1842130 278
1842140 279
1842150 279
1842160 280
1842170 280
1842180 280
1842190 281
1842200 281
1842210 281
1842220 282
1842230 282
1842240 282
1842250 283
1842260 283
1842270 283
1842280 284
1842290 284
1842300 284
1842310 284
1842320 284
1842330 285
1842340 285
1842350 285
1842360 285
1842370 286
1842380 286
1842390 286
1842400 286
1842410 286
1842420 286
1842430 286
1842440 286
1842450 286
1842460 287
1842470 287
1842480 287
1842490 287
1842500 287
1842510 287
1842520 287
1842530 287
1842540 287
1842550 287
1842560 287
1842570 287
1842580 287
1842590 288
1842600 288
1842610 288
1842620 288
1842630 288
1842640 288
1842650 288
1842660 288
1842670 289
1842680 289
1842690 289
1842700 289
1842710 289
1842720 289
1842730 289
1842740 289
1842750 289
1842760 289
1842770 290
1842780 290
1842790 290
1842800 290
1842810 290
1842820 290
1842830 290
1842840 290
1842850 290
1842860 290
1842870 290
1842880 290
1842890 290
1842900 290
1842910 290
1842920 290
1842930 291
1842940 291
1842950 291
1842960 291
1842970 291
1842980 291
1842990 291
1843000 291
1843010 291
1843020 291
1843030 291
1843040 291
1843050 290
1843060 290
1843070 290
1843080 290
1843090 290
1843100 289
1843110 289
1843120 289
1843130 288
1843140 287
1843150 287
1843160 287
1843170 286
1843180 286
1843190 285
1843200 285
1843210 285
1843220 285
1843230 285
1843240 285
1843250 285
1843260 286
1843270 286
1843280 287
1843290 288
1843300 288
1843310 289
1843320 290
1843330 290
1843340 290
1843350 291
1843360 292
1843370 292
1843380 292
1843390 293
1843400 293
1843410 293
1843420 294
1843430 294
1843440 294
1843450 295
1843460 295
1843470 295
1843480 295
1843490 295
1843500 296
1843510 296
1843520 296
1843530 296
1843540 296
1843550 296
1843560 296
1843570 296
1843580 296
1843590 296
1843600 296
1843610 296
1843620 297
1843630 297
1843640 297
1843650 297
1843660 297
1843670 297
1843680 297
1843690 297
1843700 297
1843710 297
1843720 298
1843730 298
1843740 298
1843750 298
1843760 298
1843770 298
1843780 298
1843790 298
1843800 298
1843810 298
1843820 298
1843830 298
1843840 298
1843850 298
1843860 298
1843870 298
1843880 298
1843890 298
1843900 298
1843910 297
1843920 297
1843930 297
1843940 297
1843950 297
1843960 297
1843970 296
1843980 296
1843990 296
1844000 296
1844010 296
1844020 295
1844030 295
1844040 295
1844050 294
1844060 294
1844070 294
1844080 293
1844090 293
1844100 292
1844110 292
1844120 292
1844130 291
1844140 291
1844150 291
1844160 290
1844170 290
1844180 289
1844190 288
1844200 288
1844210 288
1844220 287
1844230 287
1844240 286
1844250 285
1844260 285
1844270 285
1844280 284
1844290 284
1844300 283
1844310 283
1844320 283
1844330 282
1844340 281
1844350 281
1844360 281
1844370 280
1844380 280
1844390 279
1844400 279
1844410 279
1844420 278
1844430 277
1844440 277
1844450 277
1844460 276
1844470 276
1844480 276
1844490 276
1844500 275
1844510 275
1844520 275
1844530 275
1844540 275
1844550 274
1844560 274
1844570 274
1844580 274
1844590 273
1844600 273
1844610 273
1844620 272
1844630 272
1844640 271
1844650 269
1844660 269
1844670 269
1844680 268
1844690 268
1844700 268
1844710 267
1844720 267
1844730 267
1844740 268
1844750 268
1844760 269
1844770 271
1844780 271
1844790 272
1844800 274
1844810 274
1844820 276
1844830 277
1844840 277
1844850 278
1844860 279
1844870 280
1844880 280
1844890 281
1844900 282
1844910 282
1844920 282
1844930 282
1844940 282
1844950 282
1844960 282
1844970 282
1844980 282
1844990 282
1845000 282
1845010 282
1845020 282
1845030 282
1845040 282
1845050 282
1845060 282
1845070 282
1845080 282
1845090 282
1845100 282
1845110 281
1845120 281
1845130 281
1845140 279
1845150 279
1845160 278
1845170 277
1845180 277
1845190 276
1845200 275
1845210 275
1845220 274
1845230 274
1845240 274
1845250 273
1845260 273
1845270 273
1845280 273
1845290 273
1845300 272
1845310 272
1845320 271
1845330 271
1845340 271
1845350 270
1845360 269
1845370 269
1845380 269
1845390 268
1845400 268
1845410 267
1845420 266
1845430 266
1845440 265
1845450 265
1845460 265
1845470 265
1845480 265
1845490 265
1845500 265
1845510 264
1845520 264
1845530 265
1845540 266
1845550 266
1845560 267
1845570 268
1845580 268
1845590 268
1845600 269
1845610 269
1845620 271
1845630 272
1845640 273
1845650 273
1845660 274
1845670 275
1845680 275
1845690 276
1845700 277
1845710 277
1845720 279
1845730 279
1845740 279
1845750 280
1845760 281
1845770 281
1845780 282
1845790 282
1845800 282
1845810 283
1845820 283
1845830 283
1845840 283
1845850 282
1845860 282
1845870 282
1845880 282
1845890 282
1845900 283
1845910 284
1845920 284
1845930 285
1845940 286
1845950 286
1845960 287
1845970 288
1845980 288
1845990 289
1846000 289
1846010 289
1846020 289
1846030 290
1846040 290
1846050 290
1846060 290
1846070 290
1846080 290
1846090 290
1846100 290
1846110 290
1846120 291
1846130 291
1846140 291
1846150 291
1846160 291
1846170 291
1846180 291
1846190 291
1846200 291
1846210 291
1846220 291
1846230 291
1846240 291
1846250 291
1846260 291
1846270 291
1846280 291
1846290 291
1846300 291
1846310 291
1846320 291
1846330 291
1846340 291
1846350 291
1846360 291
1846370 291
1846380 291
1846390 291
1846400 291
1846410 291
1846420 291
1846430 291
1846440 291
1846450 291
1846460 291
1846470 291
1846480 291
1846490 291
1846500 290
1846510 290
1846520 290
1846530 290
1846540 290
1846550 290
1846560 290
1846570 290
1846580 290
1846590 290
1846600 290
1846610 290
1846620 290
1846630 290
1846640 290
1846650 290
1846660 290
1846670 290
1846680 290
1846690 290
1846700 290
1846710 290
1846720 290
1846730 289
1846740 289
1846750 289
1846760 289
1846770 289
1846780 289
1846790 289
1846800 289
1846810 289
1846820 289
1846830 289
1846840 289
1846850 289
1846860 289
1846870 289
1846880 289
1846890 289
1846900 289
1846910 289
1846920 289
1846930 289
1846940 289
1846950 288
1846960 288
1846970 288
1846980 288
1846990 288
1847000 288
1847010 288
1847020 288
1847030 288
1847040 288
1847050 288
1847060 288
1847070 288
1847080 288
1847090 288
1847100 288
1847110 288
1847120 288
1847130 288
1847140 288
1847150 288
1847160 288
1847170 288
1847180 288
1847190 288
1847200 288
1847210 288
1847220 288
1847230 288
1847240 288
1847250 288
1847260 288
1847270 289
1847280 289
1847290 289
1847300 289
1847310 289
1847320 289
1847330 289
1847340 289
1847350 289
1847360 289
1847370 289
1847380 289
1847390 289
1847400 289
1847410 289
1847420 289
1847430 289
1847440 289
1847450 289
1847460 289
1847470 289
1847480 289
1847490 289
1847500 289
1847510 290
1847520 290
1847530 290
1847540 290
1847550 290
1847560 290
1847570 290
1847580 290
1847590 290
1847600 290
1847610 290
1847620 290
1847630 290
1847640 290
1847650 290
1847660 290
1847670 290
1847680 290
1847690 290
1847700 290
1847710 290
1847720 290
1847730 290
1847740 290
1847750 290
1847760 290
1847770 290
1847780 290
1847790 290
1847800 290
1847810 290
1847820 289
1847830 289
1847840 289
1847850 289
1847860 289
1847870 289
1847880 289
1847890 289
1847900 288
1847910 288
1847920 288
1847930 288
1847940 288
1847950 288
1847960 288
1847970 288
1847980 288
1847990 288
1848000 287
1848010 287
1848020 287
1848030 287
1848040 287
1848050 287
1848060 287
1848070 286
1848080 286
1848090 286
1848100 286
1848110 286
1848120 285
1848130 285
1848140 285
1848150 284
1848160 284
1848170 284
1848180 283
1848190 283
1848200 283
1848210 283
1848220 283
1848230 283
1848240 283
1848250 282
1848260 282
1848270 282
1848280 282
1848290 282
1848300 282
1848310 282
1848320 282
1848330 281
1848340 281
1848350 281
1848360 281
1848370 281
1848380 281
1848390 281
1848400 281
1848410 281
1848420 281
1848430 281
1848440 281
1848450 281
1848460 281
1848470 281
1848480 281
1848490 281
1848500 280
1848510 280
1848520 280
1848530 280
1848540 280
1848550 280
1848560 280
1848570 280
1848580 279
1848590 279
1848600 279
1848610 279
1848620 279
1848630 279
1848640 279
1848650 279
1848660 279
1848670 279
1848680 278
1848690 278
1848700 278
1848710 278
1848720 278
1848730 278
1848740 277
1848750 277
1848760 277
1848770 277
1848780 277
1848790 277
1848800 277
1848810 277
1848820 277
1848830 277
1848840 278
1848850 278
1848860 278
1848870 278
1848880 278
1848890 278
1848900 278
1848910 278
1848920 278
1848930 279
1848940 279
1848950 279
1848960 280
1848970 280
1848980 281
1848990 281
1849000 281
1849010 282
1849020 282
1849030 282
1849040 283
1849050 284
1849060 284
1849070 284
1849080 285
1849090 285
1849100 285
1849110 285
1849120 285
1849130 285
1849140 285
1849150 286
1849160 286
1849170 286
1849180 286
1849190 286
1849200 286
1849210 286
1849220 286
1849230 286
1849240 286
1849250 286
1849260 286
1849270 286
1849280 286
1849290 286
1849300 286
1849310 286
1849320 286
1849330 286
1849340 286
1849350 286
1849360 286
1849370 286
1849380 286
1849390 286
1849400 286
1849410 286
1849420 287
1849430 287
1849440 287
1849450 287
1849460 287
1849470 287
1849480 287
1849490 287
1849500 287
1849510 287
1849520 287
1849530 287
1849540 287
1849550 287
1849560 287
1849570 286
1849580 286
1849590 286
1849600 285
1849610 285
1849620 285
1849630 285
1849640 284
1849650 284
1849660 283
1849670 283
1849680 283
1849690 282
1849700 282
1849710 282
1849720 281
1849730 280
1849740 280
1849750 280
1849760 280
1849770 280
1849780 281
1849790 282
1849800 282
1849810 282
1849820 283
1849830 283
1849840 284
1849850 285
1849860 285
1849870 285
1849880 285
1849890 285
1849900 285
1849910 284
1849920 284
1849930 284
1849940 284
1849950 284
1849960 284
1849970 284
1849980 284
1849990 284
1850000 284
1850010 284
1850020 284
1850030 284
1850040 285
1850050 285
1850060 285
1850070 286
1850080 286
1850090 286
1850100 286
1850110 286
1850120 287
1850130 287
1850140 287
1850150 287
1850160 287
1850170 287
1850180 287
1850190 287
1850200 287
1850210 287
1850220 287
1850230 287
1850240 287
1850250 286
1850260 286
1850270 286
1850280 286
1850290 286
1850300 286
1850310 286
1850320 286
1850330 286
1850340 286
1850350 287
1850360 287
1850370 288
1850380 288
1850390 288
1850400 288
1850410 288
1850420 288
1850430 288
1850440 288
1850450 288
1850460 288
1850470 288
1850480 288
1850490 288
1850500 288
1850510 288
1850520 288
1850530 288
1850540 288
1850550 287
1850560 287
1850570 287
1850580 287
1850590 287
1850600 287
1850610 287
1850620 287
1850630 287
1850640 287
1850650 287
1850660 287
1850670 287
1850680 287
1850690 287
1850700 286
1850710 286
1850720 286
1850730 286
1850740 286
1850750 285
1850760 285
1850770 285
1850780 285
1850790 285
1850800 284
1850810 284
1850820 284
1850830 284
1850840 284
1850850 284
1850860 283
1850870 283
1850880 283
1850890 283
1850900 283
1850910 283
1850920 283
1850930 282
1850940 282
1850950 282
1850960 282
1850970 282
1850980 282
1850990 282
1851000 282
1851010 282
1851020 282
1851030 282
1851040 282
1851050 282
1851060 282
1851070 281
1851080 281
1851090 281
1851100 281
1851110 281
1851120 281
1851130 281
1851140 281
1851150 280
1851160 280
1851170 280
1851180 280
1851190 280
1851200 280
1851210 280
1851220 280
1851230 280
1851240 280
1851250 280
1851260 280
1851270 280
1851280 280
1851290 280
1851300 280
1851310 280
1851320 280
1851330 280
1851340 280
1851350 280
1851360 280
1851370 280
1851380 280
1851390 280
1851400 280
1851410 280
1851420 280
1851430 280
1851440 280
1851450 280
1851460 280
1851470 280
1851480 280
1851490 280
1851500 280
1851510 280
1851520 280
1851530 280
1851540 280
1851550 280
1851560 280
1851570 280
1851580 280
1851590 280
1851600 280
1851610 279
1851620 279
1851630 279
1851640 279
1851650 279
1851660 279
1851670 279
1851680 279
1851690 279
1851700 279
1851710 279
1851720 279
1851730 279
1851740 279
1851750 279
1851760 279
1851770 279
1851780 279
1851790 279
1851800 279
1851810 279
1851820 279
1851830 279
1851840 278
1851850 278
1851860 278
1851870 278
1851880 279
1851890 278
1851900 278
1851910 278
1851920 278
1851930 278
1851940 278
1851950 277
1851960 277
1851970 277
1851980 277
1851990 277
1852000 277
1852010 277
1852020 277
1852030 276
1852040 276
1852050 276
1852060 276
1852070 276
1852080 276
1852090 275
1852100 275
1852110 275
1852120 275
1852130 275
1852140 275
1852150 274
1852160 274
1852170 274
1852180 274
1852190 274
1852200 274
1852210 273
1852220 273
1852230 273
1852240 273
1852250 273
1852260 273
1852270 273
1852280 273
1852290 272
1852300 272
1852310 272
1852320 272
1852330 272
1852340 272
1852350 272
1852360 272
1852370 272
1852380 271
1852390 271
1852400 271
1852410 271
1852420 271
1852430 271
1852440 271
1852450 271
1852460 270
1852470 270
1852480 270
1852490 270
1852500 270
1852510 270
1852520 269
1852530 269
1852540 269
1852550 269
1852560 268
1852570 268
1852580 268
1852590 268
1852600 268
1852610 268
1852620 267
1852630 267
1852640 267
1852650 267
1852660 267
1852670 267
1852680 267
1852690 266
1852700 266
1852710 266
1852720 266
1852730 266
1852740 266
1852750 265
1852760 265
1852770 265
1852780 265
1852790 265
1852800 265
1852810 265
1852820 265
1852830 265
1852840 264
1852850 264
1852860 264
1852870 264
1852880 264
1852890 263
1852900 263
1852910 263
1852920 263
1852930 263
1852940 263
1852950 263
1852960 263
1852970 263
1852980 262
1852990 262
1853000 262
1853010 262
1853020 261
1853030 261
1853040 261
1853050 261
1853060 260
1853070 260
1853080 260
1853090 260
1853100 260
1853110 259
1853120 259
1853130 259
1853140 259
1853150 258
1853160 258
1853170 258
1853180 258
1853190 258
1853200 257
1853210 257
1853220 257
1853230 257
1853240 256
1853250 256
1853260 256
1853270 256
1853280 256
1853290 256
1853300 255
1853310 255
1853320 255
1853330 255
1853340 255
1853350 255
1853360 255
1853370 255
1853380 254
1853390 254
1853400 254
1853410 254
1853420 254
1853430 254
1853440 253
1853450 253
1853460 254
1853470 254
1853480 253
1853490 253
1853500 253
1853510 252
1853520 252
1853530 252
1853540 252
1853550 252
1853560 252
1853570 251
1853580 251
1853590 251
1853600 251
1853610 251
1853620 251
1853630 250
1853640 250
1853650 250
1853660 250
1853670 250
1853680 250
1853690 249
1853700 249
1853710 249
1853720 249
1853730 249
1853740 249
1853750 248
1853760 248
1853770 248
1853780 248
1853790 248
1853800 248
1853810 247
1853820 247
1853830 247
1853840 247
1853850 247
1853860 246
1853870 246
1853880 246
1853890 246
1853900 246
1853910 245
1853920 245
1853930 245
1853940 245
1853950 244
1853960 244
1853970 244
1853980 244
1853990 244
1854000 243
1854010 243
1854020 243
1854030 243
1854040 243
1854050 243
1854060 242
1854070 242
1854080 242
1854090 242
1854100 241
1854110 241
1854120 241
1854130 241
1854140 241
1854150 241
1854160 240
1854170 240
1854180 240
1854190 240
1854200 240
1854210 240
1854220 240
1854230 240
1854240 240
1854250 240
1854260 240
1854270 240
1854280 240
1854290 240
1854300 240
1854310 240
1854320 240
1854330 240
1854340 240
1854350 240
1854360 240
1854370 241
1854380 241
1854390 241
1854400 241
1854410 241
1854420 241
1854430 242
1854440 242
1854450 242
1854460 242
1854470 242
1854480 242
1854490 243
1854500 243
1854510 243
1854520 244
1854530 244
1854540 244
1854550 244
1854560 244
1854570 244
1854580 245
1854590 245
1854600 245
1854610 246
1854620 247
1854630 247
1854640 247
1854650 248
1854660 248
1854670 248
1854680 249
1854690 249
1854700 249
1854710 250
1854720 250
1854730 250
1854740 251
1854750 251
1854760 251
1854770 251
1854780 252
1854790 252
1854800 252
1854810 252
1854820 252
1854830 253
1854840 253
1854850 253
1854860 254
1854870 254
1854880 254
1854890 255
1854900 256
1854910 256
1854920 256
1854930 257
1854940 257
1854950 257
1854960 258
1854970 258
1854980 258
1854990 259
1855000 259
1855010 260
1855020 260
1855030 260
1855040 260
1855050 261
1855060 261
1855070 261
1855080 262
1855090 262
1855100 262
1855110 262
1855120 263
1855130 263
1855140 263
1855150 263
1855160 263
1855170 264
1855180 264
1855190 264
1855200 264
1855210 264
1855220 264
1855230 264
1855240 265
1855250 265
1855260 265
1855270 265
1855280 265
1855290 265
1855300 265
1855310 265
1855320 265
1855330 265
1855340 265
1855350 265
1855360 265
1855370 265
1855380 265
1855390 265
1855400 265
1855410 265
1855420 265
1855430 265
1855440 265
1855450 265
1855460 265
1855470 265
1855480 265
1855490 265
1855500 265
1855510 265
1855520 265
1855530 265
1855540 265
1855550 265
1855560 265
1855570 265
1855580 265
1855590 265
1855600 265
1855610 265
1855620 265
1855630 265
1855640 265
1855650 265
1855660 264
1855670 264
1855680 264
1855690 264
1855700 264
1855710 264
1855720 264
1855730 264
1855740 264
1855750 264
1855760 263
1855770 263
1855780 263
1855790 263
1855800 263
1855810 263
1855820 263
1855830 262
1855840 262
1855850 262
1855860 262
1855870 262
1855880 262
1855890 262
1855900 262
1855910 262
1855920 261
1855930 261
1855940 261
1855950 261
1855960 261
1855970 261
1855980 261
1855990 261
1856000 261
1856010 260
1856020 260
1856030 260
1856040 260
1856050 260
1856060 260
1856070 260
1856080 260
1856090 260
1856100 260
1856110 260
1856120 260
1856130 260
1856140 260
1856150 260
1856160 260
1856170 260
1856180 260
1856190 259
1856200 259
1856210 259
1856220 259
1856230 259
1856240 259
1856250 259
1856260 259
1856270 259
1856280 258
1856290 258
1856300 258
1856310 258
1856320 258
1856330 258
1856340 258
1856350 258
1856360 258
1856370 258
1856380 258
1856390 258
1856400 257
1856410 257
1856420 257
1856430 257
1856440 257
1856450 257
1856460 257
1856470 257
1856480 257
1856490 257
1856500 256
1856510 256
1856520 256
1856530 256
1856540 256
1856550 256
1856560 256
1856570 256
1856580 256
1856590 256
1856600 256
1856610 256
1856620 256
1856630 256
1856640 256
1856650 256
1856660 256
1856670 256
1856680 256
1856690 256
1856700 256
1856710 255
1856720 255
1856730 255
1856740 255
1856750 255
1856760 255
1856770 255
1856780 254
1856790 254
1856800 254
1856810 254
1856820 254
1856830 254
1856840 254
1856850 254
1856860 254
1856870 254
1856880 254
1856890 253
1856900 253
1856910 253
1856920 253
1856930 253
1856940 253
1856950 252
1856960 252
1856970 252
1856980 252
1856990 252
1857000 251
1857010 251
1857020 251
1857030 251
1857040 251
1857050 251
1857060 251
1857070 251
1857080 250
1857090 250
1857100 250
1857110 250
1857120 250
1857130 250
1857140 250
1857150 250
1857160 250
1857170 250
1857180 250
1857190 250
1857200 250
1857210 250
1857220 250
1857230 250
1857240 250
1857250 250
1857260 250
1857270 250
1857280 250
1857290 249
1857300 248
1857310 248
1857320 248
1857330 248
1857340 248
1857350 249
1857360 249
1857370 249
1857380 249
1857390 249
1857400 249
1857410 249
1857420 249
1857430 249
1857440 249
1857450 250
1857460 250
1857470 250
1857480 250
1857490 250
1857500 250
1857510 250
1857520 250
1857530 250
1857540 251
1857550 251
1857560 251
1857570 251
1857580 251
1857590 251
1857600 251
1857610 251
1857620 251
1857630 251
1857640 251
1857650 251
1857660 251
1857670 251
1857680 251
1857690 251
1857700 251
1857710 251
1857720 251
1857730 251
1857740 251
1857750 251
1857760 251
1857770 250
1857780 250
1857790 250
1857800 250
1857810 250
1857820 250
1857830 250
1857840 250
1857850 250
1857860 249
1857870 249
1857880 249
1857890 249
1857900 249
1857910 249
1857920 248
1857930 248
1857940 248
1857950 248
1857960 248
1857970 248
1857980 248
1857990 248
1858000 248
1858010 247
1858020 247
1858030 247
1858040 247
1858050 247
1858060 247
1858070 247
1858080 247
1858090 247
1858100 247
1858110 247
1858120 247
1858130 247
1858140 247
1858150 247
1858160 246
1858170 246
1858180 246
1858190 246
1858200 246
1858210 246
1858220 245
1858230 245
1858240 245
1858250 245
1858260 245
1858270 245
1858280 245
1858290 244
1858300 244
1858310 244
1858320 244
1858330 244
1858340 244
1858350 244
1858360 244
1858370 244
1858380 244
1858390 243
1858400 243
1858410 243
1858420 243
1858430 243
1858440 242
1858450 242
1858460 242
1858470 242
1858480 242
1858490 242
1858500 242
1858510 242
1858520 241
1858530 241
1858540 241
1858550 241
1858560 241
1858570 241
1858580 241
1858590 240
1858600 240
1858610 240
1858620 240
1858630 239
1858640 239
1858650 239
1858660 239
1858670 239
1858680 239
1858690 239
1858700 239
1858710 239
1858720 239
1858730 238
1858740 237
1858750 237
1858760 237
1858770 237
1858780 236
1858790 236
1858800 236
1858810 235
1858820 235
1858830 235
1858840 234
1858850 234
1858860 234
1858870 234
1858880 234
1858890 233
1858900 233
1858910 233
1858920 231
1858930 230
1858940 229
1858950 229
1858960 229
1858970 228
1858980 228
1858990 227
1859000 225
1859010 225
1859020 224
1859030 222
1859040 222
1859050 221
1859060 219
1859070 219
1859080 213
1859090 211
1859100 211
1859110 209
1859120 209
1859130 209
1859140 208
1859150 208
1859160 208
1859170 209
1859180 209
1859190 209
1859200 209
1859210 209
1859220 209
1859230 209
1859240 209
1859250 209
1859260 209
1859270 209
1859280 209
1859290 209
1859300 210
1859310 210
1859320 211
1859330 210
1859340 210
1859350 210
1859360 209
1859370 208
1859380 208
1859390 207
