1840000 254
1840010 253
1840020 253
1840030 253
1840040 253
1840050 253
1840060 252
1840070 252
1840080 252
1840090 252
1840100 252
1840110 252
1840120 252
1840130 252
1840140 252
1840150 251
1840160 251
1840170 251
1840180 251
1840190 251
1840200 251
1840210 251
1840220 250
1840230 249
1840240 250
1840250 251
1840260 251
1840270 251
1840280 251
1840290 251
1840300 251
1840310 251
1840320 251
1840330 251
1840340 251
1840350 251
1840360 251
1840370 251
1840380 251
1840390 251
1840400 251
1840410 251
1840420 251
1840430 251
1840440 251
1840450 251
1840460 251
1840470 252
1840480 252
1840490 252
1840500 252
1840510 252
1840520 252
1840530 252
1840540 252
1840550 252
1840560 252
1840570 252
1840580 252
1840590 253
1840600 253
1840610 253
1840620 253
1840630 253
1840640 253
1840650 254
1840660 254
1840670 254
1840680 254
1840690 254
1840700 254
1840710 254
1840720 254
1840730 254
1840740 255
1840750 255
1840760 255
1840770 255
1840780 255
1840790 255
1840800 255
1840810 256
1840820 256
1840830 256
1840840 256
1840850 256
1840860 257
1840870 257
1840880 257
1840890 258
1840900 259
1840910 259
1840920 259
1840930 260
1840940 260
1840950 261
1840960 262
1840970 262
1840980 263
1840990 265
1841000 265
1841010 268
1841020 270
1841030 270
1841040 272
1841050 274
1841060 274
1841070 275
1841080 277
1841090 277
1841100 277
1841110 278
1841120 278
1841130 279
1841140 280
1841150 281
1841160 281
1841170 282
1841180 284
1841190 284
1841200 285
1841210 285
1841220 285
1841230 286
1841240 286
1841250 286
1841260 287
1841270 287
1841280 287
1841290 287
1841300 287
1841310 287
1841320 287
1841330 286
1841340 286
1841350 286
1841360 286
1841370 286
1841380 286
1841390 285
1841400 285
1841410 285
1841420 285
1841430 285
1841440 284
1841450 284
1841460 284
1841470 283
1841480 283
1841490 283
1841500 282
1841510 282
1841520 282
1841530 282
1841540 282
1841550 282
1841560 282
1841570 281
1841580 281
1841590 281
1841600 281
1841610 281
1841620 281
1841630 281
1841640 281
1841650 281
1841660 282
1841670 282
1841680 282
1841690 283
1841700 283
1841710 283
1841720 283
1841730 284
1841740 284
1841750 284
1841760 285
1841770 285
1841780 286
1841790 286
1841800 286
1841810 287
1841820 287
1841830 287
1841840 288
1841850 288
1841860 288
1841870 288
1841880 289
1841890 289
1841900 289
1841910 289
1841920 289
1841930 289
1841940 290
1841950 290
1841960 290
1841970 290
1841980 290
1841990 290
1842000 290
1842010 290
1842020 290
1842030 291
1842040 291
1842050 291
1842060 291
1842070 292
1842080 292
1842090 292
1842100 292
1842110 292
1842120 292
1842130 292
1842140 292
1842150 293
1842160 293
1842170 293
1842180 293
1842190 293
1842200 293
1842210 293
1842220 293
1842230 293
1842240 293
1842250 294
1842260 294
1842270 294
1842280 294
1842290 294
1842300 294
1842310 295
1842320 295
1842330 295
1842340 295
1842350 295
1842360 295
1842370 295
1842380 296
1842390 296
1842400 296
1842410 296
1842420 296
1842430 296
1842440 295
1842450 295
1842460 296
1842470 296
1842480 296
1842490 297
1842500 297
1842510 297
1842520 297
1842530 296
1842540 296
1842550 295
1842560 295
1842570 295
1842580 294
1842590 294
1842600 294
1842610 295
1842620 295
1842630 295
1842640 295
1842650 295
1842660 295
1842670 294
1842680 294
1842690 294
1842700 294
1842710 294
1842720 294
1842730 294
1842740 294
1842750 294
1842760 294
1842770 294
1842780 294
1842790 294
1842800 293
1842810 293
1842820 293
1842830 293
1842840 292
1842850 292
1842860 292
1842870 292
1842880 292
1842890 292
1842900 292
1842910 292
1842920 292
1842930 292
1842940 292
1842950 292
1842960 292
1842970 292
1842980 292
1842990 292
1843000 292
1843010 292
1843020 291
1843030 291
1843040 291
1843050 291
1843060 291
1843070 290
1843080 290
1843090 290
1843100 289
1843110 289
1843120 289
1843130 289
1843140 288
1843150 288
1843160 288
1843170 288
1843180 287
1843190 287
1843200 286
1843210 286
1843220 286
1843230 285
1843240 284
1843250 284
1843260 283
1843270 282
1843280 282
1843290 281
1843300 280
1843310 280
1843320 279
1843330 279
1843340 279
1843350 278
1843360 278
1843370 278
1843380 277
1843390 277
1843400 277
1843410 276
1843420 276
1843430 276
1843440 276
1843450 275
1843460 275
1843470 275
1843480 275
1843490 275
1843500 275
1843510 274
1843520 274
1843530 274
1843540 273
1843550 273
1843560 273
1843570 273
1843580 273
1843590 273
1843600 273
1843610 273
1843620 273
1843630 272
1843640 272
1843650 272
1843660 272
1843670 272
1843680 272
1843690 271
1843700 272
1843710 272
1843720 272
1843730 272
1843740 272
1843750 272
1843760 272
1843770 272
1843780 271
1843790 271
1843800 271
1843810 270
1843820 269
1843830 269
1843840 269
1843850 269
1843860 269
1843870 269
1843880 269
1843890 268
1843900 268
1843910 268
1843920 267
1843930 267
1843940 267
1843950 266
1843960 266
1843970 266
1843980 266
1843990 266
1844000 266
1844010 265
1844020 265
1844030 265
1844040 265
1844050 265
1844060 265
1844070 264
1844080 264
1844090 264
1844100 264
1844110 264
1844120 264
1844130 264
1844140 264
1844150 263
1844160 263
1844170 263
1844180 262
1844190 262
1844200 262
1844210 262
1844220 262
1844230 262
1844240 262
1844250 261
1844260 261
1844270 261
1844280 261
1844290 260
1844300 260
1844310 260
1844320 260
1844330 260
1844340 259
1844350 259
1844360 259
1844370 258
1844380 258
1844390 258
1844400 257
1844410 257
1844420 257
1844430 256
1844440 256
1844450 256
1844460 256
1844470 255
1844480 255
1844490 255
1844500 254
1844510 254
1844520 254
1844530 253
1844540 253
1844550 253
1844560 253
1844570 253
1844580 252
1844590 251
1844600 251
1844610 251
1844620 250
1844630 250
1844640 250
1844650 249
1844660 248
1844670 248
1844680 248
1844690 247
1844700 247
1844710 246
1844720 246
1844730 246
1844740 246
1844750 246
1844760 246
1844770 246
1844780 246
1844790 246
1844800 247
1844810 247
1844820 247
1844830 247
1844840 247
1844850 247
1844860 247
1844870 247
1844880 247
1844890 247
1844900 247
1844910 247
1844920 247
1844930 248
1844940 248
1844950 248
1844960 248
1844970 248
1844980 249
1844990 249
1845000 249
1845010 250
1845020 250
1845030 250
1845040 250
1845050 251
1845060 252
1845070 252
1845080 252
1845090 253
1845100 253
1845110 254
1845120 255
1845130 255
1845140 256
1845150 257
1845160 257
1845170 258
1845180 259
1845190 259
1845200 260
1845210 261
1845220 261
1845230 264
1845240 265
1845250 265
1845260 267
1845270 268
1845280 268
1845290 270
1845300 271
1845310 271
1845320 272
1845330 274
1845340 274
1845350 275
1845360 277
1845370 277
1845380 278
1845390 279
1845400 279
1845410 280
1845420 280
1845430 280
1845440 281
1845450 282
1845460 283
1845470 283
1845480 283
1845490 284
1845500 284
1845510 285
1845520 286
1845530 286
1845540 287
1845550 289
1845560 289
1845570 290
1845580 290
1845590 291
1845600 291
1845610 291
1845620 291
1845630 291
1845640 291
1845650 291
1845660 290
1845670 290
1845680 290
1845690 289
1845700 288
1845710 288
1845720 288
1845730 287
1845740 287
1845750 287
1845760 286
1845770 286
1845780 285
1845790 285
1845800 285
1845810 284
1845820 282
1845830 282
1845840 282
1845850 281
1845860 280
1845870 280
1845880 279
1845890 278
1845900 278
1845910 276
1845920 277
1845930 277
1845940 275
1845950 274
1845960 274
1845970 273
1845980 273
1845990 273
1846000 272
1846010 272
1846020 272
1846030 271
1846040 271
1846050 271
1846060 271
1846070 272
1846080 272
1846090 272
1846100 274
1846110 274
1846120 275
1846130 277
1846140 277
1846150 277
1846160 278
1846170 278
1846180 279
1846190 280
1846200 280
1846210 281
1846220 283
1846230 284
1846240 284
1846250 284
1846260 284
1846270 284
1846280 282
1846290 282
1846300 277
1846310 275
1846320 273
1846330 273
1846340 272
1846350 272
1846360 272
1846370 272
1846380 272
1846390 272
1846400 271
1846410 271
1846420 271
1846430 271
1846440 270
1846450 270
1846460 269
1846470 268
1846480 268
1846490 267
1846500 266
1846510 266
1846520 265
1846530 265
1846540 265
1846550 264
1846560 264
1846570 264
1846580 264
1846590 264
1846600 264
1846610 264
1846620 264
1846630 264
1846640 264
1846650 262
1846660 262
1846670 262
1846680 261
1846690 261
1846700 261
1846710 261
1846720 261
1846730 261
1846740 261
1846750 261
1846760 261
1846770 260
1846780 259
1846790 259
1846800 259
1846810 260
1846820 260
1846830 260
1846840 259
1846850 259
1846860 259
1846870 259
1846880 259
1846890 261
1846900 264
1846910 264
1846920 266
1846930 266
1846940 266
1846950 265
1846960 262
1846970 262
1846980 260
1846990 259
1847000 255
1847010 255
1847020 254
1847030 254
1847040 254
1847050 254
1847060 254
1847070 254
1847080 254
1847090 255
1847100 255
1847110 255
1847120 256
1847130 256
1847140 257
1847150 258
1847160 258
1847170 261
1847180 264
1847190 264
1847200 263
1847210 261
1847220 261
1847230 259
1847240 256
1847250 256
1847260 255
1847270 253
1847280 253
1847290 253
1847300 254
1847310 254
1847320 257
1847330 261
1847340 261
1847350 265
1847360 266
1847370 266
1847380 268
1847390 269
1847400 271
1847410 271
1847420 274
1847430 275
1847440 275
1847450 276
1847460 275
1847470 275
1847480 274
1847490 274
1847500 274
1847510 273
1847520 272
1847530 272
1847540 271
1847550 271
1847560 271
1847570 271
1847580 270
1847590 270
1847600 268
1847610 266
1847620 266
1847630 265
1847640 264
1847650 264
1847660 265
1847670 266
1847680 266
1847690 268
1847700 270
1847710 268
1847720 268
1847730 265
1847740 265
1847750 262
1847760 261
1847770 261
1847780 260
1847790 260
1847800 259
1847810 259
1847820 259
1847830 259
1847840 259
1847850 260
1847860 263
1847870 263
1847880 265
1847890 266
1847900 266
1847910 262
1847920 258
1847930 258
1847940 253
1847950 250
1847960 250
1847970 248
1847980 249
1847990 249
1848000 248
1848010 248
1848020 248
1848030 250
1848040 251
1848050 251
1848060 245
1848070 244
1848080 244
1848090 244
1848100 246
1848110 246
1848120 248
1848130 249
1848140 249
1848150 248
1848160 248
1848170 248
1848180 248
1848190 248
1848200 248
1848210 248
1848220 249
1848230 250
1848240 250
1848250 250
1848260 252
1848270 252
1848280 254
1848290 256
1848300 256
1848310 256
1848320 255
1848330 255
1848340 256
1848350 256
1848360 256
1848370 257
1848380 259
1848390 259
1848400 261
1848410 260
1848420 260
1848430 262
1848440 261
1848450 261
1848460 259
1848470 256
1848480 256
1848490 253
1848500 252
1848510 252
1848520 252
1848530 250
1848540 250
1848550 248
1848560 246
1848570 246
1848580 244
1848590 242
1848600 239
1848610 239
1848620 236
1848630 239
1848640 239
1848650 244
1848660 249
1848670 249
1848680 252
1848690 254
1848700 254
1848710 255
1848720 255
1848730 255
1848740 255
1848750 256
1848760 255
1848770 257
1848780 260
1848790 260
1848800 262
1848810 264
1848820 264
1848830 266
1848840 269
1848850 269
1848860 270
1848870 272
1848880 272
1848890 273
1848900 274
1848910 274
1848920 274
1848930 274
1848940 274
1848950 275
1848960 275
1848970 274
1848980 274
1848990 274
1849000 273
1849010 273
1849020 272
1849030 271
1849040 271
1849050 270
1849060 269
1849070 269
1849080 269
1849090 267
1849100 267
1849110 265
1849120 260
1849130 260
1849140 256
1849150 252
1849160 252
1849170 250
1849180 249
1849190 249
1849200 249
1849210 249
1849220 249
1849230 248
1849240 247
1849250 247
1849260 247
1849270 248
1849280 248
1849290 247
1849300 246
1849310 246
1849320 244
1849330 243
1849340 243
1849350 242
1849360 240
1849370 238
1849380 238
1849390 236
1849400 235
1849410 235
1849420 232
1849430 230
1849440 230
1849450 227
1849460 226
1849470 224
1849480 225
1849490 227
1849500 227
1849510 228
1849520 229
1849530 229
1849540 230
1849550 231
1849560 231
1849570 234
1849580 238
1849590 238
1849600 241
1849610 242
1849620 242
1849630 244
1849640 249
1849650 249
1849660 254
1849670 256
1849680 256
1849690 259
1849700 263
1849710 263
1849720 266
1849730 270
1849740 270
1849750 271
1849760 274
1849770 275
1849780 275
1849790 277
1849800 279
1849810 279
1849820 280
1849830 282
1849840 282
1849850 284
1849860 285
1849870 285
1849880 286
1849890 287
1849900 287
1849910 288
1849920 288
1849930 288
1849940 288
1849950 288
1849960 288
1849970 288
1849980 288
1849990 288
1850000 289
1850010 289
1850020 289
1850030 289
1850040 289
1850050 289
1850060 289
1850070 288
1850080 288
1850090 288
1850100 288
1850110 288
1850120 288
1850130 288
1850140 288
1850150 288
1850160 288
1850170 288
1850180 288
1850190 288
1850200 288
1850210 288
1850220 288
1850230 288
1850240 288
1850250 288
1850260 288
1850270 288
1850280 288
1850290 288
1850300 288
1850310 287
1850320 287
1850330 287
1850340 287
1850350 287
1850360 287
1850370 286
1850380 286
1850390 286
1850400 286
1850410 286
1850420 286
1850430 286
1850440 285
1850450 285
1850460 285
1850470 284
1850480 284
1850490 284
1850500 284
1850510 284
1850520 283
1850530 283
1850540 283
1850550 283
1850560 283
1850570 282
1850580 282
1850590 282
1850600 282
1850610 282
1850620 282
1850630 282
1850640 282
1850650 281
1850660 281
1850670 281
1850680 280
1850690 280
1850700 280
1850710 279
1850720 279
1850730 279
1850740 278
1850750 278
1850760 278
1850770 278
1850780 277
1850790 277
1850800 277
1850810 277
1850820 277
1850830 277
1850840 277
1850850 277
1850860 277
1850870 277
1850880 277
1850890 277
1850900 277
1850910 277
1850920 277
1850930 277
1850940 277
1850950 277
1850960 277
1850970 276
1850980 276
1850990 276
1851000 276
1851010 276
1851020 276
1851030 275
1851040 275
1851050 275
1851060 275
1851070 275
1851080 275
1851090 276
1851100 276
1851110 276
1851120 276
1851130 276
1851140 276
1851150 276
1851160 276
1851170 277
1851180 277
1851190 277
1851200 278
1851210 278
1851220 279
1851230 279
1851240 280
1851250 280
1851260 280
1851270 280
1851280 280
1851290 280
1851300 280
1851310 280
1851320 280
1851330 280
1851340 279
1851350 279
1851360 279
1851370 279
1851380 279
1851390 279
1851400 279
1851410 279
1851420 279
1851430 279
1851440 279
1851450 279
1851460 279
1851470 279
1851480 279
1851490 278
1851500 278
1851510 278
1851520 278
1851530 278
1851540 278
1851550 278
1851560 278
1851570 278
1851580 278
1851590 278
1851600 278
1851610 277
1851620 277
1851630 277
1851640 277
1851650 277
1851660 277
1851670 276
1851680 276
1851690 276
1851700 276
1851710 276
1851720 276
1851730 275
1851740 275
1851750 275
1851760 275
1851770 275
1851780 275
1851790 275
1851800 275
1851810 275
1851820 274
1851830 274
1851840 274
1851850 274
1851860 274
1851870 274
1851880 273
1851890 273
1851900 273
1851910 273
1851920 272
1851930 272
1851940 272
1851950 272
1851960 272
1851970 272
1851980 272
1851990 272
1852000 272
1852010 271
1852020 271
1852030 271
1852040 271
1852050 271
1852060 271
1852070 271
1852080 271
1852090 270
1852100 270
1852110 270
1852120 270
1852130 270
1852140 269
1852150 269
1852160 269
1852170 269
1852180 269
1852190 269
1852200 269
1852210 269
1852220 268
1852230 268
1852240 268
1852250 268
1852260 267
1852270 267
1852280 267
1852290 266
1852300 266
1852310 266
1852320 266
1852330 266
1852340 266
1852350 266
1852360 266
1852370 266
1852380 265
1852390 265
1852400 265
1852410 265
1852420 265
1852430 265
1852440 265
1852450 265
1852460 264
1852470 264
1852480 264
1852490 264
1852500 264
1852510 263
1852520 263
1852530 263
1852540 263
1852550 263
1852560 262
1852570 262
1852580 262
1852590 262
1852600 262
1852610 261
1852620 261
1852630 261
1852640 261
1852650 261
1852660 260
1852670 260
1852680 260
1852690 260
1852700 260
1852710 259
1852720 259
1852730 259
1852740 259
1852750 259
1852760 259
1852770 258
1852780 258
1852790 258
1852800 258
1852810 257
1852820 257
1852830 257
1852840 257
1852850 257
1852860 257
1852870 257
1852880 257
1852890 257
1852900 257
1852910 256
1852920 256
1852930 256
1852940 256
1852950 256
1852960 256
1852970 256
1852980 256
1852990 256
1853000 256
1853010 256
1853020 255
1853030 255
1853040 255
1853050 255
1853060 255
1853070 255
1853080 255
1853090 255
1853100 255
1853110 254
1853120 254
1853130 254
1853140 254
1853150 254
1853160 254
1853170 254
1853180 253
1853190 253
1853200 253
1853210 253
1853220 253
1853230 253
1853240 253
1853250 253
1853260 253
1853270 253
1853280 253
1853290 252
1853300 252
1853310 252
1853320 252
1853330 252
1853340 252
1853350 252
1853360 252
1853370 252
1853380 252
1853390 252
1853400 252
1853410 252
1853420 251
1853430 251
1853440 251
1853450 251
1853460 251
1853470 251
1853480 251
1853490 250
1853500 250
1853510 250
1853520 250
1853530 250
1853540 250
1853550 249
1853560 249
1853570 249
1853580 249
1853590 249
1853600 248
1853610 248
1853620 248
1853630 248
1853640 247
1853650 247
1853660 247
1853670 247
1853680 247
1853690 246
1853700 246
1853710 246
1853720 246
1853730 246
1853740 246
1853750 246
1853760 245
1853770 245
1853780 245
1853790 245
1853800 245
1853810 245
1853820 245
1853830 245
1853840 245
1853850 245
1853860 245
1853870 245
1853880 245
1853890 245
1853900 245
1853910 245
1853920 245
1853930 245
1853940 245
1853950 245
1853960 245
1853970 246
1853980 246
1853990 246
1854000 247
1854010 247
1854020 247
1854030 247
1854040 247
1854050 247
1854060 247
1854070 248
1854080 248
1854090 248
1854100 249
1854110 249
1854120 249
1854130 249
1854140 249
1854150 249
1854160 250
1854170 250
1854180 250
1854190 250
1854200 251
1854210 251
1854220 251
1854230 251
1854240 251
1854250 252
1854260 252
1854270 252
1854280 253
1854290 253
1854300 253
1854310 253
1854320 254
1854330 254
1854340 254
1854350 255
1854360 255
1854370 256
1854380 256
1854390 256
1854400 257
1854410 257
1854420 257
1854430 258
1854440 258
1854450 258
1854460 259
1854470 259
1854480 260
1854490 260
1854500 261
1854510 261
1854520 261
1854530 261
1854540 262
1854550 262
1854560 263
1854570 264
1854580 264
1854590 264
1854600 265
1854610 265
1854620 265
1854630 266
1854640 266
1854650 266
1854660 267
1854670 267
1854680 267
1854690 268
1854700 268
1854710 268
1854720 268
1854730 268
1854740 269
1854750 269
1854760 269
1854770 270
1854780 270
1854790 270
1854800 270
1854810 270
1854820 270
1854830 271
1854840 271
1854850 271
1854860 271
1854870 271
1854880 271
1854890 271
1854900 271
1854910 271
1854920 271
1854930 271
1854940 271
1854950 271
1854960 270
1854970 271
1854980 271
1854990 271
1855000 271
1855010 271
1855020 271
1855030 270
1855040 271
1855050 270
1855060 270
1855070 270
1855080 270
1855090 270
1855100 270
1855110 270
1855120 270
1855130 270
1855140 270
1855150 270
1855160 270
1855170 269
1855180 269
1855190 269
1855200 269
1855210 269
1855220 269
1855230 268
1855240 268
1855250 268
1855260 268
1855270 268
1855280 267
1855290 267
1855300 267
1855310 267
1855320 267
1855330 267
1855340 266
1855350 266
1855360 266
1855370 265
1855380 265
1855390 265
1855400 265
1855410 265
1855420 264
1855430 264
1855440 264
1855450 264
1855460 263
1855470 263
1855480 263
1855490 263
1855500 263
1855510 263
1855520 262
1855530 262
1855540 262
1855550 262
1855560 262
1855570 262
1855580 261
1855590 261
1855600 261
1855610 261
1855620 261
1855630 261
1855640 261
1855650 260
1855660 260
1855670 260
1855680 260
1855690 260
1855700 260
1855710 260
1855720 260
1855730 259
1855740 259
1855750 259
1855760 259
1855770 259
1855780 259
1855790 258
1855800 258
1855810 258
1855820 258
1855830 258
1855840 258
1855850 258
1855860 257
1855870 257
1855880 257
1855890 257
1855900 257
1855910 257
1855920 257
1855930 257
1855940 257
1855950 257
1855960 257
1855970 256
1855980 256
1855990 256
1856000 256
1856010 256
1856020 256
1856030 255
1856040 255
1856050 255
1856060 255
1856070 254
1856080 254
1856090 254
1856100 254
1856110 254
1856120 254
1856130 254
1856140 253
1856150 253
1856160 253
1856170 253
1856180 253
1856190 253
1856200 253
1856210 253
1856220 252
1856230 252
1856240 252
1856250 252
1856260 251
1856270 251
1856280 251
1856290 251
1856300 251
1856310 251
1856320 251
1856330 251
1856340 251
1856350 250
1856360 250
1856370 250
1856380 250
1856390 250
1856400 250
1856410 249
1856420 249
1856430 249
1856440 249
1856450 249
1856460 249
1856470 248
1856480 248
1856490 248
1856500 248
1856510 248
1856520 248
1856530 247
1856540 247
1856550 247
1856560 247
1856570 247
1856580 247
1856590 247
1856600 247
1856610 247
1856620 246
1856630 246
1856640 246
1856650 246
1856660 246
1856670 246
1856680 246
1856690 246
1856700 246
1856710 246
1856720 245
1856730 245
1856740 245
1856750 245
1856760 245
1856770 245
1856780 245
1856790 245
1856800 245
1856810 245
1856820 245
1856830 245
1856840 244
1856850 244
1856860 244
1856870 244
1856880 244
1856890 244
1856900 244
1856910 244
1856920 244
1856930 244
1856940 243
1856950 243
1856960 243
1856970 243
1856980 243
1856990 243
1857000 243
1857010 243
1857020 243
1857030 243
1857040 243
1857050 243
1857060 242
1857070 242
1857080 242
1857090 242
1857100 242
1857110 242
1857120 242
1857130 242
1857140 242
1857150 242
1857160 242
1857170 241
1857180 241
1857190 241
1857200 241
1857210 241
1857220 241
1857230 241
1857240 241
1857250 241
1857260 241
1857270 241
1857280 241
1857290 241
1857300 241
1857310 240
1857320 240
1857330 240
1857340 240
1857350 240
1857360 241
1857370 241
1857380 241
1857390 241
1857400 241
1857410 241
1857420 241
1857430 241
1857440 241
1857450 240
1857460 240
1857470 240
1857480 240
1857490 240
1857500 240
1857510 240
1857520 240
1857530 240
1857540 240
1857550 240
1857560 240
1857570 240
1857580 240
1857590 240
1857600 240
1857610 239
1857620 239
1857630 239
1857640 239
1857650 239
1857660 239
1857670 239
1857680 239
1857690 239
1857700 238
1857710 238
1857720 238
1857730 238
1857740 238
1857750 238
1857760 237
1857770 237
1857780 237
1857790 237
1857800 237
1857810 237
1857820 237
1857830 236
1857840 236
1857850 236
1857860 236
1857870 236
1857880 236
1857890 236
1857900 236
1857910 235
1857920 235
1857930 235
1857940 234
1857950 234
1857960 234
1857970 234
1857980 234
1857990 234
1858000 234
1858010 234
1858020 234
1858030 234
1858040 233
1858050 233
1858060 233
1858070 233
1858080 232
1858090 232
1858100 232
1858110 232
1858120 232
1858130 231
1858140 231
1858150 231
1858160 230
1858170 230
1858180 230
1858190 230
1858200 229
1858210 229
1858220 229
1858230 228
1858240 228
1858250 227
1858260 226
1858270 226
1858280 225
1858290 223
1858300 223
1858310 222
1858320 220
1858330 220
1858340 218
1858350 217
1858360 217
1858370 215
1858380 214
1858390 214
1858400 213
1858410 213
1858420 212
1858430 212
1858440 212
1858450 213
1858460 213
1858470 213
1858480 215
1858490 215
1858500 215
1858510 216
1858520 216
1858530 217
1858540 217
1858550 217
1858560 217
1858570 216
1858580 216
1858590 215
1858600 214
1858610 214
1858620 213
1858630 212
1858640 212
1858650 212
1858660 212
1858670 212
1858680 213
1858690 213
1858700 213
1858710 214
1858720 215
1858730 215
1858740 216
1858750 217
1858760 217
1858770 218
1858780 219
1858790 219
1858800 219
1858810 219
1858820 220
1858830 220
1858840 220
1858850 220
1858860 220
1858870 220
1858880 220
1858890 220
1858900 220
1858910 220
1858920 220
1858930 220
1858940 220
1858950 220
1858960 220
1858970 220
1858980 220
1858990 220
1859000 220
1859010 220
1859020 220
