1840000 253
1840010 253
1840020 253
1840030 253
1840040 254
1840050 254
1840060 254
1840070 254
1840080 254
1840090 254
1840100 254
1840110 255
1840120 255
1840130 255
1840140 255
1840150 255
1840160 255
1840170 255
1840180 255
1840190 255
1840200 255
1840210 255
1840220 255
1840230 256
1840240 256
1840250 256
1840260 256
1840270 256
1840280 256
1840290 256
1840300 256
1840310 257
1840320 257
1840330 257
1840340 257
1840350 257
1840360 257
1840370 257
1840380 258
1840390 258
1840400 258
1840410 258
1840420 258
1840430 258
1840440 259
1840450 259
1840460 259
1840470 260
1840480 260
1840490 260
1840500 261
1840510 261
1840520 261
1840530 261
1840540 262
1840550 262
1840560 262
1840570 262
1840580 262
1840590 263
1840600 263
1840610 263
1840620 264
1840630 264
1840640 264
1840650 264
1840660 265
1840670 265
1840680 265
1840690 265
1840700 265
1840710 266
1840720 266
1840730 266
1840740 266
1840750 267
1840760 267
1840770 267
1840780 267
1840790 267
1840800 268
1840810 268
1840820 268
1840830 269
1840840 269
1840850 270
1840860 270
1840870 270
1840880 270
1840890 270
1840900 271
1840910 271
1840920 271
1840930 272
1840940 272
1840950 272
1840960 272
1840970 273
1840980 273
1840990 273
1841000 274
1841010 274
1841020 274
1841030 275
1841040 275
1841050 275
1841060 276
1841070 276
1841080 276
1841090 277
1841100 277
1841110 277
1841120 277
1841130 277
1841140 278
1841150 278
1841160 279
1841170 279
1841180 280
1841190 280
1841200 280
1841210 281
1841220 281
1841230 281
1841240 282
1841250 283
1841260 283
1841270 284
1841280 284
1841290 284
1841300 285
1841310 285
1841320 285
1841330 286
1841340 286
1841350 286
1841360 287
1841370 288
1841380 288
1841390 289
1841400 289
1841410 289
1841420 290
1841430 291
1841440 291
1841450 291
1841460 292
1841470 292
1841480 292
1841490 293
1841500 293
1841510 293
1841520 294
1841530 294
1841540 294
1841550 295
1841560 295
1841570 295
1841580 295
1841590 295
1841600 295
1841610 296
1841620 296
1841630 296
1841640 296
1841650 297
1841660 297
1841670 297
1841680 297
1841690 297
1841700 298
1841710 298
1841720 298
1841730 298
1841740 298
1841750 298
1841760 298
1841770 298
1841780 298
1841790 298
1841800 298
1841810 298
1841820 298
1841830 298
1841840 298
1841850 298
1841860 298
1841870 298
1841880 297
1841890 297
1841900 297
1841910 297
1841920 297
1841930 297
1841940 296
1841950 296
1841960 296
1841970 296
1841980 296
1841990 296
1842000 296
1842010 296
1842020 296
1842030 296
1842040 296
1842050 296
1842060 296
1842070 296
1842080 296
1842090 296
1842100 296
1842110 296
1842120 296
1842130 295
1842140 295
1842150 295
1842160 295
1842170 295
1842180 295
1842190 294
1842200 294
1842210 294
1842220 294
1842230 292
1842240 291
1842250 291
1842260 291
1842270 291
1842280 289
1842290 289
1842300 289
1842310 287
1842320 287
1842330 287
1842340 286
1842350 285
1842360 285
1842370 283
1842380 281
1842390 281
1842400 279
1842410 278
1842420 276
1842430 276
1842440 275
1842450 273
1842460 273
1842470 271
1842480 270
1842490 270
1842500 268
1842510 267
1842520 267
1842530 266
1842540 265
1842550 265
1842560 263
1842570 262
1842580 262
1842590 261
1842600 260
1842610 260
1842620 259
1842630 259
1842640 259
1842650 258
1842660 257
1842670 257
1842680 256
1842690 255
1842700 255
1842710 254
1842720 253
1842730 253
1842740 253
1842750 253
1842760 253
1842770 252
1842780 252
1842790 252
1842800 251
1842810 251
1842820 251
1842830 251
1842840 252
1842850 252
1842860 252
1842870 253
1842880 253
1842890 253
1842900 254
1842910 254
1842920 254
1842930 254
1842940 255
1842950 251
1842960 251
1842970 251
1842980 251
1842990 252
1843000 252
1843010 252
1843020 252
1843030 253
1843040 253
1843050 254
1843060 255
1843070 255
1843080 256
1843090 258
1843100 258
1843110 260
1843120 263
1843130 263
1843140 265
1843150 266
1843160 266
1843170 265
1843180 265
1843190 265
1843200 264
1843210 263
1843220 262
1843230 262
1843240 261
1843250 261
1843260 261
1843270 260
1843280 260
1843290 260
1843300 259
1843310 258
1843320 258
1843330 257
1843340 257
1843350 257
1843360 256
1843370 256
1843380 256
1843390 256
1843400 256
1843410 256
1843420 255
1843430 256
1843440 256
1843450 256
1843460 256
1843470 256
1843480 256
1843490 256
1843500 256
1843510 256
1843520 256
1843530 256
1843540 255
1843550 255
1843560 255
1843570 255
1843580 255
1843590 255
1843600 255
1843610 255
1843620 255
1843630 255
1843640 254
1843650 254
1843660 254
1843670 253
1843680 253
1843690 253
1843700 253
1843710 252
1843720 252
1843730 252
1843740 252
1843750 252
1843760 252
1843770 252
1843780 252
1843790 252
1843800 252
1843810 252
1843820 253
1843830 253
1843840 253
1843850 254
1843860 254
1843870 254
1843880 254
1843890 255
1843900 255
1843910 255
1843920 255
1843930 255
1843940 254
1843950 254
1843960 254
1843970 254
1843980 253
1843990 253
1844000 253
1844010 253
1844020 252
1844030 252
1844040 252
1844050 251
1844060 251
1844070 251
1844080 250
1844090 250
1844100 250
1844110 250
1844120 250
1844130 250
1844140 250
1844150 250
1844160 250
1844170 249
1844180 249
1844190 249
1844200 248
1844210 248
1844220 248
1844230 248
1844240 248
1844250 247
1844260 247
1844270 247
1844280 246
1844290 246
1844300 246
1844310 246
1844320 245
1844330 245
1844340 245
1844350 244
1844360 244
1844370 244
1844380 243
1844390 243
1844400 243
1844410 242
1844420 241
1844430 241
1844440 241
1844450 240
1844460 240
1844470 240
1844480 239
1844490 239
1844500 239
1844510 238
1844520 238
1844530 238
1844540 237
1844550 237
1844560 237
1844570 237
1844580 237
1844590 236
1844600 236
1844610 236
1844620 236
1844630 236
1844640 236
1844650 236
1844660 237
1844670 237
1844680 237
1844690 238
1844700 238
1844710 238
1844720 239
1844730 239
1844740 241
1844750 241
1844760 241
1844770 242
1844780 242
1844790 243
1844800 243
1844810 244
1844820 244
1844830 244
1844840 245
1844850 246
1844860 246
1844870 247
1844880 248
1844890 248
1844900 249
1844910 249
1844920 249
1844930 250
1844940 251
1844950 251
1844960 252
1844970 253
1844980 253
1844990 255
1845000 256
1845010 256
1845020 257
1845030 258
1845040 258
1845050 259
1845060 261
1845070 261
1845080 262
1845090 263
1845100 263
1845110 264
1845120 265
1845130 265
1845140 266
1845150 267
1845160 267
1845170 267
1845180 268
1845190 268
1845200 268
1845210 268
1845220 268
1845230 268
1845240 268
1845250 267
1845260 267
1845270 265
1845280 264
1845290 264
1845300 263
1845310 263
1845320 263
1845330 264
1845340 264
1845350 264
1845360 264
1845370 264
1845380 264
1845390 264
1845400 263
1845410 263
1845420 263
1845430 262
1845440 260
1845450 259
1845460 259
1845470 259
1845480 258
1845490 257
1845500 257
1845510 256
1845520 255
1845530 255
1845540 254
1845550 254
1845560 254
1845570 253
1845580 252
1845590 250
1845600 250
1845610 249
1845620 248
1845630 248
1845640 247
1845650 246
1845660 246
1845670 245
1845680 245
1845690 245
1845700 244
1845710 243
1845720 243
1845730 242
1845740 242
1845750 242
1845760 242
1845770 242
1845780 242
1845790 240
1845800 237
1845810 237
1845820 239
1845830 237
1845840 237
1845850 238
1845860 238
1845870 238
1845880 238
1845890 237
1845900 237
1845910 236
1845920 234
1845930 234
1845940 233
1845950 233
1845960 231
1845970 231
1845980 230
1845990 229
1846000 229
1846010 228
1846020 228
1846030 228
1846040 227
1846050 226
1846060 226
1846070 225
1846080 224
1846090 224
1846100 223
1846110 222
1846120 222
1846130 221
1846140 220
1846150 220
1846160 219
1846170 218
1846180 218
1846190 217
1846260 216
1846270 216
1846280 216
1846290 216
1846300 216
1846310 216
1846320 216
1846330 216
1846340 216
1846350 216
1846360 216
1846370 216
1846380 216
1846390 216
1846400 216
1846410 215
1846420 214
1846430 214
1846440 215
1846450 216
1846460 216
1846470 217
1846480 218
1846490 218
1846500 218
1846510 219
1846520 219
1846530 219
1846540 219
1846550 219
1846560 219
1846570 219
1846580 219
1846590 219
1846600 219
1846610 219
1846620 220
1846630 220
1846640 220
1846650 220
1846660 220
1846670 220
1846680 220
1846690 220
1846700 220
1846710 220
1846720 220
1846730 220
1846740 220
1846750 220
1846760 220
1846770 220
1846780 220
1846790 220
1846800 220
1846810 220
1846820 220
1846830 220
1846840 220
1846850 219
1846860 220
1846870 220
1846880 219
1846890 219
1846900 219
1846910 219
1846920 219
1846930 218
1846940 218
1846950 218
1846960 217
1846970 217
1846980 217
1846990 216
1847000 216
1847010 216
1847020 215
1847030 215
1847040 215
1847050 214
1847060 214
1847070 214
1847080 214
1847090 213
1847100 213
1847110 213
1847120 213
1847130 213
1847140 213
1847150 213
1847160 213
1847170 213
1847180 212
1847190 212
1847200 212
1847210 213
1847220 213
1847230 213
1847240 212
1847250 212
1847260 212
1847270 212
1847280 212
1847290 212
1847300 211
1847310 211
1847320 211
1847330 211
1847340 211
1847350 211
1847360 211
1847370 211
1847380 211
1847390 211
1847400 211
1847410 211
1847420 210
1847430 210
1847440 210
1847450 210
1847460 210
1847470 210
1847480 210
1847490 210
1847500 210
1847510 210
1847520 210
1847530 210
1847540 210
1847550 210
1847560 210
1847570 210
1847580 210
1847590 210
1847600 210
1847610 210
1847620 211
1847630 211
1847640 211
1847650 211
1847660 211
1847670 212
1847680 212
1847690 212
1847700 212
1847710 213
1847720 213
1847730 213
1847740 213
1847750 213
1847760 214
1847770 214
1847780 214
1847790 214
1847800 214
1847810 214
1847820 214
1847830 214
1847840 214
1847850 214
1847860 213
1847870 213
1847880 213
1847890 213
1847900 213
1847910 213
1847920 214
1847930 214
1847940 214
1847950 214
1847960 214
1847970 214
1847980 214
1847990 214
1848000 214
1848010 214
1848020 213
1848030 213
1848040 213
1848050 212
1848060 212
1848070 212
1848080 211
1848090 211
1848100 211
1848110 210
1848120 210
1848130 210
1848140 210
1848150 210
1848160 210
1848170 210
1848180 210
1848190 209
1848200 209
1848210 209
1848220 209
1848230 209
1848240 209
1848250 209
1848260 209
1848270 209
1848280 209
1848290 209
1848300 209
1848310 208
1848320 208
1848330 207
1848340 207
1848350 206
1848360 206
1848370 206
1848380 206
1848390 206
1848400 206
1848410 206
1848420 206
1848430 206
1848440 206
1848450 206
1848460 206
1848470 206
1848480 206
1848490 206
1848500 206
1848510 206
1848520 206
1848530 206
1848540 206
1848550 206
1848560 206
1848570 205
1848580 205
1848590 205
1848600 205
1848610 205
1848620 206
1848630 206
1848640 206
1848650 206
1848660 206
1848670 206
1848680 206
1848690 205
1848700 205
1848710 205
1848720 205
1848730 205
1848740 205
1848750 204
1848760 204
1848770 204
1848780 204
1848790 204
1848800 204
1848810 204
1848820 204
1848830 204
1848840 204
1848850 204
1848860 204
1848870 204
1848880 204
1848890 204
1848900 204
1848910 204
1848920 204
1848930 204
1848940 204
1848950 204
1848960 203
1848970 204
1848980 204
1848990 203
1849000 203
1849010 203
1849020 203
1849030 203
1849040 203
1849050 203
1849060 203
1849070 203
1849080 203
1849090 203
1849100 203
1849110 203
1849120 203
1849130 203
1849140 203
1849150 203
1849160 203
1849170 203
1849180 203
1849190 203
1849200 203
1849210 203
1849220 203
1849230 203
1849240 203
1849250 203
1849260 203
1849270 203
1849280 203
1849290 203
1849300 203
1849310 203
1849320 203
1849330 203
1849340 202
1849350 202
1849360 202
1849370 202
1849380 202
1849390 202
1849400 202
1849410 202
1849420 202
1849430 201
1849440 201
1849450 201
1849460 201
1849470 201
1849480 201
1849490 201
1849500 201
1849510 200
1849520 200
1849530 200
1849540 200
1849550 201
1849560 202
1849570 202
1849580 203
1849590 205
1849600 205
1849610 207
1849620 210
1849630 210
1849640 212
1849650 215
1849660 215
1849670 218
1849680 219
1849690 219
1849700 222
1849710 225
1849720 225
1849730 228
1849740 232
1849750 232
1849760 236
1849770 240
1849780 240
1849790 242
1849800 244
1849810 244
1849820 244
1849830 246
1849840 246
1849850 250
1849860 256
1849870 256
1849880 262
1849890 268
1849900 268
1849910 274
1849920 276
1849930 276
1849940 276
1849950 276
1849960 276
1849970 276
1849980 276
1849990 276
1850000 276
1850010 276
1850020 275
1850030 275
1850040 273
1850050 271
1850060 271
1850070 269
1850080 265
1850090 265
1850100 262
1850110 260
1850120 260
1850130 256
1850140 254
1850150 254
1850160 253
1850170 251
1850180 251
1850190 250
1850200 248
1850210 248
1850220 247
1850230 247
1850240 247
1850250 247
1850260 247
1850270 247
1850280 248
1850290 249
1850300 251
1850310 251
1850320 254
1850330 255
1850340 255
1850350 258
1850360 261
1850370 261
1850380 263
1850390 265
1850400 265
1850410 265
1850420 264
1850430 264
1850440 265
1850450 266
1850460 266
1850470 267
1850480 268
1850490 268
1850500 269
1850510 269
1850520 269
1850530 268
1850540 267
1850550 267
1850560 267
1850570 266
1850580 266
1850590 266
1850600 265
1850610 265
1850620 266
1850630 266
1850640 266
1850650 266
1850660 267
1850670 267
1850680 268
1850690 269
1850700 269
1850710 269
1850720 269
1850730 268
1850740 268
1850750 268
1850760 268
1850770 268
1850780 268
1850790 268
1850800 268
1850810 269
1850820 269
1850830 269
1850840 270
1850850 270
1850860 270
1850870 271
1850880 271
1850890 271
1850900 272
1850910 272
1850920 272
1850930 273
1850940 273
1850950 273
1850960 273
1850970 274
1850980 274
1850990 274
1851000 274
1851010 274
1851020 274
1851030 275
1851040 275
1851050 275
1851060 275
1851070 275
1851080 275
1851090 274
1851100 274
1851110 274
1851120 274
1851130 274
1851140 274
1851150 274
1851160 273
1851170 273
1851180 273
1851190 273
1851200 273
1851210 272
1851220 272
1851230 272
1851240 271
1851250 271
1851260 271
1851270 271
1851280 270
1851290 270
1851300 270
1851310 270
1851320 270
1851330 270
1851340 269
1851350 269
1851360 269
1851370 269
1851380 269
1851390 270
1851400 270
1851410 270
1851420 270
1851430 269
1851440 269
1851450 269
1851460 269
1851470 269
1851480 269
1851490 269
1851500 269
1851510 269
1851520 269
1851530 268
1851540 268
1851550 268
1851560 268
1851570 268
1851580 268
1851590 268
1851600 268
1851610 267
1851620 267
1851630 267
1851640 267
1851650 267
1851660 267
1851670 267
1851680 266
1851690 266
1851700 266
1851710 266
1851720 266
1851730 266
1851740 266
1851750 266
1851760 265
1851770 265
1851780 265
1851790 265
1851800 265
1851810 265
1851820 265
1851830 265
1851840 265
1851850 265
1851860 265
1851870 265
1851880 265
1851890 265
1851900 265
1851910 265
1851920 265
1851930 265
1851940 265
1851950 265
1851960 265
1851970 265
1851980 264
1851990 264
1852000 264
1852010 264
1852020 263
1852030 263
1852040 263
1852050 263
1852060 263
1852070 262
1852080 262
1852090 262
1852100 261
1852110 261
1852120 260
1852130 259
1852140 259
1852150 259
1852160 258
1852170 258
1852180 258
1852190 258
1852200 258
1852210 258
1852220 258
1852230 258
1852240 258
1852250 258
1852260 257
1852270 257
1852280 257
1852290 256
1852300 256
1852310 256
1852320 255
1852330 254
1852340 254
1852350 252
1852360 250
1852370 250
1852380 248
1852390 249
1852400 249
1852410 252
1852420 254
1852430 254
1852440 255
1852450 256
1852460 256
1852470 256
1852480 256
1852490 256
1852500 256
1852510 256
1852520 256
1852530 256
1852540 255
1852550 255
1852560 255
1852570 255
1852580 255
1852590 255
1852600 254
1852610 254
1852620 254
1852630 254
1852640 254
1852650 253
1852660 252
1852670 250
1852680 250
1852690 248
1852700 244
1852710 244
1852720 241
1852730 237
1852740 237
1852750 234
1852760 232
1852770 232
1852780 229
1852790 226
1852800 226
1852810 227
1852820 230
1852830 230
1852840 233
1852850 236
1852860 236
1852870 239
1852880 242
1852890 242
1852900 246
1852910 248
1852920 248
1852930 249
1852940 250
1852950 250
1852960 250
1852970 250
1852980 250
1852990 250
1853000 250
1853010 250
1853020 250
1853030 250
1853040 250
1853050 250
1853060 250
1853070 250
1853080 250
1853090 250
1853100 250
1853110 250
1853120 249
1853130 249
1853140 249
1853150 249
1853160 249
1853170 249
1853180 249
1853190 248
1853200 248
1853210 248
1853220 248
1853230 248
1853240 248
1853250 248
1853260 248
1853270 248
1853280 248
1853290 248
1853300 248
1853310 248
1853320 248
1853330 248
1853340 248
1853350 248
1853360 248
1853370 247
1853380 247
1853390 247
1853400 247
1853410 247
1853420 247
1853430 247
1853440 247
1853450 247
1853460 247
1853470 246
1853480 246
1853490 246
1853500 246
1853510 246
1853520 246
1853530 245
1853540 245
1853550 246
1853560 247
1853570 247
1853580 247
1853590 248
1853600 248
1853610 248
1853620 248
1853630 248
1853640 248
1853650 249
1853660 249
1853670 249
1853680 249
1853690 249
1853700 250
1853710 250
1853720 250
1853730 250
1853740 251
1853750 251
1853760 251
1853770 251
1853780 251
1853790 252
1853800 252
1853810 252
1853820 253
1853830 253
1853840 253
1853850 253
1853860 254
1853870 254
1853880 254
1853890 255
1853900 255
1853910 255
1853920 255
1853930 256
1853940 256
1853950 256
1853960 256
1853970 256
1853980 257
1853990 257
1854000 257
1854010 257
1854020 258
1854030 258
1854040 258
1854050 259
1854060 259
1854070 259
1854080 260
1854090 260
1854100 260
1854110 261
1854120 261
1854130 261
1854140 262
1854150 262
1854160 262
1854170 263
1854180 263
1854190 263
1854200 264
1854210 264
1854220 265
1854230 265
1854240 265
1854250 266
1854260 266
1854270 267
1854280 267
1854290 267
1854300 268
1854310 268
1854320 268
1854330 269
1854340 269
1854350 270
1854360 270
1854370 270
1854380 270
1854390 271
1854400 271
1854410 271
1854420 272
1854430 272
1854440 272
1854450 272
1854460 272
1854470 273
1854480 273
1854490 273
1854500 273
1854510 273
1854520 273
1854530 273
1854540 274
1854550 274
1854560 274
1854570 274
1854580 274
1854590 274
1854600 274
1854610 274
1854620 274
1854630 274
1854640 274
1854650 274
1854660 274
1854670 274
1854680 274
1854690 274
1854700 273
1854710 273
1854720 273
1854730 273
1854740 273
1854750 273
1854760 273
1854770 273
1854780 272
1854790 272
1854800 272
1854810 272
1854820 272
1854830 272
1854840 272
1854850 271
1854860 271
1854870 271
1854880 270
1854890 270
1854900 270
1854910 270
1854920 270
1854930 269
1854940 269
1854950 269
1854960 268
1854970 268
1854980 268
1854990 267
1855000 267
1855010 267
1855020 267
1855030 266
1855040 266
1855050 266
1855060 266
1855070 265
1855080 265
1855090 265
1855100 265
1855110 265
1855120 264
1855130 264
1855140 264
1855150 264
1855160 263
1855170 263
1855180 263
1855190 263
1855200 263
1855210 262
1855220 262
1855230 262
1855240 262
1855250 262
1855260 262
1855270 261
1855280 261
1855290 261
1855300 261
1855310 260
1855320 260
1855330 260
1855340 260
1855350 260
1855360 260
1855370 259
1855380 259
1855390 259
1855400 259
1855410 259
1855420 259
1855430 258
1855440 258
1855450 258
1855460 258
1855470 258
1855480 258
1855490 257
1855500 257
1855510 257
1855520 257
1855530 257
1855540 257
1855550 256
1855560 256
1855570 256
1855580 256
1855590 256
1855600 256
1855610 255
1855620 255
1855630 255
1855640 255
1855650 255
1855660 255
1855670 255
1855680 255
1855690 255
1855700 255
1855710 254
1855720 254
1855730 254
1855740 254
1855750 254
1855760 254
1855770 253
1855780 253
1855790 253
1855800 253
1855810 253
1855820 253
1855830 253
1855840 253
1855850 253
1855860 252
1855870 252
1855880 252
1855890 252
1855900 252
1855910 252
1855920 252
1855930 252
1855940 252
1855950 252
1855960 251
1855970 251
1855980 251
1855990 251
1856000 251
1856010 251
1856020 250
1856030 250
1856040 250
1856050 249
1856060 249
1856070 249
1856080 249
1856090 249
1856100 249
1856110 249
1856120 249
1856130 248
1856140 248
1856150 248
1856160 248
1856170 248
1856180 248
1856190 247
1856200 247
1856210 247
1856220 246
1856230 246
1856240 246
1856250 246
1856260 245
1856270 245
1856280 245
1856290 245
1856300 244
1856310 244
1856320 244
1856330 244
1856340 244
1856350 243
1856360 243
1856370 243
1856380 243
1856390 243
1856400 243
1856410 242
1856420 242
1856430 242
1856440 242
1856450 242
1856460 242
1856470 241
1856480 241
1856490 241
1856500 241
1856510 241
1856520 241
1856530 241
1856540 241
1856550 241
1856560 241
1856570 241
1856580 241
1856590 240
1856600 241
1856610 241
1856620 241
1856630 240
1856640 240
1856650 240
1856660 240
1856670 240
1856680 240
1856690 240
1856700 240
1856710 240
1856720 240
1856730 239
1856740 239
1856750 239
1856760 239
1856770 239
1856780 239
1856790 239
1856800 239
1856810 239
1856820 239
1856830 239
1856840 239
1856850 239
1856860 239
1856870 238
1856880 238
1856890 238
1856900 238
1856910 238
1856920 238
1856930 237
1856940 237
1856950 237
1856960 237
1856970 237
1856980 237
1856990 237
1857000 237
1857010 237
1857020 237
1857030 236
1857040 236
1857050 236
1857060 236
1857070 236
1857080 236
1857090 236
1857100 236
1857110 236
1857120 236
1857130 235
1857140 235
1857150 235
1857160 235
1857170 235
1857180 235
1857190 235
1857200 235
1857210 235
1857220 235
1857230 235
1857240 234
1857250 234
1857260 234
1857270 234
1857280 233
1857290 233
1857300 233
1857310 232
1857320 232
1857330 232
1857340 231
1857350 231
1857360 231
1857370 230
1857380 230
1857390 230
1857400 229
1857410 229
1857420 229
1857430 228
1857440 228
1857450 228
1857460 228
1857470 228
1857480 228
1857490 227
1857500 227
1857510 227
1857520 227
1857530 227
1857540 227
1857550 226
1857560 226
1857570 226
1857580 226
1857590 226
1857600 226
1857610 227
1857620 227
1857630 227
1857640 227
1857650 228
1857660 228
1857670 228
1857680 228
1857690 228
1857700 228
1857710 227
1857720 227
1857730 227
1857740 227
1857750 227
1857760 227
1857770 227
1857780 227
1857790 227
1857800 227
1857810 227
1857820 227
1857830 227
1857840 227
1857850 227
1857860 227
1857870 227
1857880 227
1857890 227
1857900 227
1857910 227
1857920 228
1857930 228
1857940 228
1857950 228
1857960 228
1857970 228
1857980 228
1857990 228
1858000 228
1858010 228
1858020 228
1858030 228
1858040 228
1858050 228
1858060 228
1858070 228
1858080 228
1858090 228
1858100 228
1858110 228
1858120 228
1858130 228
1858140 228
1858150 228
1858160 228
1858170 228
1858180 228
1858190 227
1858200 227
1858210 227
1858220 227
1858230 227
1858240 227
1858250 227
1858260 227
