1840000 260
1840010 260
1840020 260
1840030 260
1840040 260
1840050 261
1840060 261
1840070 261
1840080 261
1840090 261
1840100 261
1840110 261
1840120 261
1840130 262
1840140 262
1840150 262
1840160 262
1840170 263
1840180 263
1840190 263
1840200 264
1840210 264
1840220 264
1840230 264
1840240 264
1840250 265
1840260 265
1840270 266
1840280 266
1840290 266
1840300 266
1840310 266
1840320 266
1840330 266
1840340 266
1840350 265
1840360 265
1840370 265
1840380 265
1840390 265
1840400 265
1840410 265
1840420 265
1840430 265
1840440 265
1840450 265
1840460 265
1840470 264
1840480 264
1840490 264
1840500 264
1840510 264
1840520 264
1840530 263
1840540 263
1840550 263
1840560 263
1840570 262
1840580 262
1840590 262
1840600 262
1840610 262
1840620 262
1840630 261
1840640 261
1840650 261
1840660 260
1840670 260
1840680 260
1840690 260
1840700 260
1840710 259
1840720 259
1840730 259
1840740 259
1840750 258
1840760 258
1840770 258
1840780 258
1840790 258
1840800 258
1840810 257
1840820 257
1840830 257
1840840 256
1840850 256
1840860 256
1840870 256
1840880 255
1840890 255
1840900 255
1840910 254
1840920 254
1840930 254
1840940 253
1840950 253
1840960 253
1840970 253
1840980 253
1840990 252
1841000 252
1841010 252
1841020 251
1841030 251
1841040 251
1841050 251
1841060 250
1841070 250
1841080 250
1841090 250
1841100 250
1841110 249
1841120 249
1841130 249
1841140 249
1841150 249
1841160 249
1841170 249
1841180 248
1841190 248
1841200 248
1841210 248
1841220 248
1841230 248
1841240 247
1841250 247
1841260 247
1841270 246
1841280 246
1841290 246
1841300 246
1841310 245
1841320 245
1841330 245
1841340 245
1841350 245
1841360 245
1841370 244
1841380 244
1841390 244
1841400 244
1841410 244
1841420 244
1841430 244
1841440 244
1841450 244
1841460 244
1841470 244
1841480 244
1841490 243
1841500 243
1841510 243
1841520 243
1841530 243
1841540 243
1841550 243
1841560 243
1841570 243
1841580 242
1841590 242
1841600 242
1841610 243
1841620 243
1841630 243
1841640 242
1841650 242
1841660 242
1841670 242
1841680 242
1841690 242
1841700 242
1841710 241
1841720 241
1841730 240
1841740 240
1841750 240
1841760 241
1841770 242
1841780 242
1841790 242
1841800 242
1841810 242
1841820 242
1841830 241
1841840 241
1841850 241
1841860 241
1841870 241
1841880 241
1841890 240
1841900 240
1841910 241
1841920 241
1841930 241
1841940 241
1841950 241
1841960 241
1841970 241
1841980 240
1841990 240
1842000 240
1842010 240
1842020 240
1842030 240
1842040 240
1842050 240
1842060 240
1842070 240
1842080 240
1842090 240
1842100 240
1842110 240
1842120 240
1842130 239
1842140 239
1842150 239
1842160 239
1842170 239
1842180 239
1842190 239
1842200 238
1842210 238
1842220 238
1842230 238
1842240 238
1842250 238
1842260 238
1842270 238
1842280 238
1842290 237
1842300 237
1842310 237
1842320 239
1842330 239
1842340 239
1842350 238
1842360 238
1842370 238
1842380 238
1842390 238
1842400 238
1842410 236
1842420 237
1842430 237
1842440 237
1842450 237
1842460 237
1842470 237
1842480 237
1842490 237
1842500 237
1842510 236
1842520 236
1842530 236
1842540 236
1842550 236
1842560 236
1842570 236
1842580 236
1842590 236
1842600 236
1842610 236
1842620 236
1842630 236
1842640 236
1842650 237
1842660 237
1842670 237
1842680 237
1842690 237
1842700 237
1842710 237
1842720 237
1842730 237
1842740 237
1842750 237
1842760 237
1842770 237
1842780 237
1842790 237
1842800 238
1842810 238
1842820 238
1842830 238
1842840 239
1842850 239
1842860 239
1842870 239
1842880 240
1842890 240
1842900 240
1842910 240
1842920 240
1842930 240
1842940 241
1842950 241
1842960 241
1842970 241
1842980 241
1842990 241
1843000 241
1843010 241
1843020 241
1843030 241
1843040 241
1843050 241
1843060 241
1843070 241
1843080 241
1843090 240
1843100 240
1843110 240
1843120 240
1843130 240
1843140 240
1843150 240
1843160 240
1843170 240
1843180 240
1843190 240
1843200 240
1843210 239
1843220 239
1843230 239
1843240 239
1843250 239
1843260 239
1843270 239
1843280 239
1843290 239
1843300 239
1843310 238
1843320 238
1843330 238
1843340 238
1843350 238
1843360 238
1843370 238
1843380 238
1843390 237
1843400 237
1843410 237
1843420 237
1843430 237
1843440 237
1843450 237
1843460 237
1843470 237
1843480 236
1843490 236
1843500 236
1843510 235
1843520 235
1843530 235
1843540 235
1843550 235
1843560 235
1843570 235
1843580 234
1843590 234
1843600 234
1843610 234
1843620 234
1843630 233
1843640 233
1843650 233
1843660 233
1843670 232
1843680 232
1843690 232
1843700 233
1843710 233
1843720 233
1843730 233
1843740 232
1843750 232
1843760 232
1843770 232
1843780 232
1843790 232
1843800 232
1843810 232
1843820 232
1843830 232
1843840 232
1843850 231
1843860 231
1843870 231
1843880 231
1843890 232
1843900 232
1843910 232
1843920 232
1843930 232
1843940 231
1843950 231
1843960 231
1843970 231
1843980 231
1843990 231
1844000 231
1844010 231
1844020 231
1844030 232
1844040 232
1844050 232
1844060 232
1844070 233
1844080 233
1844090 233
1844100 234
1844110 234
1844120 234
1844130 234
1844140 234
1844150 234
1844160 234
1844170 234
1844180 234
1844190 233
1844200 233
1844210 232
1844220 231
1844230 231
1844240 231
1844250 231
1844260 231
1844270 231
1844280 231
1844290 231
1844300 231
1844310 231
1844320 230
1844330 230
1844340 230
1844350 230
1844360 230
1844370 229
1844380 229
1844390 229
1844400 229
1844410 228
1844420 228
1844430 228
1844440 228
1844450 228
1844460 228
1844470 227
1844480 227
1844490 226
1844500 226
1844510 226
1844520 226
1844530 226
1844540 225
1844550 225
1844560 223
1844570 222
1844580 222
1844590 222
1844600 221
1844610 221
1844620 221
1844630 220
1844640 220
1844650 220
1844660 220
1844670 220
1844680 220
1844690 219
1844700 219
1844710 219
1844720 219
1844730 219
1844740 219
1844750 219
1844760 219
1844770 218
1844780 218
1844790 218
1844800 218
1844810 218
1844820 218
1844830 218
1844840 218
1844850 218
1844860 217
1844870 217
1844880 217
1844890 217
1844900 217
1844910 217
1844920 216
1844930 216
1844940 216
1844950 216
1844960 216
1844970 215
1844980 215
1844990 215
1845000 215
1845010 215
1845020 215
1845030 215
1845040 215
1845050 215
1845060 215
1845070 215
1845080 215
1845090 215
1845100 215
1845110 215
1845120 215
1845130 215
1845140 214
1845150 214
1845160 214
1845170 214
1845180 214
1845190 214
1845200 214
1845210 214
1845220 214
1845230 214
1845240 214
1845250 214
1845260 214
1845270 213
1845280 213
1845290 214
1845300 213
1845310 213
1845320 213
1845330 213
1845340 213
1845350 213
1845360 213
1845370 213
1845380 213
1845390 213
1845400 213
1845410 213
1845420 213
1845430 213
1845440 213
1845450 212
1845460 212
1845470 212
1845480 212
1845490 212
1845500 212
1845510 212
1845520 212
1845530 212
1845540 211
1845550 211
1845560 211
1845570 211
1845580 211
1845590 211
1845600 211
1845610 210
1845620 210
1845630 210
1845640 210
1845650 210
1845660 210
1845670 209
1845680 209
1845690 209
1845700 209
1845710 209
1845720 209
1845730 209
1845740 208
1845750 208
1845760 208
1845770 208
1845780 208
1845790 208
1845800 208
1845810 208
1845820 208
1845830 208
1845840 208
1845850 208
1845860 207
1845870 207
1845880 207
1845890 207
1845900 207
1845910 207
1845920 207
1845930 207
1845940 207
1845950 207
1845960 207
1845970 207
1845980 206
1845990 206
1846000 206
1846010 206
1846020 206
1846030 206
1846040 206
1846050 206
1846060 206
1846070 206
1846080 206
1846090 206
1846100 207
1846110 207
1846120 207
1846130 206
1846140 207
1846150 207
1846160 206
1846170 206
1846180 206
1846190 206
1846200 206
1846210 206
1846220 206
1846230 206
1846240 206
1846250 207
1846260 207
1846270 207
1846280 207
1846290 207
1846300 207
1846310 207
1846320 207
1846330 207
1846340 207
1846350 207
1846360 207
1846370 207
1846380 207
1846390 207
1846400 207
1846410 207
1846420 207
1846430 207
1846440 208
1846450 208
1846460 208
1846470 208
1846480 208
1846490 208
1846500 208
1846510 208
1846520 208
1846530 208
1846540 207
1846550 207
1846560 207
1846570 207
1846580 207
1846590 207
1846600 207
1846610 207
1846620 207
1846630 208
1846640 208
1846650 208
1846660 208
1846670 208
1846680 208
1846690 207
1846700 207
1846710 207
1846720 207
1846730 207
1846740 207
1846750 207
1846760 207
1846770 207
1846780 207
1846790 207
1846800 208
1846810 208
1846820 208
1846830 208
1846840 208
1846850 208
1846860 208
1846870 208
1846880 208
1846890 209
1846900 209
1846910 209
1846920 209
1846930 210
1846940 210
1846950 210
1846960 211
1846970 211
1846980 211
1846990 212
1847000 212
1847010 212
1847020 212
1847030 212
1847040 212
1847050 212
1847060 212
1847070 212
1847080 213
1847090 213
1847100 213
1847110 214
1847120 214
1847130 214
1847140 215
1847150 216
1847160 216
1847170 217
1847180 218
1847190 218
1847200 219
1847210 220
1847220 220
1847230 221
1847240 222
1847250 222
1847260 223
1847270 223
1847280 223
1847290 224
1847300 225
1847310 225
1847320 225
1847330 225
1847340 225
1847350 225
1847360 225
1847370 224
1847380 224
1847390 223
1847400 222
1847410 222
1847420 222
1847430 222
1847440 222
1847450 222
1847460 223
1847470 223
1847480 223
1847490 223
1847500 223
1847510 224
1847520 223
1847530 223
1847540 223
1847550 223
1847560 223
1847570 222
1847580 222
1847590 222
1847600 222
1847610 222
1847620 222
1847630 222
1847640 222
1847650 222
1847660 222
1847670 222
1847680 222
1847690 222
1847700 222
1847710 222
1847720 223
1847730 223
1847740 223
1847750 222
1847760 222
1847770 222
1847780 222
1847790 222
1847800 221
1847810 221
1847820 221
1847830 221
1847840 221
1847850 221
1847860 220
1847870 220
1847880 220
1847890 220
1847900 220
1847910 220
1847920 220
1847930 220
1847940 220
1847950 219
1847960 219
1847970 219
1847980 219
1847990 219
1848000 219
1848010 219
1848020 219
1848030 219
1848040 218
1848050 218
1848060 218
1848070 218
1848080 218
1848090 218
1848100 217
1848110 217
1848120 217
1848130 217
1848140 217
1848150 216
1848160 216
1848170 216
1848180 216
1848190 216
1848200 215
1848210 215
1848220 215
1848230 215
1848240 215
1848250 215
1848260 214
1848270 214
1848280 214
1848290 214
1848300 214
1848310 214
1848320 214
1848330 214
1848340 214
1848350 214
1848360 214
1848370 213
1848380 213
1848390 213
1848400 214
1848410 214
1848420 214
1848430 214
1848440 214
1848450 214
1848460 214
1848470 215
1848480 215
1848490 215
1848500 215
1848510 215
1848520 215
1848530 215
1848540 215
1848550 215
1848560 215
1848570 215
1848580 215
1848590 215
1848600 215
1848610 215
1848620 215
1848630 215
1848640 215
1848650 215
1848660 215
1848670 215
1848680 215
1848690 215
1848700 215
1848710 215
1848720 215
1848730 215
1848740 214
1848750 214
1848760 214
1848770 214
1848780 214
1848790 214
1848800 214
1848810 213
1848820 213
1848830 213
1848840 213
1848850 213
1848860 213
1848870 213
1848880 213
1848890 213
1848900 213
1848910 213
1848920 213
1848930 212
1848940 212
1848950 212
1848960 212
1848970 212
1848980 212
1848990 212
1849000 212
1849010 212
1849020 212
1849030 212
1849040 212
1849050 212
1849060 212
1849070 212
1849080 212
1849090 212
1849100 212
1849110 212
1849120 211
1849130 211
1849140 211
1849150 211
1849160 211
1849170 211
1849180 211
1849190 211
1849200 211
1849210 211
1849220 211
1849230 211
1849240 211
1849250 211
1849260 211
1849270 211
1849280 211
1849290 211
1849300 211
1849310 211
1849320 211
1849330 211
1849340 211
1849350 211
1849360 211
1849370 211
1849380 211
1849390 211
1849400 211
1849410 211
1849420 211
1849430 211
1849440 211
1849450 211
1849460 211
1849470 211
1849480 211
1849490 211
1849500 211
1849510 211
1849520 211
1849530 211
1849540 211
1849550 211
1849560 211
1849570 211
1849580 211
1849590 211
1849600 211
1849610 211
1849620 211
1849630 211
1849640 210
1849650 210
1849660 210
1849670 210
1849680 210
1849690 210
1849700 210
1849710 210
1849720 210
1849730 210
1849740 210
1849750 210
1849760 210
1849770 210
1849780 210
1849790 210
1849800 210
1849810 210
1849820 210
1849830 210
1849840 210
1849850 209
1849860 209
1849870 209
1849880 209
1849890 209
1849900 209
1849910 209
1849920 209
1849930 209
1849940 209
1849950 209
1849960 209
1849970 209
1849980 209
1849990 209
1850000 209
1850010 210
1850020 210
1850030 210
1850040 210
1850050 210
1850060 210
1850070 210
1850080 210
1850090 210
1850100 210
1850110 210
1850120 211
1850130 211
1850140 211
1850150 211
1850160 211
1850170 211
1850180 211
1850190 211
1850200 211
1850210 211
1850220 211
1850230 212
1850240 212
1850250 212
1850260 212
1850270 212
1850280 212
1850290 212
1850300 212
1850310 212
1850320 213
1850330 213
1850340 213
1850350 213
1850360 213
1850370 213
1850380 213
1850390 213
1850400 213
1850410 214
1850420 214
1850430 214
1850440 214
1850450 214
1850460 214
1850470 214
1850480 214
1850490 214
1850500 215
1850510 215
1850520 215
1850530 215
1850540 215
1850550 215
1850560 215
1850570 215
1850580 216
1850590 216
1850600 216
1850610 216
1850620 216
1850630 216
1850640 216
1850650 216
1850660 217
1850670 217
1850680 217
1850690 217
1850700 217
1850710 217
1850720 217
1850730 217
1850740 218
1850750 218
1850760 218
1850770 218
1850780 218
1850790 218
1850800 218
1850810 218
1850820 218
1850830 218
1850840 218
1850850 218
1850860 219
1850870 219
1850880 219
1850890 219
1850900 219
1850910 219
1850920 219
1850930 219
1850940 219
1850950 219
1850960 219
1850970 219
1850980 219
1850990 219
1851000 219
1851010 219
1851020 220
1851030 220
1851040 220
1851050 220
1851060 220
1851070 220
1851080 220
1851090 220
1851100 220
1851110 220
1851120 220
1851130 220
1851140 220
1851150 220
1851160 220
1851170 220
1851180 220
1851190 220
1851200 220
1851210 220
1851220 220
1851230 220
1851240 220
1851250 220
1851260 220
1851270 220
1851280 220
1851290 220
1851300 220
1851310 220
1851320 220
1851330 220
1851340 220
1851350 220
1851360 220
1851370 220
1851380 220
1851390 220
1851400 220
1851410 220
1851420 220
1851430 219
1851440 219
1851450 219
1851460 219
1851470 219
1851480 219
1851490 219
1851500 219
1851510 219
1851520 219
1851530 219
1851540 218
1851550 218
1851560 218
1851570 218
1851580 218
1851590 218
1851600 217
1851610 217
1851620 217
1851630 217
1851640 217
1851650 217
1851660 216
1851670 216
1851680 216
1851690 216
1851700 216
1851710 216
1851720 216
1851730 215
1851740 215
1851750 215
1851760 215
1851770 215
1851780 215
1851790 214
1851800 214
1851810 214
1851820 214
1851830 213
1851840 213
1851850 213
1851860 213
1851870 213
1851880 213
1851890 212
1851900 212
1851910 212
1851920 211
1851930 211
1851940 212
1851950 211
1851960 210
1851970 210
1851980 209
1851990 209
1852000 208
1852010 207
1852020 207
1852030 207
1852040 206
1852050 206
1852060 205
1852070 204
1852080 204
1852090 203
1852100 202
1852110 202
1852120 201
1852130 200
1852140 200
1852150 199
1852160 198
1852170 198
1852180 197
1852190 196
1852200 195
1852210 195
1852220 195
1852230 194
1852240 194
1852250 193
1852260 192
1852270 192
1852280 191
1852290 190
1852300 189
1852310 188
1852320 187
1852330 187
1852340 186
1852350 185
1852360 185
1852370 184
1852380 184
1852390 184
1852400 183
1852410 182
1852420 182
1852430 181
1852440 181
1852450 181
1852460 180
1852470 179
1852480 179
1852490 179
1852500 178
1852510 178
1852520 178
1852530 178
1852540 178
1852550 178
1852560 178
1852570 178
1852580 178
1852590 177
1852600 177
1852610 178
1852620 178
1852630 179
1852640 179
1852650 180
1852660 181
1852670 181
1852680 181
1852690 181
1852700 181
1852710 182
1852720 183
1852730 183
1852740 184
1852750 185
1852760 185
1852770 186
1852780 188
1852790 188
1852800 189
1852810 190
1852820 190
1852830 192
1852840 193
1852850 193
1852860 195
1852870 197
1852880 197
1852890 199
1852900 201
1852910 201
1852920 203
1852930 205
1852940 205
1852950 208
1852960 210
1852970 210
1852980 213
1852990 215
1853000 216
1853010 219
1853020 221
1853030 223
1853040 223
1853050 225
1853060 227
1853070 227
1853080 227
1853090 227
1853100 227
1853110 227
1853120 227
1853130 227
1853140 226
1853150 226
1853160 226
1853170 226
1853180 226
1853190 226
1853200 226
1853210 226
1853220 226
1853230 226
1853240 226
1853250 226
1853260 226
1853270 226
1853280 226
1853290 227
1853300 227
1853310 227
1853320 228
1853330 229
1853340 229
1853350 230
1853360 231
1853370 231
1853380 232
1853390 233
1853400 233
1853410 234
1853420 235
1853430 235
1853440 235
1853450 235
1853460 236
1853470 236
1853480 237
1853490 237
1853500 237
1853510 238
1853520 239
1853530 239
1853540 239
1853550 239
1853560 239
1853570 239
1853580 240
1853590 240
1853600 239
1853610 239
1853620 239
1853630 239
1853640 239
1853650 239
1853660 239
1853670 239
1853680 239
1853690 238
1853700 237
1853710 237
1853720 237
1853730 237
1853740 237
1853750 237
1853760 237
1853770 237
1853780 237
1853790 237
1853800 237
1853810 237
1853820 237
1853830 237
1853840 237
1853850 237
1853860 237
1853870 237
1853880 236
1853890 236
1853900 236
1853910 235
1853920 235
1853930 235
1853940 235
1853950 235
1853960 235
1853970 235
1853980 236
1853990 236
1854000 236
1854010 236
1854020 236
1854030 237
1854040 237
1854050 237
1854060 238
1854070 238
1854080 238
1854090 238
1854100 238
1854110 238
1854120 238
1854130 238
1854140 238
1854150 237
1854160 237
1854170 237
1854180 237
1854190 237
1854200 237
1854210 237
1854220 237
1854230 237
1854240 237
1854250 237
1854260 237
1854270 237
1854280 237
1854290 237
1854300 237
1854310 237
1854320 237
1854330 237
1854340 236
1854350 236
1854360 236
1854370 236
1854380 236
1854390 236
1854400 235
1854410 235
1854420 235
1854430 235
1854440 235
1854450 235
1854460 235
1854470 235
1854480 235
1854490 235
1854500 235
1854510 235
1854520 235
1854530 235
1854540 235
1854550 234
1854560 234
1854570 234
1854580 234
1854590 234
1854600 234
1854610 234
1854620 234
1854630 234
1854640 234
1854650 233
1854660 233
1854670 233
1854680 233
1854690 233
1854700 233
1854710 233
1854720 233
1854730 233
1854740 232
1854750 232
1854760 232
1854770 232
1854780 232
1854790 232
1854800 232
1854810 232
1854820 232
1854830 232
1854840 232
1854850 232
1854860 232
1854870 232
1854880 232
1854890 232
1854900 232
1854910 232
1854920 232
1854930 231
1854940 231
1854950 231
1854960 231
1854970 231
1854980 231
1854990 231
1855000 231
1855010 230
1855020 230
1855030 230
1855040 230
1855050 229
1855060 229
1855070 229
1855080 228
1855090 228
1855100 228
1855110 228
1855120 227
1855130 227
1855140 227
1855150 226
1855160 226
1855170 226
1855180 226
1855190 226
1855200 226
1855210 225
1855220 225
1855230 224
1855240 224
1855250 224
1855260 224
1855270 223
1855280 223
1855290 223
1855300 222
1855310 222
1855320 222
1855330 221
1855340 221
1855350 220
1855360 219
1855370 219
1855380 218
1855390 217
1855400 217
1855410 216
1855420 214
1855430 215
1855440 213
1855450 212
1855460 210
1855470 210
1855480 209
1855490 207
1855500 207
1855510 206
1855520 204
1855530 204
1855540 202
1855550 201
1855560 201
1855570 199
1855580 198
1855590 198
1855600 196
1855610 194
1855620 194
1855630 193
1855640 192
1855650 192
1855660 191
1855670 190
1855680 190
1855690 189
1855700 189
1855710 189
1855720 189
1855730 188
1855740 188
1855750 188
1855760 188
1855770 188
1855780 188
1855790 188
1855800 188
1855810 187
1855820 187
1855830 187
1855840 187
1855850 186
1855860 186
1855870 186
1855880 186
1855890 186
1855900 186
1855910 185
1855920 185
1855930 185
1855940 185
1855950 185
1855960 185
1855970 185
1855980 185
1855990 185
1856000 185
1856010 185
1856020 185
1856030 185
1856040 184
1856050 184
1856060 184
1856070 184
1856080 184
1856090 184
1856100 185
1856110 185
1856120 187
1856130 189
1856140 189
1856150 192
1856160 194
1856170 194
1856180 196
1856190 198
1856200 198
1856210 201
1856220 203
1856230 203
1856240 205
1856250 207
1856260 207
1856270 209
1856280 211
1856290 212
1856300 212
1856310 213
1856320 214
1856330 214
1856340 215
1856350 215
1856360 215
1856370 215
1856380 216
1856390 216
1856400 216
1856410 217
1856420 217
1856430 217
1856440 217
1856450 217
1856460 218
1856470 218
1856480 218
1856490 219
1856500 219
1856510 219
1856520 219
1856530 219
1856540 219
1856550 219
1856560 220
1856570 220
1856580 220
1856590 221
1856600 221
1856610 221
1856620 221
1856630 221
1856640 221
1856650 221
1856660 221
1856670 221
1856680 222
1856690 222
1856700 222
1856710 222
1856720 223
1856730 223
1856740 223
1856750 223
1856760 223
1856770 224
1856780 224
1856790 224
1856800 224
1856810 224
1856820 224
1856830 224
1856840 224
1856850 224
1856860 224
1856870 224
1856880 224
1856890 224
1856900 224
1856910 224
1856920 225
1856930 225
1856940 225
1856950 225
1856960 225
1856970 225
1856980 225
1856990 225
1857000 225
1857010 225
1857020 225
1857030 225
1857040 225
1857050 225
1857060 225
1857070 225
1857080 225
1857090 225
1857100 225
1857110 225
1857120 225
1857130 225
1857140 225
1857150 226
1857160 226
1857170 226
1857180 226
1857190 226
1857200 226
1857210 226
1857220 226
1857230 226
1857240 226
1857250 226
1857260 226
1857270 226
1857280 226
1857290 226
1857300 226
1857310 226
1857320 226
1857330 226
1857340 226
1857350 226
1857360 226
1857370 226
1857380 226
1857390 227
1857400 227
1857410 227
1857420 227
1857430 227
1857440 227
1857450 227
1857460 227
1857470 227
1857480 227
