1840000 259
1840010 259
1840020 259
1840030 259
1840040 258
1840050 258
1840060 258
1840070 258
1840080 258
1840090 258
1840100 258
1840110 258
1840120 257
1840130 257
1840140 257
1840150 257
1840160 257
1840170 257
1840180 257
1840190 257
1840200 257
1840210 256
1840220 256
1840230 256
1840240 256
1840250 256
1840260 256
1840270 256
1840280 256
1840290 256
1840300 256
1840310 256
1840320 256
1840330 256
1840340 256
1840350 255
1840360 255
1840370 255
1840380 255
1840390 255
1840400 255
1840410 255
1840420 255
1840430 255
1840440 255
1840450 255
1840460 255
1840470 255
1840480 255
1840490 255
1840500 254
1840510 254
1840520 254
1840530 254
1840540 254
1840550 254
1840560 254
1840570 254
1840580 254
1840590 253
1840600 253
1840610 253
1840620 253
1840630 253
1840640 253
1840650 253
1840660 253
1840670 253
1840680 253
1840690 253
1840700 253
1840710 253
1840720 253
1840730 253
1840740 253
1840750 253
1840760 253
1840770 253
1840780 253
1840790 253
1840800 253
1840810 253
1840820 253
1840830 253
1840840 253
1840850 253
1840860 253
1840870 253
1840880 253
1840890 253
1840900 253
1840910 253
1840920 253
1840930 253
1840940 253
1840950 253
1840960 253
1840970 253
1840980 253
1840990 253
1841000 253
1841010 253
1841020 253
1841030 253
1841040 253
1841050 253
1841060 253
1841070 252
1841080 252
1841090 252
1841100 252
1841110 252
1841120 252
1841130 252
1841140 251
1841150 251
1841160 251
1841170 251
1841180 251
1841190 251
1841200 251
1841210 250
1841220 250
1841230 250
1841240 250
1841250 250
1841260 251
1841270 251
1841280 251
1841290 251
1841300 251
1841310 251
1841320 251
1841330 251
1841340 251
1841350 252
1841360 252
1841370 252
1841380 252
1841390 252
1841400 252
1841410 252
1841420 252
1841430 252
1841440 253
1841450 253
1841460 253
1841470 252
1841480 252
1841490 252
1841500 252
1841510 252
1841520 253
1841530 253
1841540 252
1841550 252
1841560 252
1841570 252
1841580 252
1841590 252
1841600 252
1841610 252
1841620 252
1841630 252
1841640 251
1841650 251
1841660 251
1841670 250
1841680 250
1841690 250
1841700 249
1841710 249
1841720 249
1841730 248
1841740 248
1841750 248
1841760 247
1841770 247
1841780 247
1841790 246
1841800 246
1841810 245
1841820 245
1841830 245
1841840 244
1841850 243
1841860 243
1841870 242
1841880 241
1841890 241
1841900 241
1841910 240
1841920 239
1841930 239
1841940 238
1841950 238
1841960 238
1841970 237
1841980 236
1841990 236
1842000 235
1842010 234
1842020 234
1842030 233
1842040 232
1842050 232
1842060 232
1842070 231
1842080 231
1842090 230
1842100 230
1842110 230
1842120 230
1842130 229
1842140 229
1842150 228
1842160 228
1842170 228
1842180 227
1842190 226
1842200 226
1842210 226
1842220 226
1842230 226
1842240 225
1842250 224
1842260 224
1842270 223
1842280 223
1842290 223
1842300 222
1842310 221
1842320 222
1842330 222
1842340 222
1842350 222
1842360 222
1842370 221
1842380 221
1842390 221
1842400 221
1842410 220
1842420 220
1842430 220
1842440 220
1842450 220
1842460 219
1842470 219
1842480 219
1842490 219
1842500 219
1842510 219
1842520 218
1842530 218
1842540 218
1842550 218
1842560 218
1842570 218
1842580 218
1842590 218
1842600 218
1842610 218
1842620 218
1842630 218
1842640 218
1842650 218
1842660 218
1842670 217
1842680 217
1842690 217
1842700 217
1842710 217
1842720 217
1842730 217
1842740 217
1842750 217
1842760 217
1842770 217
1842780 217
1842790 217
1842800 217
1842810 216
1842820 216
1842830 216
1842840 216
1842850 216
1842860 215
1842870 215
1842880 215
1842890 215
1842900 215
1842910 215
1842920 215
1842930 215
1842940 215
1842950 214
1842960 214
1842970 214
1842980 214
1842990 214
1843000 214
1843010 214
1843020 214
1843030 214
1843040 214
1843050 213
1843060 213
1843070 213
1843080 213
1843090 213
1843100 213
1843110 213
1843120 213
1843130 213
1843140 213
1843150 213
1843160 213
1843170 212
1843180 212
1843190 212
1843200 212
1843210 212
1843220 212
1843230 212
1843240 212
1843250 212
1843260 212
1843270 212
1843280 212
1843290 212
1843300 211
1843310 211
1843320 211
1843330 211
1843340 211
1843350 211
1843360 211
1843370 211
1843380 212
1843390 212
1843400 212
1843410 212
1843420 212
1843430 212
1843440 212
1843450 212
1843460 212
1843470 212
1843480 211
1843490 211
1843500 210
1843510 210
1843520 210
1843530 210
1843540 210
1843550 210
1843560 210
1843570 210
1843580 210
1843590 210
1843600 210
1843610 211
1843620 211
1843630 211
1843640 211
1843650 211
1843660 211
1843670 210
1843680 210
1843690 210
1843700 210
1843710 210
1843720 209
1843730 209
1843740 209
1843750 209
1843760 209
1843770 209
1843780 209
1843790 208
1843800 208
1843810 208
1843820 208
1843830 208
1843840 208
1843850 208
1843860 208
1843870 208
1843880 208
1843890 208
1843900 207
1843910 207
1843920 207
1843930 207
1843940 207
1843950 207
1843960 207
1843970 207
1843980 207
1843990 207
1844000 207
1844010 207
1844020 207
1844030 206
1844040 206
1844050 206
1844060 206
1844070 206
1844080 206
1844090 206
1844100 206
1844110 206
1844120 206
1844130 206
1844140 206
1844150 206
1844160 206
1844170 206
1844180 206
1844190 206
1844200 206
1844210 206
1844220 206
1844230 206
1844240 206
1844250 206
1844260 206
1844270 206
1844280 206
1844290 206
1844300 206
1844310 206
1844320 206
1844330 206
1844340 206
1844350 206
1844360 206
1844370 206
1844380 206
1844390 206
1844400 206
1844410 206
1844420 206
1844430 206
1844440 205
1844450 205
1844460 205
1844470 205
1844480 205
1844490 205
1844500 205
1844510 205
1844520 204
1844530 204
1844540 204
1844550 204
1844560 204
1844570 204
1844580 204
1844590 204
1844600 204
1844610 204
1844620 204
1844630 204
1844640 204
1844650 204
1844660 204
1844670 204
1844680 204
1844690 204
1844700 204
1844710 203
1844720 203
1844730 203
1844740 203
1844750 203
1844760 203
1844770 203
1844780 203
1844790 202
1844800 202
1844810 202
1844820 202
1844830 202
1844840 202
1844850 202
1844860 202
1844870 202
1844880 202
1844890 202
1844900 202
1844910 202
1844920 202
1844930 202
1844940 202
1844950 202
1844960 202
1844970 202
1844980 202
1844990 202
1845000 202
1845010 202
1845020 202
1845030 202
1845040 202
1845050 202
1845060 202
1845070 202
1845080 203
1845090 203
1845100 203
1845110 203
1845120 203
1845130 203
1845140 202
1845150 202
1845160 202
1845170 202
1845180 202
1845190 202
1845200 202
1845210 202
1845220 202
1845230 203
1845240 203
1845250 203
1845260 203
1845270 202
1845280 202
1845290 202
1845300 202
1845310 202
1845320 202
1845330 203
1845340 203
1845350 203
1845360 203
1845370 203
1845380 203
1845390 203
1845400 203
1845410 203
1845420 203
1845430 203
1845440 203
1845450 203
1845460 203
1845470 203
1845480 203
1845490 203
1845500 204
1845510 204
1845520 204
1845530 204
1845540 204
1845550 204
1845560 204
1845570 204
1845580 204
1845590 204
1845600 204
1845610 204
1845620 204
1845630 204
1845640 204
1845650 204
1845660 204
1845670 204
1845680 204
1845690 204
1845700 204
1845710 204
1845720 204
1845730 204
1845740 204
1845750 204
1845760 204
1845770 204
1845780 204
1845790 204
1845800 204
1845810 204
1845820 204
1845830 204
1845840 204
1845850 204
1845860 204
1845870 205
1845880 205
1845890 205
1845900 205
1845910 205
1845920 205
1845930 205
1845940 205
1845950 205
1845960 205
1845970 205
1845980 205
1845990 205
1846000 204
1846010 204
1846020 204
1846030 204
1846040 204
1846050 204
1846060 204
1846070 204
1846080 204
1846090 204
1846100 204
1846110 204
1846120 204
1846130 204
1846140 204
1846150 204
1846160 204
1846170 204
1846180 203
1846190 203
1846200 203
1846210 203
1846220 203
1846230 203
1846240 203
1846250 203
1846260 203
1846270 203
1846280 203
1846290 203
1846300 203
1846310 202
1846320 202
1846330 202
1846340 202
1846350 202
1846360 202
1846370 202
1846380 202
1846390 202
1846400 202
1846410 202
1846420 201
1846430 201
1846440 201
1846450 201
1846460 201
1846470 201
1846480 201
1846490 201
1846500 201
1846510 201
1846520 201
1846530 201
1846540 201
1846550 201
1846560 201
1846570 201
1846580 201
1846590 201
1846600 201
1846610 201
1846620 201
1846630 201
1846640 200
1846650 200
1846660 200
1846670 200
1846680 200
1846690 200
1846700 200
1846710 200
1846720 200
1846730 199
1846740 199
1846750 199
1846760 199
1846770 199
1846780 199
1846790 199
1846800 199
1846810 199
1846820 199
1846830 199
1846840 199
1846850 199
1846860 199
1846870 199
1846880 199
1846890 199
1846900 199
1846910 199
1846920 199
1846930 200
1846940 200
1846950 201
1846960 201
1846970 201
1846980 199
1846990 199
1847000 199
1847010 198
1847020 198
1847030 198
1847040 198
1847050 198
1847060 198
1847070 198
1847080 198
1847090 198
1847100 198
1847110 198
1847120 198
1847130 197
1847140 197
1847150 197
1847160 197
1847170 197
1847180 197
1847190 197
1847200 197
1847210 197
1847220 197
1847230 197
1847240 197
1847250 197
1847260 197
1847270 196
1847280 196
1847290 197
1847300 197
1847310 197
1847320 197
1847330 197
1847340 197
1847350 196
1847360 196
1847370 196
1847380 196
1847390 196
1847400 196
1847410 196
1847420 197
1847430 197
1847440 196
1847450 196
1847460 196
1847470 196
1847480 196
1847490 196
1847500 196
1847510 196
1847520 196
1847530 196
1847540 196
1847550 196
1847560 196
1847570 196
1847580 196
1847590 196
1847600 196
1847610 196
1847620 196
1847630 196
1847640 196
1847650 196
1847660 196
1847670 196
1847680 196
1847690 196
1847700 196
1847710 196
1847720 196
1847730 196
1847740 196
1847750 197
1847760 196
1847770 196
1847780 196
1847790 196
1847800 196
1847810 196
1847820 196
1847830 196
1847840 196
1847850 196
1847860 196
1847870 196
1847880 195
1847890 196
1847900 195
1847910 195
1847920 195
1847930 195
1847940 195
1847950 195
1847960 195
1847970 194
1847980 194
1847990 194
1848000 193
1848010 193
1848020 193
1848030 192
1848040 192
1848050 192
1848060 191
1848070 191
1848080 191
1848090 191
1848100 191
1848110 191
1848120 191
1848130 191
1848140 191
1848150 191
1848160 193
1848170 193
1848180 195
1848190 196
1848200 196
1848210 197
1848220 198
1848230 198
1848240 198
1848250 198
1848260 198
1848270 198
1848280 199
1848290 199
1848300 199
1848310 199
1848320 199
1848330 199
1848340 200
1848350 200
1848360 200
1848370 200
1848380 200
1848390 200
1848400 201
1848410 201
1848420 201
1848430 201
1848440 201
1848450 201
1848460 201
1848470 201
1848480 201
1848490 201
1848500 201
1848510 201
1848520 201
1848530 201
1848540 201
1848550 201
1848560 201
1848570 201
1848580 201
1848590 201
1848600 201
1848610 201
1848620 201
1848630 201
1848640 200
1848650 200
1848660 200
1848670 200
1848680 200
1848690 200
1848700 200
1848710 200
1848720 200
1848730 200
1848740 200
1848750 200
1848760 200
1848770 200
1848780 200
1848790 200
1848800 200
1848810 200
1848820 200
1848830 200
1848840 200
1848850 200
1848860 200
1848870 200
1848880 200
1848890 200
1848900 199
1848910 199
1848920 199
1848930 199
1848940 199
1848950 199
1848960 199
1848970 199
1848980 199
1848990 198
1849000 198
1849010 199
1849020 199
1849030 199
1849040 200
1849050 200
1849060 200
1849070 200
1849080 201
1849090 201
1849100 201
1849110 202
1849120 202
1849130 203
1849140 203
1849150 203
1849160 204
1849170 204
1849180 204
1849190 205
1849200 205
1849210 205
1849220 205
1849230 206
1849240 206
1849250 206
1849260 205
1849270 205
1849280 205
1849290 205
1849300 204
1849310 205
1849320 205
1849330 205
1849340 205
1849350 205
1849360 204
1849370 204
1849380 204
1849390 204
1849400 204
1849410 204
1849420 204
1849430 204
1849440 204
1849450 204
1849460 204
1849470 204
1849480 204
1849490 204
1849500 204
1849510 203
1849520 203
1849530 203
1849540 204
1849550 204
1849560 205
1849570 205
1849580 205
1849590 206
1849600 206
1849610 206
1849620 206
1849630 206
1849640 206
1849650 205
1849660 205
1849670 205
1849680 206
1849690 206
1849700 206
1849710 206
1849720 206
1849730 206
1849740 206
1849750 206
1849760 205
1849770 205
1849780 205
1849790 205
1849800 205
1849810 205
1849820 205
1849830 205
1849840 205
1849850 204
1849860 204
1849870 204
1849880 204
1849890 204
1849900 203
1849910 203
1849920 203
1849930 203
1849940 203
1849950 203
1849960 203
1849970 203
1849980 203
1849990 202
1850000 202
1850010 202
1850020 202
1850030 202
1850040 202
1850050 202
1850060 202
1850070 202
1850080 203
1850090 203
1850100 203
1850110 203
1850120 203
1850130 203
1850140 203
1850150 204
1850160 204
1850170 204
1850180 204
1850190 204
1850200 204
1850210 205
1850220 205
1850230 205
1850240 205
1850250 205
1850260 205
1850270 205
1850280 206
1850290 206
1850300 206
1850310 206
1850320 206
1850330 206
1850340 206
1850350 205
1850360 205
1850370 206
1850380 206
1850390 206
1850400 206
1850410 206
1850420 206
1850430 206
1850440 206
1850450 207
1850460 207
1850470 207
1850480 207
1850490 207
1850500 207
1850510 207
1850520 206
1850530 206
1850540 206
1850550 206
1850560 206
1850570 206
1850580 206
1850590 206
1850600 206
1850610 207
1850620 207
1850630 207
1850640 207
1850650 207
1850660 207
1850670 207
1850680 206
1850690 206
1850700 205
1850710 205
1850720 205
1850730 204
1850740 204
1850750 204
1850760 204
1850770 203
1850780 203
1850790 203
1850800 203
1850810 203
1850820 203
1850830 202
1850840 202
1850850 202
1850860 202
1850870 202
1850880 202
1850890 201
1850900 201
1850910 200
1850920 200
1850930 200
1850940 200
1850950 200
1850960 200
1850970 200
1850980 199
1850990 199
1851000 199
1851010 199
1851020 198
1851030 198
1851040 198
1851050 198
1851060 198
1851070 197
1851080 197
1851090 197
1851100 197
1851110 197
1851120 197
1851130 196
1851140 196
1851150 196
1851160 195
1851170 195
1851180 195
1851190 195
1851200 195
1851210 195
1851220 194
1851230 194
1851240 194
1851250 194
1851260 193
1851270 193
1851280 193
1851290 193
1851300 193
1851310 192
1851320 190
1851330 190
1851340 191
1851350 191
1851360 191
1851370 191
1851380 190
1851390 190
1851400 190
1851410 189
1851420 189
1851430 189
1851440 189
1851450 188
1851460 188
1851470 188
1851480 188
1851490 188
1851500 187
1851510 187
1851520 187
1851530 186
1851540 186
1851550 186
1851560 186
1851570 185
1851580 185
1851590 185
1851600 184
1851610 184
1851620 184
1851630 184
1851640 184
1851650 183
1851660 183
1851670 183
1851680 183
1851690 182
1851700 182
1851710 182
1851720 181
1851730 181
1851740 181
1851750 180
1851760 180
1851770 180
1851780 179
1851790 179
1851800 179
1851810 179
1851820 178
1851830 178
1851840 178
1851850 177
1851860 177
1851870 177
1851880 177
1851890 177
1851900 177
1851910 177
1851920 177
1851930 176
1851940 175
1851950 175
1851960 175
1851970 174
1851980 174
1851990 174
1852000 174
1852010 174
1852020 174
1852030 173
1852040 173
1852050 173
1852060 173
1852070 173
1852080 174
1852090 173
1852100 173
1852110 173
1852120 173
1852130 173
1852140 172
1852150 172
1852160 172
1852170 173
1852180 173
1852190 173
1852200 173
1852210 173
1852220 173
1852230 173
1852240 173
1852250 173
1852260 173
1852270 173
1852280 173
1852290 173
1852300 173
1852310 173
1852320 173
1852330 173
1852340 173
1852350 173
1852360 173
1852370 173
1852380 173
1852390 173
1852400 172
1852410 172
1852420 172
1852430 172
1852440 172
1852450 172
1852460 172
1852470 172
1852480 172
1852490 172
1852500 172
1852510 172
1852520 172
1852530 172
1852540 171
1852550 171
1852560 171
1852570 171
1852580 171
1852590 171
1852600 171
1852610 171
1852620 171
1852630 171
1852640 171
1852650 172
1852660 172
1852670 172
1852680 172
1852690 172
1852700 172
1852710 172
1852720 172
1852730 171
1852740 172
1852750 172
1852760 172
1852770 172
1852780 172
1852790 172
1852800 172
1852810 172
1852820 172
1852830 172
1852840 172
1852850 172
1852860 172
1852870 172
1852880 172
1852890 172
1852900 172
1852910 173
1852920 173
1852930 173
1852940 173
1852950 174
1852960 174
1852970 174
1852980 175
1852990 175
1853000 175
1853010 174
1853020 174
1853030 174
1853040 174
1853050 174
1853060 174
1853070 175
1853080 178
1853090 178
1853100 179
1853110 182
1853120 182
1853130 184
1853140 182
1853150 182
1853160 184
1853170 185
1853180 185
1853190 184
1853200 183
1853210 183
1853220 183
1853230 183
1853240 183
1853250 185
1853260 187
1853270 187
1853280 189
1853290 190
1853300 190
1853310 191
1853320 191
1853330 191
1853340 192
1853350 192
1853360 192
1853370 193
1853380 193
1853390 193
1853400 193
1853410 192
1853420 192
1853430 191
1853440 189
1853450 187
1853460 187
1853470 185
1853480 182
1853490 181
1853500 180
1853510 179
1853520 179
1853530 180
1853540 182
1853550 182
1853560 182
1853570 183
1853580 183
1853590 185
1853600 187
1853610 187
1853620 188
1853630 190
1853640 190
1853650 192
1853660 194
1853670 194
1853680 196
1853690 198
1853700 198
1853710 200
1853720 200
1853730 200
1853740 201
1853750 201
1853760 201
1853770 201
1853780 201
1853790 201
1853800 201
1853810 201
1853820 201
1853830 201
1853840 200
1853850 200
1853860 200
1853870 199
1853880 199
1853890 199
1853900 199
1853910 199
1853920 199
1853930 199
1853940 198
1853950 198
1853960 198
1853970 198
1853980 198
1853990 198
1854000 198
1854010 198
1854020 198
1854030 197
1854040 197
1854050 197
1854060 197
1854070 197
1854080 197
1854090 197
1854100 197
1854110 196
1854120 196
1854130 196
1854140 196
1854150 196
1854160 196
1854170 195
1854180 195
1854190 195
1854200 194
1854210 194
1854220 194
1854230 195
1854240 195
1854250 195
1854260 195
1854270 195
1854280 195
1854290 195
1854300 195
1854310 195
1854320 195
1854330 195
1854340 194
1854350 194
1854360 194
1854370 194
1854380 194
1854390 194
1854400 194
1854410 194
1854420 194
1854430 194
1854440 194
1854450 193
1854460 193
1854470 193
1854480 192
1854490 192
1854500 192
1854510 191
1854520 191
1854530 190
1854540 190
1854550 189
1854560 189
1854570 188
1854580 188
1854590 188
1854600 187
1854610 187
1854620 187
1854630 187
1854640 187
1854650 187
1854660 187
1854670 187
1854680 188
1854690 188
1854700 188
1854710 189
1854720 189
1854730 190
1854740 190
1854750 190
1854760 191
1854770 191
1854780 191
1854790 191
1854800 191
1854810 191
1854820 191
1854830 191
1854840 191
1854850 190
1854860 190
1854870 190
1854880 189
1854890 189
1854900 189
1854910 189
1854920 189
1854930 189
1854940 188
1854950 188
1854960 188
1854970 188
1854980 187
1854990 187
1855000 187
1855010 186
1855020 186
1855030 186
1855040 186
1855050 186
1855060 185
1855070 185
1855080 184
1855090 184
1855100 184
1855110 183
1855120 183
1855130 182
1855140 182
1855150 182
1855160 181
1855170 180
1855180 180
1855190 180
1855200 179
1855210 179
1855220 178
1855230 178
1855240 178
1855250 177
1855260 177
1855270 177
1855280 175
1855290 174
1855300 174
1855310 173
1855320 172
1855330 172
1855340 172
1855350 171
1855360 171
1855370 171
1855380 171
1855390 171
1855400 171
1855410 170
1855420 170
1855430 171
1855440 172
1855450 172
1855460 174
1855470 176
1855480 176
1855490 177
1855500 179
1855510 180
1855520 180
1855530 181
1855540 183
1855550 183
1855560 185
1855570 188
1855580 188
1855590 189
1855600 190
1855610 190
1855620 191
1855630 192
1855640 192
1855650 192
1855660 192
1855670 192
1855680 192
1855690 192
1855700 192
1855710 193
1855720 193
1855730 193
1855740 193
1855750 193
1855760 193
1855770 193
1855780 193
1855790 193
1855800 193
1855810 193
1855820 193
1855830 193
1855840 193
1855850 193
1855860 193
1855870 193
1855880 193
1855890 194
1855900 194
1855910 194
1855920 194
1855930 194
1855940 195
1855950 195
1855960 195
1855970 195
1855980 195
1855990 195
1856000 196
1856010 196
1856020 196
1856030 196
1856040 196
1856050 197
1856060 198
1856070 198
1856080 199
1856090 200
1856100 200
1856110 200
1856120 201
1856130 201
1856140 201
1856150 201
1856160 201
1856170 201
1856180 201
1856190 201
1856200 201
1856210 202
1856220 202
1856230 202
1856240 203
1856250 203
1856260 203
1856270 203
1856280 203
1856290 203
1856300 203
1856310 204
1856320 204
1856330 204
1856340 204
1856350 204
1856360 204
1856370 204
1856380 204
1856390 204
1856400 204
1856410 204
1856420 204
1856430 204
1856440 204
1856450 204
1856460 204
1856470 204
1856480 204
1856490 204
1856500 204
1856510 204
1856520 204
1856530 204
1856540 204
1856550 204
1856560 204
1856570 204
1856580 204
1856590 204
1856600 204
1856610 204
1856620 204
1856630 204
1856640 205
1856650 205
1856660 205
1856670 205
1856680 205
1856690 206
1856700 206
1856710 206
1856720 206
1856730 206
1856740 206
1856750 206
1856760 206
1856770 206
1856780 206
1856790 206
1856800 206
1856810 206
1856820 206
1856830 206
1856840 206
1856850 206
1856860 206
1856870 206
1856880 206
1856890 205
1856900 205
1856910 205
1856920 205
1856930 205
1856940 205
1856950 205
1856960 205
1856970 205
1856980 205
1856990 205
1857000 205
1857010 205
1857020 205
1857030 204
