1840000 265
1840010 265
1840020 265
1840030 264
1840040 264
1840050 264
1840060 264
1840070 264
1840080 264
1840090 263
1840100 263
1840110 263
1840120 263
1840130 263
1840140 263
1840150 262
1840160 262
1840170 262
1840180 262
1840190 262
1840200 262
1840210 262
1840220 262
1840230 262
1840240 262
1840250 262
1840260 262
1840270 262
1840280 262
1840290 262
1840300 263
1840310 263
1840320 263
1840330 263
1840340 263
1840350 263
1840360 263
1840370 263
1840380 263
1840390 263
1840400 263
1840410 263
1840420 263
1840430 263
1840440 263
1840450 263
1840460 263
1840470 264
1840480 264
1840490 264
1840500 264
1840510 264
1840520 264
1840530 264
1840540 264
1840550 264
1840560 264
1840570 264
1840580 264
1840590 265
1840600 265
1840610 265
1840620 265
1840630 265
1840640 265
1840650 265
1840660 266
1840670 266
1840680 265
1840690 265
1840700 265
1840710 264
1840720 263
1840730 263
1840740 262
1840750 258
1840760 258
1840770 254
1840780 253
1840790 253
1840800 253
1840810 253
1840820 253
1840830 252
1840840 251
1840850 251
1840860 251
1840870 250
1840880 250
1840890 249
1840900 249
1840910 249
1840920 249
1840930 248
1840940 248
1840950 248
1840960 248
1840970 248
1840980 248
1840990 248
1841000 248
1841010 248
1841020 247
1841030 247
1841040 247
1841050 247
1841060 247
1841070 247
1841080 246
1841090 246
1841100 246
1841110 244
1841120 244
1841130 244
1841140 243
1841150 242
1841160 242
1841170 243
1841180 243
1841190 243
1841200 244
1841210 245
1841220 245
1841230 245
1841240 245
1841250 245
1841260 244
1841270 243
1841280 243
1841290 242
1841300 241
1841310 241
1841320 241
1841330 241
1841340 241
1841350 241
1841360 241
1841370 241
1841380 239
1841390 238
1841400 238
1841410 238
1841420 237
1841430 237
1841440 236
1841450 236
1841460 236
1841470 236
1841480 236
1841490 236
1841500 235
1841510 235
1841520 235
1841530 235
1841540 235
1841550 235
1841560 235
1841570 235
1841580 235
1841590 235
1841600 235
1841610 234
1841620 234
1841630 233
1841640 233
1841650 233
1841660 234
1841670 234
1841680 234
1841690 234
1841700 233
1841710 233
1841720 233
1841730 233
1841740 234
1841750 233
1841760 233
1841770 233
1841780 233
1841790 233
1841800 233
1841810 233
1841820 233
1841830 233
1841840 233
1841850 232
1841860 232
1841870 232
1841880 232
1841890 232
1841900 232
1841910 232
1841920 232
1841930 232
1841940 232
1841950 232
1841960 232
1841970 232
1841980 232
1841990 232
1842000 232
1842010 232
1842020 232
1842030 232
1842040 232
1842050 232
1842060 232
1842070 232
1842080 232
1842090 232
1842100 232
1842110 232
1842120 232
1842130 232
1842140 232
1842150 232
1842160 232
1842170 232
1842180 232
1842190 232
1842200 232
1842210 231
1842220 231
1842230 231
1842240 231
1842250 231
1842260 231
1842270 231
1842280 230
1842290 230
1842300 229
1842310 229
1842320 229
1842330 229
1842340 228
1842350 228
1842360 228
1842370 228
1842380 228
1842390 228
1842400 227
1842410 227
1842420 227
1842430 227
1842440 227
1842450 227
1842460 227
1842470 227
1842480 227
1842490 227
1842500 227
1842510 227
1842520 227
1842530 227
1842540 227
1842550 227
1842560 227
1842570 227
1842580 226
1842590 226
1842600 226
1842610 226
1842620 226
1842630 226
1842640 226
1842650 225
1842660 225
1842670 225
1842680 225
1842690 225
1842700 225
1842710 225
1842720 225
1842730 225
1842740 225
1842750 225
1842760 225
1842770 225
1842780 225
1842790 225
1842800 225
1842810 225
1842820 225
1842830 225
1842840 225
1842850 225
1842860 225
1842870 225
1842880 225
1842890 225
1842900 225
1842910 225
1842920 225
1842930 225
1842940 225
1842950 224
1842960 224
1842970 224
1842980 224
1842990 224
1843000 224
1843010 224
1843020 224
1843030 224
1843040 224
1843050 224
1843060 224
1843070 223
1843080 223
1843090 223
1843100 223
1843110 223
1843120 223
1843130 223
1843140 223
1843150 223
1843160 222
1843170 223
1843180 223
1843190 222
1843200 222
1843210 222
1843220 222
1843230 222
1843240 222
1843250 222
1843260 221
1843270 221
1843280 221
1843290 221
1843300 220
1843310 220
1843320 220
1843330 220
1843340 220
1843350 220
1843360 220
1843370 220
1843380 219
1843390 219
1843400 219
1843410 219
1843420 219
1843430 219
1843440 219
1843450 218
1843460 218
1843470 218
1843480 218
1843490 218
1843500 218
1843510 218
1843520 218
1843530 218
1843540 218
1843550 218
1843560 218
1843570 218
1843580 218
1843590 217
1843600 217
1843610 217
1843620 217
1843630 217
1843640 216
1843650 216
1843660 216
1843670 216
1843680 216
1843690 216
1843700 216
1843710 216
1843720 216
1843730 216
1843740 216
1843750 216
1843760 216
1843770 216
1843780 215
1843790 215
1843800 215
1843810 215
1843820 216
1843830 216
1843840 216
1843850 216
1843860 216
1843870 216
1843880 216
1843890 216
1843900 216
1843910 216
1843920 216
1843930 216
1843940 217
1843950 217
1843960 217
1843970 217
1843980 217
1843990 217
1844000 217
1844010 217
1844020 217
1844030 217
1844040 217
1844050 217
1844060 217
1844070 217
1844080 217
1844090 216
1844100 216
1844110 216
1844120 215
1844130 215
1844140 215
1844150 215
1844160 216
1844170 216
1844180 216
1844190 216
1844200 216
1844210 216
1844220 216
1844230 216
1844240 218
1844250 218
1844260 218
1844270 218
1844280 219
1844290 219
1844300 220
1844310 220
1844320 220
1844330 221
1844340 222
1844350 222
1844360 223
1844370 223
1844380 223
1844390 223
1844400 223
1844410 223
1844420 223
1844430 223
1844440 223
1844450 223
1844460 223
1844470 223
1844480 223
1844490 224
1844500 224
1844510 224
1844520 224
1844530 222
1844540 222
1844550 222
1844560 222
1844570 222
1844580 222
1844590 223
1844600 223
1844610 223
1844620 223
1844630 223
1844640 223
1844650 223
1844660 223
1844670 221
1844680 220
1844690 220
1844700 219
1844710 219
1844720 219
1844730 218
1844740 218
1844750 218
1844760 218
1844770 218
1844780 218
1844790 217
1844800 217
1844810 217
1844820 217
1844830 217
1844840 217
1844850 217
1844860 217
1844870 217
1844880 217
1844890 217
1844900 217
1844910 217
1844920 217
1844930 216
1844940 216
1844950 216
1844960 216
1844970 216
1844980 216
1844990 216
1845000 216
1845010 216
1845020 216
1845030 216
1845040 216
1845050 216
1845060 216
1845070 216
1845080 216
1845090 216
1845100 216
1845110 216
1845120 216
1845130 216
1845140 217
1845150 217
1845160 217
1845170 215
1845180 215
1845190 214
1845200 214
1845210 214
1845220 213
1845230 213
1845240 213
1845250 212
1845260 212
1845270 212
1845280 212
1845290 212
1845300 212
1845310 212
1845320 212
1845330 212
1845340 212
1845350 212
1845360 211
1845370 211
1845380 211
1845390 211
1845400 211
1845410 210
1845420 210
1845430 210
1845440 210
1845450 210
1845460 210
1845470 210
1845480 209
1845490 209
1845500 209
1845510 209
1845520 209
1845530 209
1845540 209
1845550 209
1845560 208
1845570 208
1845580 208
1845590 207
1845600 207
1845610 207
1845620 206
1845630 206
1845640 206
1845650 206
1845660 205
1845670 205
1845680 205
1845690 205
1845700 205
1845710 205
1845720 205
1845730 205
1845740 205
1845750 205
1845760 204
1845770 204
1845780 204
1845790 204
1845800 204
1845810 204
1845820 204
1845830 204
1845840 204
1845850 204
1845860 204
1845870 204
1845880 204
1845890 204
1845900 204
1845910 204
1845920 204
1845930 204
1845940 204
1845950 204
1845960 204
1845970 204
1845980 204
1845990 203
1846000 203
1846010 203
1846020 203
1846030 203
1846040 203
1846050 203
1846060 203
1846070 203
1846080 203
1846090 202
1846100 203
1846110 203
1846120 202
1846130 202
1846140 202
1846150 202
1846160 202
1846170 202
1846180 202
1846190 201
1846200 201
1846210 201
1846220 201
1846230 201
1846240 201
1846250 201
1846260 201
1846270 201
1846280 201
1846290 201
1846300 201
1846310 201
1846320 201
1846330 201
1846340 201
1846350 201
1846360 200
1846370 201
1846380 201
1846390 201
1846400 201
1846410 201
1846420 201
1846430 201
1846440 201
1846450 201
1846460 201
1846470 201
1846480 201
1846490 201
1846500 201
1846510 201
1846520 201
1846530 200
1846540 200
1846550 200
1846560 200
1846570 200
1846580 199
1846590 199
1846600 199
1846610 199
1846620 199
1846630 199
1846640 198
1846650 198
1846660 198
1846670 197
1846680 197
1846690 197
1846700 197
1846710 197
1846720 197
1846730 197
1846740 197
1846750 197
1846760 197
1846770 197
1846780 197
1846790 197
1846800 197
1846810 197
1846820 197
1846830 197
1846840 197
1846850 197
1846860 197
1846870 197
1846880 196
1846890 196
1846900 196
1846910 196
1846920 196
1846930 196
1846940 196
1846950 196
1846960 195
1846970 195
1846980 195
1846990 195
1847000 195
1847010 195
1847020 195
1847030 195
1847040 195
1847050 195
1847060 195
1847070 194
1847080 194
1847090 194
1847100 194
1847110 194
1847120 194
1847130 194
1847140 194
1847150 194
1847160 193
1847170 193
1847180 193
1847190 193
1847200 193
1847210 193
1847220 193
1847230 193
1847240 193
1847250 193
1847260 193
1847270 193
1847280 194
1847290 194
1847300 194
1847310 194
1847320 194
1847330 194
1847340 194
1847350 194
1847360 194
1847370 194
1847380 194
1847390 193
1847400 193
1847410 193
1847420 193
1847430 193
1847440 193
1847450 193
1847460 193
1847470 193
1847480 193
1847490 193
1847500 193
1847510 193
1847520 193
1847530 193
1847540 193
1847550 193
1847560 193
1847570 193
1847580 193
1847590 193
1847600 193
1847610 193
1847620 193
1847630 193
1847640 193
1847650 193
1847660 192
1847670 192
1847680 192
1847690 192
1847700 192
1847710 192
1847720 192
1847730 192
1847740 192
1847750 192
1847760 192
1847770 192
1847780 192
1847790 192
1847800 192
1847810 191
1847820 191
1847830 191
1847840 191
1847850 191
1847860 191
1847870 191
1847880 191
1847890 191
1847900 191
1847910 191
1847920 191
1847930 191
1847940 191
1847950 191
1847960 191
1847970 191
1847980 191
1847990 191
1848000 190
1848010 190
1848020 190
1848030 190
1848040 190
1848050 190
1848060 190
1848070 190
1848080 190
1848090 190
1848100 190
1848110 190
1848120 190
1848130 190
1848140 190
1848150 189
1848160 189
1848170 189
1848180 189
1848190 189
1848200 189
1848210 189
1848220 189
1848230 189
1848240 189
1848250 189
1848260 189
1848270 189
1848280 189
1848290 189
1848300 188
1848310 188
1848320 188
1848330 188
1848340 188
1848350 188
1848360 188
1848370 189
1848380 189
1848390 189
1848400 189
1848410 189
1848420 189
1848430 188
1848440 188
1848450 188
1848460 187
1848470 187
1848480 187
1848490 187
1848500 187
1848510 187
1848520 187
1848530 187
1848540 187
1848550 187
1848560 187
1848570 188
1848580 190
1848590 188
1848600 188
1848610 188
1848620 188
1848630 188
1848640 188
1848650 187
1848660 187
1848670 187
1848680 187
1848690 187
1848700 187
1848710 187
1848720 187
1848730 187
1848740 187
1848750 187
1848760 187
1848770 186
1848780 186
1848790 186
1848800 186
1848810 186
1848820 186
1848830 186
1848840 186
1848850 186
1848860 186
1848870 186
1848880 186
1848890 186
1848900 186
1848910 186
1848920 186
1848930 186
1848940 186
1848950 186
1848960 186
1848970 186
1848980 186
1848990 186
1849000 186
1849010 186
1849020 186
1849030 186
1849040 186
1849050 186
1849060 186
1849070 186
1849080 186
1849090 186
1849100 186
1849110 186
1849120 186
1849130 186
1849140 186
1849150 186
1849160 186
1849170 186
1849180 186
1849190 186
1849200 186
1849210 186
1849220 186
1849230 186
1849240 186
1849250 186
1849260 186
1849270 186
1849280 186
1849290 186
1849300 186
1849310 186
1849320 186
1849330 186
1849340 186
1849350 186
1849360 186
1849370 186
1849380 186
1849390 186
1849400 185
1849410 185
1849420 185
1849430 185
1849440 185
1849450 185
1849460 185
1849470 185
1849480 185
1849490 185
1849500 185
1849510 185
1849520 185
1849530 185
1849540 185
1849550 185
1849560 185
1849570 185
1849580 185
1849590 185
1849600 185
1849610 185
1849620 185
1849630 185
1849640 185
1849650 185
1849660 185
1849670 185
1849680 185
1849690 185
1849700 185
1849710 184
1849720 184
1849730 184
1849740 185
1849750 185
1849760 185
1849770 184
1849780 184
1849790 184
1849800 184
1849810 184
1849820 184
1849830 184
1849840 184
1849850 183
1849860 183
1849870 184
1849880 184
1849890 184
1849900 184
1849910 183
1849920 183
1849930 183
1849940 183
1849950 183
1849960 183
1849970 183
1849980 183
1849990 183
1850000 182
1850010 182
1850020 182
1850030 182
1850040 182
1850050 182
1850060 182
1850070 182
1850080 182
1850090 182
1850100 182
1850110 182
1850120 182
1850130 182
1850140 182
1850150 182
1850160 182
1850170 181
1850180 182
1850190 182
1850200 182
1850210 182
1850220 182
1850230 182
1850240 182
1850250 182
1850260 182
1850270 181
1850280 181
1850290 181
1850300 181
1850310 181
1850320 181
1850330 181
1850340 181
1850350 181
1850360 181
1850370 181
1850380 181
1850390 181
1850400 181
1850410 181
1850420 181
1850430 181
1850440 181
1850450 181
1850460 181
1850470 181
1850480 180
1850490 181
1850500 181
1850510 181
1850520 181
1850530 181
1850540 181
1850550 182
1850560 182
1850570 182
1850580 182
1850590 182
1850600 182
1850610 183
1850620 183
1850630 183
1850640 184
1850650 184
1850660 184
1850670 183
1850680 184
1850690 184
1850700 184
1850710 183
1850720 183
1850730 183
1850740 183
1850750 183
1850760 183
1850770 183
1850780 183
1850790 182
1850800 182
1850810 182
1850820 181
1850830 180
1850840 180
1850850 180
1850860 180
1850870 180
1850880 180
1850890 180
1850900 180
1850910 180
1850920 179
1850930 179
1850940 179
1850950 179
1850960 179
1850970 179
1850980 178
1850990 178
1851000 178
1851010 178
1851020 178
1851030 178
1851040 178
1851050 178
1851060 178
1851070 178
1851080 178
1851090 178
1851100 178
1851110 179
1851120 179
1851130 179
1851140 179
1851150 179
1851160 179
1851170 179
1851180 179
1851190 179
1851200 179
1851210 179
1851220 180
1851230 180
1851240 180
1851250 180
1851260 180
1851270 180
1851280 180
1851290 181
1851300 181
1851310 181
1851320 181
1851330 181
1851340 181
1851350 181
1851360 181
1851370 181
1851380 181
1851390 181
1851400 181
1851410 181
1851420 181
1851430 181
1851440 181
1851450 181
1851460 181
1851470 181
1851480 181
1851490 181
1851500 182
1851510 182
1851520 182
1851530 182
1851540 182
1851550 182
1851560 182
1851570 182
1851580 182
1851590 182
1851600 182
1851610 182
1851620 182
1851630 182
1851640 182
1851650 182
1851660 182
1851670 182
1851680 182
1851690 182
1851700 182
1851710 182
1851720 183
1851730 183
1851740 183
1851750 183
1851760 183
1851770 182
1851780 183
1851790 183
1851800 183
1851810 183
1851820 183
1851830 183
1851840 183
1851850 183
1851860 183
1851870 183
1851880 183
1851890 182
1851900 183
1851910 183
1851920 183
1851930 182
1851940 183
1851950 183
1851960 183
1851970 183
1851980 183
1851990 182
1852000 183
1852010 183
1852020 183
1852030 183
1852040 183
1852050 183
1852060 183
1852070 183
1852080 183
1852090 183
1852100 183
1852110 183
1852120 183
1852130 183
1852140 183
1852150 183
1852160 183
1852170 183
1852180 183
1852190 183
1852200 183
1852210 183
1852220 183
1852230 183
1852240 183
1852250 183
1852260 183
1852270 184
1852280 184
1852290 183
1852300 183
1852310 183
1852320 183
1852330 183
1852340 183
1852350 183
1852360 183
1852370 183
1852380 183
1852390 183
1852400 183
1852410 183
1852420 183
1852430 183
1852440 183
1852450 183
1852460 182
1852470 182
1852480 182
1852490 182
1852500 182
1852510 182
1852520 182
1852530 182
1852540 182
1852550 182
1852560 182
1852570 182
1852580 182
1852590 182
1852600 182
1852610 182
1852620 182
1852630 182
1852640 182
1852650 182
1852660 182
1852670 182
1852680 182
1852690 181
1852700 181
1852710 181
1852720 181
1852730 181
1852740 181
1852750 181
1852760 181
1852770 181
1852780 181
1852790 180
1852800 180
1852810 180
1852820 180
1852830 180
1852840 180
1852850 179
1852860 179
1852870 179
1852880 179
1852890 179
1852900 179
1852910 178
1852920 178
1852930 178
1852940 178
1852950 178
1852960 178
1852970 177
1852980 177
1852990 177
1853000 177
1853010 176
1853020 176
1853030 175
1853040 175
1853050 175
1853060 174
1853070 173
1853080 173
1853090 172
1853100 171
1853110 171
1853120 170
1853130 169
1853140 169
1853150 169
1853160 168
1853170 168
1853180 168
1853190 167
1853200 167
1853210 167
1853220 167
1853230 167
1853240 167
1853250 167
1853260 167
1853270 167
1853280 167
1853290 167
1853300 167
1853310 167
1853320 167
1853330 167
1853340 167
1853350 167
1853360 167
1853370 167
1853380 167
1853390 167
1853400 167
1853410 167
1853420 167
1853430 167
1853440 167
1853450 167
1853460 167
1853470 167
1853480 167
1853490 167
1853500 167
1853510 167
1853520 167
1853530 167
1853540 167
1853550 167
1853560 167
1853570 167
1853580 167
1853590 167
1853600 167
1853610 167
1853620 167
1853630 167
1853640 167
1853650 167
1853660 167
1853670 167
1853680 167
1853690 167
1853700 167
1853710 166
1853720 167
1853730 167
1853740 167
1853750 167
1853760 167
1853770 167
1853780 166
1853790 166
1853800 166
1853810 167
1853820 167
1853830 167
1853840 169
1853850 169
1853860 168
1853870 167
1853880 167
1853890 166
1853900 166
1853910 166
1853920 166
1853930 166
1853940 166
1853950 166
1853960 166
1853970 166
1853980 165
1853990 165
1854000 165
1854010 166
1854020 166
1854030 166
1854040 166
1854050 166
1854060 165
1854070 165
1854080 166
1854090 166
1854100 166
1854110 166
1854120 166
1854130 166
1854140 166
1854150 166
1854160 166
1854170 166
1854180 166
1854190 166
1854200 166
1854210 166
1854220 166
1854230 166
1854240 166
1854250 166
1854260 165
1854270 165
1854280 165
1854290 165
1854300 165
1854310 165
1854320 165
1854330 165
1854340 165
1854350 165
1854360 165
1854370 165
1854380 165
1854390 165
1854400 165
1854410 165
1854420 165
1854430 165
1854440 165
1854450 165
1854460 165
1854470 165
1854480 165
1854490 165
1854500 165
1854510 165
1854520 165
1854530 165
1854540 165
1854550 166
1854560 166
1854570 166
1854580 166
1854590 166
1854600 167
1854610 167
1854620 167
1854630 167
1854640 167
1854650 167
1854660 167
1854670 167
1854680 167
1854690 167
1854700 167
1854710 167
1854720 168
1854730 168
1854740 168
1854750 168
1854760 167
1854770 168
1854780 168
1854790 168
1854800 168
1854810 168
1854820 168
1854830 168
1854840 168
1854850 168
1854860 169
1854870 169
1854880 169
1854890 169
1854900 169
1854910 169
1854920 169
1854930 169
1854940 169
1854950 169
1854960 169
1854970 170
1854980 170
1854990 170
1855000 170
1855010 170
1855020 170
1855030 170
1855040 170
1855050 170
1855060 170
1855070 170
1855080 170
1855090 170
1855100 170
1855110 171
1855120 171
1855130 171
1855140 171
1855150 171
1855160 171
1855170 171
1855180 171
1855190 171
1855200 171
1855210 171
1855220 171
1855230 171
1855240 171
1855250 172
1855260 172
1855270 172
1855280 172
1855290 172
1855300 172
1855310 172
1855320 172
1855330 172
1855340 172
1855350 172
1855360 172
1855370 172
1855380 172
1855390 172
1855400 171
1855410 171
1855420 171
1855430 171
1855440 171
1855450 171
1855460 170
1855470 170
1855480 170
1855490 169
1855500 169
1855510 169
1855520 168
1855530 168
1855540 168
1855550 167
1855560 167
1855570 167
1855580 167
1855590 166
1855600 166
1855610 165
1855620 165
1855630 165
1855640 165
1855650 164
1855660 164
1855670 164
1855680 163
1855690 163
1855700 163
1855710 163
1855720 163
1855730 163
1855740 163
1855750 163
1855760 163
1855770 163
1855780 163
1855790 163
1855800 163
1855810 163
1855820 163
1855830 163
1855840 163
1855850 163
1855860 164
1855870 166
1855880 166
1855890 169
1855900 173
1855910 173
1855920 178
1855930 182
1855940 182
1855950 185
1855960 185
1855970 185
1855980 186
1855990 186
1856000 186
1856010 187
1856020 187
1856030 187
1856040 188
1856050 188
1856060 188
1856070 188
1856080 188
1856090 188
1856100 188
1856110 188
1856120 189
1856130 189
1856140 189
1856150 189
1856160 189
1856170 189
1856180 189
1856190 189
1856200 189
1856210 189
1856220 189
1856230 189
1856240 189
1856250 189
1856260 189
1856270 189
1856280 189
1856290 189
1856300 189
1856310 189
1856320 189
1856330 189
1856340 189
1856350 189
1856360 189
1856370 189
1856380 189
1856390 189
1856400 189
1856410 189
1856420 189
1856430 189
1856440 189
1856450 189
1856460 189
1856470 189
1856480 189
1856490 188
1856500 188
1856510 188
1856520 188
1856530 188
1856540 188
1856550 188
1856560 188
1856570 188
1856580 188
1856590 188
1856600 188
1856610 188
1856620 188
1856630 188
1856640 188
1856650 188
1856660 188
1856670 188
1856680 188
1856690 187
1856700 187
1856710 187
1856720 187
1856730 186
1856740 186
1856750 186
1856760 186
1856770 186
1856780 186
1856790 186
1856800 186
1856810 186
1856820 186
1856830 186
1856840 185
1856850 185
1856860 185
1856870 185
1856880 184
1856890 184
1856900 184
1856910 184
1856920 183
1856930 183
1856940 183
1856950 183
1856960 183
1856970 182
1856980 182
1856990 182
1857000 181
1857010 181
1857020 181
1857030 180
1857040 179
1857050 179
1857060 178
1857070 178
1857080 178
1857090 177
1857100 176
1857110 176
1857120 175
1857130 174
1857140 174
1857150 173
1857160 173
1857170 173
1857180 171
1857190 171
1857200 171
1857210 171
1857220 171
1857230 171
1857240 170
1857250 170
1857260 170
1857270 170
1857280 169
1857290 169
1857300 169
1857310 168
1857320 168
1857330 168
1857340 169
1857350 169
1857360 169
1857370 169
1857380 170
1857390 170
1857400 170
1857410 170
1857420 170
1857430 171
1857440 171
1857450 171
