1840000 378
1840010 378
1840020 377
1840030 377
1840040 377
1840050 376
1840060 376
1840070 376
1840080 377
1840090 377
1840100 379
1840110 379
1840120 380
1840130 380
1840140 381
1840150 381
1840160 381
1840170 379
1840180 378
1840190 378
1840200 377
1840210 376
1840220 376
1840230 375
1840240 374
1840250 374
1840260 372
1840270 370
1840280 370
1840290 367
1840300 363
1840310 363
1840320 360
1840330 356
1840340 356
1840350 352
1840360 349
1840370 349
1840380 346
1840390 344
1840400 344
1840410 341
1840420 340
1840430 338
1840440 338
1840450 336
1840460 333
1840470 333
1840480 330
1840490 328
1840500 328
1840510 325
1840520 323
1840530 323
1840540 320
1840550 318
1840560 318
1840570 315
1840580 312
1840590 312
1840600 310
1840610 307
1840620 307
1840630 305
1840640 302
1840650 302
1840660 299
1840670 298
1840680 298
1840690 297
1840700 297
1840710 297
1840720 296
1840730 297
1840740 297
1840750 297
1840760 298
1840770 298
1840780 300
1840790 301
1840800 301
1840810 303
1840820 308
1840830 308
1840840 311
1840850 313
1840860 314
1840870 314
1840880 316
1840890 318
1840900 318
1840910 320
1840920 321
1840930 321
1840940 323
1840950 324
1840960 324
1840970 326
1840980 328
1840990 328
1841000 331
1841010 333
1841020 333
1841030 335
1841040 338
1841050 338
1841060 338
1841070 337
1841080 337
1841090 333
1841100 330
1841110 330
1841120 329
1841130 327
1841140 327
1841150 327
1841160 329
1841170 329
1841180 332
1841190 334
1841200 334
1841210 336
1841220 337
1841230 337
1841240 339
1841250 343
1841260 343
1841270 346
1841280 349
1841290 351
1841300 351
1841310 351
1841320 350
1841330 350
1841340 348
1841350 347
1841360 347
1841370 346
1841380 346
1841390 346
1841400 346
1841410 348
1841420 348
1841430 349
1841440 350
1841450 350
1841460 349
1841470 348
1841480 348
1841490 346
1841500 344
1841510 344
1841520 342
1841530 341
1841540 341
1841550 340
1841560 339
1841570 339
1841580 338
1841590 338
1841600 338
1841610 337
1841620 337
1841630 337
1841640 337
1841650 336
1841660 336
1841670 336
1841680 335
1841690 335
1841700 335
1841710 334
1841720 333
1841730 333
1841740 332
1841750 331
1841760 331
1841770 330
1841780 329
1841790 329
1841800 328
1841810 326
1841820 326
1841830 324
1841840 322
1841850 322
1841860 319
1841870 317
1841880 317
1841890 314
1841900 310
1841910 310
1841920 308
1841930 305
1841940 305
1841950 302
1841960 301
1841970 301
1841980 301
1841990 301
1842000 301
1842010 302
1842020 303
1842030 303
1842040 303
1842050 304
1842060 304
1842070 305
1842080 306
1842090 306
1842100 308
1842110 309
1842120 309
1842130 310
1842140 312
1842150 314
1842160 314
1842170 316
1842180 318
1842190 318
1842200 321
1842210 323
1842220 323
1842230 325
1842240 327
1842250 327
1842260 330
1842270 332
1842280 332
1842290 332
1842300 332
1842310 332
1842320 332
1842330 331
1842340 331
1842350 331
1842360 330
1842370 330
1842380 329
1842390 328
1842400 328
1842410 328
1842420 329
1842430 329
1842440 330
1842450 331
1842460 331
1842470 332
1842480 334
1842490 334
1842500 336
1842510 339
1842520 339
1842530 341
1842540 344
1842550 344
1842560 346
1842570 348
1842580 350
1842590 350
1842600 352
1842610 354
1842620 356
1842630 358
1842640 360
1842650 360
1842660 361
1842670 362
1842680 362
1842690 362
1842700 363
1842710 363
1842720 364
1842730 364
1842740 364
1842750 365
1842760 365
1842770 365
1842780 366
1842790 366
1842800 366
1842810 367
1842820 368
1842830 368
1842840 369
1842850 369
1842860 369
1842870 370
1842880 371
1842890 371
1842900 372
1842910 373
1842920 373
1842930 374
1842940 374
1842950 374
1842960 375
1842970 376
1842980 377
1842990 378
1843000 378
1843010 378
1843020 378
1843030 378
1843040 378
1843050 378
1843060 378
1843070 377
1843080 377
1843090 377
1843100 377
1843110 377
1843120 376
1843130 375
1843140 375
1843150 375
1843160 374
1843170 374
1843180 374
1843190 373
1843200 373
1843210 372
1843220 370
1843230 370
1843240 369
1843250 367
1843260 367
1843270 365
1843280 363
1843290 363
1843300 361
1843310 360
1843320 360
1843330 356
1843340 354
1843350 354
1843360 353
1843370 352
1843380 352
1843390 350
1843400 349
1843410 349
1843420 346
1843430 344
1843440 341
1843450 341
1843460 338
1843470 335
1843480 335
1843490 332
1843500 328
1843510 328
1843520 325
1843530 322
1843540 322
1843550 319
1843560 316
1843570 316
1843580 313
1843590 311
1843600 311
1843610 307
1843620 306
1843630 306
1843640 308
1843650 309
1843660 309
1843670 311
1843680 313
1843690 315
1843700 316
1843710 316
1843720 316
1843730 316
1843740 317
1843750 317
1843760 317
1843770 316
1843780 316
1843790 316
1843800 315
1843810 315
1843820 314
1843830 313
1843840 313
1843850 313
1843860 312
1843870 312
1843880 312
1843890 312
1843900 311
1843910 311
1843920 311
1843930 311
1843940 311
1843950 310
1843960 310
1843970 310
1843980 310
1843990 310
1844000 310
1844010 310
1844020 309
1844030 309
1844040 309
1844050 308
1844060 308
1844070 308
1844080 308
1844090 308
1844100 308
1844110 307
1844120 307
1844130 307
1844140 305
1844150 305
1844160 304
1844170 302
1844180 302
1844190 300
1844200 298
1844210 298
1844220 295
1844230 294
1844240 294
1844250 292
1844260 291
1844270 291
1844280 290
1844290 287
1844300 285
1844310 285
1844320 283
1844330 281
1844340 281
1844350 279
1844360 277
1844370 277
1844380 275
1844390 273
1844400 271
1844410 269
1844420 268
1844430 268
1844440 266
1844450 264
1844460 264
1844470 262
1844480 260
1844490 260
1844500 258
1844510 257
1844520 257
1844530 255
1844540 254
1844550 254
1844560 253
1844570 251
1844580 251
1844590 250
1844600 249
1844610 249
1844620 249
1844630 249
1844640 249
1844650 250
1844660 250
1844670 250
1844680 251
1844690 251
1844700 251
1844710 252
1844720 252
1844730 252
1844740 252
1844750 252
1844760 253
1844770 253
1844780 253
1844790 252
1844800 252
1844810 252
1844820 251
1844830 251
1844840 250
1844850 249
1844860 249
1844870 248
1844880 247
1844890 247
1844900 246
1844910 245
1844920 245
1844930 244
1844940 243
1844950 243
1844960 243
1844970 242
1844980 242
1844990 241
1845000 240
1845010 240
1845020 239
1845030 238
1845040 238
1845050 237
1845060 237
1845070 237
1845080 236
1845090 235
1845100 235
1845110 235
1845120 234
1845130 234
1845140 234
1845150 233
1845160 233
1845170 233
1845180 232
1845190 232
1845200 232
1845210 231
1845220 231
1845230 231
1845240 230
1845250 230
1845260 230
1845270 229
1845280 229
1845290 229
1845300 229
1845310 228
1845320 228
1845330 228
1845340 228
1845350 228
1845360 227
1845370 227
1845380 227
1845390 227
1845400 226
1845410 226
1845420 226
1845430 226
1845440 226
1845450 226
1845460 225
1845470 225
1845480 225
1845490 225
1845500 225
1845510 224
1845520 224
1845530 224
1845540 224
1845550 224
1845560 224
1845570 223
1845580 223
1845590 223
1845600 223
1845610 222
1845620 222
1845630 222
1845640 222
1845650 221
1845660 221
1845670 221
1845680 221
1845690 221
1845700 221
1845710 220
1845720 220
1845730 220
1845740 220
1845750 220
1845760 219
1845770 219
1845780 219
1845790 219
1845800 219
1845810 219
1845820 218
1845830 218
1845840 218
1845850 218
1845860 218
1845870 218
1845880 217
1845890 217
1845900 217
1845910 216
1845920 216
1845930 216
1845940 216
1845950 215
1845960 215
1845970 215
1845980 215
1845990 215
1846000 215
1846010 215
1846020 215
1846030 215
1846040 215
1846050 214
1846060 214
1846070 214
1846080 214
1846090 214
1846100 214
1846110 213
1846120 213
1846130 213
1846140 213
1846150 213
1846160 212
1846170 212
1846180 212
1846190 211
1846200 211
1846210 211
1846220 211
1846230 211
1846240 211
1846250 211
1846260 210
1846270 210
1846280 210
1846290 210
1846300 210
1846310 210
1846320 209
1846330 209
1846340 209
1846350 209
1846360 209
1846370 209
1846380 209
1846390 209
1846400 208
1846410 208
1846420 208
1846430 208
1846440 207
1846450 207
1846460 207
1846470 207
1846480 207
1846490 207
1846500 207
1846510 206
1846520 206
1846530 206
1846540 206
1846550 206
1846560 206
1846570 206
1846580 206
1846590 206
1846600 206
1846610 206
1846620 205
1846630 205
1846640 205
1846650 205
1846660 205
1846670 205
1846680 204
1846690 204
1846700 204
1846710 204
1846720 204
1846730 204
1846740 203
1846750 203
1846760 203
1846770 203
1846780 203
1846790 203
1846800 203
1846810 202
1846820 202
1846830 202
1846840 202
1846850 202
1846860 202
1846870 202
1846880 202
1846890 201
1846900 201
1846910 201
1846920 201
1846930 201
1846940 201
1846950 201
1846960 200
1846970 200
1846980 200
1846990 200
1847000 200
1847010 200
1847020 200
1847030 199
1847040 199
1847050 199
1847060 199
1847070 199
1847080 199
1847090 199
1847100 199
1847110 199
1847120 198
1847130 198
1847140 198
1847150 198
1847160 198
1847170 198
1847180 197
1847190 197
1847200 197
1847210 197
1847220 197
1847230 197
1847240 196
1847250 196
1847260 196
1847270 196
1847280 196
1847290 196
1847300 196
1847310 196
1847320 196
1847330 195
1847340 195
1847350 195
1847360 195
1847370 195
1847380 195
1847390 195
1847400 195
1847410 195
1847420 195
1847430 194
1847440 194
1847450 194
1847460 194
1847470 194
1847480 194
1847490 193
1847500 193
1847510 193
1847520 193
1847530 193
1847540 193
1847550 193
1847560 193
1847570 193
1847580 193
1847590 193
1847600 193
1847610 192
1847620 192
1847630 192
1847640 192
1847650 192
1847660 192
1847670 192
1847680 192
1847690 192
1847700 191
1847710 191
1847720 191
1847730 191
1847740 191
1847750 191
1847760 191
1847770 191
1847780 191
1847790 191
1847800 191
1847810 191
1847820 190
1847830 190
1847840 190
1847850 190
1847860 190
1847870 190
1847880 190
1847890 190
1847900 190
1847910 189
1847920 189
1847930 189
1847940 189
1847950 189
1847960 189
1847970 189
1847980 189
1847990 189
1848000 188
1848010 188
1848020 188
1848030 188
1848040 188
1848050 188
1848060 188
1848070 188
1848080 188
1848090 188
1848100 187
1848110 187
1848120 187
1848130 187
1848140 187
1848150 187
1848160 186
1848170 186
1848180 186
1848190 186
1848200 186
1848210 186
1848220 186
1848230 186
1848240 186
1848250 186
1848260 185
1848270 185
1848280 185
1848290 185
1848300 185
1848310 185
1848320 185
1848330 185
1848340 185
1848350 185
1848360 185
1848370 185
1848380 185
1848390 185
1848400 184
1848410 184
1848420 184
1848430 184
1848440 184
1848450 184
1848460 184
1848470 184
1848480 184
1848490 184
1848500 184
1848510 184
1848520 184
1848530 184
1848540 184
1848550 183
1848560 183
1848570 183
1848580 183
1848590 183
1848600 183
1848610 183
1848620 183
1848630 183
1848640 183
1848650 183
1848660 183
1848670 183
1848680 183
1848690 183
1848700 183
1848710 183
1848720 183
1848730 183
1848740 183
1848750 183
1848760 183
1848770 183
1848780 183
1848790 183
1848800 183
1848810 183
1848820 183
1848830 183
1848840 183
1848850 183
1848860 182
1848870 182
1848880 182
1848890 182
1848900 182
1848910 182
1848920 182
1848930 182
1848940 182
1848950 182
1848960 182
1848970 182
1848980 182
1848990 182
1849000 182
1849010 182
1849020 182
1849030 182
1849040 182
1849050 182
1849060 182
1849070 182
1849080 182
1849090 182
1849100 182
1849110 182
1849120 182
1849130 182
1849140 183
1849150 183
1849160 183
1849170 183
1849180 183
1849190 183
1849200 183
1849210 184
1849220 184
1849230 184
1849240 184
1849250 184
1849260 184
1849270 185
1849280 185
1849290 185
1849300 185
1849310 185
1849320 185
1849330 185
1849340 185
1849350 184
1849360 185
1849370 185
1849380 184
1849390 184
1849400 184
1849410 183
1849420 183
1849430 183
1849440 183
1849450 182
1849460 182
1849470 182
1849480 181
1849490 181
1849500 181
1849510 180
1849520 180
1849530 180
1849540 179
1849550 179
1849560 179
1849570 179
1849580 179
1849590 179
1849600 178
1849610 178
1849620 178
1849630 178
1849640 178
1849650 178
1849660 178
1849670 178
1849680 178
1849690 178
1849700 178
1849710 178
1849720 178
1849730 178
1849740 178
1849750 178
1849760 178
1849770 178
1849780 178
1849790 177
1849800 177
1849810 177
1849820 177
1849830 177
1849840 177
1849850 177
1849860 177
1849870 177
1849880 177
1849890 177
1849900 177
1849910 177
1849920 177
1849930 177
1849940 177
1849950 177
1849960 177
1849970 177
1849980 177
1849990 177
1850000 177
1850010 177
1850020 177
1850030 177
1850040 177
1850050 177
1850060 177
1850070 177
1850080 177
1850090 177
1850100 177
1850110 177
1850120 177
1850130 177
1850140 177
1850150 177
1850160 177
1850170 177
1850180 177
1850190 177
1850200 177
1850210 178
1850220 178
1850230 178
1850240 178
1850250 178
1850260 178
1850270 178
1850280 179
1850290 179
1850300 179
1850310 180
1850320 180
1850330 180
1850340 180
1850350 179
1850360 179
1850370 179
1850380 179
1850390 179
1850400 180
1850410 180
1850420 180
1850430 180
1850440 181
1850450 181
1850460 182
1850470 183
1850480 183
1850490 184
1850500 184
1850510 184
1850520 184
1850530 184
1850540 184
1850550 185
1850560 185
1850570 185
1850580 185
1850590 185
1850600 185
1850610 185
1850620 185
1850630 185
1850640 185
1850650 185
1850660 185
1850670 185
1850680 186
1850690 186
1850700 186
1850710 187
1850720 187
1850730 187
1850740 187
1850750 187
1850760 188
1850770 188
1850780 188
1850790 188
1850800 188
1850810 188
1850820 188
1850830 188
1850840 188
1850850 188
1850860 188
1850870 188
1850880 188
1850890 188
1850900 187
1850910 187
1850920 187
1850930 187
1850940 187
1850950 187
1850960 187
1850970 187
1850980 187
1850990 187
1851000 187
1851010 187
1851020 187
1851030 187
1851040 187
1851050 187
1851060 187
1851070 187
1851080 187
1851090 187
1851100 187
1851110 187
1851120 187
1851130 188
1851140 188
1851150 188
1851160 188
1851170 188
1851180 188
1851190 188
1851200 188
1851210 189
1851220 189
1851230 189
1851240 189
1851250 189
1851260 189
1851270 190
1851280 190
1851290 190
1851300 191
1851310 191
1851320 191
1851330 191
1851340 191
1851350 192
1851360 192
1851370 192
1851380 192
1851390 192
1851400 192
1851410 193
1851420 193
1851430 193
1851440 194
1851450 194
1851460 194
1851470 195
1851480 195
1851490 195
1851500 195
1851510 196
1851520 196
1851530 196
1851540 196
1851550 196
1851560 196
1851570 197
1851580 197
1851590 197
1851600 198
1851610 198
1851620 198
1851630 198
1851640 198
1851650 198
1851660 198
1851670 199
1851680 199
1851690 199
1851700 199
1851710 199
1851720 199
1851730 199
1851740 199
1851750 199
1851760 198
1851770 198
1851780 198
1851790 198
1851800 198
1851810 199
1851820 198
1851830 198
1851840 198
1851850 199
1851860 199
1851870 199
1851880 199
1851890 199
1851900 200
1851910 200
1851920 200
1851930 200
1851940 200
1851950 200
1851960 200
1851970 200
1851980 200
1851990 200
1852000 200
1852010 200
1852020 200
1852030 200
1852040 200
1852050 200
1852060 200
1852070 200
1852080 200
1852090 199
1852100 199
1852110 199
1852120 199
1852130 199
1852140 199
1852150 199
1852160 199
1852170 199
1852180 199
1852190 199
1852200 199
1852210 199
1852220 199
1852230 199
1852240 199
1852250 198
1852260 198
1852270 198
1852280 198
1852290 198
1852300 198
1852310 198
1852320 198
1852330 198
1852340 197
1852350 197
1852360 197
1852370 197
1852380 197
1852390 197
1852400 197
1852410 197
1852420 197
1852430 197
1852440 197
1852450 197
1852460 197
1852470 197
1852480 197
1852490 197
1852500 196
1852510 196
1852520 196
1852530 196
1852540 196
1852550 196
1852560 196
1852570 196
1852580 196
1852590 196
1852600 196
1852610 196
1852620 196
1852630 196
1852640 196
1852650 196
1852660 196
1852670 196
1852680 196
1852690 196
1852700 195
1852710 195
1852720 195
1852730 195
1852740 195
1852750 195
1852760 195
1852770 195
1852780 195
1852790 195
1852800 195
1852810 195
1852820 195
1852830 194
1852840 194
1852850 194
1852860 194
1852870 194
1852880 194
1852890 194
1852900 194
1852910 194
1852920 194
1852930 194
1852940 194
1852950 193
1852960 193
1852970 193
1852980 193
1852990 193
1853000 193
1853010 193
1853020 193
1853030 193
1853040 193
1853050 193
1853060 193
1853070 193
1853080 192
1853090 192
1853100 192
1853110 192
1853120 192
1853130 192
1853140 192
1853150 192
1853160 191
1853170 191
1853180 191
1853190 191
1853200 191
1853210 191
1853220 191
1853230 191
1853240 191
1853250 191
1853260 191
1853270 191
1853280 191
1853290 191
1853300 191
1853310 191
1853320 191
1853330 191
1853340 190
1853350 190
1853360 190
1853370 190
1853380 190
1853390 190
1853400 190
1853410 189
1853420 189
1853430 189
1853440 189
1853450 188
1853460 188
1853470 188
1853480 188
1853490 188
1853500 187
1853510 187
1853520 187
1853530 186
1853540 186
1853550 186
1853560 186
1853570 185
1853580 185
1853590 185
1853600 185
1853610 185
1853620 185
1853630 185
1853640 185
1853650 185
1853660 185
1853670 185
1853680 184
1853690 184
1853700 184
1853710 184
1853720 184
1853730 184
1853740 184
1853750 184
1853760 184
1853770 184
1853780 184
1853790 183
1853800 183
1853810 183
1853820 183
1853830 183
1853840 183
1853850 183
1853860 183
1853870 182
1853880 184
1853890 184
1853900 184
1853910 184
1853920 184
1853930 184
1853940 185
1853950 185
1853960 185
1853970 184
1853980 184
1853990 184
1854000 184
1854010 184
1854020 183
1854030 182
1854040 182
1854050 182
1854060 181
1854070 181
1854080 181
1854090 180
1854100 180
1854110 181
1854120 181
1854130 181
1854140 182
1854150 182
1854160 182
1854170 183
1854180 183
1854190 183
1854200 183
1854210 183
1854220 183
1854230 183
1854240 183
1854250 183
1854260 183
1854270 183
1854280 182
1854290 182
1854300 183
1854310 183
1854320 183
1854330 183
1854340 184
1854350 184
1854360 184
1854370 184
1854380 184
1854390 185
1854400 185
1854410 185
1854420 184
1854430 184
1854440 184
1854450 183
1854460 183
1854470 183
1854480 182
1854490 182
1854500 182
1854510 181
1854520 181
1854530 181
1854540 180
1854550 180
1854560 180
1854570 180
1854580 179
1854590 179
1854600 179
1854610 179
1854620 179
1854630 178
1854640 178
1854650 178
1854660 178
1854670 178
1854680 178
1854690 178
1854700 178
1854710 178
1854720 178
1854730 179
1854740 179
1854750 179
1854760 179
1854770 179
1854780 179
1854790 179
1854800 180
1854810 180
1854820 180
1854830 180
1854840 180
1854850 180
1854860 180
1854870 180
1854880 180
1854890 180
1854900 180
1854910 180
1854920 180
1854930 180
1854940 180
1854950 180
1854960 180
1854970 181
1854980 181
1854990 181
1855000 182
1855010 182
1855020 182
1855030 182
1855040 182
1855050 182
1855060 182
1855070 182
1855080 182
1855090 182
1855100 182
1855110 182
1855120 182
1855130 182
1855140 182
1855150 182
1855160 182
1855170 182
1855180 182
1855190 182
1855200 181
1855210 181
1855220 181
1855230 181
1855240 181
