1840000 375
1840010 375
1840020 375
1840030 374
1840040 374
1840050 373
1840060 372
1840070 372
1840080 372
1840090 372
1840100 372
1840110 372
1840120 373
1840130 373
1840140 374
1840150 375
1840160 375
1840170 376
1840180 377
1840190 377
1840200 378
1840210 377
1840220 377
1840230 375
1840240 374
1840250 372
1840260 372
1840270 371
1840280 369
1840290 369
1840300 366
1840310 364
1840320 364
1840330 362
1840340 359
1840350 359
1840360 356
1840370 353
1840380 353
1840390 351
1840400 348
1840410 348
1840420 346
1840430 344
1840440 344
1840450 341
1840460 338
1840470 338
1840480 336
1840490 333
1840500 333
1840510 331
1840520 329
1840530 329
1840540 326
1840550 323
1840560 323
1840570 321
1840580 318
1840590 317
1840600 314
1840610 312
1840620 312
1840630 309
1840640 307
1840650 307
1840660 305
1840670 303
1840680 300
1840690 300
1840700 298
1840710 297
1840720 297
1840730 296
1840740 296
1840750 296
1840760 295
1840770 295
1840780 295
1840790 296
1840800 297
1840810 297
1840820 300
1840830 301
1840840 301
1840850 303
1840860 305
1840870 305
1840880 307
1840890 309
1840900 309
1840910 311
1840920 313
1840930 313
1840940 315
1840950 319
1840960 319
1840970 321
1840980 323
1840990 323
1841000 326
1841010 328
1841020 328
1841030 331
1841040 334
1841050 334
1841060 336
1841070 337
1841080 337
1841090 336
1841100 332
1841110 329
1841120 329
1841130 327
1841140 325
1841150 325
1841160 323
1841170 325
1841180 325
1841190 326
1841200 327
1841210 327
1841220 330
1841230 332
1841240 332
1841250 336
1841260 339
1841270 339
1841280 342
1841290 346
1841300 346
1841310 350
1841320 352
1841330 352
1841340 352
1841350 349
1841360 349
1841370 347
1841380 345
1841390 345
1841400 345
1841410 345
1841420 345
1841430 345
1841440 346
1841450 346
1841460 346
1841470 346
1841480 346
1841490 346
1841500 344
1841510 344
1841520 343
1841530 341
1841540 340
1841550 340
1841560 338
1841570 337
1841580 337
1841590 336
1841600 335
1841610 335
1841620 334
1841630 333
1841640 333
1841650 332
1841660 331
1841670 332
1841680 331
1841690 331
1841700 331
1841710 330
1841720 330
1841730 330
1841740 329
1841750 329
1841760 329
1841770 328
1841780 327
1841790 327
1841800 326
1841810 325
1841820 325
1841830 324
1841840 322
1841850 322
1841860 321
1841870 318
1841880 318
1841890 316
1841900 313
1841910 313
1841920 311
1841930 308
1841940 308
1841950 306
1841960 302
1841970 300
1841980 300
1841990 299
1842000 299
1842010 299
1842020 299
1842030 300
1842040 300
1842050 301
1842060 303
1842070 303
1842080 304
1842090 305
1842100 305
1842110 306
1842120 307
1842130 307
1842140 309
1842150 311
1842160 311
1842170 313
1842180 315
1842190 315
1842200 317
1842210 319
1842220 319
1842230 322
1842240 324
1842250 324
1842260 327
1842270 329
1842280 329
1842290 330
1842300 330
1842310 330
1842320 329
1842330 328
1842340 328
1842350 328
1842360 326
1842370 326
1842380 326
1842390 326
1842400 326
1842410 326
1842420 326
1842430 327
1842440 327
1842450 328
1842460 329
1842470 329
1842480 330
1842490 332
1842500 332
1842510 334
1842520 336
1842530 336
1842540 338
1842550 341
1842560 341
1842570 342
1842580 345
1842590 345
1842600 346
1842610 349
1842620 349
1842630 350
1842640 351
1842650 351
1842660 352
1842670 354
1842680 354
1842690 354
1842700 356
1842710 356
1842720 357
1842730 357
1842740 357
1842750 360
1842760 361
1842770 361
1842780 362
1842790 362
1842800 362
1842810 363
1842820 363
1842830 364
1842840 364
1842850 365
1842860 365
1842870 365
1842880 366
1842890 367
1842900 367
1842910 368
1842920 369
1842930 369
1842940 370
1842950 370
1842960 370
1842970 372
1842980 373
1842990 373
1843000 373
1843010 374
1843020 374
1843030 375
1843040 376
1843050 376
1843060 377
1843070 378
1843080 378
1843090 379
1843100 380
1843110 381
1843120 382
1843130 382
1843140 382
1843150 381
1843160 380
1843170 380
1843180 378
1843190 377
1843200 377
1843210 376
1843220 374
1843230 374
1843240 374
1843250 372
1843260 370
1843270 370
1843280 369
1843290 367
1843300 367
1843310 366
1843320 365
1843330 365
1843340 363
1843350 361
1843360 361
1843370 359
1843380 358
1843390 358
1843400 356
1843410 354
1843420 354
1843430 352
1843440 349
1843450 349
1843460 344
1843470 342
1843480 342
1843490 339
1843500 335
1843510 335
1843520 332
1843530 329
1843540 329
1843550 325
1843560 322
1843570 322
1843580 319
1843590 316
1843600 316
1843610 313
1843620 309
1843630 309
1843640 307
1843650 303
1843660 303
1843670 303
1843680 304
1843690 306
1843700 306
1843710 307
1843720 308
1843730 308
1843740 308
1843750 307
1843760 307
1843770 307
1843780 306
1843790 306
1843800 306
1843810 306
1843820 307
1843830 307
1843840 306
1843850 306
1843860 306
1843870 306
1843880 306
1843890 305
1843900 305
1843910 305
1843920 304
1843930 304
1843940 304
1843950 304
1843960 304
1843970 304
1843980 304
1843990 304
1844000 304
1844010 305
1844020 305
1844030 305
1844040 306
1844050 307
1844060 307
1844070 307
1844080 307
1844090 307
1844100 306
1844110 306
1844120 306
1844130 306
1844140 306
1844150 305
1844160 305
1844170 304
1844180 302
1844190 302
1844200 300
1844210 299
1844220 299
1844230 299
1844240 298
1844250 298
1844260 296
1844270 295
1844280 295
1844290 293
1844300 291
1844310 291
1844320 289
1844330 287
1844340 287
1844350 285
1844360 283
1844370 283
1844380 282
1844390 280
1844400 280
1844410 278
1844420 276
1844430 276
1844440 274
1844450 272
1844460 272
1844470 270
1844480 268
1844490 268
1844500 267
1844510 265
1844520 265
1844530 261
1844540 258
1844550 256
1844560 256
1844570 254
1844580 252
1844590 252
1844600 250
1844610 249
1844620 249
1844630 248
1844640 247
1844650 247
1844660 247
1844670 248
1844680 248
1844690 248
1844700 248
1844710 248
1844720 248
1844730 249
1844740 249
1844750 249
1844760 249
1844770 249
1844780 249
1844790 249
1844800 249
1844810 249
1844820 248
1844830 248
1844840 248
1844850 248
1844860 248
1844870 248
1844880 247
1844890 247
1844900 246
1844910 245
1844920 245
1844930 244
1844940 243
1844950 243
1844960 242
1844970 242
1844980 241
1844990 241
1845000 240
1845010 239
1845020 239
1845030 238
1845040 237
1845050 237
1845060 237
1845070 236
1845080 236
1845090 235
1845100 235
1845110 235
1845120 234
1845130 234
1845140 234
1845150 233
1845160 233
1845170 233
1845180 233
1845190 232
1845200 232
1845210 232
1845220 231
1845230 231
1845240 231
1845250 230
1845260 230
1845270 230
1845280 230
1845290 230
1845300 229
1845310 229
1845320 229
1845330 229
1845340 228
1845350 228
1845360 228
1845370 228
1845380 228
1845390 228
1845400 227
1845410 227
1845420 227
1845430 227
1845440 226
1845450 226
1845460 226
1845470 226
1845480 226
1845490 226
1845500 225
1845510 225
1845520 225
1845530 225
1845540 225
1845550 225
1845560 224
1845570 224
1845580 224
1845590 223
1845600 223
1845610 223
1845620 222
1845630 222
1845640 222
1845650 222
1845660 222
1845670 222
1845680 221
1845690 221
1845700 221
1845710 221
1845720 221
1845730 221
1845740 220
1845750 220
1845760 220
1845770 220
1845780 220
1845790 219
1845800 219
1845810 219
1845820 219
1845830 219
1845840 218
1845850 218
1845860 218
1845870 218
1845880 218
1845890 217
1845900 217
1845910 217
1845920 217
1845930 217
1845940 217
1845950 216
1845960 216
1845970 216
1845980 216
1845990 215
1846000 215
1846010 215
1846020 215
1846030 215
1846040 215
1846050 215
1846060 215
1846070 215
1846080 214
1846090 214
1846100 214
1846110 214
1846120 214
1846130 214
1846140 213
1846150 213
1846160 213
1846170 213
1846180 213
1846190 213
1846200 212
1846210 212
1846220 212
1846230 212
1846240 212
1846250 212
1846260 211
1846270 211
1846280 211
1846290 211
1846300 211
1846310 210
1846320 210
1846330 210
1846340 210
1846350 210
1846360 209
1846370 209
1846380 209
1846390 209
1846400 209
1846410 208
1846420 208
1846430 208
1846440 208
1846450 208
1846460 208
1846470 207
1846480 207
1846490 207
1846500 207
1846510 207
1846520 207
1846530 207
1846540 207
1846550 207
1846560 206
1846570 206
1846580 206
1846590 206
1846600 206
1846610 206
1846620 206
1846630 206
1846640 206
1846650 205
1846660 205
1846670 205
1846680 205
1846690 204
1846700 204
1846710 204
1846720 204
1846730 204
1846740 204
1846750 203
1846760 203
1846770 203
1846780 203
1846790 203
1846800 203
1846810 203
1846820 203
1846830 203
1846840 202
1846850 202
1846860 202
1846870 202
1846880 202
1846890 202
1846900 202
1846910 201
1846920 201
1846930 201
1846940 201
1846950 201
1846960 201
1846970 200
1846980 200
1846990 200
1847000 200
1847010 200
1847020 200
1847030 199
1847040 199
1847050 199
1847060 199
1847070 199
1847080 199
1847090 199
1847100 199
1847110 199
1847120 198
1847130 198
1847140 198
1847150 198
1847160 198
1847170 198
1847180 198
1847190 197
1847200 197
1847210 197
1847220 197
1847230 197
1847240 197
1847250 197
1847260 197
1847270 196
1847280 196
1847290 196
1847300 196
1847310 196
1847320 196
1847330 196
1847340 196
1847350 196
1847360 196
1847370 195
1847380 195
1847390 195
1847400 195
1847410 195
1847420 195
1847430 194
1847440 194
1847450 194
1847460 194
1847470 194
1847480 194
1847490 194
1847500 194
1847510 193
1847520 193
1847530 193
1847540 193
1847550 193
1847560 193
1847570 193
1847580 193
1847590 193
1847600 193
1847610 192
1847620 192
1847630 192
1847640 192
1847650 192
1847660 192
1847670 191
1847680 191
1847690 191
1847700 191
1847710 191
1847720 191
1847730 191
1847740 191
1847750 191
1847760 191
1847770 191
1847780 191
1847790 191
1847800 190
1847810 190
1847820 190
1847830 190
1847840 190
1847850 190
1847860 190
1847870 190
1847880 190
1847890 189
1847900 189
1847910 189
1847920 189
1847930 189
1847940 189
1847950 189
1847960 189
1847970 188
1847980 188
1847990 188
1848000 188
1848010 188
1848020 188
1848030 188
1848040 188
1848050 188
1848060 188
1848070 188
1848080 187
1848090 187
1848100 187
1848110 187
1848120 187
1848130 187
1848140 187
1848150 187
1848160 187
1848170 186
1848180 186
1848190 186
1848200 186
1848210 186
1848220 186
1848230 186
1848240 186
1848250 186
1848260 186
1848270 186
1848280 186
1848290 186
1848300 186
1848310 185
1848320 185
1848330 185
1848340 185
1848350 185
1848360 185
1848370 185
1848380 184
1848390 184
1848400 185
1848410 184
1848420 184
1848430 184
1848440 184
1848450 184
1848460 184
1848470 184
1848480 184
1848490 184
1848500 183
1848510 183
1848520 183
1848530 183
1848540 184
1848550 184
1848560 183
1848570 183
1848580 183
1848590 183
1848600 183
1848610 183
1848620 183
1848630 183
1848640 183
1848650 183
1848660 183
1848670 183
1848680 183
1848690 183
1848700 183
1848710 183
1848720 183
1848730 183
1848740 183
1848750 183
1848760 183
1848770 182
1848780 182
1848790 182
1848800 182
1848810 182
1848820 182
1848830 182
1848840 182
1848850 182
1848860 182
1848870 182
1848880 182
1848890 182
1848900 182
1848910 182
1848920 182
1848930 182
1848940 182
1848950 182
1848960 182
1848970 182
1848980 182
1848990 182
1849000 182
1849010 182
1849020 182
1849030 182
1849040 182
1849050 182
1849060 182
1849070 182
1849080 182
1849090 182
1849100 182
1849110 182
1849120 182
1849130 182
1849140 182
1849150 182
1849160 182
1849170 182
1849180 182
1849190 182
1849200 183
1849210 183
1849220 183
1849230 183
1849240 183
1849250 183
1849260 183
1849270 183
1849280 183
1849290 184
1849300 184
1849310 184
1849320 184
1849330 184
1849340 184
1849350 184
1849360 184
1849370 184
1849380 184
1849390 182
1849400 181
1849410 181
1849420 182
1849430 181
1849440 181
1849450 181
1849460 181
1849470 181
1849480 181
1849490 180
1849500 180
1849510 180
1849520 179
1849530 179
1849540 179
1849550 179
1849560 179
1849570 179
1849580 179
1849590 179
1849600 178
1849610 178
1849620 178
1849630 178
1849640 178
1849650 178
1849660 178
1849670 178
1849680 178
1849690 178
1849700 178
1849710 178
1849720 178
1849730 178
1849740 178
1849750 178
1849760 178
1849770 177
1849780 177
1849790 177
1849800 177
1849810 177
1849820 177
1849830 177
1849840 177
1849850 177
1849860 177
1849870 177
1849880 177
1849890 177
1849900 177
1849910 177
1849920 177
1849930 177
1849940 177
1849950 177
1849960 177
1849970 177
1849980 177
1849990 177
1850000 177
1850010 177
1850020 177
1850030 177
1850040 178
1850050 178
1850060 178
1850070 178
1850080 178
1850090 178
1850100 178
1850110 178
1850120 177
1850130 177
1850140 177
1850150 177
1850160 177
1850170 177
1850180 177
1850190 178
1850200 178
1850210 178
1850220 178
1850230 178
1850240 178
1850250 178
1850260 178
1850270 178
1850280 178
1850290 179
1850300 179
1850310 179
1850320 180
1850330 180
1850340 181
1850350 180
1850360 180
1850370 180
1850380 180
1850390 180
1850400 180
1850410 180
1850420 180
1850430 180
1850440 181
1850450 181
1850460 182
1850470 182
1850480 182
1850490 183
1850500 184
1850510 184
1850520 185
1850530 185
1850540 184
1850550 185
1850560 185
1850570 185
1850580 185
1850590 185
1850600 185
1850610 185
1850620 185
1850630 185
1850640 185
1850650 185
1850660 185
1850670 185
1850680 186
1850690 186
1850700 186
1850710 186
1850720 187
1850730 187
1850740 187
1850750 188
1850760 188
1850770 188
1850780 188
1850790 188
1850800 188
1850810 188
1850820 188
1850830 188
1850840 188
1850850 188
1850860 188
1850870 188
1850880 188
1850890 188
1850900 188
1850910 188
1850920 187
1850930 187
1850940 187
1850950 187
1850960 187
1850970 187
1850980 187
1850990 187
1851000 187
1851010 187
1851020 187
1851030 187
1851040 187
1851050 187
1851060 187
1851070 187
1851080 187
1851090 187
1851100 187
1851110 187
1851120 187
1851130 187
1851140 187
1851150 187
1851160 187
1851170 188
1851180 188
1851190 188
1851200 188
1851210 188
1851220 188
1851230 188
1851240 189
1851250 189
1851260 189
1851270 190
1851280 190
1851290 190
1851300 190
1851310 190
1851320 191
1851330 191
1851340 191
1851350 191
1851360 191
1851370 191
1851380 192
1851390 192
1851400 192
1851410 193
1851420 193
1851430 193
1851440 193
1851450 194
1851460 194
1851470 194
1851480 194
1851490 195
1851500 195
1851510 195
1851520 196
1851530 196
1851540 196
1851550 197
1851560 197
1851570 197
1851580 197
1851590 197
1851600 198
1851610 198
1851620 198
1851630 198
1851640 198
1851650 198
1851660 199
1851670 199
1851680 199
1851690 199
1851700 198
1851710 198
1851720 198
1851730 198
1851740 198
1851750 198
1851760 198
1851770 198
1851780 198
1851790 198
1851800 198
1851810 198
1851820 198
1851830 198
1851840 198
1851850 198
1851860 198
1851870 199
1851880 199
1851890 199
1851900 199
1851910 199
1851920 199
1851930 199
1851940 199
1851950 199
1851960 199
1851970 199
1851980 199
1851990 199
1852000 199
1852010 199
1852020 199
1852030 199
1852040 199
1852050 199
1852060 199
1852070 199
1852080 199
1852090 199
1852100 199
1852110 199
1852120 199
1852130 199
1852140 199
1852150 199
1852160 199
1852170 199
1852180 199
1852190 199
1852200 199
1852210 199
1852220 198
1852230 198
1852240 198
1852250 198
1852260 198
1852270 198
1852280 198
1852290 198
1852300 198
1852310 198
1852320 198
1852330 198
1852340 197
1852350 197
1852360 197
1852370 197
1852380 197
1852390 197
1852400 197
1852410 197
1852420 197
1852430 197
1852440 197
1852450 197
1852460 197
1852470 196
1852480 196
1852490 196
1852500 196
1852510 196
1852520 196
1852530 196
1852540 196
1852550 196
1852560 196
1852570 196
1852580 196
1852590 196
1852600 196
1852610 196
1852620 196
1852630 196
1852640 196
1852650 196
1852660 196
1852670 196
1852680 195
1852690 195
1852700 195
1852710 195
1852720 195
1852730 195
1852740 195
1852750 195
1852760 195
1852770 195
1852780 195
1852790 195
1852800 195
1852810 194
1852820 194
1852830 194
1852840 194
1852850 194
1852860 194
1852870 194
1852880 194
1852890 194
1852900 194
1852910 194
1852920 194
1852930 193
1852940 193
1852950 193
1852960 193
1852970 193
1852980 193
1852990 193
1853000 193
1853010 193
1853020 193
1853030 193
1853040 193
1853050 192
1853060 192
1853070 192
1853080 192
1853090 192
1853100 192
1853110 192
1853120 192
1853130 192
1853140 192
1853150 192
1853160 191
1853170 191
1853180 191
1853190 191
1853200 191
1853210 191
1853220 191
1853230 191
1853240 191
1853250 191
1853260 191
1853270 191
1853280 191
1853290 191
1853300 191
1853310 191
1853320 191
1853330 191
1853340 191
1853350 190
1853360 190
1853370 190
1853380 190
1853390 190
1853400 190
1853410 190
1853420 190
1853430 190
1853440 190
1853450 189
1853460 189
1853470 189
1853480 189
1853490 189
1853500 188
1853510 188
1853520 188
1853530 188
1853540 187
1853550 187
1853560 187
1853570 187
1853580 187
1853590 187
1853600 187
1853610 187
1853620 187
1853630 187
1853640 186
1853650 186
1853660 186
1853670 186
1853680 186
1853690 186
1853700 186
1853710 186
1853720 186
1853730 185
1853740 185
1853750 185
1853760 185
1853770 185
1853780 185
1853790 184
1853800 184
1853810 184
1853820 183
1853830 183
1853840 184
1853850 185
1853860 185
1853870 185
1853880 183
1853890 183
1853900 182
1853910 184
1853920 184
1853930 185
1853940 185
1853950 185
1853960 185
1853970 184
1853980 184
1853990 184
1854000 183
1854010 183
1854020 183
1854030 182
1854040 182
1854050 182
1854060 181
1854070 181
1854080 181
1854090 181
1854100 182
1854110 182
1854120 182
1854130 183
1854140 183
1854150 184
1854160 184
1854170 184
1854180 184
1854190 184
1854200 184
1854210 184
1854220 184
1854230 184
1854240 184
1854250 185
1854260 185
1854270 185
1854280 185
1854290 185
1854300 185
1854310 185
1854320 185
1854330 185
1854340 185
1854350 185
1854360 185
1854370 185
1854380 185
1854390 185
1854400 185
1854410 185
1854420 185
1854430 184
1854440 184
1854450 184
1854460 184
1854470 183
1854480 183
1854490 183
1854500 182
1854510 182
1854520 182
1854530 181
1854540 181
1854550 181
1854560 181
1854570 181
1854580 180
1854590 180
1854600 180
1854610 180
1854620 180
1854630 180
1854640 180
1854650 180
1854660 180
1854670 180
1854680 180
1854690 180
1854700 180
1854710 179
1854720 179
1854730 180
1854740 180
1854750 180
1854760 180
1854770 180
1854780 180
1854790 180
1854800 180
1854810 180
1854820 180
1854830 180
1854840 180
1854850 180
1854860 180
1854870 180
1854880 180
1854890 180
1854900 180
1854910 180
1854920 180
1854930 180
1854940 180
1854950 180
1854960 180
1854970 180
1854980 181
1854990 181
1855000 181
1855010 182
1855020 182
1855030 182
1855040 183
1855050 182
1855060 183
1855070 182
1855080 182
1855090 182
1855100 182
1855110 182
1855120 182
1855130 182
1855140 182
1855150 182
1855160 182
1855170 182
1855180 182
1855190 182
1855200 182
1855210 182
1855220 182
1855230 182
1855240 182
