1840000 355
1840010 355
1840020 356
1840030 357
1840040 357
1840050 360
1840060 364
1840070 364
1840080 367
1840090 370
1840100 370
1840110 373
1840120 376
1840130 376
1840140 380
1840150 384
1840160 384
1840170 388
1840180 393
1840190 393
1840200 397
1840210 400
1840220 400
1840230 403
1840240 406
1840250 406
1840260 406
1840270 407
1840280 407
1840290 409
1840300 411
1840310 411
1840320 412
1840330 413
1840340 413
1840350 414
1840360 413
1840370 413
1840380 412
1840390 410
1840400 410
1840410 407
1840420 404
1840430 402
1840440 402
1840450 400
1840460 399
1840470 399
1840480 399
1840490 401
1840500 401
1840510 402
1840520 405
1840530 407
1840540 409
1840550 411
1840560 411
1840570 413
1840580 415
1840590 415
1840600 417
1840610 419
1840620 419
1840630 422
1840640 423
1840650 423
1840660 423
1840670 422
1840680 422
1840690 420
1840700 419
1840710 419
1840720 417
1840730 417
1840740 417
1840750 417
1840760 417
1840770 417
1840780 417
1840790 418
1840800 418
1840810 419
1840820 419
1840830 419
1840840 419
1840850 420
1840860 419
1840870 419
1840880 419
1840890 419
1840900 419
1840910 418
1840920 413
1840930 413
1840940 409
1840950 405
1840960 405
1840970 401
1840980 397
1840990 397
1841000 393
1841010 390
1841020 390
1841030 387
1841040 383
1841050 383
1841060 381
1841070 379
1841080 379
1841090 380
1841100 382
1841110 382
1841120 384
1841130 385
1841140 385
1841150 388
1841160 389
1841170 389
1841180 392
1841190 395
1841200 395
1841210 399
1841220 403
1841230 403
1841240 407
1841250 413
1841260 413
1841270 416
1841280 419
1841290 420
1841300 420
1841310 422
1841320 423
1841330 423
1841340 421
1841350 419
1841360 419
1841370 418
1841380 416
1841390 416
1841400 415
1841410 414
1841420 414
1841430 413
1841440 412
1841450 412
1841460 410
1841470 409
1841480 409
1841490 407
1841500 408
1841510 408
1841520 410
1841530 411
1841540 411
1841550 412
1841560 413
1841570 413
1841580 413
1841590 413
1841600 413
1841610 415
1841620 416
1841630 416
1841640 416
1841650 416
1841660 416
1841670 416
1841680 416
1841690 416
1841700 417
1841710 417
1841720 417
1841730 417
1841740 415
1841750 414
1841760 414
1841770 412
1841780 411
1841790 411
1841800 410
1841810 408
1841820 408
1841830 407
1841840 406
1841850 406
1841860 404
1841870 403
1841880 403
1841890 402
1841900 401
1841910 401
1841920 400
1841930 399
1841940 399
1841950 398
1841960 397
1841970 397
1841980 396
1841990 395
1842000 395
1842010 395
1842020 394
1842030 394
1842040 394
1842050 394
1842060 394
1842070 393
1842080 393
1842090 393
1842100 394
1842110 394
1842120 394
1842130 394
1842140 394
1842150 395
1842160 395
1842170 395
1842180 395
1842190 395
1842200 395
1842210 395
1842220 395
1842230 395
1842240 395
1842250 395
1842260 395
1842270 394
1842280 394
1842290 394
1842300 395
1842310 395
1842320 395
1842330 395
1842340 395
1842350 395
1842360 395
1842370 395
1842380 394
1842390 394
1842400 394
1842410 392
1842420 390
1842430 390
1842440 387
1842450 384
1842460 384
1842470 381
1842480 381
1842490 381
1842500 379
1842510 376
1842520 376
1842530 373
1842540 371
1842550 371
1842560 370
1842570 368
1842580 368
1842590 365
1842600 362
1842610 359
1842620 359
1842630 355
1842640 351
1842650 351
1842660 348
1842670 345
1842680 345
1842690 337
1842700 333
1842710 333
1842720 329
1842730 327
1842740 327
1842750 323
1842760 322
1842770 322
1842780 324
1842790 327
1842800 327
1842810 328
1842820 329
1842830 329
1842840 329
1842850 329
1842860 329
1842870 329
1842880 330
1842890 330
1842900 330
1842910 331
1842920 331
1842930 329
1842940 325
1842950 325
1842960 322
1842970 321
1842980 321
1842990 321
1843000 323
1843010 323
1843020 326
1843030 331
1843040 340
1843050 340
1843060 344
1843070 349
1843080 349
1843090 352
1843100 355
1843110 355
1843120 357
1843130 358
1843140 358
1843150 358
1843160 360
1843170 360
1843180 361
1843190 363
1843200 363
1843210 365
1843220 367
1843230 367
1843240 369
1843250 371
1843260 371
1843270 372
1843280 372
1843290 372
1843300 371
1843310 369
1843320 369
1843330 368
1843340 366
1843350 366
1843360 365
1843370 364
1843380 364
1843390 363
1843400 362
1843410 362
1843420 361
1843430 359
1843440 359
1843450 357
1843460 355
1843470 353
1843480 353
1843490 351
1843500 349
1843510 349
1843520 346
1843530 343
1843540 343
1843550 341
1843560 338
1843570 338
1843580 335
1843590 331
1843600 331
1843610 328
1843620 325
1843630 325
1843640 323
1843650 320
1843660 320
1843670 317
1843680 315
1843690 315
1843700 311
1843710 309
1843720 309
1843730 311
1843740 314
1843750 314
1843760 318
1843770 320
1843780 320
1843790 322
1843800 324
1843810 324
1843820 325
1843830 327
1843840 327
1843850 330
1843860 332
1843870 332
1843880 334
1843890 336
1843900 337
1843910 337
1843920 338
1843930 338
1843940 338
1843950 336
1843960 336
1843970 336
1843980 335
1843990 335
1844000 335
1844010 334
1849140 187
1849150 186
1849160 186
1849170 186
1849180 186
1849190 186
1849200 186
1849210 186
1849220 186
1849230 186
1849240 186
1849250 186
1849260 186
1849270 185
1849280 185
1849290 185
1849300 185
1849310 185
1849320 185
1849330 185
1849340 185
1849350 185
1849360 185
1849370 185
1849380 185
1849390 185
1849400 185
1849410 185
1849420 185
1849430 185
1849440 184
1849450 184
1849460 184
1849470 184
1849480 184
1849490 184
1849500 184
1849510 184
1849520 184
1849530 184
1849540 184
1849550 184
1849560 184
1849570 183
1849580 183
1849590 183
1849600 183
1849610 183
1849620 183
1849630 183
1849640 183
1849650 183
1849660 182
1849670 182
1849680 182
1849690 182
1849700 182
1849710 182
1849720 182
1849730 182
1849740 182
1849750 182
1849760 182
1849770 182
1849780 182
1849790 182
1849800 182
1849810 182
1849820 182
1849830 182
1849840 182
