1840000 424
1840010 427
1840020 429
1840030 429
1840040 431
1840050 433
1840060 433
1840070 437
1840080 441
1840090 441
1840100 446
1840110 449
1840120 449
1840130 451
1840140 451
1840150 451
1840160 451
1840170 451
1840180 451
1840190 451
1840200 452
1840210 452
1840220 453
1840230 453
1840240 453
1840250 453
1840260 453
1840270 453
1840280 452
1840290 452
1840300 452
1840310 452
1840320 451
1840330 451
1840340 451
1840350 451
1840360 451
1840370 453
1840380 453
1840390 453
1840400 453
1840410 453
1840420 453
1840430 453
1840440 455
1840450 455
1840460 455
1840470 455
1840480 455
1840490 455
1840500 455
1840510 455
1840520 455
1840530 454
1840540 454
1840550 454
1840560 454
1840570 453
1840580 453
1840590 453
1840600 453
1840610 453
1840620 453
1840630 452
1840640 452
1840650 452
1840660 452
1840670 452
1840680 452
1840690 452
1840700 452
1840710 450
1840720 448
1840730 448
1840740 446
1840750 444
1840760 444
1840770 442
1840780 440
1840790 440
1840800 436
1840810 433
1840820 433
1840830 432
1840840 429
1840850 427
1840860 427
1840870 425
1840880 423
1840890 423
1840900 424
1840910 427
1840920 427
1840930 429
1840940 433
1840950 433
1840960 435
1840970 438
1840980 438
1840990 440
1841000 444
1841010 444
1841020 446
1841030 449
1841040 449
1841050 451
1841060 451
1841070 451
1841080 451
1841090 450
1841100 450
1841110 450
1841120 450
1841130 450
1841140 450
1841150 450
1841160 449
1841170 449
1841180 449
1841190 449
1841200 449
1841210 449
1841220 449
1841230 449
1841240 450
1841250 450
1841260 450
1841270 450
1841280 449
1841290 449
1841300 448
1841310 446
1841320 446
1841330 445
1841340 444
1841350 444
1841360 443
1841370 442
1841380 442
1841390 441
1841400 439
1841410 439
1841420 438
1841430 436
1841440 436
1841450 434
1841460 433
1841470 433
1841480 432
1841490 430
1841500 430
1841510 429
1841520 428
1841530 428
1841540 427
1841550 426
1841560 426
1841570 425
1841580 425
1841590 425
1841600 425
1841610 426
1841620 426
1841630 426
1841640 426
1841650 426
1841660 425
1841670 423
1841680 423
1841690 422
1841700 419
1841710 419
1841720 417
1841730 415
1841740 415
1841750 415
1841760 414
1841770 412
1841780 412
1841790 412
1841800 413
1841810 413
1841820 414
1841830 414
1841840 414
1841850 414
1841860 413
1841870 410
1841880 409
1841890 409
1841900 409
1841910 408
1841920 407
1841930 407
1841940 405
1841950 403
1841960 403
1841970 401
1841980 398
1841990 398
1842000 394
1842010 390
1842020 390
1842030 384
1842040 379
1842050 379
1842060 373
1842070 368
1842080 368
1842090 365
1842100 361
1842110 361
1842120 360
1842130 362
1842140 362
1842150 367
1842160 371
1842170 373
1842180 373
1842190 375
1842200 377
1842210 377
1842220 380
1842230 386
1842240 386
1842250 388
1842260 390
1842270 390
1842280 391
1842290 392
1842300 392
1842310 393
1842320 393
1842330 393
1842340 393
1842350 393
1842360 393
1842370 392
1842380 393
1842390 393
1842400 393
1842410 395
1842420 395
1842430 396
1842440 396
1842450 396
1842460 394
1842470 392
1842480 392
1842490 390
1842500 387
1842510 387
1842520 385
1842530 382
1842540 382
1842550 380
1842560 377
1842570 377
1842580 374
1842590 370
1842600 366
1842610 366
1842620 364
1842630 361
1842640 361
1842650 359
1842660 356
1842670 356
1842680 355
1842690 355
1842700 355
1842710 358
1842720 362
1842730 362
1842740 365
1842750 368
1842760 368
1842770 370
1842780 371
1842790 371
1842800 372
1842810 371
1842820 371
1842830 370
1842840 372
1842850 372
1842860 375
1842870 379
1842880 379
1842890 382
1842900 384
1842910 384
1842920 386
1842930 385
1842940 385
1842950 384
1842960 383
1842970 383
1842980 382
1842990 383
1843000 383
1843010 384
1843020 384
1843030 384
1843040 384
1843050 383
1843060 382
1843070 382
1843080 381
1843090 382
1843100 382
1843110 382
1843120 382
1843130 382
1843140 381
1843150 380
1843160 380
1843170 379
1843180 378
1843190 378
1843200 376
1843210 374
1843220 374
1843230 373
1843240 372
1843250 372
1843260 372
1843270 372
1843280 372
1843290 372
1843300 372
1843310 374
1843320 375
1843330 376
1843340 376
1843350 377
1843360 377
1843370 377
1843380 376
1843390 374
1843400 374
1843410 372
1843420 368
1843430 368
1843440 365
1843450 363
1843460 363
1843470 361
1843480 358
1843490 355
1843500 355
1843510 351
1843520 349
1843530 349
1843540 348
1843550 345
1843560 345
1843570 342
1843580 338
1843590 338
1843600 335
1843610 335
1843620 335
1843630 338
1843640 342
1843650 342
1843660 347
1843670 350
1843680 350
1843690 354
1843700 358
1843710 358
1843720 361
1843730 364
1843740 364
1843750 366
1843760 366
1843770 366
1843780 365
1843790 363
1843800 363
1843810 362
1843820 360
1843830 360
1843840 358
