1840000 398
1840010 399
1840020 399
1840030 402
1840040 406
1840050 406
1840060 408
1840070 411
1840080 411
1840090 413
1840100 415
1840110 415
1840120 417
1840130 421
1840140 421
1840150 423
1840160 424
1840170 424
1840180 426
1840190 426
1840200 426
1840210 427
1840220 428
1840230 428
1840240 428
1840250 428
1840260 428
1840270 428
1840280 427
1840290 427
1840300 427
1840310 427
1840320 426
1840330 426
1840340 424
1840350 423
1840360 423
1840370 421
1840380 420
1840390 420
1840400 420
1840410 420
1840420 420
1840430 420
1840440 421
1840450 421
1840460 423
1840470 424
1840480 424
1840490 427
1840500 428
1840510 428
1840520 429
1840530 430
1840540 430
1840550 430
1840560 431
1840570 431
1840580 431
1840590 432
1840600 432
1840610 432
1840620 433
1840630 433
1840640 433
1840650 434
1840660 434
1840670 433
1840680 434
1840690 434
1840700 434
1840710 434
1840720 434
1840730 434
1840740 434
1840750 434
1840760 434
1840770 433
1840780 433
1840790 433
1840800 432
1840810 430
1840820 430
1840830 427
1840840 423
1840850 424
1840860 421
1840870 417
1840880 417
1840890 414
1840900 411
1840910 411
1840920 408
1840930 404
1840940 404
1840950 398
1840960 400
1840970 400
1840980 406
1840990 407
1841000 407
1841010 408
1841020 410
1841030 410
1841040 411
1841050 413
1841060 413
1841070 415
1841080 417
1841090 417
1841100 420
1841110 423
1841120 423
1841130 426
1841140 428
1841150 428
1841160 431
1841170 433
1841180 435
1841190 435
1841200 436
1841210 439
1841220 439
1841230 438
1841240 437
1841250 437
1841260 436
1841270 435
1841280 435
1841290 434
1841300 434
1841310 434
1841320 433
1841330 433
1841340 433
1841350 433
1841360 432
1841370 432
1841380 432
1841390 431
1841400 431
1841410 431
1841420 431
1841430 431
1841440 430
1841450 430
1841460 430
1841470 429
1841480 428
1841490 428
1841500 427
1841510 426
1841520 426
1841530 425
1841540 425
1841550 425
1841560 424
1841570 422
1841580 422
1841590 421
1841600 420
1841610 419
1841620 419
1841630 417
1841640 416
1841650 416
1841660 415
1841670 415
1841680 415
1841690 414
1841700 413
1841710 413
1841720 412
1841730 411
1841740 411
1841750 410
1841760 409
1841770 409
1841780 408
1841790 408
1841800 408
1841810 407
1841820 406
1841830 406
1841840 406
1841850 405
1841860 405
1841870 405
1841880 405
1841890 405
1841900 405
1841910 405
1841920 405
1841930 406
1841940 405
1841950 405
1841960 405
1841970 404
1841980 404
1841990 403
1842000 402
1842010 402
1842020 401
1842030 399
1842040 396
1842050 396
1842060 393
1842070 389
1842080 389
1842090 386
1842100 382
1842110 382
1842120 380
1842130 378
1842140 378
1842150 376
1842160 374
1842170 374
1842180 370
1842190 368
1842200 368
1842210 365
1842220 363
1842230 363
1842240 362
1842250 360
1842260 360
1842270 359
1842280 357
1842290 355
1842300 352
1842310 347
1842320 347
1842330 346
1842340 345
1842350 345
1842360 345
1842370 348
1842380 348
1842390 351
1842400 352
1842410 352
1842420 352
1842430 352
1842440 352
1842450 351
1842460 351
1842470 351
1842480 351
1842490 351
1842500 352
1842510 352
1842520 353
1842530 354
1842540 354
1842550 354
1842560 356
1842570 356
1842580 357
1842590 357
1842600 357
1842610 358
1842620 357
1842630 357
1842640 361
1842650 361
1842660 361
1842670 361
1842680 362
1842690 362
1842700 364
1842710 366
1842720 366
1842730 368
1842740 368
1842750 368
1842760 365
1842770 361
1842780 361
1842790 357
1842800 353
1842810 353
1842820 349
1842830 346
1842840 346
1842850 343
1842860 340
1842870 340
1842880 338
1842890 336
1842900 336
1842910 333
1842920 333
1842930 335
1842940 335
1842950 337
1842960 342
1842970 342
1842980 346
1842990 351
1843000 354
1843010 359
1843020 363
1843030 363
1843040 368
1843050 372
1843060 372
1843070 375
1843080 378
1843090 378
1843100 379
1843110 380
1843120 380
1843130 379
1843140 378
1843150 378
1843160 376
1843170 374
1843180 374
1843190 373
1843200 372
1843210 372
1843220 371
1843230 369
1843240 369
1843250 368
1843260 366
1843270 366
1843280 364
1843290 362
1843300 362
1843310 360
1843320 358
1843330 358
1843340 357
1843350 355
1843360 353
1843370 353
1843380 352
1843390 352
1843400 352
1843410 353
1843420 354
1843430 354
1843440 354
1843450 355
1843460 355
1843470 357
1843480 357
1843490 357
1843500 358
1843510 358
1843520 358
1843530 359
1843540 358
1843550 358
1843560 357
1843570 354
1843580 354
1843590 352
1843600 348
1843610 348
1843620 344
1843630 341
1843640 341
1843650 337
1843660 333
1843670 333
1843680 328
1843690 323
1843700 323
1843710 323
1843720 328
1843730 328
1843740 333
1843750 338
1843760 338
1843770 342
1843780 345
1843790 349
1843800 349
1843810 350
1843820 352
1843830 352
1843840 353
1843850 353
1843860 353
1849530 183
1849540 183
1849550 183
1849560 183
1849570 183
1849580 183
1849590 183
1849600 183
1849610 183
1849620 183
1849630 183
1849640 183
1849650 183
1849660 183
1849670 183
1849680 183
1849690 183
1849700 183
1849710 183
1849720 183
1849730 183
1849740 183
1849750 183
1849760 183
1849770 183
1849780 183
1849790 183
1849800 183
1849810 183
1849820 183
