1840000 370
1840010 369
1840020 370
1840030 370
1840040 371
1840050 372
1840060 372
1840070 373
1840080 375
1840090 375
1840100 377
1840110 379
1840120 379
1840130 381
1840140 384
1840150 384
1840160 392
1840170 395
1840180 395
1840190 398
1840200 402
1840210 404
1840220 404
1840230 408
1840240 410
1840250 410
1840260 412
1840270 414
1840280 414
1840290 415
1840300 417
1840310 417
1840320 418
1840330 418
1840340 418
1840350 417
1840360 415
1840370 415
1840380 413
1840390 410
1840400 410
1840410 407
1840420 406
1840430 406
1840440 404
1840450 403
1840460 403
1840470 404
1840480 405
1840490 405
1840500 407
1840510 409
1840520 411
1840530 413
1840540 415
1840550 415
1840560 417
1840570 419
1840580 419
1840590 422
1840600 424
1840610 424
1840620 425
1840630 425
1840640 425
1840650 425
1840660 425
1840670 426
1840680 426
1840690 426
1840700 426
1840710 426
1840720 425
1840730 425
1840740 425
1840750 424
1840760 424
1840770 424
1840780 424
1840790 425
1840800 425
1840810 426
1840820 426
1840830 426
1840840 425
1840850 422
1840860 422
1840870 419
1840880 416
1840890 416
1840900 413
1840910 410
1840920 410
1840930 407
1840940 403
1840950 403
1840960 400
1840970 396
1840980 396
1840990 393
1841000 390
1841010 390
1841020 387
1841030 384
1841040 384
1841050 384
1841060 387
1841070 388
1841080 388
1841090 389
1841100 391
1841110 391
1841120 393
1841130 395
1841140 395
1841150 397
1841160 400
1841170 400
1841180 402
1841190 407
1841200 407
1841210 411
1841220 415
1841230 415
1841240 421
1841250 424
1841260 424
1841270 428
1841280 428
1841290 428
1841300 428
1841310 426
1841320 426
1841330 424
1841340 423
1841350 423
1841360 421
1841370 420
1841380 420
1841390 418
1841400 417
1841410 417
1841420 416
1841430 416
1841440 416
1841450 416
1841460 415
1841470 415
1841480 416
1841490 416
1841500 417
1841510 417
1841520 417
1841530 417
1841540 417
1841550 417
1841560 417
1841570 417
1841580 417
1841590 418
1841600 419
1841610 420
1841620 419
1841630 419
1841640 419
1841650 418
1841660 418
1841670 417
1841680 417
1841690 417
1841700 416
1841710 415
1841720 415
1841730 414
1841740 413
1841750 413
1841760 411
1841770 410
1841780 410
1841790 409
1841800 407
1841810 407
1841820 406
1841830 405
1841840 405
1841850 404
1841860 403
1841870 403
1841880 401
1841890 400
1841900 400
1841910 399
1841920 399
1841930 398
1841940 398
1841950 397
1841960 397
1841970 397
1841980 397
1841990 396
1842000 396
1842010 396
1842020 396
1842030 396
1842040 395
1842050 395
1842060 395
1842070 395
1842080 395
1842090 395
1842100 395
1842110 395
1842120 395
1842130 395
1842140 395
1842150 395
1842160 394
1842170 394
1842180 394
1842190 394
1842200 394
1842210 394
1842220 394
1842230 393
1842240 393
1842250 391
1842260 390
1842270 390
1842280 389
1842290 390
1842300 390
1842310 391
1842320 386
1842330 386
1842340 384
1842350 383
1842360 383
1842370 382
1842380 381
1842390 379
1842400 379
1842410 377
1842420 375
1842430 375
1842440 372
1842450 369
1842460 369
1842470 365
1842480 363
1842490 363
1842500 361
1842510 358
1842520 358
1842530 356
1842540 355
1842550 355
1842560 353
1842570 349
1842580 349
1842590 346
1842600 343
1842610 343
1842620 341
1842630 338
1842640 338
1842650 335
1842660 332
1842670 329
1842680 328
1842690 328
1842700 328
1842710 329
1842720 329
1842730 329
1842740 332
1842750 335
1842760 335
1842770 336
1842780 337
1842790 337
1842800 338
1842810 338
1842820 338
1842830 338
1842840 339
1842850 339
1842860 339
1842870 338
1842880 337
1842890 337
1842900 335
1842910 333
1842920 333
1842930 330
1842940 327
1842950 327
1842960 324
1842970 324
1842980 324
1842990 327
1843000 333
1843010 333
1843020 339
1843030 346
1843040 346
1843050 352
1843060 356
1843070 356
1843080 360
1843090 365
1843100 365
1843110 369
1843120 372
1843130 372
1843140 373
1843150 371
1843160 371
1843170 370
1843180 370
1843190 370
1843200 370
1843210 372
1843220 372
1843230 374
1843240 376
1843250 376
1843260 376
1843270 374
1843280 373
1843290 373
1843300 370
1843310 368
1843320 368
1843330 366
1843340 365
1843350 365
1843360 364
1843370 363
1843380 363
1843390 360
1843400 358
1843410 358
1843420 356
1843430 353
1843440 353
1843450 349
1843460 346
1843470 346
1843480 344
1843490 341
1843500 341
1843510 339
1843520 336
1843530 336
1843540 333
1843550 331
1843560 331
1843570 330
1843580 329
1843590 329
1843600 330
1843610 331
1843620 331
1843630 331
1843640 329
1843650 329
1843660 327
1843670 323
1843680 319
1843690 319
1843700 314
1843710 318
1843720 318
1843730 322
1843740 325
1843750 328
1843760 329
1843770 331
1843780 331
1843790 331
1843800 333
1843810 333
1843820 335
1843830 337
1843840 337
1843850 339
1843860 341
1843870 341
1843880 342
1849220 186
1849230 185
1849240 185
1849250 185
1849260 185
1849270 185
1849280 185
1849290 185
1849300 185
1849310 185
1849320 185
1849330 185
1849340 185
1849350 185
1849360 185
1849370 185
1849380 184
1849390 184
1849400 184
1849410 184
1849420 184
1849430 184
1849440 184
1849450 184
1849460 184
1849470 184
1849480 184
1849490 184
1849500 184
1849510 184
1849520 184
1849530 184
1849540 184
1849550 184
1849560 183
1849570 183
1849580 183
1849590 183
1849600 183
1849610 183
1849620 183
1849630 182
1849640 182
1849650 182
1849660 182
1849670 182
1849680 182
1849690 182
1849700 182
1849710 182
1849720 182
1849730 182
1849740 182
1849750 182
1849760 182
1849770 182
1849780 183
1849790 183
1849800 183
1849810 183
1849820 183
1849830 183
1849840 183
