1840000 477
1840010 477
1840020 478
1840030 477
1840040 477
1840050 477
1840060 477
1840070 477
1840080 477
1840090 477
1840100 477
1840110 477
1840120 477
1840130 477
1840140 477
1840150 477
1840160 477
1840170 477
1840180 477
1840190 477
1840200 477
1840210 477
1840220 477
1840230 477
1840240 476
1840250 476
1840260 476
1840270 475
1840280 475
1840290 475
1840300 475
1840310 474
1840320 474
1840330 473
1840340 472
1840350 472
1840360 471
1840370 471
1840380 471
1840390 470
1840400 470
1840410 470
1840420 469
1840430 469
1840440 469
1840450 468
1840460 468
1840470 468
1840480 467
1840490 467
1840500 467
1840510 466
1840520 466
1840530 466
1840540 466
1840550 466
1840560 466
1840570 466
1840580 466
1840590 466
1840600 466
1840610 465
1840620 465
1840630 465
1840640 465
1840650 464
1840660 464
1840670 464
1840680 464
1840690 464
1840700 464
1840710 464
1840720 464
1840730 465
1840740 465
1840750 465
1840760 466
1840770 466
1840780 466
1840790 465
1840800 464
1840810 464
1840820 463
1840830 462
1840840 462
1840850 460
1840860 459
1840870 459
1840880 457
1840890 456
1840900 456
1840910 455
1840920 453
1840930 453
1840940 452
1840950 451
1840960 451
1840970 450
1840980 449
1840990 447
1841000 447
1841010 446
1841020 445
1841030 445
1841040 443
1841050 441
1841060 441
1841070 439
1841080 438
1841090 438
1841100 434
1841110 432
1841120 432
1841130 430
1841140 428
1841150 428
1841160 426
1841170 424
1841180 424
1841190 423
1841200 421
1841210 421
1841220 418
1841230 416
1841240 416
1841250 416
1841260 418
1841270 418
1841280 422
1841290 424
1841300 424
1841310 426
1841320 427
1841330 427
1841340 428
1841350 430
1841360 430
1841370 430
1841380 431
1841390 431
1841400 429
1841410 426
1841420 426
1841430 426
1841440 428
1841450 430
1841460 431
1841470 432
1841480 433
1841490 433
1841500 433
1841510 433
1841520 433
1841530 434
1841540 434
1841550 434
1841650 441
1841660 442
1841670 442
1841680 441
1841690 441
1841700 441
1841820 438
1841840 437
1841850 437
1841860 437
1841910 436
1841920 436
1841930 435
1841940 435
1841950 435
1841960 434
1842080 426
1842090 426
1842100 426
1842110 426
1842120 425
1842130 425
1842140 425
1842150 424
1842160 424
1842170 424
1842180 426
1842190 426
1842200 426
1842210 425
1842220 425
1842230 424
1842240 422
1842250 422
1842260 421
1842270 420
1842280 420
1842290 419
1842300 417
1842310 416
1842320 416
1842330 415
1842340 414
1842350 414
1842360 414
1842370 413
1842380 413
1842390 413
1842400 412
1842410 412
1842420 412
1842430 411
1842440 411
1842450 411
1842460 411
1842470 411
1842480 411
1842490 411
1842500 411
1842510 412
1842520 411
1842530 411
1842540 411
1842550 411
1842560 411
1842570 410
1842580 410
1842590 410
1842600 410
1842610 410
1842620 410
1842630 410
1842640 411
1842650 411
1842660 410
1842670 409
1842680 409
1842690 408
1842700 407
1842710 407
1842720 406
1842730 405
1842740 405
1842750 403
1842760 402
1842770 400
1842780 400
1842790 398
1842800 396
1842810 396
1842820 395
1842830 393
1842840 393
1842850 392
1842860 391
1842870 391
1842880 389
1842890 388
1842900 388
1842910 387
1842920 386
1842930 386
1842940 385
1842950 383
1842960 383
1842970 383
