1840000 485
1840010 485
1840020 485
1840030 484
1840040 484
1840050 484
1840060 483
1840070 483
1840080 483
1840090 483
1840100 482
1840110 482
1840120 481
1840130 480
1840140 480
1840150 479
1840160 479
1840170 479
1840180 478
1840190 478
1840200 478
1840210 477
1840220 476
1840230 476
1840240 474
1840250 473
1840260 473
1840270 471
1840280 470
1840290 470
1840300 470
1840310 469
1840320 469
1840330 468
1840340 467
1840350 467
1840360 466
1840370 464
1840380 464
1840390 462
1840400 460
1840410 460
1840420 459
1840430 458
1840440 457
1840450 457
1840460 456
1840470 455
1840480 455
1840490 454
1840500 453
1840510 453
1840520 452
1840530 451
1840540 451
1840550 452
1840560 452
1840570 452
1840580 452
1840590 452
1840600 452
1840610 452
1840620 452
1840630 452
1840640 451
1840650 453
1840660 453
1840670 455
1840680 456
1840690 456
1840700 458
1840710 460
1840720 460
1840730 463
1840740 465
1840750 465
1840760 467
1840770 467
1840780 467
1840790 468
1840800 467
1840810 467
1840820 465
1840830 464
1840840 464
1840850 463
1840860 463
1840870 462
1840880 462
1840890 460
1840900 459
1840910 459
1840920 459
1840930 458
1840940 458
1840950 457
1840960 457
1840970 457
1840980 456
1840990 455
1841000 455
1841010 455
1841020 454
1841030 454
1841040 453
1841050 453
1841060 453
1841070 452
1841080 451
1841090 451
1841100 450
1841110 449
1841120 449
1841130 448
1841140 447
1841150 447
1841160 447
1841170 446
1841180 447
1841190 446
1841200 446
1841210 446
1841220 446
1841230 446
1841240 446
1841250 446
1841260 446
1841270 446
1841280 446
1841290 446
1841300 446
1841310 446
1841320 445
1841330 444
1841340 444
1841350 443
1841360 442
1841370 442
1841380 440
1841390 438
1841400 438
1841410 437
1841420 435
1841430 435
1841440 433
1841450 431
1841460 431
1841470 429
1841480 427
1841490 427
1841500 425
1841510 423
1841520 423
1841530 421
1841540 418
1841550 418
1841560 415
1841570 413
1841580 413
1841590 410
1841600 409
1841610 409
1841620 406
1841630 404
1841640 404
1841650 401
1841660 399
1841670 399
1841680 396
1841690 395
1841700 395
1841710 392
1841720 388
1841730 388
1841740 389
1841750 390
1841760 393
1841770 393
1841780 394
1841790 396
1841800 396
1841810 398
1841820 401
1841830 401
1841840 403
1841850 405
1841860 405
1841870 407
1841880 409
1841890 409
1841900 414
1841910 415
1841920 415
1841930 416
1841940 417
1841950 417
1841960 419
1841970 421
1841980 421
1841990 423
1842000 424
1842010 424
1842020 425
1842030 426
1842040 426
1842050 426
1842060 425
1842070 425
1842080 424
1842090 423
1842100 423
1842110 422
1842120 421
1842130 421
1842140 421
1842150 420
1842160 420
1842170 419
1842180 417
1842190 416
1842200 416
1842210 414
1842220 413
1842230 413
1842240 412
1842250 411
1842260 411
1842270 410
1842280 409
1842290 409
1842300 408
1842310 407
1842320 407
1842330 406
1842340 405
1842350 405
1842360 404
1842370 404
1842380 404
1842390 403
1842400 402
1842410 402
1842420 401
1842430 400
1842440 400
1842450 399
1842460 397
1842470 397
1842480 395
1842490 393
1842500 393
1842510 390
1842520 390
1842530 390
1842540 393
1842550 394
1842560 394
1842570 396
1842580 398
1842590 398
1842600 399
1842610 402
1842620 402
1842630 404
1842640 406
1842650 407
1842660 407
1842670 409
1842680 410
1842690 410
1842700 411
1842710 411
1842720 411
1842730 410
1842740 410
1842750 410
1842760 408
1842770 406
1842780 406
1842790 404
1842800 403
1842810 403
1842820 401
1842830 399
1842840 399
1842850 398
1842860 397
1842870 397
1842880 395
1842890 394
1842900 394
1842910 393
1842920 393
1842930 393
1842940 391
1842950 390
1842960 390
1842970 390
1842980 389
1842990 389
1843000 388
1843010 387
1843020 387
1843030 386
1843040 385
1843050 385
1843060 384
1843070 383
