1840000 489
1840010 489
1840020 489
1840030 489
1840040 488
1840050 488
1840060 488
1840070 487
1840080 486
1840090 486
1840100 485
1840110 484
1840120 484
1840130 483
1840140 482
1840150 482
1840160 481
1840170 480
1840180 480
1840190 479
1840200 478
1840210 478
1840220 477
1840230 476
1840240 476
1840250 475
1840260 474
1840270 474
1840280 472
1840290 471
1840300 471
1840310 470
1840320 470
1840330 470
1840340 469
1840350 469
1840360 469
1840370 468
1840380 468
1840390 467
1840400 467
1840410 467
1840420 467
1840430 467
1840440 466
1840450 465
1840460 465
1840470 465
1840480 464
1840490 464
1840500 463
1840510 463
1840520 463
1840530 463
1840540 462
1840550 462
1840560 461
1840570 460
1840580 460
1840590 459
1840600 457
1840610 457
1840620 456
1840630 455
1840640 455
1840650 454
1840660 453
1840670 453
1840680 452
1840690 451
1840700 451
1840710 449
1840720 448
1840730 448
1840740 446
1840750 442
1840760 442
1840770 443
1840780 446
1840790 446
1840800 448
1840810 449
1840820 451
1840830 451
1840840 454
1840850 456
1840860 456
1840870 459
1840880 460
1840890 460
1840900 462
1840910 464
1840920 464
1840930 466
1840940 467
1840950 467
1840960 468
1840970 469
1840980 469
1840990 470
1841000 470
1841010 470
1841020 471
1841030 471
1841040 471
1841050 470
1841060 469
1841070 469
1841080 468
1841090 467
1841100 467
1841110 466
1841120 465
1841130 465
1841140 464
1841150 463
1841160 463
1841170 462
1841180 461
1841190 461
1841200 461
1841210 460
1841220 460
1841230 459
1841240 459
1841250 459
1841260 459
1841270 459
1841280 459
1841290 459
1841300 459
1841310 459
1841320 459
1841330 459
1841340 460
1841350 460
1841360 460
1841370 460
1841380 460
1841390 461
1841400 461
1841410 461
1841420 460
1841430 460
1841440 460
1841450 460
1841460 460
1841470 460
1841480 460
1841490 460
1841500 460
1841510 460
1841520 459
1841530 459
1841540 458
1841550 456
1841560 456
1841570 454
1841580 454
1841590 453
1841600 452
1841610 451
1841620 451
1841630 451
1841640 450
1841650 450
1841660 449
1841670 447
1841680 447
1841690 446
1841700 445
1841710 444
1841720 444
1841730 444
1841740 443
1841750 443
1841760 442
1841770 441
1841780 441
1841790 440
1841800 440
1841810 440
