1840000 486
1840010 486
1840020 485
1840030 484
1840040 484
1840050 483
1840060 482
1840070 482
1840080 482
1840090 481
1840100 480
1840110 480
1840120 479
1840130 478
1840140 478
1840150 477
1840160 477
1840170 477
1840180 476
1840190 475
1840200 475
1840210 474
1840220 474
1840230 474
1840240 473
1840250 471
1840260 471
1840270 470
1840280 469
1840290 469
1840300 468
1840310 468
1840320 468
1840330 467
1840340 466
1840350 466
1840360 464
1840370 463
1840380 463
1840390 462
1840400 460
1840410 460
1840420 459
1840430 458
1840440 458
1840450 457
1840460 456
1840470 456
1840480 455
1840490 454
1840500 454
1840510 453
1840520 453
1840530 453
1840540 454
1840550 454
1840560 455
1840570 455
1840580 454
1840590 454
1840600 454
1840610 454
1840620 453
1840630 453
1840640 453
1840650 455
1840660 455
1840670 457
1840680 459
1840690 459
1840700 461
1840710 464
1840720 464
1840730 467
1840740 468
1840750 468
1840760 469
1840770 467
1840780 467
1840790 467
1840800 466
1840810 465
1840820 465
1840830 464
1840840 464
1840850 463
1840860 462
1840870 462
1840880 461
1840890 460
1840900 460
1840910 459
1840920 459
1840930 459
1840940 458
1840950 458
1840960 458
1840970 457
1840980 457
1840990 456
1841000 456
1841010 455
1841020 454
1841030 454
1841040 454
1841050 453
1841060 453
1841070 452
1841080 451
1841090 451
1841100 450
1841110 449
1841120 449
1841130 449
1841140 448
1841150 448
1841160 448
1841170 448
1841180 448
1841190 447
1841200 447
1841210 447
1841220 447
1841230 447
1841240 447
1841250 447
1841260 448
1841270 448
1841280 447
1841290 447
1841300 447
1841310 446
1841320 445
1841330 445
1841340 443
1841350 442
1841360 442
1841370 440
1841380 438
1841390 438
1841400 436
1841410 434
1841420 432
1841430 432
1841440 431
1841450 429
1841460 429
1841470 426
1841480 423
1841490 423
1841500 421
1841510 420
1841520 420
1841530 416
1841540 413
1841550 413
1841560 411
1841570 408
1841580 408
1841590 407
1841600 404
1841610 404
1841620 402
1841630 400
1841640 400
1841650 397
1841660 393
1841670 393
1841680 390
1841690 390
1841700 390
1841710 389
1841720 392
1841730 392
1841740 395
1841750 396
1841760 396
1841770 398
1841780 400
1841790 400
1841800 403
1841810 405
1841820 405
1841830 408
1841840 410
1841850 410
1841860 412
1841870 413
1841880 415
1841890 418
1841900 418
1841910 420
1841920 420
1841930 420
1841940 421
1841950 421
1841960 422
1841970 424
1841980 424
1841990 425
1842000 426
1842010 426
1842020 426
1842030 426
1842040 426
1842050 425
1842060 425
1842070 425
1842080 424
1842090 423
1842100 423
1842110 423
1842120 422
1842130 422
1842140 421
1842150 420
1842160 420
1842170 419
1842180 417
1842190 417
1842200 416
1842210 415
1842220 415
1842230 414
1842240 413
1842250 413
1842260 412
1842270 411
1842280 411
1842290 410
1842300 409
1842310 408
1842320 408
1842330 407
1842340 406
1842350 406
1842360 405
1842370 405
1842380 405
1842390 404
1842400 403
1842410 403
1842420 401
1842430 400
1842440 400
1842450 398
1842460 396
1842470 396
1842480 394
1842490 392
1842500 392
1842510 392
1842520 394
1842530 394
1842540 396
1842550 397
1842560 397
1842570 398
1842580 400
1842590 400
1842600 402
1842610 404
1842620 404
1842630 407
1842640 409
1842650 409
1842660 410
1842670 411
1842680 411
1842690 411
1842700 411
1842710 411
1842720 411
1842730 410
1842740 409
1842750 409
1842760 407
1842770 406
1842780 406
1842790 404
1842800 402
1842810 402
1842820 401
1842830 399
1842840 399
1842850 398
1842860 397
1842870 397
1842880 395
1842890 394
1842900 394
1842910 394
1842920 392
1842930 392
1842940 392
1842950 391
1842960 391
1842970 390
1842980 389
1842990 389
1843000 388
1843010 387
1843020 387
1843030 386
1843040 385
1843050 385
1843060 383
1843070 382
1843080 382
