1840000 244
1840010 244
1840020 244
1840030 243
1840040 243
1840050 243
1840060 243
1840070 243
1840080 243
1840090 242
1840100 242
1840110 242
1840120 242
1840130 242
1840140 242
1840150 242
1840160 242
1840170 242
1840180 241
1840190 241
1840200 241
1840210 241
1840220 241
1840230 241
1840240 241
1840250 240
1840260 240
1840270 240
1840280 240
1840290 240
1840300 239
1840310 239
1840320 239
1840330 239
1840340 239
1840350 239
1840360 238
1840370 238
1840380 238
1840390 238
1840400 238
1840410 238
1840420 237
1840430 237
1840440 237
1840450 237
1840460 237
1840470 237
1840480 237
1840490 236
1840500 236
1840510 237
1840520 237
1840530 237
1840540 237
1840550 237
1840560 237
1840570 236
1840580 236
1840590 236
1840600 236
1840610 236
1840620 236
1840630 236
1840640 236
1840650 236
1840660 236
1840670 236
1840680 236
1840690 235
1840700 235
1840710 235
1840720 235
1840730 235
1840740 235
1840750 235
1840760 235
1840770 235
1840780 235
1840790 235
1840800 235
1840810 234
1840820 234
1840830 234
1840840 234
1840850 234
1840860 234
1840870 234
1840880 234
1840890 234
1840900 234
1840910 234
1840920 234
1840930 234
1840940 233
1840950 233
1840960 233
1840970 233
1840980 233
1840990 233
1841000 233
1841010 233
1841020 233
1841030 233
1841040 233
1841050 233
1841060 233
1841070 232
1841080 232
1841090 232
1841100 232
1841110 232
1841120 232
1841130 232
1841140 232
1841150 232
1841160 232
1841170 232
1841180 232
1841190 231
1841200 231
1841210 231
1841220 231
1841230 231
1841240 231
1841250 231
1841260 231
1841270 231
1841280 231
1841290 231
1841300 231
1841310 231
1841320 231
1841330 231
1841340 231
1841350 231
1841360 231
1841370 231
1841380 230
1841390 230
1841400 230
1841410 230
1841420 230
1841430 230
1841440 230
1841450 230
1841460 230
1841470 230
1841480 230
1841490 230
1841500 230
1841510 230
1841520 230
1841530 230
1841540 230
1841550 230
1841560 230
1841570 230
1841580 230
1841590 229
1841600 229
1841610 229
1841620 229
1841630 229
1841640 229
1841650 229
1841660 229
1841670 229
1841680 229
1841690 229
1841700 229
1841710 229
1841720 229
1841730 229
1841740 228
1841750 228
1841760 228
1841770 228
1841780 228
1841790 228
1841800 228
1841810 228
1841820 228
1841830 228
1841840 227
1841850 227
1841860 227
1841870 227
1841880 227
1841890 227
1841900 227
1841910 227
1841920 227
1841930 227
1841940 227
1841950 226
1841960 226
1841970 226
1841980 226
1841990 226
1842000 226
1842190 225
1842200 225
1842210 225
1842220 225
1842230 225
1842240 225
1842250 225
1842260 225
1842270 225
1842280 225
1842290 224
1842300 224
1842310 224
1842320 224
