1840000 242
1840010 242
1840020 242
1840030 241
1840040 241
1840050 241
1840060 241
1840070 241
1840080 241
1840090 241
1840100 242
1840110 242
1840120 242
1840130 241
1840140 241
1840150 241
1840160 240
1840170 240
1840180 240
1840190 240
1840200 240
1840210 240
1840220 239
1840230 239
1840240 239
1840250 239
1840260 239
1840270 239
1840280 238
1840290 238
1840300 238
1840310 238
1840320 237
1840330 237
1840340 237
1840350 237
1840360 237
1840370 236
1840380 236
1840390 236
1840400 236
1840410 236
1840420 235
1840430 235
1840440 235
1840450 235
1840460 234
1840470 234
1840480 234
1840490 234
1840500 234
1840510 233
1840520 233
1840530 233
1840540 233
1840550 233
1840560 233
1840570 232
1840580 232
1840590 232
1840600 232
1840610 232
1840620 231
1840630 231
1840640 231
1840650 231
1840660 231
1840670 231
1840680 231
1840690 231
1840700 231
1840710 231
1840720 231
1840730 230
1840740 230
1840750 230
1840760 230
1840770 230
1840780 230
1840790 230
1840800 230
1840810 230
1840820 230
1840830 229
1840840 229
1840850 229
1840860 229
1840870 229
1840880 229
1840890 229
1840900 229
1840910 229
1840920 229
1840930 229
1840940 229
1840950 229
1840960 229
1840970 229
1840980 229
1840990 229
1841000 228
1841010 228
1841020 228
1841030 228
1841040 228
1841050 228
1841060 228
1841070 228
1841080 228
1841090 228
1841100 228
1841110 228
1841120 228
1841130 228
1841140 228
1841150 228
1841160 227
1841170 228
1841180 228
1841190 227
1841200 227
1841210 227
1841220 227
1841230 227
1841240 227
1841250 227
1841260 227
1841270 227
1841280 227
1841290 227
1841300 227
1841310 226
1841320 226
1841330 226
1841340 226
1841350 226
1841360 226
1841370 226
1841380 226
1841390 226
1841400 226
1841410 226
1841420 226
1841430 226
1841440 226
1841450 226
1841460 226
1841470 226
1841480 226
1841490 226
1841500 226
1841510 226
1841520 226
1841530 226
1841540 226
1841550 225
1841560 225
1841570 225
1841580 225
1841590 225
1841600 225
1841610 225
1841620 225
1841630 225
1841640 225
1841650 225
1841660 225
1841670 225
1841680 225
1841690 225
1841700 225
1841710 225
1841720 225
1841730 225
1841740 225
1841750 225
1841760 225
1841770 225
1841780 225
1841790 225
1841800 225
1841810 225
1841820 225
1841830 225
1841840 224
1841850 224
1841860 224
1841870 224
1841880 224
1841890 224
1841900 224
1841910 224
1841920 224
1841930 224
1841940 224
1841950 224
1841960 224
1841970 224
1841980 224
1841990 224
1842000 224
1842010 224
1842020 224
1842030 224
1842040 224
1842050 224
1842060 224
1842070 224
1842080 224
1842090 224
1842100 224
1842110 224
1842120 224
1842130 224
1842140 223
1842150 223
1842160 223
1842170 223
1842180 223
1842190 223
1842200 223
1842210 223
1842220 223
1842230 223
1842240 223
1842250 223
1842260 223
1842270 223
1842280 223
1842290 223
1842300 223
1842310 223
1842320 223
1842330 224
1842340 224
1842350 223
1842360 223
1842370 223
1842380 223
1842390 223
1842400 223
1842410 224
1842420 224
1842430 224
1842440 223
1842450 224
1842460 224
1842470 223
1842480 224
1842490 224
1842500 224
1842510 224
1842520 224
1842530 224
1842540 224
1842550 224
1842560 224
1842570 224
1842580 224
1842590 224
1842600 224
1842610 224
1842620 224
1842630 224
1842640 224
1842650 224
1842660 224
1842670 224
1842680 225
1842690 225
1842700 225
1842710 225
1842720 225
1842730 225
1842740 225
1842750 225
1842760 225
1842770 225
1842780 225
1842790 226
1842800 226
1842810 226
1842820 226
1842830 226
1842840 226
1842850 226
1842860 226
1842870 227
1842880 227
1842890 227
1842900 227
1842910 227
1842920 227
1842930 228
1842940 228
1842950 228
1842960 228
1842970 228
1842980 228
1842990 228
1843000 229
1843010 229
1843020 229
1843030 229
1843040 229
1843050 230
1843060 230
1843070 230
1843080 231
1843090 231
1843100 231
1843110 232
1843120 232
1843130 232
1843140 233
1843150 234
1843160 234
1843170 234
1843180 235
1843190 235
1843200 236
1843210 237
1843220 237
1843230 237
1843240 238
1843250 239
1843260 239
1843270 239
1843280 240
1843290 240
1843300 240
1843310 241
1843320 241
1843330 242
1843340 242
1843350 242
1843360 243
1843370 244
1843380 244
1843390 245
1843400 246
1843410 246
1843420 247
1843430 248
1843440 248
1843450 249
1843460 250
1843470 250
1843480 251
1843490 251
1843500 251
1843570 257
1843610 262
1843620 262
1843630 262
1843640 263
1843650 263
1843660 265
1843670 266
1843680 266
1843690 268
1843700 269
1843710 270
1843720 270
1843730 272
1843740 273
1843750 273
1843760 274
1843770 276
1843780 276
1843790 277
1843800 278
1843810 278
1843820 279
1843830 280
1843840 280
1843850 281
1843860 282
1843870 282
1843880 283
1843890 284
1843900 284
1843910 285
1843920 288
1843930 288
1843940 290
1843950 292
1843960 292
1843970 295
1843980 297
1843990 297
1844000 300
1844010 302
1844020 302
