1840000 272
1840010 272
1840020 272
1840030 272
1840040 273
1840050 273
1840060 273
1840070 273
1840080 273
1840090 273
1840100 274
1840110 274
1840120 274
1840130 275
1840140 275
1840150 275
1840160 275
1840170 276
1840180 276
1840190 277
1840200 277
1840210 277
1840220 278
1840230 278
1840240 278
1840250 278
1840260 278
1840270 278
1840280 278
1840290 277
1840300 277
1840310 277
1840320 277
1840330 277
1840340 277
1840350 277
1840360 277
1840370 277
1840380 277
1840390 277
1840400 277
1840410 276
1840420 276
1840430 276
1840440 276
1840450 276
1840460 276
1840470 275
1840480 275
1840490 275
1840500 275
1840510 275
1840520 274
1840530 274
1840540 274
1840550 274
1840560 273
1840570 273
1840580 273
1840590 273
1840600 273
1840610 273
1840620 272
1840630 272
1840640 272
1840650 272
1840660 272
1840670 272
1840680 272
1840690 272
1840700 272
1840710 272
1840720 272
1840730 272
1840740 272
1840750 272
1840760 272
1840770 272
1840780 272
1840790 272
1840800 272
1840810 272
1840820 272
1840830 272
1840840 272
1840850 273
1840860 273
1840870 273
1840880 274
1840890 274
1840900 275
1840910 276
1840920 276
1840930 277
1840940 278
1840950 278
1840960 278
1840970 279
1840980 279
1840990 279
1841000 279
1841010 279
1841020 279
1841030 280
1841040 280
1841050 280
1841060 280
1841070 280
1841080 280
1841090 281
1841100 281
1841110 281
1841120 281
1841130 281
1841140 281
1841150 281
1841160 281
1841170 281
1841180 281
1841190 281
1841200 280
1841210 280
1841220 280
1841230 280
1841240 279
1841250 279
1841260 279
1841270 278
1841280 278
1841290 278
1841300 278
1841310 278
1841320 277
1841330 277
1841340 277
1841350 277
1841360 276
1841370 276
1841380 276
1841390 275
1841400 274
1841410 274
1841420 274
1841430 273
1841440 273
1841450 273
1841460 272
1841470 272
1841480 271
1841490 271
1841500 271
1841510 270
1841520 270
1841530 270
1841540 269
1841550 269
1841560 269
1841570 268
1841580 268
1841590 268
1841600 268
1841610 268
1841620 268
1841630 269
1841640 270
1841650 270
1841660 270
1841670 266
1841680 266
1841690 265
1841700 265
1841710 265
1841720 265
1841730 264
1841740 264
1841750 264
1841760 264
1841770 264
1841780 264
1841790 264
1841800 264
1841810 264
1841820 264
1841830 264
1841840 264
1841850 264
1841860 264
1841870 265
1841880 265
1841890 265
1841900 265
1841910 266
1841920 266
1841930 266
1841940 267
1841950 267
1841960 267
1841970 268
1841980 268
1841990 268
1842000 269
1842010 270
1842020 270
1842030 270
1842040 270
1842050 270
1842060 271
1842070 271
1842080 271
1842090 271
1842100 272
1842110 272
1842120 272
1842130 272
1842140 272
1842150 272
1842160 272
1842170 272
1842180 273
1842190 273
1842200 273
1842210 273
1842220 273
1842230 273
1842240 274
1842250 274
1842260 274
1842270 274
1842280 274
1842290 274
1842300 275
1842310 275
1842320 275
1842330 275
1842340 275
1842350 275
1842360 275
1842370 276
1842380 276
1842390 276
1842400 277
1842410 277
1842420 277
1842430 278
1842440 278
1842450 278
1842460 278
1842470 279
1842480 279
1842490 280
1842500 281
1842510 281
1842520 281
1842530 282
1842540 282
1842550 282
1842560 282
1842570 282
1842580 283
1842590 283
1842600 283
1842610 283
1842620 283
1842630 283
1842640 282
1842650 282
1842660 282
1842670 282
1842680 281
1842690 281
1842700 281
1842710 281
1842720 281
1842730 281
1842740 282
1842750 282
1842760 281
1842770 281
1842780 281
1842790 281
1842800 281
1842810 281
1842820 281
1842830 281
1842840 281
1842850 282
1842860 282
1842870 282
1842880 283
1842890 284
1842900 284
1842910 284
1842920 284
1842930 284
1842940 285
1842950 285
1842960 285
1842970 285
1842980 285
1842990 286
1843000 286
1843010 287
1843020 288
1843030 288
1843040 287
1843050 287
1843060 287
1843070 287
1843080 287
1843090 287
1843100 287
1843110 286
1843120 286
1843130 286
1843140 286
1843150 286
1843160 285
1843170 285
1843180 285
1843190 284
1843200 284
1843210 284
1843220 284
1843230 283
1843240 283
1843250 283
1843260 282
1843270 282
1843280 282
1843290 282
1843300 282
1843310 281
1843320 280
1843330 280
1843340 280
1843350 280
1843360 280
1843370 279
1843380 278
1843390 279
1843400 278
1843410 277
1843420 277
1843430 276
1843440 275
1843450 275
1843460 274
1843470 273
1843480 273
1843490 272
1843500 271
1843510 270
1843520 270
1843530 269
1843540 269
1843550 269
1843560 269
1843570 268
1843580 268
1843590 268
1843600 268
1843610 268
1843620 267
1843630 266
1843640 266
1843650 266
1843660 266
1843670 266
1843680 265
1843690 266
1843700 266
1843710 266
1843720 267
1843730 267
1843740 267
1843750 267
1843760 267
1843770 267
1843780 266
1843790 266
1843800 265
1843810 265
1843820 265
1843830 264
1843840 263
1843850 263
1843860 262
1843870 260
1843880 260
1843890 257
1843900 255
1843910 255
1843920 254
1843930 252
1843940 252
1843950 251
1843960 250
1843970 250
1843980 249
1843990 248
1844000 248
1844010 248
1844020 246
1844030 246
1844040 246
1844050 248
1844060 249
1844070 249
1844080 251
1844090 253
1844100 253
1844110 252
1844120 251
1844130 251
1844140 248
1844150 247
1844160 247
1844170 245
1844180 244
1844190 244
1844200 243
1844210 242
1844220 242
1844230 240
1844240 240
1844250 240
1844260 239
1844270 238
1844280 238
1844290 237
1844300 236
1844310 236
1844320 235
1844330 235
1844340 235
1844350 234
1844360 234
1844370 234
1844380 234
1844390 234
1844400 234
1844410 234
1844420 235
1844430 235
1844440 235
1844450 235
1844460 235
1844470 236
1844480 235
1844490 235
1844500 235
1844510 234
1844520 234
1844530 234
1844540 233
1844550 233
1844560 232
1844570 232
1844580 231
1844590 231
1844600 230
1844610 230
1844620 230
1844630 229
1844640 229
1844650 229
1844660 228
1844670 227
1844680 227
1844690 227
1844700 226
1844710 226
1844720 225
1844730 224
1844740 224
1844750 224
1844760 223
1844770 223
1844780 223
1844790 222
1844800 222
1844810 221
1844820 221
1844830 221
1844840 220
1844850 220
1844860 220
1844870 219
1844880 219
1844890 219
1844900 218
1844910 218
1844920 218
1844930 218
1844940 218
1844950 218
1844960 217
1844970 217
1844980 217
1844990 216
1845000 216
1845010 216
1845020 216
1845030 216
1845040 216
1845050 215
1845060 215
1845070 215
1845080 215
1845090 214
1845100 214
1845110 214
1845120 214
1845130 213
1845140 213
1845150 213
1845160 212
1845170 212
1845180 213
1845190 212
1845200 212
1845210 212
1845220 211
1845230 211
1845240 211
1845250 211
1845260 211
1845270 210
1845280 210
1845290 210
1845300 210
1845310 209
1845320 209
1845330 209
1845340 208
1845350 208
1845360 208
1845370 207
1845380 207
1845390 207
1845400 207
1845410 207
1845420 206
1845430 206
1845440 206
1845450 206
1845460 206
1845470 206
1845480 206
1845490 205
1845500 205
1845510 205
1845520 204
1845530 204
1845540 203
1845550 203
1845560 203
1845570 203
1845580 202
1845590 202
1845600 202
1845610 201
1845620 201
1845630 201
1845640 200
1845650 200
1845660 200
1845670 200
1845680 199
1845690 199
1845700 199
1845710 199
1845720 199
1845730 198
1845740 198
1845750 198
1845760 197
1845770 197
1845780 197
1845790 197
1845940 193
1845950 192
1845960 192
1845970 192
1845980 192
1845990 192
1846000 191
1846010 191
1846020 191
1846030 191
1852090 242
1852100 242
1852110 243
1852120 242
1852130 242
1852140 241
1852150 240
1852160 240
1852170 240
1852180 239
1852190 238
1852200 238
1852210 238
1852220 237
1852230 237
1852240 237
1852250 236
1852260 236
1852270 236
1852280 235
1852290 235
1852300 234
1852310 234
1852320 234
1852330 233
1852340 232
1852350 232
1852360 231
1852370 231
1852380 231
1852390 230
1852400 229
1852410 229
1852420 229
1852430 228
1852440 228
1852450 228
1852460 228
1852470 228
1852480 228
1852490 228
1852500 228
1852510 229
1852520 229
1852530 229
1852540 228
1852550 228
1852560 228
1852570 227
1852580 226
1852590 226
1852600 226
1852610 225
1852620 225
1852630 225
1852640 225
1852650 225
1852660 224
1852670 224
1852680 224
1852690 224
1852700 223
1852710 223
1852720 223
1852730 222
1852740 221
1852750 221
1852760 221
1852770 220
1852780 220
1852790 219
1852800 219
1852810 219
1852820 218
1852830 217
1852840 217
1852850 216
1852860 216
1852870 216
1852880 215
1852890 215
1852900 215
1852910 214
1852920 213
1852930 213
1852940 212
1852950 211
1852960 211
1852970 210
1852980 209
1852990 209
1853000 208
1853010 208
1853020 208
1853030 208
1853040 207
1853050 207
1853060 207
1853070 206
1853080 206
1853090 206
1853100 205
1853110 205
1853120 204
1853130 204
1853140 204
1853150 203
1853160 203
1853170 203
1853180 203
1853190 202
1853200 202
1853210 202
1853220 202
1853230 201
1853240 201
1853250 201
1853260 200
1853270 200
1853280 201
1853290 200
1853300 200
1853310 199
1853320 198
1853330 198
1853340 197
1853350 196
1853360 196
1853370 196
1853380 195
1853390 195
1853400 194
1853410 193
1853420 193
1853430 192
1853440 192
1853450 192
1853460 191
1853470 190
1853480 190
1853490 190
1853500 189
1853510 189
1853520 188
1853530 188
1853540 188
1853550 188
1853560 187
1853570 187
1853580 187
1853590 186
1853600 186
1853610 186
1853620 185
1853630 186
1853640 186
1853650 185
1853660 185
1853670 184
1853680 183
1853690 183
1853700 183
1853710 182
1853720 182
1853730 182
1853740 181
1853750 181
1853760 180
1853770 180
1853780 179
1853790 179
1853800 179
1853810 178
1853820 178
1853830 178
1853840 177
1853850 177
1853860 177
1853870 176
1853880 176
1853890 176
1853900 175
1853910 175
1853920 175
1853930 174
1853940 174
1853950 174
1853960 174
1853970 174
1853980 173
1853990 172
1854000 172
1854010 172
1854020 171
1854030 171
1854040 170
1854050 170
1854060 170
1854070 170
1854080 169
1854090 169
1854100 169
1854110 169
1854120 169
1854130 169
1854140 169
1854150 169
1854160 169
1854170 167
1854180 167
1854190 167
1854200 166
1854210 166
1854220 165
1854230 164
1854240 164
1854250 162
1854260 161
1854270 161
1854280 159
1854290 158
1854300 158
1854310 157
1854320 156
1854330 154
1854340 154
1854350 153
1854360 152
1854370 152
1854380 151
1854390 151
1854400 151
1854410 150
1854420 149
1854430 149
1854440 148
1854450 147
1854460 147
1854470 146
1854480 146
1854490 146
1854500 145
1854510 145
1854520 145
1854530 145
1854540 144
1854550 144
1854560 144
1854570 143
1854580 143
1854590 142
1854600 141
1854610 141
1854620 140
1854630 140
1854640 140
1854650 139
1854660 139
1854670 138
1854680 138
1854690 137
1854700 137
1854710 137
1854720 136
1854730 136
1854740 136
1854750 135
1854760 135
1854770 135
1854780 134
1854790 134
1854800 133
1854810 133
1854820 133
1854830 132
1854840 132
1854850 132
1854860 131
1854870 131
1854880 130
1854890 130
1854900 130
1854910 129
1854920 129
1854930 128
1854940 128
1854950 128
1854960 127
1854970 127
1854980 127
1854990 126
1855000 125
1855010 125
1855020 125
1855030 124
1855040 124
1855050 123
1855060 122
1855070 122
1855080 122
1855090 121
1855100 121
1855110 121
1855120 120
1855130 120
1855140 120
1855150 120
1855160 120
1855170 120
1855180 119
1855190 119
1855200 118
1855210 118
1855220 118
1855230 118
1855240 118
1855250 118
1855260 117
1855270 117
1855280 117
1855290 117
1855300 117
1855310 117
1855320 117
1855330 117
1855340 117
1855350 117
1855360 117
1855370 117
1855380 117
1855390 117
1855400 117
1855410 117
1855420 117
1855430 117
1855440 117
1855450 117
1855460 117
1855470 117
1855480 117
1855490 117
1855500 117
1855510 117
1855520 117
1855530 117
1855540 116
1855550 116
1855560 116
1855570 116
1855580 116
1855590 116
1855600 116
1855610 116
1855620 116
1855630 116
1855640 116
1855650 116
1855660 116
1855670 116
1855680 116
1855690 116
1855700 116
1855710 116
1855720 116
1855730 116
1855740 116
1855750 116
1855760 116
1855770 116
1855780 116
1855790 116
1855800 116
1855810 116
1855820 116
1855830 116
1855840 116
1855850 116
1855860 116
1855870 116
1855880 116
1855890 116
1855900 116
1855910 116
1855920 116
1855930 116
1855940 116
1855950 116
1855960 116
1855970 116
1855980 116
1855990 116
1856000 116
1856010 116
1856020 116
1856030 116
1856040 116
1856050 116
1856060 116
1856070 116
1856080 116
1856090 116
1856100 116
1856110 116
1856120 116
1856130 116
1856140 116
1856150 115
1856160 116
1856170 116
1856180 115
1856190 115
1856200 115
1856210 115
1856220 115
1856230 115
1856240 115
1856250 115
1856260 115
1856270 115
1856280 115
1856290 115
1856300 115
1856310 115
1856320 115
1856330 115
1856340 115
1856350 115
1856360 115
1856370 115
1856380 115
1856390 115
1856400 115
1856410 115
1856420 115
1856430 115
1856440 115
1856450 115
1856460 115
1856470 115
1856480 115
1856490 115
1856500 115
1856510 115
1856520 115
1856530 115
1856540 115
1856550 115
1856560 115
1856570 115
1856580 115
1856590 115
1856600 115
1856610 115
1856620 115
1856630 115
1856640 115
1856650 115
1856660 115
1856670 115
1856680 115
1856690 115
1856700 115
1856710 115
1856720 115
1856730 115
1856740 115
1856750 115
1856760 115
1856770 115
1856780 115
1856790 115
1856800 115
1856810 115
1856820 115
1856830 115
1856840 115
1856850 115
1856860 115
1856870 115
1856880 115
1856890 115
1856900 115
1856910 115
1856920 115
1856930 115
1856940 115
1856950 115
1856960 115
1856970 115
1856980 115
1856990 115
1857000 115
1857010 115
1857020 115
1857030 115
1857040 115
1857050 115
1857060 115
1857070 115
1857080 115
1857090 115
1857100 115
1857110 115
1857120 115
1857130 115
1857140 115
1857150 115
1857160 115
1857170 115
1857180 115
1857190 115
1857200 115
1857210 115
1857220 115
1857230 115
1857240 115
1857250 115
1857260 115
1857270 115
1857280 115
1857290 115
1857300 115
1857310 115
1857320 115
1857330 115
1857340 115
1857350 115
1857360 115
1857370 115
1857380 115
1857390 115
1857400 115
1857410 115
1857420 115
1857430 115
1857440 115
1857450 115
1857460 115
1857470 115
1857480 115
1857490 115
1857500 115
1857510 115
1857520 115
1857530 115
1857540 115
1857550 115
1857560 115
1857570 115
1857580 115
1857590 115
1857600 115
1857610 115
1857620 115
1857630 115
1857640 115
1857650 115
1857660 115
1857670 115
1857680 115
1857690 115
1857700 115
1857710 115
1857720 115
1857730 115
1857740 115
1857750 115
1857760 115
1857770 115
1857780 115
1857790 115
1857800 115
1857810 115
1857820 115
1857830 115
1857840 115
1857850 115
1857860 115
1857870 115
1857880 115
1857890 115
1857900 115
1857910 115
1857920 115
1857930 115
1857940 115
1857950 115
1857960 115
1857970 115
1857980 115
1857990 115
1858000 115
1858010 115
1858020 115
1858030 115
1858040 115
1858050 115
1858060 115
1858070 115
1858080 115
1858090 115
1858100 115
1858110 115
1858120 115
1858130 115
1858140 115
1858150 115
1858160 115
1858170 115
1858180 115
1858190 115
1858200 115
1858210 115
1858220 115
1858230 115
1858240 115
1858250 115
1858260 115
1858270 115
1858280 115
1858290 115
1858300 115
1858310 115
1858320 115
1858330 115
1858340 115
1858350 115
1858360 115
1858370 115
1858380 115
1858390 115
1858400 115
1858410 115
1858420 115
1858430 115
1858440 115
1858450 115
1858460 115
1858470 115
1858480 115
1858490 115
1858500 115
1858510 115
1858520 115
1858530 115
1858540 115
1858550 115
1858560 115
1858570 115
1858580 115
1858590 115
1858600 115
1858610 115
1858620 115
1858630 115
1858640 115
1858650 115
1858660 115
1858670 115
1858680 115
1858690 115
1858700 115
1858710 115
1858720 115
1858730 115
1858740 115
1858750 115
1858760 115
1858770 115
1858780 115
1858790 115
1858800 115
1858810 115
1858820 115
1858830 115
1858840 115
1858850 115
1858860 115
1858870 115
1858880 115
1858890 115
1858900 115
1858910 115
1858920 115
1858930 115
1858940 115
1858950 115
1858960 115
1858970 115
1858980 115
1858990 115
1859000 115
1859010 115
1859020 115
1859030 115
1859040 115
1859050 115
1859060 115
1859070 115
1859080 115
1859090 115
1859100 115
1859110 115
1859120 115
1859130 115
1859140 115
1859150 115
1859160 115
1859170 115
1859180 115
1859190 115
1859200 115
1859210 115
1859220 115
1859230 115
1859240 115
1859250 115
1859260 115
1859270 115
1859280 115
1859290 115
1859300 115
1859310 115
1859320 115
1859330 115
1859340 115
1859350 115
1859360 115
1859370 115
1859380 115
1859390 115
1859400 115
1859410 115
1859420 115
1859430 115
1859440 115
1859450 115
1859460 115
1859470 115
1859480 115
1859490 115
1859500 115
1859510 115
1859520 115
1859530 115
1859540 115
1859550 115
1859560 115
1859570 115
1859580 115
1859590 115
1859600 115
1859610 115
1859620 115
1859630 115
1859640 115
1859650 115
1859660 115
1859670 115
1859680 115
1859690 115
1859700 115
1859710 115
1859720 115
1859730 115
1859740 115
1859750 115
1859760 115
1859770 115
1859780 115
1859790 115
1859800 115
1859810 115
1859820 115
1859830 115
1859840 115
1859850 115
1859860 115
1859870 115
1859880 115
1859890 115
1859900 115
1859910 115
1859920 115
1859930 115
1859940 115
1859950 115
1859960 115
1859970 115
1859980 115
1859990 115
