1840000 265
1840010 265
1840020 265
1840030 265
1840040 265
1840050 265
1840060 264
1840070 264
1840080 264
1840090 264
1840100 264
1840110 264
1840120 264
1840130 264
1840140 264
1840150 264
1840160 264
1840170 265
1840180 265
1840190 265
1840200 265
1840210 265
1840220 265
1840230 266
1840240 266
1840250 265
1840260 265
1840270 265
1840280 265
1840290 265
1840300 265
1840310 265
1840320 265
1840330 265
1840340 264
1840350 264
1840360 264
1840370 264
1840380 264
1840390 264
1840400 264
1840410 263
1840420 263
1840430 263
1840440 263
1840450 263
1840460 263
1840470 263
1840480 263
1840490 263
1840500 262
1840510 262
1840520 263
1840530 262
1840540 262
1840550 262
1840560 262
1840570 262
1840580 262
1840590 262
1840600 262
1840610 261
1840620 261
1840630 261
1840640 260
1840650 260
1840660 260
1840670 260
1840680 259
1840690 259
1840700 259
1840710 258
1840720 258
1840730 258
1840740 258
1840750 258
1840760 258
1840770 259
1840780 259
1840790 259
1840800 260
1840810 260
1840820 260
1840830 261
1840840 261
1840850 261
1840860 261
1840870 261
1840880 261
1840890 261
1840900 261
1840910 261
1840920 261
1840930 261
1840940 261
1840950 260
1840960 260
1840970 260
1840980 259
1840990 260
1841000 258
1841010 258
1841020 258
1841030 258
1841040 257
1841050 256
1841060 256
1841070 255
1841080 254
1841090 254
1841100 254
1841110 253
1841120 253
1841130 252
1841140 251
1841150 251
1841160 251
1841170 250
1841180 248
1841190 248
1841200 248
1841210 247
1841220 247
1841230 246
1841240 246
1841250 246
1841260 245
1841270 245
1841280 245
1841290 244
1841300 244
1841310 244
1841320 244
1841330 244
1841340 244
1841350 244
1841360 244
1841370 244
1841380 244
1841390 244
1841400 244
1841410 245
1841420 245
1841430 245
1841440 245
1841450 244
1841460 244
1841470 244
1841480 244
1841490 244
1841500 244
1841510 244
1841520 244
1841530 243
1841540 243
1841550 243
1841560 243
1841570 243
1841580 243
1841590 243
1841600 243
1841610 243
1841620 243
1841630 243
1841640 243
1841650 243
1841660 243
1841670 243
1841680 243
1841690 243
1841700 243
1841710 243
1841720 242
1841730 242
1841740 242
1841750 242
1841760 242
1841770 242
1841780 242
1841790 242
1841800 242
1841810 242
1841820 242
1841830 242
1841840 243
1841850 243
1841860 243
1841870 246
1841880 246
1841890 246
1841900 245
1841910 245
1841920 245
1841930 248
1841940 249
1841950 249
1841960 251
1841970 252
1841980 252
1841990 254
1842000 256
1842010 256
1842020 258
1842030 259
1842040 259
1842050 261
1842060 261
1842070 261
1842080 260
1842090 260
1842100 260
1842110 260
1842120 261
1842130 261
1842140 262
1842150 261
1842160 261
1842170 261
1842180 260
1842190 260
1842200 260
1842210 259
1842220 259
1842230 259
1842240 259
1842250 259
1842260 259
1842270 260
1842280 259
1842290 259
1842300 259
1842310 258
1842320 258
1842330 257
1842340 257
1842350 257
1842360 257
1842370 257
1842380 257
1842390 257
1842400 258
1842410 258
1842420 258
1842430 258
1842440 257
1842450 257
1842460 257
1842470 257
1842480 256
1842490 256
1842500 256
1842510 256
1842520 256
1842530 256
1842540 256
1842550 255
1842560 255
1842570 255
1842580 255
1842590 255
1842600 255
1842610 254
1842620 254
1842630 254
1842640 254
1842650 254
1842660 253
1842670 253
1842680 253
1842690 253
1842700 253
1842710 253
1842720 253
1842730 253
1842740 253
1842750 253
1842760 252
1842770 252
1842780 252
1842790 252
1842800 251
1842810 251
1842820 251
1842830 250
1842840 250
1842850 250
1842860 250
1842870 250
1842880 250
1842890 250
1842900 250
1842910 250
1842920 250
1842930 250
1842940 250
1842950 250
1842960 250
1842970 250
1842980 250
1842990 250
1843000 250
1843010 250
1843020 250
1843030 251
1843040 251
1843050 251
1843060 252
1843070 252
1843080 252
1843090 253
1843100 253
1843110 253
1843120 254
1843130 254
1843140 254
1843150 255
1843160 255
1843170 255
1843180 255
1843190 255
1843200 255
1843210 255
1843220 255
1843230 255
1843240 255
1843250 256
1843260 256
1843270 257
1843280 257
1843290 257
1843300 257
1843310 258
1843320 258
1843330 257
1843340 257
1843350 256
1843360 256
1843370 256
1843380 256
1843390 256
1843400 256
1843410 256
1843420 256
1843430 256
1843440 255
1843450 255
1843460 255
1843470 256
1843480 256
1843490 256
1843500 256
1843510 256
1843520 255
1843530 254
1843540 254
1843550 254
1843560 253
1843570 253
1843580 253
1843590 253
1843600 253
1843610 253
1843620 253
1843630 253
1843640 253
1843650 254
1843660 254
1843670 254
1843680 254
1843690 254
1843700 254
1843710 254
1843720 254
1843730 254
1843740 255
1843750 255
1843760 255
1843770 254
1843780 254
1843790 254
1843800 253
1843810 253
1843820 253
1843830 253
1843840 253
1843850 253
1843860 253
1843870 253
1843880 253
1843890 253
1843900 252
1843910 252
1843920 251
1843930 250
1843940 250
1843950 250
1843960 249
1843970 249
1843980 248
1843990 248
1844000 248
1844010 247
1844020 247
1844030 247
1844040 246
1844050 246
1844060 246
1844070 245
1844080 244
1844090 244
1844100 244
1844110 243
1844120 243
1844130 242
1844140 241
1844150 241
1844160 240
1844170 239
1844180 239
1844190 238
1844200 237
1844210 237
1844220 236
1844230 235
1844240 235
1844250 234
1844260 234
1844270 234
1844280 233
1844290 233
1844300 233
1844310 232
1844320 231
1844330 231
1844340 231
1844350 230
1844360 230
1844370 230
1844380 229
1844390 229
1844400 229
1844410 228
1844420 228
1844430 228
1844440 228
1844450 227
1844460 227
1844470 227
1844480 227
1844490 227
1844500 226
1844510 226
1844520 226
1844530 226
1844540 225
1844550 225
1844560 225
1844570 225
1844580 225
1844590 224
1844600 224
1844610 224
1844620 223
1844630 223
1844640 223
1844650 223
1844660 222
1844670 222
1844680 222
1844690 221
1844700 221
1844710 221
1844720 221
1844730 221
1844740 220
1844750 220
1844760 220
1844770 220
1844780 219
1844790 219
1844800 219
1844810 219
1844820 219
1844830 218
1844840 218
1844850 218
1844860 218
1844870 217
1844880 217
1844890 217
1844900 217
1844910 217
1844920 216
1844930 216
1844940 216
1844950 216
1844960 215
1844970 215
1844980 215
1844990 215
1845000 215
1845010 215
1845020 215
1845030 215
1845040 215
1845050 214
1845060 214
1845070 214
1845080 214
1845090 214
1845100 214
1845110 214
1845120 213
1845130 213
1845140 213
1845150 213
1845160 213
1845170 212
1845180 212
1845190 212
1845200 212
1845210 212
1845220 212
1845230 211
1845240 211
1845250 211
1845260 211
1845270 211
1845280 211
1845290 210
1845300 210
1845310 210
1845320 210
1845330 210
1845340 210
1845350 209
1845360 209
1845370 209
1845380 209
1845390 209
1845400 209
1845410 208
1845420 208
1845430 208
1845440 208
1845450 208
1845460 208
1845470 208
1845480 207
1845490 207
1845500 207
1845510 206
1845520 206
1845530 206
1845540 205
1845550 205
1845560 205
1845570 204
1845580 204
1845590 204
1845600 204
1845610 203
1845620 203
1845630 203
1845640 202
1845650 202
1845660 202
1845670 201
1845680 201
1845690 201
1845700 200
1845710 200
1845720 199
1845730 199
1845740 199
1845750 198
1845760 198
1845770 198
1845780 197
1845790 197
1845800 197
1845810 196
1845820 196
1845830 196
1845840 196
1845850 195
1845860 195
1845870 195
1845880 194
1845890 194
1845900 194
1845910 193
1845920 193
1845930 193
1845940 193
1845950 193
1845960 192
1845970 192
1845980 192
1845990 191
1846000 191
1846010 191
1846020 191
1846030 190
1846040 190
1846050 190
1846060 190
1846070 189
1846080 189
1846090 189
1846100 189
1846110 189
1846120 188
1846130 188
1846140 188
1846150 188
1846160 187
1846170 187
1846180 187
1846190 187
1846200 187
1846210 186
1846220 186
1846230 186
1846240 185
1846250 185
1846260 185
1846270 185
1846280 184
1846290 184
1846300 184
1846310 184
1846320 184
1846330 183
1846340 183
1846350 183
1846360 183
1846370 182
1846380 182
1846390 182
1846400 182
1846410 182
1846420 181
1846430 181
1846440 181
1846450 180
1846460 180
1846470 180
1846480 179
1846490 179
1846500 179
1846510 178
1846520 178
1846530 178
1846540 178
1846550 177
1846560 177
1846570 177
1846580 176
1846590 176
1846600 176
1846610 176
1846620 175
1846630 175
1846640 175
1846650 174
1846660 174
1846670 174
1846680 173
1846690 173
1846700 173
1846710 172
1846720 172
1846730 172
1846740 172
1846750 172
1846760 171
1846770 171
1846780 171
1846790 170
1846800 170
1846810 170
1846820 169
1846830 169
1846840 169
1846850 168
1846860 168
1846870 168
1846880 167
1846890 167
1846900 167
1846910 166
1846920 166
1846930 166
1846940 166
1846950 165
1846960 165
1846970 165
1846980 164
1846990 164
1847000 164
1847010 163
1847020 163
1847030 163
1847040 163
1847050 163
1847060 162
1847070 162
1847080 162
1847090 161
1847100 161
1847110 161
1847120 161
1847130 160
1847140 160
1847150 160
1847160 160
1847170 159
1847180 159
1847190 159
1847200 159
1847210 159
1847220 158
1847230 158
1847240 158
1847250 158
1847260 158
1847270 158
1847280 157
1847290 157
1847300 157
1847310 156
1847320 156
1847330 156
1847340 156
1847350 156
1847360 156
1847370 155
1847380 155
1847390 155
1847400 155
1847410 155
1847420 155
1847430 154
1847440 154
1847450 154
1847460 154
1847470 154
1847480 154
1847490 153
1847500 153
1847510 153
1847520 153
1847530 153
1847540 153
1847550 153
1847560 153
1847570 153
1847580 152
1847590 152
1847600 152
1847610 152
1847620 152
1847630 152
1847640 152
1847650 151
1847660 151
1847670 151
1847680 151
1847690 151
1847700 151
1847710 151
1847720 151
1847730 151
1847740 151
1847750 151
1847760 151
1847770 150
1847780 150
1847790 151
1847800 151
1847810 151
1847820 151
1847830 151
1847840 151
1847850 151
1847860 150
1847870 150
1847880 150
1847890 150
1847900 150
1847910 150
1847920 150
1847930 150
1847940 150
1847950 150
1847960 150
1847970 150
1847980 149
1847990 149
1848000 149
1848010 149
1848020 149
1848030 149
1848040 149
1848050 149
1848060 149
1848070 149
1848080 149
1848090 149
1848100 149
1848110 149
1848120 149
1848130 149
1848140 149
1848150 149
1848160 149
1848170 149
1848180 149
1848190 149
1848200 148
1848210 148
1848220 149
1848230 149
1848240 149
1848250 149
1848260 149
1848270 149
1848280 149
1848290 149
1848300 149
1848310 149
1848320 150
1848330 150
1848340 150
1848350 150
1848360 150
1848370 150
1848380 150
1848390 150
1848400 150
1848410 150
1848420 150
1848430 150
1848440 150
1848450 150
1848460 150
1848470 150
1848480 150
1848490 150
1848500 150
1848510 150
1848520 150
1848530 150
1848540 149
1848550 149
1848560 149
1848570 149
1848580 149
1848590 149
1848600 149
1848610 149
1848620 149
1848630 148
1848640 148
1848650 148
1848660 148
1848670 148
1848680 148
1848690 148
1848700 148
1848710 148
1848720 148
1848730 148
1848740 148
1848750 149
1848760 149
1848770 149
1848780 149
1848790 149
1848800 149
1848810 149
1848820 149
1848830 149
1848840 149
1848850 149
1848860 149
1848870 149
1848880 149
1848890 149
1848900 149
1848910 149
1848920 149
1848930 149
1848940 149
1848950 149
1849270 152
1849280 152
1849290 152
1849300 152
1849310 152
1849320 152
1849330 152
1849340 153
1849350 153
1849360 153
1849370 153
1849380 153
1849390 154
1849400 154
1849410 154
1849420 154
1849430 154
1849440 154
1849450 154
1849460 155
1849470 155
1849480 155
1849490 155
1849500 155
1849510 156
1849520 156
1849530 156
1849540 156
1849550 157
1849560 157
1849570 157
1849580 157
1849590 157
1850000 166
1850010 166
1850020 166
1850030 166
1850040 167
1850050 167
1850060 167
1850070 167
1850080 167
1850090 167
1850100 168
1850110 168
1850120 168
1850130 168
1850140 168
1850150 168
1850160 168
1850170 168
1850180 168
1850190 168
1850200 168
1850210 167
1850220 168
1850230 168
1850240 168
1850250 168
1850260 168
1850270 169
1850280 169
1850290 169
1850300 170
1850310 171
1850320 171
1850330 172
1850340 171
1850350 171
1850360 171
1850370 171
1850380 171
1850390 171
1850400 172
1850410 172
1850420 172
1850430 172
1850440 173
1850450 173
1850460 174
1850470 174
1850480 174
1850490 175
1850500 175
1850510 175
1851140 227
1851150 227
1851160 228
1851170 228
1851180 228
1851190 229
1851200 230
1851210 230
1851220 230
1851230 231
1851240 231
1851250 232
1851260 232
1851270 232
1851280 233
1851290 233
1851300 233
1851310 233
1851320 233
1851330 233
1851340 234
1851350 234
1851360 234
1851370 234
1851380 234
1851390 234
1851400 235
1851410 235
1851420 235
1851430 235
1851440 236
1851450 236
1851460 236
1851470 236
1851480 236
1851490 236
1851500 236
1851510 236
1851520 236
1851530 237
1851540 238
1851550 238
1851560 238
1851570 239
1851580 239
1851590 240
1851600 240
1851610 240
1851620 240
1851630 240
1851640 240
1851650 241
1851660 241
1851670 241
1851680 242
1851690 242
1851700 242
1851710 244
1851720 245
1851730 245
1851740 246
1851750 247
1851760 247
1851770 248
1851780 248
1851790 248
1851800 249
1851810 250
1851820 250
1851830 250
1851840 250
1851850 250
1851860 250
1851870 250
1851880 250
1851890 250
1851900 250
1851910 250
1851920 250
1851930 249
1851940 249
1851950 249
1851960 248
1851970 248
1851980 248
1851990 247
1852000 247
1852010 247
1852020 247
1852030 247
1852040 248
1852050 249
1852060 250
1852070 250
1852080 249
1852090 248
1852100 248
1852110 247
1852120 247
1852130 247
1852140 246
1852150 246
1852160 246
1852170 245
1852180 245
1852190 245
1852200 245
1852210 246
1852220 246
1852230 246
1852240 247
1852250 247
1852260 246
1852270 246
1852280 246
1852290 245
1852300 245
1852310 245
1852320 244
1852330 244
1852340 244
1852350 243
1852360 242
1852370 242
1852380 242
1852390 241
1852400 241
1852410 241
1852420 241
1852430 241
1852440 240
1852450 240
1852460 240
1852470 240
1852480 240
1852490 240
1852500 240
1852510 240
1852520 240
1852530 239
1852540 239
1852550 239
1852560 238
1852570 238
1852580 238
1852590 238
1852600 237
1852610 237
1852620 237
1852630 238
1852640 237
1852650 237
1852660 237
1852670 236
1852680 236
1852690 236
1852700 237
1852710 237
1852720 236
1852730 235
1852740 235
1852750 233
1852760 232
1852770 232
1852780 230
1852790 229
1852800 229
1852810 228
1852820 227
1852830 227
1852840 226
1852850 225
1852860 225
1852870 224
1852880 222
1852890 222
1852900 221
1852910 221
1852920 221
1852930 220
1852940 219
1852950 219
1852960 218
1852970 217
1852980 217
1852990 216
1853000 215
1853010 215
1853020 215
1853030 215
1853040 215
1853050 215
1853060 214
1853070 214
1853080 213
1853090 213
1853100 213
1853110 212
1853120 211
1853130 211
1853140 210
1853150 209
1853160 208
1853170 208
1853180 206
1853190 205
1853200 205
1853210 203
1853220 202
1853230 202
1853240 202
1853250 202
1853260 202
1853270 202
1853280 201
1853290 201
1853300 200
1853310 200
1853320 200
1853330 201
1853340 201
1853350 201
1853360 201
1853370 201
1853380 201
1853390 200
1853400 200
1853410 200
1853420 200
1853430 199
1853440 199
1853450 199
1853460 198
1853470 198
1853480 198
1853490 197
1853500 197
1853510 196
1853520 196
1853530 196
1853540 195
1853550 194
1853560 194
1853570 194
1853580 193
1853590 193
1853600 192
1853610 192
1853620 192
1853630 191
1853640 191
1853650 191
1853660 190
1853670 189
1853680 189
1853690 189
1853700 188
1853710 187
1853720 187
1853730 186
1853740 185
1853750 185
1853760 184
1853770 184
1853780 184
1853790 183
1853800 182
1853810 182
1853820 182
1853830 182
1853840 182
1853850 181
1853860 181
1853870 181
1853880 180
1853890 179
1853900 179
1853910 179
1853920 178
1853930 178
1853940 178
1853950 177
1853960 177
1853970 177
1853980 176
1853990 176
1854000 176
1854010 175
1854020 175
1854030 175
1854040 174
1854050 174
1854060 174
1854070 174
1854080 174
1854090 173
1854100 173
1854110 173
1854120 173
1854130 172
1854140 172
1854150 171
1854160 171
1854170 171
1854180 171
1854190 170
1854200 170
1854210 170
1854220 169
1854230 169
1854240 169
1854250 169
1854260 168
1854270 168
1854280 168
1854290 167
1854300 167
1854310 166
1854320 166
1854330 166
1854340 165
1854350 164
1854360 164
1854370 164
1854380 163
1854390 163
1854400 162
1854410 161
1854420 161
1854430 161
1854440 160
1854450 161
1854460 160
1854470 159
1854480 159
1854490 158
1854500 157
1854510 157
1854520 155
1854530 154
1854540 154
1854550 153
1854560 152
1854570 152
1854580 150
1854590 149
1854600 149
1854610 148
1854620 148
1854630 148
1854640 147
1854650 146
1854660 146
1854670 145
1854680 144
1854690 144
1854700 143
1854710 143
1854720 143
1854730 142
1854740 141
1854750 141
1854760 141
1854770 140
1854780 140
1854790 140
1854800 140
1854810 139
1854820 139
1854830 139
1854840 138
1854850 138
1854860 137
1854870 137
1854880 137
1854890 136
1854900 136
1854910 136
1854920 135
1854930 134
1854940 134
1854950 134
1854960 133
1854970 133
1854980 132
1854990 131
1855000 131
1855010 130
1855020 129
1855030 129
1855040 129
1855050 129
1855060 129
1855070 128
1855080 127
1855090 127
1855100 125
1855110 124
1855120 124
1855130 124
1855140 123
1855150 123
1855160 123
1855170 122
1855180 122
1855190 122
1855200 122
1855210 122
1855220 122
1855230 121
1855240 121
1855250 121
1855260 121
1855270 121
1855280 120
1855290 119
1855300 119
1855310 119
1855320 119
1855330 119
1855340 119
1855350 118
1855360 119
1855370 119
1855380 119
1855390 119
1855400 119
1855410 119
1855420 119
1855430 119
1855440 118
1855450 118
1855460 118
1855470 118
1855480 118
1855490 118
1855500 118
1855510 118
1855520 118
1855530 118
1855540 118
1855550 118
1855560 118
1855570 118
1855580 118
1855590 118
1855600 118
1855610 118
1855620 118
1855630 117
1855640 117
1855650 117
1855660 117
1855670 117
1855680 116
1855690 116
1855700 116
1855710 116
1855720 116
1855730 116
1855740 116
1855750 116
1855760 116
1855770 116
1855780 116
1855790 116
1855800 116
1855810 116
1855820 116
1855830 116
1855840 116
1855850 116
1855860 116
1855870 116
1855880 116
1855890 116
1855900 116
1855910 116
1855920 116
1855930 116
1855940 116
1855950 116
1855960 116
1855970 116
1855980 116
1855990 116
1856000 116
1856010 116
1856020 116
1856030 116
1856040 116
1856050 116
1856060 116
1856070 116
1856080 116
1856090 116
1856100 116
1856110 116
1856120 116
1856130 116
1856140 116
1856150 116
1856160 116
1856170 116
1856180 116
1856190 116
1856200 116
1856210 116
1856220 116
1856230 116
1856240 116
1856250 116
1856260 116
1856270 116
1856280 116
1856290 116
1856300 116
1856310 116
1856320 116
1856330 116
1856340 116
1856350 115
1856360 115
1856370 115
1856380 115
1856390 115
1856400 115
1856410 115
1856420 115
1856430 115
1856440 115
1856450 115
1856460 115
1856470 115
1856480 115
1856490 115
1856500 115
1856510 115
1856520 115
1856530 115
1856540 115
1856550 115
1856560 115
1856570 115
1856580 115
1856590 115
1856600 115
1856610 115
1856620 115
1856630 115
1856640 115
1856650 115
1856660 115
1856670 115
1856680 115
1856690 115
1856700 115
1856710 115
1856720 115
1856730 115
1856740 115
1856750 115
1856760 115
1856770 115
1856780 115
1856790 115
1856800 115
1856810 115
1856820 115
1856830 115
1856840 115
1856850 115
1856860 115
1856870 115
1856880 115
1856890 115
1856900 115
1856910 115
1856920 115
1856930 115
1856940 115
1856950 115
1856960 115
1856970 115
1856980 115
1856990 115
1857000 115
1857010 115
1857020 115
1857030 115
1857040 115
1857050 115
1857060 115
1857070 115
1857080 115
1857090 115
1857100 115
1857110 115
1857120 115
1857130 115
1857140 115
1857150 115
1857160 115
1857170 115
1857180 115
1857190 115
1857200 115
1857210 115
1857220 115
1857230 115
1857240 115
1857250 115
1857260 115
1857270 115
1857280 115
1857290 115
1857300 115
1857310 115
1857320 115
1857330 115
1857340 115
1857350 115
1857360 115
1857370 115
1857380 115
1857390 115
1857400 115
1857410 115
1857420 115
1857430 115
1857440 115
1857450 115
1857460 115
1857470 115
1857480 115
1857490 115
1857500 115
1857510 115
1857520 115
1857530 115
1857540 115
1857550 115
1857560 115
1857570 115
1857580 115
1857590 115
1857600 115
1857610 115
1857620 115
1857630 115
1857640 115
1857650 115
1857660 115
1857670 115
1857680 115
1857690 115
1857700 115
1857710 115
1857720 115
1857730 115
1857740 115
1857750 115
1857760 115
1857770 115
1857780 115
1857790 115
1857800 115
1857810 115
1857820 115
1857830 115
1857840 115
1857850 115
1857860 115
1857870 115
1857880 115
1857890 115
1857900 115
1857910 115
1857920 115
1857930 115
1857940 115
1857950 115
1857960 115
1857970 115
1857980 115
1857990 115
1858000 115
1858010 115
1858020 115
1858030 115
1858040 115
1858050 115
1858060 115
1858070 115
1858080 115
1858090 115
1858100 115
1858110 115
1858120 115
1858130 115
1858140 115
1858150 115
1858160 115
1858170 115
1858180 115
1858190 115
1858200 115
1858210 115
1858220 115
1858230 115
1858240 115
1858250 115
1858260 115
1858270 115
1858280 115
1858290 115
1858300 115
1858310 115
1858320 115
1858330 115
1858340 115
1858350 115
1858360 115
1858370 115
1858380 115
1858390 115
1858400 115
1858410 115
1858420 115
1858430 115
1858440 115
1858450 115
1858460 115
1858470 115
1858480 115
1858490 115
1858500 115
1858510 115
1858520 115
1858530 115
1858540 115
1858550 115
1858560 115
1858570 115
1858580 115
1858590 115
1858600 115
1858610 115
1858620 115
1858630 115
1858640 115
1858650 115
1858660 115
1858670 115
1858680 115
1858690 115
1858700 115
1858710 115
1858720 115
1858730 115
1858740 115
1858750 115
1858760 115
1858770 115
1858780 115
1858790 115
1858800 115
1858810 115
1858820 115
1858830 115
1858840 115
1858850 115
1858860 115
1858870 115
1858880 115
1858890 115
1858900 115
1858910 115
1858920 115
1858930 115
1858940 115
1858950 115
1858960 115
1858970 115
1858980 115
1858990 115
1859000 115
1859010 115
1859020 115
1859030 115
1859040 115
1859050 115
1859060 115
1859070 115
1859080 115
1859090 115
1859100 115
1859110 115
1859120 115
1859130 115
1859140 115
1859150 115
1859160 115
1859170 115
1859180 115
1859190 115
1859200 115
1859210 115
1859220 115
1859230 115
1859240 115
1859250 115
1859260 115
1859270 115
1859280 115
1859290 115
1859300 115
1859310 115
1859320 115
1859330 115
1859340 115
1859350 115
1859360 115
1859370 115
1859380 115
1859390 115
1859400 115
1859410 115
1859420 115
1859430 115
1859440 115
1859450 115
1859460 115
1859470 115
1859480 115
1859490 115
1859500 115
1859510 115
1859520 115
1859530 115
1859540 115
1859550 115
1859560 115
1859570 115
1859580 115
1859590 115
1859600 115
1859610 115
1859620 115
1859630 115
1859640 115
1859650 115
1859660 115
1859670 115
1859680 115
1859690 115
1859700 115
1859710 115
1859720 115
1859730 115
1859740 115
1859750 115
1859760 115
1859770 115
1859780 115
1859790 115
1859800 115
1859810 115
1859820 115
1859830 115
1859840 115
1859850 115
1859860 115
1859870 115
1859880 115
1859890 115
1859900 115
1859910 115
1859920 115
1859930 115
1859940 115
1859950 115
1859960 115
1859970 115
1859980 115
1859990 115
