1840000 261
1840010 261
1840020 261
1840030 261
1840040 261
1840050 261
1840060 262
1840070 262
1840080 262
1840090 262
1840100 262
1840110 262
1840120 262
1840130 262
1840140 262
1840150 262
1840160 262
1840170 262
1840180 262
1840190 262
1840200 262
1840210 262
1840220 262
1840230 262
1840240 262
1840250 262
1840260 262
1840270 262
1840280 262
1840290 262
1840300 262
1840310 262
1840320 262
1840330 262
1840340 262
1840350 262
1840360 262
1840370 262
1840380 262
1840390 262
1840400 262
1840410 262
1840420 261
1840430 261
1840440 261
1840450 261
1840460 260
1840470 260
1840480 260
1840490 260
1840500 260
1840510 260
1840520 259
1840530 259
1840540 259
1840550 259
1840560 259
1840570 259
1840580 259
1840590 259
1840600 258
1840610 258
1840620 258
1840630 258
1840640 257
1840650 257
1840660 257
1840670 257
1840680 257
1840690 257
1840700 256
1840710 256
1840720 255
1840730 255
1840740 255
1840750 254
1840760 254
1840770 254
1840780 253
1840790 253
1840800 253
1840810 253
1840820 253
1840830 253
1840840 253
1840850 253
1840860 253
1840870 253
1840880 253
1840890 253
1840900 253
1840910 253
1840920 253
1840930 253
1840940 253
1840950 253
1840960 253
1840970 253
1840980 253
1840990 253
1841000 253
1841010 252
1841020 252
1841030 252
1841040 251
1841050 251
1841060 251
1841070 250
1841080 250
1841090 249
1841100 248
1841110 248
1841120 247
1841130 246
1841140 246
1841150 245
1841160 245
1841170 245
1841180 244
1841190 243
1841200 243
1841210 242
1841220 241
1841230 241
1841240 241
1841250 240
1841260 240
1841270 240
1841280 240
1841290 240
1841300 239
1841310 239
1841320 239
1841330 239
1841340 239
1841350 239
1841360 239
1841370 240
1841380 240
1841390 240
1841400 240
1841410 240
1841420 240
1841430 240
1841440 240
1841450 240
1841460 240
1841470 240
1841480 240
1841490 239
1841500 239
1841510 239
1841520 239
1841530 239
1841540 239
1841550 239
1841560 238
1841570 238
1841580 238
1841590 237
1841600 237
1841610 237
1841620 237
1841630 237
1841640 236
1841650 236
1841660 236
1841670 236
1841680 236
1841690 236
1841700 235
1841710 235
1841720 235
1841730 235
1841740 235
1841750 235
1841760 235
1841770 236
1841780 236
1841790 236
1841800 236
1841810 236
1841820 236
1841830 237
1841840 237
1841850 237
1841860 238
1841870 238
1841880 239
1841890 240
1841900 240
1841910 242
1841920 243
1841930 245
1841940 244
1841950 244
1841960 240
1841970 240
1841980 240
1841990 239
1842000 239
1842010 240
1842020 242
1842030 242
1842040 245
1842050 248
1842060 248
1842070 248
1842080 248
1842090 248
1842100 248
1842110 248
1842120 248
1842130 248
1842140 248
1842150 248
1842160 247
1842170 247
1842180 247
1842190 247
1842200 247
1842210 247
1842220 247
1842230 246
1842240 246
1842250 246
1842260 246
1842270 246
1842280 246
1842290 244
1842300 244
1842310 244
1842320 244
1842330 244
1842340 244
1842350 245
1842360 245
1842370 245
1842380 246
1842390 246
1842400 246
1842410 246
1842420 246
1842430 246
1842440 247
1842450 247
1842460 247
1842470 247
1842480 247
1842490 247
1842500 247
1842510 247
1842520 247
1842530 247
1842540 247
1842550 247
1842560 246
1842570 246
1842580 246
1842590 246
1842600 246
1842610 246
1842620 246
1842630 245
1842640 245
1842650 245
1842660 244
1842670 244
1842680 244
1842690 244
1842700 244
1842710 244
1842720 244
1842730 244
1842740 244
1842750 244
1842760 244
1842770 244
1842780 244
1842790 244
1842800 244
1842810 245
1842820 245
1842830 245
1842840 245
1842850 245
1842860 245
1842870 245
1842880 245
1842890 245
1842900 246
1842910 246
1842920 246
1842930 246
1842940 246
1842950 247
1842960 247
1842970 247
1842980 248
1842990 248
1843000 248
1843010 249
1843020 250
1843030 250
1843040 250
1843050 250
1843060 250
1843070 250
1843080 250
1843090 250
1843100 250
1843110 250
1843120 250
1843130 250
1843140 250
1843150 250
1843160 250
1843170 250
1843180 250
1843190 250
1843200 250
1843210 250
1843220 250
1843230 250
1843240 250
1843250 250
1843260 250
1843270 250
1843280 250
1843290 250
1843300 250
1843310 250
1843320 250
1843330 250
1843340 250
1843350 249
1843360 249
1843370 249
1843380 249
1843390 248
1843400 248
1843410 248
1843420 248
1843430 248
1843440 247
1843450 247
1843460 247
1843470 246
1843480 246
1843490 246
1843500 246
1843510 245
1843520 245
1843530 245
1843540 245
1843550 245
1843560 245
1843570 245
1843580 245
1843590 245
1843600 245
1843610 245
1843620 245
1843630 246
1843640 246
1843650 246
1843660 246
1843670 247
1843680 247
1843690 247
1843700 247
1843710 247
1843720 247
1843730 246
1843740 246
1843750 246
1843760 245
1843770 245
1843780 244
1843790 244
1843800 244
1843810 243
1843820 243
1843830 243
1843840 242
1843850 242
1843860 242
1843870 242
1843880 242
1843890 242
1843900 241
1843910 241
1843920 241
1843930 240
1843940 240
1843950 240
1843960 239
1843970 239
1843980 239
1843990 239
1844000 238
1844010 238
1844020 238
1844030 237
1844040 237
1844050 236
1844060 236
1844070 236
1844080 235
1844090 234
1844100 234
1844110 233
1844120 233
1844130 233
1844140 233
1844150 232
1844160 232
1844170 232
1844180 232
1844190 231
1844200 231
1844210 231
1844220 230
1844230 230
1844240 230
1844250 229
1844260 229
1844270 228
1844280 228
1844290 228
1844300 227
1844310 227
1844320 227
1844330 226
1844340 226
1844350 226
1844360 226
1844370 225
1844380 225
1844390 225
1844400 225
1844410 225
1844420 224
1844430 224
1844440 224
1844450 223
1844460 223
1844470 223
1844480 223
1844490 223
1844500 223
1844510 222
1844520 222
1844530 222
1844540 222
1844550 221
1844560 221
1844570 221
1844580 221
1844590 221
1844600 221
1844610 221
1844620 221
1844630 220
1844640 220
1844650 220
1844660 220
1844670 220
1844680 219
1844690 219
1844700 219
1844710 219
1844720 219
1844730 219
1844740 219
1844750 219
1844760 219
1844770 219
1844780 219
1844790 218
1844800 218
1844810 218
1844820 218
1844830 218
1844840 218
1844850 217
1844860 217
1844870 217
1844880 217
1844890 216
1844900 216
1844910 216
1844920 216
1844930 216
1844940 215
1844950 215
1844960 215
1844970 214
1844980 214
1844990 214
1845000 214
1845010 214
1845020 214
1845030 213
1845040 213
1845050 213
1845060 213
1845070 213
1845080 213
1845090 213
1845100 213
1845110 213
1845120 213
1845130 213
1845140 213
1845150 212
1845160 212
1845170 212
1845180 212
1845190 212
1845200 212
1845210 212
1845220 211
1845230 211
1845240 211
1845250 211
1845260 211
1845270 211
1845280 210
1845290 210
1845300 210
1845310 209
1845320 209
1845330 209
1845340 209
1845350 209
1845360 209
1845370 209
1845380 209
1845390 209
1845400 208
1845410 208
1845420 208
1845430 208
1845440 207
1845450 207
1845460 207
1845470 207
1845480 207
1845490 207
1845500 206
1845510 206
1845520 206
1845530 205
1845540 205
1845550 205
1845560 204
1845570 204
1845580 204
1845590 203
1845600 203
1845610 203
1845620 202
1845630 202
1845640 202
1845650 202
1845660 202
1845670 201
1845680 200
1845690 200
1845700 200
1845710 199
1845720 199
1845730 199
1845740 198
1845750 197
1845760 197
1845770 197
1845780 196
1845790 196
1845800 196
1845810 195
1845820 195
1845830 195
1845840 194
1845850 194
1845860 194
1845870 193
1845880 193
1845890 193
1845900 193
1845910 193
1845920 192
1845930 192
1845940 192
1845950 192
1845960 191
1845970 191
1845980 191
1845990 191
1846000 191
1846010 191
1846020 190
1846030 190
1846040 190
1846050 190
1846060 190
1846070 190
1846080 190
1846090 190
1846100 190
1846110 189
1846120 189
1846130 189
1846140 189
1846150 189
1846160 188
1846170 188
1846180 188
1846190 188
1846200 187
1846210 187
1846220 187
1846230 187
1846240 187
1846250 186
1846260 186
1846270 186
1846280 186
1846290 185
1846300 185
1846310 185
1846320 184
1846330 184
1846340 184
1846350 184
1846360 183
1846370 183
1846380 183
1846390 182
1846400 182
1846410 182
1846420 182
1846430 182
1846440 181
1846450 181
1846460 181
1846470 180
1846480 180
1846490 180
1846500 179
1846510 179
1846520 179
1846530 178
1846540 177
1846550 177
1846560 177
1846570 176
1846580 176
1846590 176
1846600 176
1846610 176
1846620 175
1846630 175
1846640 175
1846650 174
1846660 174
1846670 174
1846680 174
1846690 173
1846700 173
1846710 173
1846720 172
1846730 172
1846740 172
1846750 172
1846760 172
1846770 171
1846780 171
1846790 171
1846800 170
1846810 170
1846820 170
1846830 169
1846840 169
1846850 169
1846860 169
1846870 168
1846880 168
1846890 168
1846900 168
1846910 167
1846920 167
1846930 167
1846940 166
1846950 166
1846960 166
1846970 165
1846980 165
1846990 165
1847000 164
1847010 164
1847020 164
1847030 163
1847040 163
1847050 163
1847060 163
1847070 163
1847080 162
1847090 162
1847100 162
1847110 162
1847120 161
1847130 161
1847140 161
1847150 160
1847160 160
1847170 160
1847180 160
1847190 160
1847200 160
1847210 159
1847220 159
1847230 159
1847240 158
1847250 158
1847260 158
1847270 157
1847280 157
1847290 157
1847300 157
1847310 157
1847320 157
1847330 156
1847340 156
1847350 156
1847360 156
1847370 156
1847380 155
1847390 155
1847400 155
1847410 155
1847420 155
1847430 154
1847440 154
1847450 154
1847460 154
1847470 154
1847480 154
1847490 154
1847500 154
1847510 153
1847520 153
1847530 153
1847540 153
1847550 153
1847560 153
1847570 153
1847580 153
1847590 153
1847600 153
1847610 153
1847620 153
1847630 152
1847640 152
1847650 152
1847660 152
1847670 152
1847680 152
1847690 152
1847700 152
1847710 152
1847720 152
1847730 152
1847740 152
1847750 152
1847760 152
1847770 152
1847780 152
1847790 151
1847800 151
1847810 151
1847820 151
1847830 151
1847840 151
1847850 151
1847860 151
1847870 151
1847880 151
1847890 151
1847900 151
1847910 151
1847920 151
1847930 151
1847940 150
1847950 150
1847960 150
1847970 150
1847980 150
1847990 150
1848000 150
1848010 150
1848020 150
1848030 150
1848040 150
1848050 150
1848060 150
1848070 150
1848080 150
1848090 150
1848100 150
1848110 150
1848120 150
1848130 150
1848140 150
1848150 149
1848160 150
1848170 150
1848180 150
1848190 150
1848200 150
1848210 150
1848220 150
1848230 150
1848240 150
1848250 151
1848260 151
1848270 151
1848280 151
1848290 151
1848300 151
1848310 152
1848320 152
1848330 152
1848340 151
1848350 152
1848360 152
1848370 153
1848380 153
1848390 152
1848400 152
1848410 152
1848420 152
1848430 152
1848440 152
1848450 152
1848460 151
1848470 151
1848480 151
1848490 151
1848500 151
1848510 151
1848520 150
1848530 150
1848540 150
1848550 150
1848560 149
1848570 149
1848580 149
1848590 149
1848600 149
1848610 149
1848620 149
1848630 149
1848640 149
1848650 149
1848660 149
1848670 149
1848680 149
1848690 149
1848700 149
1848710 150
1848720 150
1848730 150
1848740 150
1848750 150
1848760 151
1848770 151
1848780 151
1848790 151
1848800 151
1848810 151
1848820 151
1848830 150
1848840 150
1848850 150
1848860 150
1848870 150
1848880 150
1848890 150
1848900 150
1848910 150
1848920 150
1848930 150
1848940 150
1848950 150
1848960 150
1848970 150
1848980 150
1848990 150
1849000 150
1849010 150
1849020 150
1849030 150
1849040 150
1849050 150
1849060 150
1849070 150
1849080 151
1849090 151
1849100 150
1849110 151
1849120 151
1849130 151
1849140 151
1849150 151
1849160 151
1849170 151
1849180 151
1849190 151
1849200 151
1849210 151
1849220 151
1849230 151
1849240 151
1849250 151
1849260 151
1849270 151
1849280 151
1849290 151
1849300 151
1849310 151
1849320 152
1849330 152
1849340 152
1849350 152
1849360 152
1849370 152
1849380 152
1849390 152
1849400 152
1849410 153
1849420 153
1849430 153
1849440 153
1849450 153
1849460 153
1849470 154
1849480 154
1849490 154
1849500 154
1849510 154
1849520 154
1849530 154
1849540 154
1849550 155
1849560 155
1849570 155
1849580 155
1849590 156
1849600 156
1849610 156
1849620 157
1849630 158
1849640 158
1849650 159
1849660 160
1849670 160
1849680 161
1849690 162
1849700 162
1849710 162
1849720 161
1849730 161
1849740 158
1849760 157
1849770 154
1849780 148
1849790 148
1849800 146
1849810 146
1849820 146
1849830 146
1849840 146
1849850 146
1849860 146
1849870 146
1849880 146
1849890 149
1849900 154
1849910 154
1849920 161
1849930 168
1849940 168
1849950 170
1849960 170
1849970 170
1849980 170
1849990 171
1850000 171
1850010 171
1850020 171
1850030 171
1850040 172
1850050 172
1850060 172
1850070 172
1850080 172
1850090 172
1850100 171
1850110 172
1850120 171
1850130 171
1850140 171
1850150 170
1850160 170
1850170 170
1850180 170
1850190 170
1850200 170
1850210 170
1850220 170
1850230 171
1850240 171
1850250 171
1850260 171
1850270 171
1850280 171
1850290 172
1850300 172
1850310 172
1850320 173
1850330 174
1850340 174
1850350 173
1850360 172
1850370 172
1850380 172
1850390 172
1850400 172
1850410 172
1850420 173
1850430 173
1850440 173
1850450 173
1850460 173
1850470 174
1850480 174
1850490 174
1850500 174
1850510 174
1850520 174
1850530 175
1850540 175
1850550 175
1850560 176
1850570 176
1850580 176
1850590 177
1850600 178
1850610 178
1850620 178
1850630 179
1850640 179
1850650 180
1850970 200
1850980 200
1850990 201
1851000 203
1851010 203
1851020 205
1851030 207
1851040 207
1851050 209
1851060 210
1851070 210
1851080 212
1851090 214
1851100 214
1851110 215
1851120 217
1851130 217
1851140 218
1851150 219
1851160 219
1851170 220
1851180 221
1851190 221
1851200 222
1851210 223
1851220 224
1851230 224
1851240 225
1851250 226
1851260 226
1851270 227
1851280 228
1851290 228
1851300 228
1851310 230
1851320 230
1851330 231
1851340 232
1851350 232
1851360 233
1851370 234
1851380 234
1851390 234
1851400 234
1851410 234
1851420 234
1851430 234
1851440 234
1851450 234
1851460 234
1851470 234
1851480 234
1851490 233
1851500 233
1851510 233
1851520 232
1851530 232
1851540 231
1851550 231
1851560 231
1851570 232
1851580 233
1851590 233
1851600 235
1851610 236
1851620 236
1851630 236
1851640 238
1851650 238
1851660 239
1851670 240
1851680 240
1851690 242
1851700 244
1851710 244
1851720 247
1851730 249
1851740 249
1851750 251
1851760 253
1851770 253
1851780 253
1851790 254
1851800 254
1851810 254
1851820 254
1851830 254
1851840 254
1851850 254
1851860 254
1851870 254
1851880 253
1851890 252
1851900 252
1851910 251
1851920 251
1851930 251
1851940 251
1851950 251
1851960 251
1851970 252
1851980 253
1851990 253
1852000 254
1852010 253
1852020 253
1852030 252
1852040 252
1852050 252
1852060 251
1852070 251
1852080 251
1852090 250
1852100 250
1852110 250
1852120 250
1852130 250
1852140 250
1852150 250
1852160 250
1852170 250
1852180 250
1852190 250
1852200 250
1852210 249
1852220 249
1852230 249
1852240 249
1852250 249
1852260 249
1852270 249
1852280 248
1852290 248
1852300 247
1852310 246
1852320 246
1852330 246
1852340 246
1852350 246
1852360 246
1852370 245
1852380 245
1852390 245
1852400 245
1852410 245
1852420 245
1852430 244
1852440 243
1852450 243
1852460 242
1852470 241
1852480 241
1852490 241
1852500 240
1852510 240
1852520 239
1852530 239
1852540 239
1852550 238
1852560 238
1852570 238
1852580 237
1852590 237
1852600 237
1852610 236
1852620 236
1852630 236
1852640 235
1852650 235
1852660 235
1852670 235
1852680 235
1852690 235
1852700 234
1852710 234
1852720 234
1852730 233
1852740 233
1852750 233
1852760 232
1852770 231
1852780 231
1852790 230
1852800 230
1852810 230
1852820 229
1852830 228
1852840 228
1852850 228
1852860 227
1852870 225
1852880 225
1852890 223
1852900 220
1852910 217
1852920 215
1852930 215
1852940 215
1852950 214
1852960 214
1852970 214
1852980 216
1852990 216
1853000 216
1853010 217
1853020 217
1853030 217
1853040 218
1853050 218
1853060 218
1853070 218
1853080 217
1853090 217
1853100 216
1853110 216
1853120 216
1853130 215
1853140 215
1853150 215
1853160 214
1853170 214
1853180 214
1853190 213
1853200 212
1853210 212
1853220 212
1853230 211
1853240 211
1853250 210
1853260 209
1853270 209
1853280 209
1853290 208
1853300 208
1853310 207
1853320 206
1853330 206
1853340 205
1853350 205
1853360 205
1853370 204
1853380 203
1853390 203
1853400 203
1853410 202
1853420 202
1853430 202
1853440 201
1853450 201
1853460 201
1853470 200
1853480 199
1853490 199
1853500 199
1853510 198
1853520 198
1853530 197
1853540 197
1853550 197
1853560 196
1853570 196
1853580 196
1853590 195
1853600 194
1853610 195
1853620 194
1853630 193
1853640 193
1853650 193
1853660 192
1853670 192
1853680 191
1853690 191
1853700 191
1853710 190
1853720 189
1853730 189
1853740 188
1853750 188
1853760 188
1853770 187
1853780 187
1853790 187
1853800 186
1853810 185
1853820 185
1853830 184
1853840 184
1853850 184
1853860 183
1853870 183
1853880 183
1853890 182
1853900 181
1853910 181
1853920 181
1853930 180
1853940 180
1853950 179
1853960 178
1853970 178
1853980 178
1853990 178
1854000 177
1854010 177
1854020 176
1854030 175
1854040 175
1854050 175
1854060 174
1854070 174
1854080 174
1854090 173
1854100 173
1854110 173
1854120 172
1854130 172
1854140 172
1854150 171
1854160 171
1854170 171
1854180 170
1854190 170
1854200 170
1854210 169
1854220 169
1854230 169
1854240 168
1854250 168
1854260 168
1854270 167
1854280 167
1854290 167
1854300 166
1854310 167
1854320 166
1854330 165
1854340 165
1854350 165
1854360 164
1854370 164
1854380 164
1854390 163
1854400 163
1854410 162
1854420 161
1854430 161
1854440 161
1854450 160
1854460 160
1854470 159
1854480 158
1854490 158
1854500 158
1854510 157
1854520 157
1854530 157
1854540 155
1854550 154
1854560 154
1854570 153
1854580 152
1854590 152
1854600 151
1854610 150
1854620 150
1854630 150
1854640 149
1854650 150
1854660 149
1854670 148
1854680 148
1854690 148
1854700 147
1854710 147
1854720 146
1854730 146
1854740 146
1854750 145
1854760 144
1854770 144
1854780 144
1854790 143
1854800 143
1854810 142
1854820 142
1854830 142
1854840 141
1854850 140
1854860 140
1854870 139
1854880 139
1854890 139
1854900 138
1854910 137
1854920 137
1854930 137
1854940 136
1854950 136
1854960 136
1854970 135
1854980 135
1854990 134
1855000 134
1855010 134
1855020 133
1855030 132
1855040 132
1855050 132
1855060 131
1855070 130
1855080 130
1855090 130
1855100 129
1855110 129
1855120 129
1855130 128
1855140 128
1855150 126
1855160 126
1855170 126
1855180 125
1855190 124
1855200 124
1855210 123
1855220 123
1855230 123
1855240 122
1855250 122
1855260 122
1855270 122
1855280 122
1855290 122
1855300 121
1855310 121
1855320 121
1855330 121
1855340 121
1855350 121
1855360 120
1855370 120
1855380 120
1855390 120
1855400 119
1855410 119
1855420 119
1855430 118
1855440 118
1855450 118
1855460 118
1855470 118
1855480 118
1855490 118
1855500 118
1855510 118
1855520 118
1855530 118
1855540 118
1855550 117
1855560 117
1855570 117
1855580 117
1855590 117
1855600 117
1855610 117
1855620 117
1855630 117
1855640 116
1855650 116
1855660 116
1855670 116
1855680 117
1855690 117
1855700 116
1855710 116
1855720 116
1855730 116
1855740 116
1855750 116
1855760 116
1855770 116
1855780 116
1855790 116
1855800 116
1855810 116
1855820 116
1855830 116
1855840 116
1855850 116
1855860 116
1855870 116
1855880 116
1855890 116
1855900 116
1855910 116
1855920 116
1855930 116
1855940 116
1855950 116
1855960 116
1855970 116
1855980 116
1855990 116
1856000 116
1856010 116
1856020 116
1856030 116
1856040 116
1856050 116
1856060 116
1856070 116
1856080 116
1856090 116
1856100 116
1856110 116
1856120 116
1856130 116
1856140 116
1856150 116
1856160 116
1856170 116
1856180 116
1856190 116
1856200 116
1856210 116
1856220 116
1856230 116
1856240 116
1856250 116
1856260 116
1856270 116
1856280 116
1856290 116
1856300 116
1856310 116
1856320 116
1856330 116
1856340 116
1856350 116
1856360 116
1856370 116
1856380 115
1856390 115
1856400 115
1856410 115
1856420 115
1856430 115
1856440 115
1856450 115
1856460 115
1856470 115
1856480 115
1856490 115
1856500 115
1856510 115
1856520 115
1856530 115
1856540 115
1856550 115
1856560 115
1856570 115
1856580 115
1856590 115
1856600 115
1856610 115
1856620 115
1856630 115
1856640 115
1856650 115
1856660 115
1856670 115
1856680 115
1856690 115
1856700 115
1856710 115
1856720 115
1856730 115
1856740 115
1856750 115
1856760 115
1856770 115
1856780 115
1856790 115
1856800 115
1856810 115
1856820 115
1856830 115
1856840 115
1856850 115
1856860 115
1856870 115
1856880 115
1856890 115
1856900 115
1856910 115
1856920 115
1856930 115
1856940 115
1856950 115
1856960 115
1856970 115
1856980 115
1856990 115
1857000 115
1857010 115
1857020 115
1857030 115
1857040 115
1857050 115
1857060 115
1857070 115
1857080 115
1857090 115
1857100 115
1857110 115
1857120 115
1857130 115
1857140 115
1857150 115
1857160 115
1857170 115
1857180 115
1857190 115
1857200 115
1857210 115
1857220 115
1857230 115
1857240 115
1857250 115
1857260 115
1857270 115
1857280 115
1857290 115
1857300 115
1857310 115
1857320 115
1857330 115
1857340 115
1857350 115
1857360 115
1857370 115
1857380 115
1857390 115
1857400 115
1857410 115
1857420 115
1857430 115
1857440 115
1857450 115
1857460 115
1857470 115
1857480 115
1857490 115
1857500 115
1857510 115
1857520 115
1857530 115
1857540 115
1857550 115
1857560 115
1857570 115
1857580 115
1857590 115
1857600 115
1857610 115
1857620 115
1857630 115
1857640 115
1857650 115
1857660 115
1857670 115
1857680 115
1857690 115
1857700 115
1857710 115
1857720 115
1857730 115
1857740 115
1857750 115
1857760 115
1857770 115
1857780 115
1857790 115
1857800 115
1857810 115
1857820 115
1857830 115
1857840 115
1857850 115
1857860 115
1857870 115
1857880 115
1857890 115
1857900 115
1857910 115
1857920 115
1857930 115
1857940 115
1857950 115
1857960 115
1857970 115
1857980 115
1857990 115
1858000 115
1858010 115
1858020 115
1858030 115
1858040 115
1858050 115
1858060 115
1858070 115
1858080 115
1858090 115
1858100 115
1858110 115
1858120 115
1858130 115
1858140 115
1858150 115
1858160 115
1858170 115
1858180 115
1858190 115
1858200 115
1858210 115
1858220 115
1858230 115
1858240 115
1858250 115
1858260 115
1858270 115
1858280 115
1858290 116
1858300 116
1858310 116
1858320 115
1858330 115
1858340 115
1858350 115
1858360 115
1858370 115
1858380 115
1858390 115
1858400 115
1858410 115
1858420 115
1858430 115
1858440 115
1858450 115
1858460 115
1858470 115
1858480 115
1858490 115
1858500 115
1858510 115
1858520 115
1858530 115
1858540 115
1858550 115
1858560 115
1858570 115
1858580 115
1858590 115
1858600 115
1858610 115
1858620 115
1858630 115
1858640 115
1858650 115
1858660 115
1858670 115
1858680 115
1858690 115
1858700 115
1858710 115
1858720 115
1858730 115
1858740 115
1858750 115
1858760 115
1858770 115
1858780 115
1858790 115
1858800 115
1858810 116
1858820 115
1858830 115
1858840 115
1858850 115
1858860 115
1858870 115
1858880 115
1858890 115
1858900 115
1858910 115
1858920 115
1858930 115
1858940 116
1858950 116
1858960 116
1858970 116
1858980 116
1858990 116
1859000 116
1859010 116
1859020 116
1859030 116
1859040 116
1859050 116
1859060 116
1859070 115
1859080 115
1859090 115
1859100 115
1859110 115
1859120 115
1859130 115
1859140 115
1859150 115
1859160 115
1859170 115
1859180 115
1859190 115
1859200 115
1859210 115
1859220 115
1859230 115
1859240 115
1859250 115
1859260 115
1859270 115
1859280 115
1859290 115
1859300 115
1859310 115
1859320 115
1859330 115
1859340 115
1859350 115
1859360 115
1859370 115
1859380 115
1859390 115
1859400 115
1859410 115
1859420 115
1859430 115
1859440 115
1859450 115
1859460 115
1859470 115
1859480 115
1859490 115
1859500 115
1859510 115
1859520 115
1859530 115
1859540 115
1859550 115
1859560 115
1859570 115
1859580 115
1859590 115
1859600 115
1859610 115
1859620 115
1859630 115
1859640 115
1859650 115
1859660 115
1859670 115
1859680 115
1859690 115
1859700 115
1859710 115
1859720 115
1859730 115
1859740 115
1859750 115
1859760 115
1859770 115
1859780 115
1859790 115
1859800 115
1859810 115
1859820 115
1859830 115
1859840 115
1859850 115
1859860 115
1859870 115
1859880 115
1859890 115
1859900 115
1859910 115
1859920 115
1859930 115
1859940 115
1859950 115
1859960 115
1859970 115
1859980 115
1859990 115
