1840000 230
1840010 230
1840020 230
1840030 231
1840040 231
1840050 231
1840060 232
1840070 232
1840080 232
1840090 232
1840100 232
1840110 231
1840120 231
1840130 231
1840140 231
1840150 231
1840160 230
1840170 230
1840180 230
1840190 229
1840200 229
1840210 229
1840220 229
1840230 229
1840240 229
1840250 229
1840260 229
1840270 229
1840280 230
1840290 230
1840300 229
1840310 229
1840320 229
1840330 229
1840340 229
1840350 228
1840360 228
1840370 228
1840380 228
1840390 228
1840400 228
1840410 227
1840420 227
1840430 227
1840440 226
1840450 226
1840460 226
1840470 225
1840480 225
1840490 225
1840500 225
1840510 225
1840520 224
1840530 222
1840540 222
1840550 222
1840560 222
1840570 222
1840580 222
1840590 222
1840600 222
1840610 222
1840620 221
1840630 221
1840640 221
1840650 221
1840660 221
1840670 221
1840680 221
1840690 221
1840700 221
1840710 221
1840720 221
1840730 221
1840740 221
1840750 221
1840760 221
1840770 220
1840780 220
1840790 220
1840800 220
1840810 220
1840820 220
1840830 219
1840840 219
1840850 219
1840860 219
1840870 219
1840880 219
1840890 218
1840900 218
1840910 218
1840920 217
1840930 217
1840940 217
1840950 216
1840960 216
1840970 216
1840980 215
1840990 214
1841000 214
1841010 214
1841020 214
1841030 214
1841040 213
1841050 213
1841060 213
1841070 212
1841080 212
1841090 212
1841100 212
1841110 211
1841120 211
1841130 211
1841140 211
1841150 211
1841160 211
1841170 211
1841180 211
1841190 210
1841200 209
1841210 209
1841220 209
1841230 209
1841240 209
1841250 209
1841260 208
1841270 208
1841280 208
1841290 208
1841300 208
1841310 208
1841320 208
1841330 208
1841340 208
1841350 207
1841360 207
1841370 207
1841380 206
1841390 206
1841400 206
1841410 206
1841420 206
1841430 206
1841440 206
1841450 206
1841460 206
1841470 206
1841480 205
1841490 205
1841500 205
1841510 205
1841520 205
1841530 206
1841540 206
1841550 206
1841560 206
1841570 206
1841580 206
1841590 206
1841600 206
1841610 206
1841620 206
1841630 206
1841640 206
1841650 206
1841660 206
1841670 206
1841680 206
1841690 206
1841700 206
1841710 206
1841720 204
1841730 204
1841740 204
1841750 204
1841760 204
1841770 204
1841780 204
1841790 204
1841800 205
1841810 206
1841820 206
1841830 208
1841840 208
1841850 208
1841860 207
1841870 207
1841880 207
1841890 208
1841900 209
1841910 208
1841920 209
1841930 210
1841940 210
1841950 210
1841960 211
1841970 212
1841980 212
1841990 213
1842000 214
1842010 214
1842020 214
1842030 215
1842040 215
1842050 216
1842060 217
1842070 217
1842080 217
1842090 218
1842100 218
1842110 219
1842120 220
1842130 220
1842140 220
1842150 221
1842160 221
1842170 222
1842180 224
1842190 224
1842200 224
1842210 225
1842220 225
1842230 227
1842240 228
1842250 228
1842260 229
1842270 230
1842280 230
1842290 231
1842300 232
1842310 232
1842320 233
1842330 233
1842340 233
1842350 234
1842360 234
1842370 234
1842380 234
1842390 234
1842400 234
1842410 234
1842420 234
1842430 234
1842440 234
1842450 234
1842460 234
1842470 233
1842480 233
1842490 233
1842500 233
1842510 232
1842520 232
1842530 232
1842540 232
1842550 231
1842560 231
1842570 231
1842580 231
1842590 231
1842600 230
1842610 230
1842620 230
1842630 230
1842640 230
1842650 230
1842660 229
1842670 229
1842680 229
1842690 229
1842700 229
1842710 229
1842720 228
1842730 228
1842740 228
1842750 228
1842760 228
1842770 228
1842780 228
1842790 228
1842800 228
1842810 228
1842820 228
1842830 228
1842840 228
1842850 228
1842860 228
1842870 228
1842880 228
1842890 228
1842900 228
1842910 228
1842920 228
1842930 227
1842940 227
1842950 227
1842960 227
1842970 227
1842980 227
1842990 227
1843000 226
1843010 226
1843020 226
1843030 226
1843040 226
1843050 225
1843060 225
1843070 225
1843080 225
1843090 224
1843100 224
1843110 224
1843120 224
1843130 223
1843140 223
1843150 223
1843160 222
1843170 222
1843180 222
1843190 221
1843200 221
1843210 221
1843220 221
1843230 221
1843240 220
1843250 220
1843260 220
1843270 220
1843280 220
1843290 220
1843300 219
1843310 219
1843320 219
1843330 219
1843340 219
1843350 219
1843360 218
1843370 218
1843380 218
1843390 218
1843400 217
1843410 217
1843420 217
1843430 217
1843440 217
1843450 216
1843460 216
1843470 216
1843480 216
1843490 216
1843500 216
1843510 215
1843520 215
1843530 215
1843540 214
1843550 214
1843560 214
1843570 213
1843580 213
1843590 213
1843600 212
1843610 212
1843620 211
1843630 211
1843640 210
1843650 210
1843660 210
1843670 209
1843680 208
1843690 208
1843700 208
1843710 206
1843720 206
1843730 206
1843740 205
1843750 205
1843760 205
1843770 204
1843780 204
1843790 204
1843800 203
1843810 203
1843820 203
1843830 203
1843840 203
1843850 202
1843860 201
1843870 201
1843880 201
1843890 201
1843900 201
1843910 200
1843920 200
1843930 200
1843940 200
1843950 200
1843960 200
1843970 200
1843980 199
1843990 199
1844000 199
1844010 199
1844020 199
1844030 198
1844040 198
1844050 198
1844060 198
1844070 197
1844080 197
1844090 197
1844100 197
1844110 197
1844120 197
1844130 197
1844140 197
1844150 196
1844160 196
1844170 196
1844180 196
1844190 195
1844200 195
1844210 195
1844220 195
1844230 195
1844240 195
1844250 195
1844260 195
1844270 195
1844280 195
1844290 195
1844300 195
1844310 194
1844320 194
1844330 194
1844340 194
1844350 195
1844360 195
1844370 195
1844380 195
1844390 195
1844400 195
1844410 195
1844420 195
1844430 195
1844440 194
1844450 194
1844460 194
1844470 194
1844480 194
1844490 193
1844500 193
1844510 193
1844520 192
1844530 192
1844540 192
1844550 191
1844560 191
1844570 191
1844580 190
1844590 189
1844600 189
1844610 189
1844620 188
1844630 188
1844640 188
1844650 188
1844660 188
1844670 187
1844680 187
1844690 187
1844700 187
1844710 187
1844720 187
1844730 186
1844740 186
1844750 186
1844760 186
1844770 185
1844780 185
1844790 185
1844800 185
1844810 185
1844820 185
1844830 185
1844840 185
1844850 185
1844860 184
1844870 184
1844880 184
1844890 184
1844900 184
1844910 184
1844920 184
1844930 184
1844940 184
1844950 184
1844960 184
1844970 184
1844980 184
1844990 185
1845000 185
1845010 186
1845020 187
1845030 187
1845040 188
1845050 188
1845060 188
1845070 189
1845080 189
1845090 189
1845100 189
1845110 188
1845120 188
1845130 188
1845140 187
1845150 187
1845160 187
1845170 187
1845180 187
1845190 187
1845200 186
1845210 186
1845220 186
1845230 186
1845240 186
1845250 186
1845260 186
1845270 186
1845280 185
1845290 185
1845300 185
1845310 185
1845320 184
1845330 184
1845340 184
1845350 184
1845360 184
1845370 184
1845380 183
1845390 183
1845400 183
1845410 183
1845420 182
1845430 182
1845440 182
1845450 181
1845460 181
1845470 181
1845480 181
1845490 180
1845500 180
1845510 179
1845520 179
1845530 179
1845540 179
1845550 179
1845560 179
1845570 178
1845580 178
1845590 178
1845600 178
1845610 178
1845620 178
1845630 177
1845640 177
1845650 177
1845660 177
1845670 177
1845680 177
1845690 176
1845700 176
1845710 176
1845720 176
1845730 176
1845740 176
1845750 175
1845760 175
1845770 175
1845780 174
1845790 174
1845800 174
1845810 174
1845820 174
1845830 174
1845840 174
1845850 174
1845860 174
1845870 174
1845880 174
1845890 174
1845900 173
1845910 173
1845920 173
1845930 173
1845940 173
1845950 173
1845960 173
1845970 173
1845980 173
1845990 173
1846000 173
1846010 173
1846020 173
1846030 174
1846040 174
1846050 174
1846060 174
1846070 174
1846080 174
1846090 174
1846100 174
1846110 174
1846120 174
1846130 174
1846140 173
1846150 173
1846160 173
1846170 173
1846180 173
1846190 173
1846200 172
1846210 172
1846220 172
1846230 171
1846240 171
1846250 171
1846260 171
1846270 170
1846280 170
1846290 170
1846300 170
1846310 170
1846320 169
1846330 169
1846340 169
1846350 169
1846360 169
1846370 169
1846380 168
1846390 168
1846400 168
1846410 168
1846420 168
1846430 167
1846440 167
1846450 167
1846460 167
1846470 167
1846480 166
1846490 166
1846500 166
1846510 166
1846520 166
1846530 166
1846540 166
1846550 165
1846560 165
1846570 165
1846580 164
1846590 164
1846600 164
1846610 164
1846620 164
1846630 164
1846640 164
1846650 164
1846660 164
1846670 164
1846680 164
1846690 164
1846700 165
1846710 165
1846720 165
1846730 165
1846740 165
1846750 166
1846760 166
1846770 166
1846780 166
1846790 166
1846800 166
1846810 165
1846820 165
1846830 165
1846840 165
1846850 165
1846860 165
1846870 164
1846880 164
1846890 164
1846900 164
1846910 163
1846920 163
1846930 163
1846940 162
1846950 162
1846960 162
1846970 162
1846980 161
1846990 161
1847000 161
1847010 160
1847020 160
1847030 160
1847040 159
1847050 159
1847060 159
1847070 159
1847080 159
1847090 158
1847100 158
1847110 158
1847120 157
1847130 157
1847140 157
1847150 157
1847160 157
1847170 157
1847180 157
1847190 156
1847200 156
1847210 157
1847220 157
1847230 157
1847240 157
1847250 157
1847260 157
1847270 157
1847280 158
1847290 158
1847300 158
1847310 158
1847320 158
1847330 159
1847340 159
1847350 159
1847360 159
1847370 159
1847380 159
1847390 159
1847400 159
1847410 159
1847420 159
1847430 159
1847440 159
1847450 159
1847460 159
1847470 159
1847480 159
1847490 159
1847500 159
1847510 159
1847520 159
1847530 158
1847540 158
1847550 158
1847560 158
1847570 158
1847580 158
1847590 158
1847600 158
1847610 157
1847620 157
1847630 157
1847640 156
1847650 156
1847660 156
1847670 156
1847680 156
1847690 156
1847700 156
1847710 156
1847720 156
1847730 156
1847740 156
1847750 156
1847760 156
1847770 156
1847780 156
1847790 156
1847800 156
1847810 156
1847820 156
1847830 156
1847840 156
1847850 155
1847860 155
1847870 155
1847880 155
1847890 155
1847900 155
1847910 155
1847920 155
1847930 155
1847940 155
1847950 155
1847960 155
1847970 155
1847980 154
1847990 154
1848000 154
1848010 154
1848020 154
1848030 154
1848040 154
1848050 154
1848060 154
1848070 154
1848080 154
1848090 154
1848100 153
1848110 153
1848120 153
1848130 153
1848140 153
1848150 153
1848160 153
1848170 153
1848180 153
1848190 153
1848200 152
1848210 152
1848220 152
1848230 152
1848240 152
1848250 152
1848260 152
1848270 152
1848280 152
1848290 152
1848300 152
1848310 151
1848320 151
1848330 151
1848340 151
1848350 151
1848360 151
1848370 151
1848380 151
1848390 151
1848400 152
1848410 152
1848420 152
1848430 152
1848440 152
1848450 152
1848460 153
1848470 153
1848480 153
1848490 153
1848500 154
1848510 154
1848520 155
1848530 155
1848540 155
1848550 156
1848560 157
1848570 157
1848580 157
1848590 157
1848600 157
1848610 157
1848620 157
1848630 156
1848640 156
1848650 156
1848660 156
1848670 156
1848680 156
1848690 156
1848700 156
1848710 155
1848720 156
1848730 156
1848740 155
1848750 155
1848760 155
1848770 155
1848780 155
1848790 155
1848800 155
1848810 155
1848820 155
1848830 155
1848840 155
1848850 155
1848860 155
1848870 155
1848880 155
1848890 155
1848900 156
1848910 156
1848920 156
1848930 156
1848940 156
1848950 157
1848960 158
1848970 158
1848980 159
1848990 159
1849000 159
1849010 160
1849020 160
1849030 160
1849040 161
1849050 161
1849060 161
1849070 161
1849080 161
1849090 161
1849100 160
1849110 160
1849120 160
1849130 160
1849140 160
1849150 160
1849160 159
1849170 159
1849180 159
1849190 159
1849200 159
1849210 159
1849220 159
1849230 159
1849240 159
1849250 159
1849260 159
1849270 159
1849280 159
1849290 159
1849300 159
1849310 159
1849320 159
1849330 159
1849340 159
1849350 159
1849360 159
1849370 159
1849380 159
1849390 159
1849400 159
1849410 159
1849420 159
1849430 159
1849440 159
1849450 159
1849460 159
1849470 159
1849480 159
1849490 159
1849500 159
1849510 159
1849520 159
1849530 160
1849540 160
1849550 160
1849560 160
1849570 160
1849580 160
1849590 160
1849600 160
1849610 160
1849620 160
1849630 160
1849640 160
1849650 161
1849660 161
1849670 161
1849680 161
1849690 162
1849700 162
1849710 162
1849720 163
1849730 163
1849740 163
1849750 164
1849760 165
1849770 165
1849780 165
1849790 166
1849800 166
1849810 167
1849820 167
1849830 167
1849840 168
1849850 169
1849860 169
1849870 170
1849880 171
1849890 171
1849900 172
1849910 173
1849920 173
1849930 174
1849940 176
1849950 176
1849960 177
1849970 179
1849980 179
1849990 180
1850000 182
1850010 182
1850020 183
1850030 184
1850040 184
1850050 185
1850060 185
1850070 185
1850080 185
1850090 185
1850100 185
1850110 185
1850120 185
1850130 185
1850140 185
1850150 185
1850160 185
1850170 185
1850180 186
1850190 186
1850200 186
1850210 187
1850220 187
1850230 187
1850240 188
1850250 188
1850260 188
1850270 189
1850280 189
1850290 189
1850300 189
1850310 189
1850320 189
1850330 190
1850340 190
1850350 190
1850360 191
1850370 191
1850380 191
1850390 191
1850400 191
1850410 191
1850420 190
1850430 190
1850440 190
1850450 189
1850460 189
1850470 189
1850480 189
1850490 189
1850500 189
1850510 189
1850520 189
1850530 189
1850540 189
1850550 189
1850560 189
1850570 189
1850580 189
1850590 189
1850600 189
1850610 189
1850620 189
1850630 189
1850640 190
1850650 190
1850660 190
1850670 190
1850680 190
1850690 190
1850700 190
1850710 190
1850720 191
1850730 191
1850740 191
1850750 191
1850760 192
1850770 192
1850780 192
1850790 193
1850800 193
1850810 193
1850820 193
1850830 193
1850840 193
1850850 194
1850860 194
1850870 194
1850880 194
1850890 195
1850900 195
1850910 195
1850920 196
1850930 196
1850940 196
1850950 196
1850960 196
1850970 196
1850980 197
1850990 197
1851000 197
1851010 198
1851020 198
1851030 198
1851040 199
1851050 199
1851060 199
1851070 200
1851080 200
1851090 202
1851100 203
1851110 203
1851120 204
1851130 204
1851140 204
1851150 205
1851160 206
1851170 206
1851180 207
1851190 208
1851200 208
1851210 209
1851220 209
1851230 209
1851240 210
1851250 211
1851260 211
1851270 212
1851280 213
1851290 213
1851300 214
1851310 214
1851320 214
1851330 214
1851340 215
1851350 215
1851360 215
1851370 216
1851380 216
1851390 216
1851400 217
1851410 218
1851420 218
1851430 218
1851440 218
1851450 218
1851460 218
1851470 218
1851480 218
1851490 218
1851500 218
1851510 218
1851520 218
1851530 218
1851540 218
1851550 218
1851560 219
1851570 219
1851580 219
1851590 219
1851600 219
1851610 220
1851620 220
1851630 220
1851640 221
1851650 221
1851660 221
1851670 222
1851680 222
1851690 222
1851700 222
1851710 222
1851720 222
1851730 222
1851740 222
1851750 222
1851760 222
1851770 223
1851780 223
1851790 223
1851800 224
1851810 224
1851820 224
1851830 224
1851840 224
1851850 225
1851860 225
1851870 225
1851880 226
1851890 227
1851900 227
1851910 227
1851920 228
1851930 229
1851940 229
1851950 229
1851960 230
1851970 230
1851980 231
1851990 233
1852000 233
1852010 234
1852020 235
1852030 235
1852040 237
1852050 238
1852060 238
1852070 239
1852080 240
1852090 240
1852100 241
1852110 242
1852120 242
1852130 242
1852140 241
1852150 241
1852160 241
1852170 240
1852180 240
1852190 239
1852200 237
1852210 237
1852220 236
1852230 235
1852240 235
1852250 235
1852260 235
1852270 235
1852280 236
1852290 237
1852300 237
1852310 238
1852320 239
1852330 239
1852340 240
1852350 241
1852360 241
1852370 242
1852380 243
1852390 243
1852400 243
1852410 242
1852420 242
1852430 243
1852440 243
1852450 243
1852460 244
1852470 244
1852480 244
1852490 244
1852500 244
1852510 245
1852520 245
1852530 245
1852540 245
1852550 244
1852560 244
1852570 245
1852580 245
1852590 245
1852600 247
1852610 247
1852620 247
1852630 247
1852640 247
1852650 246
1852660 245
1852670 245
1852680 243
1852690 242
1852700 242
1852710 242
1852720 241
1852730 241
1852740 240
1852750 240
1852760 240
1852770 239
1852780 238
1852790 238
1852800 238
1852810 238
1852820 238
1852830 238
1852840 237
1852850 237
1852860 237
1852870 237
1852880 237
1852890 236
1852900 236
1852910 236
1852920 236
1852930 235
1852940 235
1852950 235
1852960 234
1852970 234
1852980 234
1852990 233
1853000 233
1853010 233
1853020 232
1853030 232
1853040 231
1853050 231
1853060 230
1853070 230
1853080 230
1853090 229
1853100 229
1853110 229
1853120 228
1853130 228
1853140 227
1853150 227
1853160 227
1853170 226
1853180 226
1853190 226
1853200 225
1853210 224
1853220 224
1853230 224
1853240 223
1853250 223
1853260 222
1853270 221
1853280 221
1853290 221
1853300 220
1853310 220
1853320 219
1853330 219
1853340 219
1853350 218
1853360 217
1853370 217
1853380 217
1853390 216
1853400 216
1853410 215
1853420 215
1853430 215
1853440 214
1853450 213
1853460 213
1853470 212
1853480 212
1853490 212
1853500 211
1853510 210
1853520 210
1853530 209
1853540 209
1853550 209
1853560 208
1853570 207
1853580 207
1853590 206
1853600 205
1853610 205
1853620 205
1853630 204
1853640 203
1853650 203
1853660 202
1853670 202
1853680 202
1853690 201
1853700 200
1853710 200
1853720 199
1853730 199
1853740 199
1853750 198
1853760 197
1853770 197
1853780 197
1853790 196
1853800 196
1853810 195
1853820 194
1853830 194
1853840 194
1853850 193
1853860 193
1853870 192
1853880 191
1853890 191
1853900 190
1853910 190
1853920 190
1853930 189
1853940 189
1853950 189
1853960 188
1853970 188
1853980 188
1853990 187
1854000 186
1854010 186
1854020 186
1854030 185
1854040 185
1854050 184
1854060 184
1854070 184
1854080 183
1854090 182
1854100 182
1854110 182
1854120 181
1854130 181
1854140 181
1854150 180
1854160 180
1854170 180
1854180 179
1854190 178
1854200 178
1854210 178
1854220 177
1854230 177
1854240 177
1854250 176
1854260 176
1854270 176
1854280 176
1854290 176
1854300 175
1854310 175
1854320 175
1854330 174
1854340 174
1854350 174
1854360 173
1854370 173
1854380 173
1854390 172
1854400 172
1854410 172
1854420 171
1854430 171
1854440 171
1854450 170
1854460 170
1854470 170
1854480 169
1854490 169
1854500 169
1854510 168
1854520 167
1854530 167
1854540 166
1854550 166
1854560 166
1854570 166
1854580 164
1854590 164
1854600 162
1854610 162
1854620 162
1854630 161
1854640 161
1854650 161
1854660 160
1854670 160
1854680 160
1854690 159
1854700 157
1854710 157
1854720 157
1854730 156
1854740 153
1854750 153
1854760 152
1854770 154
1854780 154
1854790 155
1854800 155
1854810 155
1854820 155
1854830 155
1854840 155
1854850 155
1854860 154
1854870 154
1854880 154
1854890 154
1854900 154
1854910 153
1854920 152
1854930 152
1854940 151
1854950 150
1854960 150
1854970 149
1854980 148
1854990 148
1855000 147
1855010 146
1855020 146
1855030 145
1855040 145
1855050 145
1855060 144
1855070 143
1855080 143
1855090 142
1855100 141
1855110 141
1855120 141
1855130 140
1855140 140
1855150 139
1855160 139
1855170 139
1855180 138
1855190 137
1855200 137
1855210 136
1855220 136
1855230 136
1855240 135
1855250 135
1855260 134
1855270 134
1855280 134
1855290 133
1855300 133
1855310 133
1855320 132
1855330 133
1855340 132
1855350 132
1855360 132
1855370 131
1855380 130
1855390 130
1855400 130
1855410 129
1855420 129
1855430 129
1855440 129
1855450 129
1855460 128
1855470 128
1855480 128
1855490 127
1855500 127
1855510 127
1855520 126
1855530 126
1855540 126
1855550 126
1855560 126
1855570 126
1855580 125
1855590 124
1855600 124
1855610 123
1855620 122
1855630 122
1855640 121
1855650 121
1855660 121
1855670 121
1855680 121
1855690 121
1855700 121
1855710 120
1855720 120
1855730 119
1855740 119
1855750 119
1855760 119
1855770 118
1855780 118
1855790 118
1855800 118
1855810 118
1855820 118
1855830 117
1855840 117
1855850 117
1855860 117
1855870 117
1855880 117
1855890 117
1855900 117
1855910 117
1855920 117
1855930 117
1855940 117
1855950 117
1855960 117
1855970 117
1855980 116
1855990 116
1856000 116
1856010 117
1856020 117
1856030 117
1856040 116
1856050 116
1856060 116
1856070 116
1856080 116
1856090 116
1856100 116
1856110 116
1856120 116
1856130 116
1856140 116
1856150 116
1856160 116
1856170 116
1856180 116
1856190 116
1856200 116
1856210 116
1856220 116
1856230 116
1856240 116
1856250 116
1856260 116
1856270 116
1856280 116
1856290 116
1856300 116
1856310 116
1856320 115
1856330 115
1856340 115
1856350 115
1856360 115
1856370 115
1856380 115
1856390 115
1856400 115
1856410 115
1856420 115
1856430 115
1856440 115
1856450 115
1856460 115
1856470 115
1856480 115
1856490 115
1856500 115
1856510 116
1856520 116
1856530 115
1856540 115
1856550 115
1856560 115
1856570 115
1856580 115
1856590 115
1856600 115
1856610 115
1856620 115
1856630 115
1856640 115
1856650 115
1856660 115
1856670 115
1856680 115
1856690 115
1856700 115
1856710 115
1856720 115
1856730 115
1856740 115
1856750 115
1856760 115
1856770 115
1856780 115
1856790 115
1856800 115
1856810 115
1856820 115
1856830 115
1856840 115
1856850 115
1856860 115
1856870 115
1856880 115
1856890 115
1856900 115
1856910 115
1856920 115
1856930 115
1856940 115
1856950 115
1856960 115
1856970 115
1856980 115
1856990 115
1857000 115
1857010 115
1857020 115
1857030 115
1857040 115
1857050 115
1857060 115
1857070 115
1857080 115
1857090 115
1857100 115
1857110 115
1857120 115
1857130 115
1857140 115
1857150 115
1857160 115
1857170 115
1857180 115
1857190 115
1857200 115
1857210 115
1857220 115
1857230 115
1857240 115
1857250 115
1857260 115
1857270 115
1857280 115
1857290 115
1857300 115
1857310 115
1857320 115
1857330 115
1857340 115
1857350 115
1857360 115
1857370 115
1857380 115
1857390 115
1857400 115
1857410 115
1857420 115
1857430 115
1857440 115
1857450 115
1857460 115
1857470 115
1857480 115
1857490 115
1857500 115
1857510 115
1857520 115
1857530 115
1857540 115
1857550 115
1857560 115
1857570 115
1857580 115
1857590 115
1857600 115
1857610 115
1857620 115
1857630 115
1857640 115
1857650 115
1857660 115
1857670 115
1857680 115
1857690 115
1857700 115
1857710 115
1857720 115
1857730 115
1857740 115
1857750 115
1857760 115
1857770 115
1857780 115
1857790 115
1857800 115
1857810 115
1857820 115
1857830 115
1857840 115
1857850 115
1857860 115
1857870 115
1857880 115
1857890 115
1857900 115
1857910 115
1857920 115
1857930 115
1857940 115
1857950 115
1857960 115
1857970 115
1857980 115
1857990 115
1858000 115
1858010 115
1858020 115
1858030 115
1858040 115
1858050 115
1858060 115
1858070 115
1858080 115
1858090 115
1858100 115
1858110 115
1858120 115
1858130 115
1858140 115
1858150 115
1858160 115
1858170 115
1858180 115
1858190 115
1858200 115
1858210 115
1858220 115
1858230 115
1858240 115
1858250 115
1858260 115
1858270 115
1858280 115
1858290 115
1858300 115
1858310 115
1858320 115
1858330 115
1858340 115
1858350 115
1858360 115
1858370 115
1858380 115
1858390 115
1858400 115
1858410 115
1858420 115
1858430 115
1858440 115
1858450 115
1858460 115
1858470 115
1858480 115
1858490 115
1858500 115
1858510 115
1858520 115
1858530 115
1858540 115
1858550 115
1858560 115
1858570 115
1858580 115
1858590 115
1858600 115
1858610 115
1858620 115
1858630 115
1858640 115
1858650 115
1858660 115
1858670 115
1858680 115
1858690 115
1858700 115
1858710 115
1858720 115
1858730 115
1858740 115
1858750 115
1858760 115
1858770 115
1858780 115
1858790 115
1858800 115
1858810 115
1858820 115
1858830 115
1858840 115
1858850 115
1858860 115
1858870 115
1858880 115
1858890 115
1858900 115
1858910 115
1858920 115
1858930 115
1858940 115
1858950 115
1858960 115
1858970 115
1858980 115
1858990 115
1859000 115
1859010 115
1859020 115
1859030 115
1859040 115
1859050 115
1859060 115
1859070 115
1859080 115
1859090 115
1859100 115
1859110 115
1859120 115
1859130 115
1859140 115
1859150 115
1859160 115
1859170 115
1859180 115
1859190 115
1859200 115
1859210 115
1859220 115
1859230 115
1859240 115
1859250 115
1859260 115
1859270 115
1859280 115
1859290 115
1859300 115
1859310 115
1859320 115
1859330 115
1859340 115
1859350 115
1859360 115
1859370 115
1859380 115
1859390 115
1859400 115
1859410 115
1859420 115
1859430 115
1859440 115
1859450 115
1859460 115
1859470 115
1859480 115
1859490 115
1859500 115
1859510 115
1859520 115
1859530 115
1859540 115
1859550 115
1859560 115
1859570 115
1859580 115
1859590 115
1859600 115
1859610 115
1859620 115
1859630 115
1859640 115
1859650 115
1859660 115
1859670 115
1859680 115
1859690 115
1859700 115
1859710 115
1859720 115
1859730 115
1859740 115
1859750 115
1859760 115
1859770 115
1859780 115
1859790 115
1859800 115
1859810 115
1859820 115
1859830 115
1859840 115
1859850 115
1859860 115
1859870 115
1859880 115
1859890 115
1859900 115
1859910 115
1859920 115
1859930 115
1859940 115
1859950 115
1859960 115
1859970 115
1859980 115
1859990 115
