1840000 194
1840010 194
1840020 194
1840030 194
1840040 194
1840050 194
1840060 194
1840070 194
1840080 194
1840090 194
1840100 194
1840110 193
1840120 193
1840130 193
1840140 193
1840150 193
1840160 193
1840170 192
1840180 192
1840190 192
1840200 192
1840210 192
1840220 192
1840230 192
1840240 192
1840250 192
1840260 192
1840270 192
1840280 191
1840290 191
1840300 191
1840310 190
1840320 190
1840330 190
1840340 189
1840350 189
1840360 189
1840370 189
1840380 188
1840390 188
1840400 188
1840410 188
1840420 188
1840430 188
1840440 188
1840450 188
1840460 188
1840470 188
1840480 188
1840490 188
1840500 188
1840510 188
1840520 188
1840530 188
1840540 188
1840550 187
1840560 188
1840570 188
1840580 188
1840590 187
1840600 187
1840610 187
1840620 187
1840630 187
1840640 187
1840650 187
1840660 186
1840670 186
1840680 186
1840690 186
1840700 186
1840710 186
1840720 185
1840730 185
1840740 185
1840750 185
1840760 185
1840770 185
1840780 184
1840790 184
1840800 184
1840810 184
1840820 184
1840830 184
1840840 184
1840850 184
1840860 184
1840870 184
1840880 184
1840890 184
1840900 184
1840910 184
1840920 184
1840930 185
1840940 185
1840950 185
1840960 184
1840970 184
1840980 185
1840990 185
1841000 185
1841010 185
1841020 185
1841030 185
1841040 185
1841050 186
1841060 186
1841070 186
1841080 186
1841090 186
1841100 186
1841110 186
1841120 187
1841130 187
1841140 188
1841150 188
1841160 188
1841170 189
1841180 190
1841190 190
1841200 191
1841210 192
1841220 192
1841230 193
1841240 194
1841250 194
1841260 195
1841270 196
1841280 196
1841290 197
1841300 198
1841310 198
1841320 198
1841330 200
1841340 200
1841350 201
1841360 202
1841370 202
1841380 202
1841390 203
1841400 203
1841410 204
1841420 204
1841430 204
1841440 205
1841450 206
1841460 206
1841470 207
1841480 207
1841490 207
1841500 209
1841510 210
1841520 210
1841530 211
1841540 212
1841550 212
1841560 213
1841570 214
1841580 214
1841590 216
1841600 217
1841610 217
1841620 219
1841630 221
1841640 221
1841650 223
1841660 224
1841670 224
1841680 226
1841690 228
1841700 229
1841710 229
1841720 230
1841730 230
1841740 230
1841750 231
1841760 231
1841770 231
1841780 232
1841790 232
1841800 232
1841810 233
1841820 234
1841830 234
1841840 235
1841850 236
1841860 236
1841870 237
1841880 238
1841890 238
1841900 240
1841910 240
1841920 240
1841930 239
1841940 239
1841950 239
1841960 238
1841970 238
1841980 238
1841990 237
1842000 237
1842010 237
1842020 237
1842030 235
1842040 235
1842050 233
1842060 231
1842070 231
1842080 231
1842090 230
1842100 230
1842110 230
1842120 230
1842130 227
1842140 227
1842150 227
1842160 227
1842170 228
1842180 228
1842190 228
1842200 227
1842210 226
1842220 226
1842230 225
1842240 223
1842250 222
1842260 222
1842270 222
1842280 221
1842290 221
1842300 221
1842310 221
1842320 221
1842330 221
1842340 222
1842350 222
1842360 222
1842370 222
1842380 222
1842390 223
1842400 224
1842410 224
1842420 224
1842430 225
1842440 225
1842450 224
1842460 224
1842470 224
1842480 224
1842490 223
1842500 223
1842510 223
1842520 223
1842530 223
1842540 222
1842550 222
1842560 222
1842570 221
1842580 221
1842590 221
1842600 220
1842610 220
1842620 220
1842630 220
1842640 220
1842650 220
1842660 219
1842670 219
1842680 219
1842690 219
1842700 220
1842710 220
1842720 220
1842730 220
1842740 220
1842750 220
1842760 220
1842770 220
1842780 220
1842790 220
1842800 219
1842810 219
1842820 219
1842830 220
1842840 220
1842850 220
1842860 220
1842870 220
1842880 220
1842890 220
1842900 220
1842910 220
1842920 221
1842930 221
1842940 221
1842950 221
1842960 221
1842970 221
1842980 220
1842990 220
1843000 221
1843010 221
1843020 221
1843030 221
1843040 222
1843050 222
1843060 223
1843070 224
1843080 224
1843090 225
1843100 225
1843110 225
1843120 226
1843130 226
1843140 226
1843150 227
1843160 227
1843170 227
1843180 227
1843190 227
1843200 227
1843210 227
1843220 227
1843230 227
1843240 227
1843250 227
1843260 227
1843270 226
1843280 226
1843290 226
1843300 226
1843310 225
1843320 225
1843330 225
1843340 224
1843350 224
1843360 224
1843370 223
1843380 223
1843390 223
1843400 222
1843410 222
1843420 222
1843430 222
1843440 222
1843450 222
1843460 222
1843470 222
1843480 222
1843490 222
1843500 222
1843510 222
1843520 222
1843530 222
1843540 222
1843550 222
1843560 223
1843570 223
1843580 223
1843590 223
1843600 223
1843610 223
1843620 222
1843630 222
1843640 222
1843650 221
1843660 221
1843670 220
1843680 220
1843690 220
1843700 219
1843710 218
1843720 218
1843730 217
1843740 216
1843750 216
1843760 215
1843770 214
1843780 214
1843790 212
1843800 211
1843810 211
1843820 210
1843830 209
1843840 209
1843850 209
1843860 209
1843870 209
1843880 209
1843890 209
1843900 209
1843910 209
1843920 211
1843930 211
1843940 211
1843950 211
1843960 210
1843970 210
1843980 210
1843990 210
1844000 210
1844010 209
1844020 209
1844030 209
1844040 208
1844050 208
1844060 208
1844070 207
1844080 206
1844090 206
1844100 206
1844110 205
1844120 205
1844130 204
1844140 203
1844150 203
1844160 202
1844170 202
1844180 202
1844190 201
1844200 200
1844210 200
1844220 199
1844230 198
1844240 198
1844250 197
1844260 196
1844270 196
1844280 195
1844290 195
1844300 195
1844310 194
1844320 193
1844330 193
1844340 193
1844350 192
1844360 192
1844370 192
1844380 191
1844390 191
1844400 191
1844410 190
1844420 190
1844430 190
1844440 189
1844450 189
1844460 189
1844470 188
1844480 188
1844490 188
1844500 187
1844510 187
1844520 187
1844530 186
1844540 186
1844550 186
1844560 186
1844570 185
1844580 185
1844590 185
1844600 184
1844610 184
1844620 184
1844630 183
1844640 183
1844650 183
1844660 182
1844670 182
1844680 182
1844690 181
1844700 181
1844710 181
1844720 180
1844730 180
1844740 180
1844750 180
1844760 180
1844770 180
1844780 180
1844790 180
1844800 180
1844810 180
1844820 180
1844830 180
1844840 180
1844850 180
1844860 179
1844870 179
1844880 179
1844890 178
1844900 177
1844910 177
1844920 177
1844930 177
1844940 177
1844950 176
1844960 176
1844970 176
1844980 176
1844990 176
1845000 176
1845010 176
1845020 176
1845030 176
1845040 176
1845050 176
1845060 176
1845070 176
1845080 176
1845090 176
1845100 176
1845110 176
1845120 176
1845130 176
1845140 176
1845150 175
1845160 175
1845170 175
1845180 175
1845190 175
1845200 175
1845210 175
1845220 175
1845230 175
1845240 175
1845250 175
1845260 175
1845270 174
1845280 174
1845290 175
1845300 175
1845310 175
1845320 175
1845330 175
1845340 175
1845350 175
1845360 175
1845370 175
1845380 174
1845390 174
1845400 174
1845410 174
1845420 174
1845430 174
1845440 173
1845450 173
1845460 173
1845470 173
1845480 173
1845490 173
1845500 173
1845510 172
1845520 172
1845530 172
1845540 172
1845550 172
1845560 172
1845570 171
1845580 171
1845590 171
1845600 171
1845610 170
1845620 170
1845630 170
1845640 170
1845650 170
1845660 170
1845670 169
1845680 169
1845690 169
1845700 169
1845710 169
1845720 169
1845730 169
1845740 169
1845750 169
1845760 169
1845770 169
1845780 169
1845790 169
1845800 169
1845810 169
1845820 169
1845830 169
1845840 169
1845850 169
1845860 169
1845870 170
1845880 170
1845890 170
1845900 170
1845910 170
1845920 170
1845930 169
1845940 169
1845950 169
1845960 168
1845970 168
1845980 168
1845990 167
1846000 167
1846010 167
1846020 166
1846030 166
1846040 166
1846050 166
1846060 166
1846070 166
1846080 165
1846090 165
1846100 165
1846110 165
1846120 165
1846130 165
1846140 165
1846150 165
1846160 165
1846170 165
1846180 164
1846190 164
1846200 164
1846210 164
1846220 163
1846230 163
1846240 163
1846250 163
1846260 163
1846270 163
1846280 162
1846290 162
1846300 162
1846310 162
1846320 162
1846330 163
1846340 163
1846350 163
1846360 163
1846370 163
1846380 163
1846390 163
1846400 163
1846410 163
1846420 162
1846430 162
1846440 162
1846450 163
1846460 163
1846470 163
1846480 163
1846490 163
1846500 163
1846510 163
1846520 163
1846530 163
1846540 163
1846550 163
1846560 163
1846570 163
1846580 163
1846590 163
1846600 163
1846610 163
1846620 163
1846630 163
1846640 163
1846650 163
1846660 163
1846670 162
1846680 162
1846690 162
1846700 162
1846710 162
1846720 162
1846730 162
1846740 161
1846750 161
1846760 161
1846770 161
1846780 161
1846790 161
1846800 161
1846810 161
1846820 160
1846830 160
1846840 160
1846850 160
1846860 160
1846870 160
1846880 160
1846890 160
1846900 160
1846910 160
1846920 159
1846930 159
1846940 159
1846950 159
1846960 159
1846970 159
1846980 158
1846990 158
1847000 158
1847010 158
1847020 158
1847030 158
1847040 158
1847050 158
1847060 158
1847070 157
1847080 157
1847090 157
1847100 157
1847110 157
1847120 157
1847130 157
1847140 157
1847150 157
1847160 156
1847170 156
1847180 156
1847190 156
1847200 156
1847210 156
1847220 156
1847230 156
1847240 156
1847250 156
1847260 156
1847270 156
1847280 156
1847290 156
1847300 156
1847310 156
1847320 156
1847330 156
1847340 156
1847350 156
1847360 156
1847370 156
1847380 156
1847390 156
1847400 156
1847410 156
1847420 156
1847430 156
1847440 156
1847450 156
1847460 156
1847470 156
1847480 156
1847490 156
1847500 156
1847510 156
1847520 156
1847530 156
1847540 156
1847550 156
1847560 156
1847570 156
1847580 156
1847590 156
1847600 156
1847610 156
1847620 156
1847630 156
1847640 156
1847650 157
1847660 157
1847670 157
1847680 157
1847690 157
1847700 158
1847710 158
1847720 158
1847730 158
1847740 159
1847750 159
1847760 160
1847770 160
1847780 160
1847790 160
1847800 160
1847810 160
1847820 159
1847830 159
1847840 159
1847850 159
1847860 159
1847870 159
1847880 159
1847890 159
1847900 159
1847910 159
1847920 159
1847930 159
1847940 159
1847950 160
1847960 160
1847970 160
1847980 159
1847990 159
1848000 159
1848010 159
1848020 160
1848030 160
1848040 160
1848050 160
1848060 160
1848070 161
1848080 161
1848090 161
1848100 161
1848110 162
1848120 162
1848130 162
1848140 163
1848150 163
1848160 163
1848170 164
1848180 164
1848190 165
1848200 165
1848210 165
1848220 166
1848230 166
1848240 166
1848250 167
1848260 168
1848270 168
1848280 169
1848290 170
1848300 170
1848310 170
1848320 171
1848330 171
1848340 171
1848350 171
1848360 171
1848370 170
1848380 170
1848390 170
1848400 170
1848410 170
1848420 171
1848430 171
1848440 171
1848450 171
1848460 171
1848470 171
1848480 172
1848490 172
1848500 172
1848510 172
1848520 172
1848530 173
1848540 173
1848550 173
1848560 173
1848570 173
1848580 173
1848590 173
1848600 173
1848610 173
1848620 172
1848630 172
1848640 172
1848650 172
1848660 171
1848670 171
1848680 171
1848690 171
1848700 171
1848710 171
1848720 172
1848730 172
1848740 172
1848750 172
1848760 172
1848770 173
1848780 173
1848790 173
1848800 174
1848810 174
1848820 174
1848830 174
1848840 174
1848850 174
1848860 175
1848870 175
1848880 175
1848890 177
1848900 177
1848910 177
1848920 178
1848930 178
1848940 178
1848950 179
1848960 179
1848970 180
1848980 180
1848990 181
1849000 181
1849010 181
1849020 182
1849030 183
1849040 183
1849050 184
1849060 185
1849070 185
1849080 185
1849090 186
1849100 186
1849110 187
1849120 187
1849130 187
1849140 188
1849150 188
1849160 188
1849170 188
1849180 188
1849190 188
1849200 188
1849210 188
1849220 188
1849230 188
1849240 188
1849250 188
1849260 188
1849270 187
1849280 187
1849290 187
1849300 186
1849310 186
1849320 186
1849330 186
1849340 186
1849350 186
1849360 186
1849370 186
1849380 187
1849390 188
1849400 188
1849410 190
1849420 192
1849430 192
1849440 194
1849450 195
1849460 195
1849470 197
1849480 198
1849490 198
1849500 200
1849510 201
1849520 201
1849530 201
1849540 201
1849550 202
1849560 202
1849570 203
1849580 203
1849590 203
1849600 203
1849610 202
1849620 202
1849630 202
1849640 202
1849650 202
1849660 201
1849670 200
1849680 200
1849690 200
1849700 199
1849710 199
1849720 198
1849730 197
1849740 197
1849750 197
1849760 197
1849770 197
1849780 197
1849790 196
1849800 196
1849810 196
1849820 196
1849830 196
1849840 196
1849850 196
1849860 196
1849870 197
1849880 197
1849890 197
1849900 197
1849910 197
1849920 197
1849930 196
1849940 196
1849950 196
1849960 197
1849970 197
1849980 197
1849990 196
1850000 196
1850010 196
1850020 196
1850030 195
1850040 195
1850050 195
1850060 195
1850070 195
1850080 196
1850090 196
1850100 196
1850110 196
1850120 197
1850130 197
1850140 197
1850150 198
1850160 198
1850170 198
1850180 198
1850190 198
1850200 198
1850210 198
1850220 198
1850230 198
1850240 197
1850250 196
1850260 196
1850270 196
1850280 195
1850290 195
1850300 193
1850310 192
1850320 192
1850330 190
1850340 188
1850350 188
1850360 188
1850370 188
1850380 188
1850390 190
1850400 189
1850410 189
1850420 190
1850430 190
1850440 190
1850450 190
1850460 190
1850470 190
1850480 190
1850490 190
1850500 190
1850510 190
1850520 190
1850530 190
1850540 190
1850550 190
1850560 190
1850570 189
1850580 189
1850590 189
1850600 189
1850610 189
1850620 189
1850630 188
1850640 188
1850650 188
1850660 188
1850670 187
1850680 187
1850690 187
1850700 187
1850710 187
1850720 187
1850730 187
1850740 187
1850750 187
1850760 187
1850770 187
1850780 187
1850790 187
1850800 187
1850810 187
1850820 186
1850830 186
1850840 186
1850850 186
1850860 186
1850870 186
1850880 186
1850890 186
1850900 186
1850910 186
1850920 186
1850930 186
1850940 186
1850950 186
1850960 186
1850970 186
1850980 186
1850990 186
1851000 187
1851010 186
1851020 186
1851030 186
1851040 187
1851050 187
1851060 187
1851070 187
1851080 187
1851090 187
1851100 187
1851110 187
1851120 183
1851130 178
1851140 178
1851150 172
1851160 169
1851170 169
1851180 170
1851190 171
1851200 171
1851210 169
1851220 169
1851230 170
1851240 170
1851250 171
1851260 173
1851270 173
1851280 172
1851290 171
1851300 171
1851310 171
1851320 168
1851330 168
1851340 167
1851350 168
1851360 170
1851370 175
1851380 182
1851390 182
1851400 186
1851410 186
1851420 186
1851430 186
1851440 185
1851450 185
1851460 186
1851470 187
1851480 187
1851490 187
1851500 188
1851510 188
1851520 189
1851530 190
1851540 190
1851550 190
1851560 191
1851570 191
1851580 191
1851590 191
1851600 191
1851610 193
1851620 194
1851630 194
1851640 196
1851650 196
1851660 196
1851670 197
1851680 197
1851690 197
1851700 198
1851710 198
1851720 198
1851730 199
1851740 200
1851750 200
1851760 201
1851770 201
1851780 201
1851790 201
1851800 202
1851810 202
1851820 202
1851830 202
1851840 202
1851850 202
1851860 202
1851870 202
1851880 202
1851890 201
1851900 201
1851910 201
1851920 201
1851930 201
1851940 201
1851950 201
1851960 201
1851970 201
1851980 200
1851990 200
1852000 200
1852010 200
1852020 200
1852030 200
1852040 200
1852050 201
1852060 201
1852070 201
1852080 202
1852090 202
1852100 202
1852110 203
1852120 203
1852130 205
1852140 206
1852150 206
1852160 207
1852170 209
1852180 209
1852190 210
1852200 211
1852210 211
1852220 212
1852230 213
1852240 213
1852250 214
1852260 214
1852270 214
1852280 215
1852290 215
1852300 215
1852310 215
1852320 215
1852330 214
1852340 214
1852350 214
1852360 214
1852370 214
1852380 214
1852390 213
1852400 213
1852410 213
1852420 213
1852430 213
1852440 212
1852450 212
1852460 212
1852470 211
1852480 211
1852490 211
1852500 210
1852510 210
1852520 210
1852530 210
1852540 209
1852550 209
1852560 209
1852570 208
1852580 208
1852590 208
1852600 207
1852610 207
1852620 207
1852630 206
1852640 206
1852650 206
1852660 206
1852670 206
1852680 205
1852690 205
1852700 205
1852710 204
1852720 204
1852730 204
1852740 204
1852750 203
1852760 203
1852770 203
1852780 202
1852790 202
1852800 202
1852810 202
1852820 202
1852830 202
1852840 201
1852850 201
1852860 201
1852870 201
1852880 201
1852890 201
1852900 201
1852910 201
1852920 201
1852930 201
1852940 201
1852950 201
1852960 201
1852970 201
1852980 201
1852990 201
1853000 201
1853010 201
1853020 201
1853030 201
1853040 201
1853050 202
1853060 202
1853070 202
1853080 203
1853090 203
1853100 203
1853110 204
1853120 205
1853130 205
1853140 206
1853150 207
1853160 207
1853170 208
1853180 209
1853190 209
1853200 210
1853210 210
1853220 210
1853230 210
1853240 210
1853250 210
1853260 210
1853270 210
1853280 210
1853290 209
1853300 209
1853310 209
1853320 208
1853330 208
1853340 208
1853350 207
1853360 207
1853370 207
1853380 207
1853390 206
1853400 206
1853410 206
1853420 206
1853430 206
1853440 205
1853450 205
1853460 204
1853470 204
1853480 204
1853490 204
1853500 204
1853510 203
1853520 203
1853530 203
1853540 203
1853550 202
1853560 202
1853570 202
1853580 202
1853590 202
1853600 201
1853610 201
1853620 201
1853630 200
1853640 200
1853650 200
1853660 200
1853670 200
1853680 200
1853690 199
1853700 199
1853710 199
1853720 198
1853730 198
1853740 198
1853750 197
1853760 197
1853770 197
1853780 196
1853790 196
1853800 195
1853810 195
1853820 194
1853830 194
1853840 193
1853850 192
1853860 192
1853870 192
1853880 191
1853890 191
1853900 191
1853910 190
1853920 190
1853930 189
1853940 188
1853950 188
1853960 188
1853970 187
1853980 187
1853990 187
1854000 186
1854010 186
1854020 186
1854030 185
1854040 185
1854050 185
1854060 184
1854070 184
1854080 184
1854090 183
1854100 183
1854110 183
1854120 182
1854130 182
1854140 182
1854150 181
1854160 181
1854170 181
1854180 180
1854190 180
1854200 180
1854210 180
1854220 179
1854230 179
1854240 179
1854250 178
1854260 178
1854270 178
1854280 178
1854290 178
1854300 177
1854310 177
1854320 177
1854330 176
1854340 176
1854350 176
1854360 175
1854370 174
1854380 174
1854390 174
1854400 174
1854410 174
1854420 174
1854430 174
1854440 174
1854450 174
1854460 174
1854470 174
1854480 174
1854490 174
1854500 175
1854510 174
1854520 174
1854530 174
1854540 174
1854550 173
1854560 173
1854570 173
1854580 172
1854590 172
1854600 172
1854610 171
1854620 171
1854630 171
1854640 170
1854650 170
1854660 170
1854670 169
1854680 167
1854690 167
1854700 165
1854710 165
1854720 165
1854730 167
1854740 169
1854750 169
1854760 170
1854770 170
1854780 170
1854790 170
1854800 169
1854810 169
1854820 168
1854830 167
1854840 167
1854850 167
1854860 166
1854870 166
1854880 165
1854890 165
1854900 165
1854910 164
1854920 163
1854930 163
1854940 162
1854950 162
1854960 162
1854970 161
1854980 160
1854990 160
1855000 159
1855010 158
1855020 158
1855030 157
1855040 157
1855050 157
1855060 156
1855070 155
1855080 155
1855090 154
1855100 153
1855110 153
1855120 152
1855130 152
1855140 152
1855150 151
1855160 150
1855170 150
1855180 150
1855190 150
1855200 150
1855210 150
1855220 148
1855230 148
1855240 148
1855250 148
1855260 148
1855270 148
1855280 148
1855290 148
1855300 148
1855310 148
1855320 147
1855330 147
1855340 146
1855350 145
1855360 145
1855370 145
1855380 144
1855390 144
1855400 144
1855410 143
1855420 143
1855430 143
1855440 141
1855450 141
1855460 139
1855470 139
1855480 139
1855490 138
1855500 137
1855510 137
1855520 136
1855530 135
1855540 136
1855550 135
1855560 134
1855570 134
1855580 133
1855590 132
1855600 132
1855610 131
1855620 130
1855630 130
1855640 129
1855650 127
1855660 127
1855670 126
1855680 124
1855690 124
1855700 123
1855710 122
1855720 122
1855730 122
1855740 121
1855750 121
1855760 121
1855770 121
1855780 120
1855790 120
1855800 120
1855810 118
1855820 118
1855830 118
1855840 118
1855850 118
1855860 118
1855870 118
1855880 118
1855890 118
1855900 117
1855910 117
1855920 117
1855930 117
1855940 117
1855950 117
1855960 117
1855970 117
1855980 117
1855990 117
1856000 117
1856010 117
1856020 117
1856030 117
1856040 117
1856050 117
1856060 117
1856070 117
1856080 116
1856090 116
1856100 116
1856110 116
1856120 116
1856130 116
1856140 116
1856150 116
1856160 116
1856170 116
1856180 116
1856190 116
1856200 116
1856210 116
1856220 116
1856230 116
1856240 116
1856250 116
1856260 116
1856270 116
1856280 116
1856290 116
1856300 116
1856310 116
1856320 116
1856330 116
1856340 116
1856350 116
1856360 116
1856370 116
1856380 115
1856390 115
1856400 115
1856410 115
1856420 115
1856430 115
1856440 115
1856450 115
1856460 115
1856470 115
1856480 115
1856490 115
1856500 115
1856510 115
1856520 115
1856530 115
1856540 115
1856550 115
1856560 115
1856570 115
1856580 115
1856590 115
1856600 115
1856610 115
1856620 115
1856630 115
1856640 115
1856650 115
1856660 115
1856670 115
1856680 115
1856690 115
1856700 115
1856710 115
1856720 115
1856730 115
1856740 115
1856750 115
1856760 115
1856770 115
1856780 115
1856790 115
1856800 115
1856810 115
1856820 115
1856830 115
1856840 115
1856850 115
1856860 115
1856870 115
1856880 115
1856890 115
1856900 115
1856910 115
1856920 115
1856930 115
1856940 115
1856950 115
1856960 115
1856970 115
1856980 115
1856990 115
1857000 115
1857010 115
1857020 115
1857030 115
1857040 115
1857050 115
1857060 115
1857070 115
1857080 115
1857090 115
1857100 115
1857110 115
1857120 115
1857130 115
1857140 115
1857150 115
1857160 115
1857170 115
1857180 115
1857190 115
1857200 115
1857210 115
1857220 115
1857230 115
1857240 115
1857250 115
1857260 115
1857270 115
1857280 115
1857290 115
1857300 115
1857310 115
1857320 115
1857330 115
1857340 115
1857350 115
1857360 115
1857370 115
1857380 115
1857390 115
1857400 115
1857410 115
1857420 115
1857430 115
1857440 115
1857450 115
1857460 115
1857470 115
1857480 115
1857490 115
1857500 115
1857510 115
1857520 115
1857530 115
1857540 115
1857550 115
1857560 115
1857570 115
1857580 115
1857590 115
1857600 115
1857610 115
1857620 115
1857630 115
1857640 115
1857650 115
1857660 115
1857670 115
1857680 115
1857690 115
1857700 115
1857710 115
1857720 115
1857730 115
1857740 115
1857750 115
1857760 115
1857770 115
1857780 115
1857790 115
1857800 115
1857810 115
1857820 115
1857830 115
1857840 115
1857850 115
1857860 115
1857870 115
1857880 115
1857890 115
1857900 115
1857910 115
1857920 115
1857930 115
1857940 115
1857950 115
1857960 115
1857970 115
1857980 115
1857990 115
1858000 115
1858010 115
1858020 115
1858030 115
1858040 115
1858050 115
1858060 115
1858070 115
1858080 115
1858090 115
1858100 115
1858110 115
1858120 115
1858130 115
1858140 115
1858150 115
1858160 115
1858170 115
1858180 115
1858190 115
1858200 115
1858210 115
1858220 115
1858230 115
1858240 115
1858250 115
1858260 115
1858270 115
1858280 115
1858290 115
1858300 115
1858310 115
1858320 115
1858330 115
1858340 115
1858350 115
1858360 115
1858370 115
1858380 115
1858390 115
1858400 115
1858410 115
1858420 115
1858430 115
1858440 115
1858450 115
1858460 115
1858470 115
1858480 115
1858490 115
1858500 115
1858510 115
1858520 115
1858530 115
1858540 115
1858550 115
1858560 115
1858570 115
1858580 115
1858590 115
1858600 115
1858610 115
1858620 115
1858630 115
1858640 115
1858650 115
1858660 115
1858670 115
1858680 115
1858690 115
1858700 115
1858710 115
1858720 115
1858730 115
1858740 115
1858750 115
1858760 115
1858770 115
1858780 115
1858790 115
1858800 115
1858810 115
1858820 115
1858830 115
1858840 115
1858850 115
1858860 115
1858870 115
1858880 115
1858890 115
1858900 115
1858910 115
1858920 115
1858930 115
1858940 115
1858950 115
1858960 115
1858970 115
1858980 115
1858990 115
1859000 115
1859010 115
1859020 115
1859030 115
1859040 115
1859050 115
1859060 115
1859070 115
1859080 115
1859090 115
1859100 115
1859110 115
1859120 115
1859130 115
1859140 115
1859150 115
1859160 115
1859170 115
1859180 115
1859190 115
1859200 115
1859210 115
1859220 115
1859230 115
1859240 115
1859250 115
1859260 115
1859270 115
1859280 115
1859290 115
1859300 115
1859310 115
1859320 115
1859330 115
1859340 115
1859350 115
1859360 115
1859370 115
1859380 115
1859390 115
1859400 115
1859410 115
1859420 115
1859430 115
1859440 115
1859450 115
1859460 115
1859470 115
1859480 115
1859490 115
1859500 115
1859510 115
1859520 115
1859530 115
1859540 115
1859550 115
1859560 115
1859570 115
1859580 115
1859590 115
1859600 115
1859610 115
1859620 115
1859630 115
1859640 115
1859650 115
1859660 115
1859670 115
1859680 115
1859690 115
1859700 115
1859710 115
1859720 115
1859730 115
1859740 115
1859750 115
1859760 115
1859770 115
1859780 115
1859790 115
1859800 115
1859810 115
1859820 115
1859830 115
1859840 115
1859850 115
1859860 115
1859870 115
1859880 115
1859890 115
1859900 115
1859910 115
1859920 115
1859930 115
1859940 115
1859950 115
1859960 115
1859970 115
1859980 115
1859990 115
