1840000 196
1840010 196
1840020 196
1840030 196
1840040 196
1840050 196
1840060 196
1840070 196
1840080 196
1840090 196
1840100 196
1840110 195
1840120 195
1840130 195
1840140 195
1840150 196
1840160 196
1840170 196
1840180 195
1840190 195
1840200 195
1840210 195
1840220 194
1840230 194
1840240 194
1840250 194
1840260 194
1840270 193
1840280 193
1840290 193
1840300 193
1840310 193
1840320 192
1840330 192
1840340 192
1840350 192
1840360 191
1840370 191
1840380 191
1840390 191
1840400 191
1840410 191
1840420 191
1840430 191
1840440 190
1840450 190
1840460 190
1840470 190
1840480 190
1840490 190
1840500 190
1840510 190
1840520 190
1840530 190
1840540 190
1840550 190
1840560 190
1840570 190
1840580 190
1840590 190
1840600 189
1840610 189
1840620 189
1840630 189
1840640 189
1840650 189
1840660 189
1840670 189
1840680 189
1840690 189
1840700 189
1840710 189
1840720 188
1840730 188
1840740 188
1840750 188
1840760 188
1840770 188
1840780 187
1840790 187
1840800 187
1840810 187
1840820 187
1840830 187
1840840 187
1840850 186
1840860 186
1840870 186
1840880 186
1840890 186
1840900 186
1840910 186
1840920 186
1840930 186
1840940 185
1840950 185
1840960 185
1840970 185
1840980 185
1840990 185
1841000 185
1841010 185
1841020 185
1841030 186
1841040 186
1841050 186
1841060 186
1841070 186
1841080 185
1841090 186
1841100 186
1841110 186
1841120 186
1841130 186
1841140 186
1841150 187
1841160 187
1841170 187
1841180 187
1841190 187
1841200 188
1841210 188
1841220 189
1841230 189
1841240 189
1841250 190
1841260 190
1841270 191
1841280 192
1841290 192
1841300 194
1841310 195
1841320 195
1841330 196
1841340 197
1841350 197
1841360 197
1841370 198
1841380 198
1841390 199
1841400 200
1841410 200
1841420 201
1841430 202
1841440 202
1841450 203
1841460 205
1841470 205
1841480 205
1841490 206
1841500 206
1841510 206
1841520 207
1841530 207
1841540 208
1841550 209
1841560 209
1841570 210
1841580 211
1841590 211
1841600 213
1841610 214
1841620 214
1841630 216
1841640 217
1841650 217
1841660 220
1841670 222
1841680 222
1841690 224
1841700 226
1841710 226
1841720 228
1841730 230
1841740 230
1841750 231
1841760 232
1841770 232
1841780 232
1841790 233
1841800 234
1841810 234
1841820 234
1841830 234
1841840 234
1841850 235
1841860 235
1841870 235
1841880 236
1841890 236
1841900 236
1841910 237
1841920 238
1841930 238
1841940 239
1841950 240
1841960 240
1841970 241
1841980 241
1841990 241
1842000 241
1842010 241
1842020 241
1842030 242
1842040 242
1842050 242
1842060 243
1842070 244
1842080 244
1842090 244
1842100 243
1842110 243
1842120 243
1842130 243
1842140 243
1842150 243
1842160 243
1842170 243
1842180 243
1842190 243
1842200 243
1842210 242
1842220 241
1842230 241
1842240 239
1842250 238
1842260 238
1842270 237
1842280 236
1842290 236
1842300 236
1842310 235
1842320 235
1842330 234
1842340 233
1842350 232
1842360 232
1842370 231
1842380 229
1842390 229
1842400 228
1842410 228
1842420 228
1842430 227
1842440 227
1842450 227
1842460 227
1842470 227
1842480 227
1842490 227
1842500 227
1842510 227
1842520 226
1842530 226
1842540 226
1842550 226
1842560 226
1842570 226
1842580 226
1842590 226
1842600 226
1842610 226
1842620 225
1842630 225
1842640 225
1842650 224
1842660 224
1842670 223
1842680 222
1842690 222
1842700 222
1842710 221
1842720 221
1842730 221
1842740 221
1842750 221
1842760 220
1842770 220
1842780 220
1842790 220
1842800 220
1842810 220
1842820 220
1842830 220
1842840 220
1842850 220
1842860 220
1842870 220
1842880 219
1842890 219
1842900 219
1842910 219
1842920 219
1842930 219
1842940 219
1842950 218
1842960 218
1842970 218
1842980 218
1842990 218
1843000 218
1843010 218
1843020 218
1843030 218
1843040 218
1843050 218
1843060 218
1843070 219
1843080 220
1843090 220
1843100 222
1843110 223
1843120 223
1843130 224
1843140 224
1843150 224
1843160 225
1843170 225
1843180 225
1843190 226
1843200 226
1843210 226
1843220 226
1843230 226
1843240 226
1843250 226
1843260 226
1843270 226
1843280 226
1843290 226
1843300 226
1843310 226
1843320 226
1843330 226
1843340 226
1843350 226
1843360 226
1843370 225
1843380 225
1843390 225
1843400 224
1843410 223
1843420 223
1843430 223
1843440 222
1843450 221
1843460 221
1843470 221
1843480 220
1843490 220
1843500 220
1843510 220
1843520 220
1843530 219
1843540 219
1843550 219
1843560 219
1843570 219
1843580 219
1843590 219
1843600 219
1843610 219
1843620 219
1843630 219
1843640 219
1843650 219
1843660 219
1843670 219
1843680 218
1843690 218
1843700 218
1843710 218
1843720 217
1843730 217
1843740 217
1843750 216
1843760 216
1843770 216
1843780 215
1843790 215
1843800 215
1843810 214
1843820 214
1843830 213
1843840 212
1843850 212
1843860 210
1843870 209
1843880 209
1843890 208
1843900 207
1843910 207
1843920 206
1843930 205
1843940 205
1843950 204
1843960 204
1843970 204
1843980 203
1843990 203
1844000 203
1844010 203
1844020 203
1844030 203
1844040 203
1844050 203
1844060 203
1844070 203
1844080 203
1844090 203
1844100 203
1844110 203
1844120 202
1844130 202
1844140 202
1844150 201
1844160 201
1844170 201
1844180 201
1844190 201
1844200 200
1844210 200
1844220 200
1844230 200
1844240 199
1844250 199
1844260 198
1844270 197
1844280 197
1844290 196
1844300 196
1844310 196
1844320 195
1844330 194
1844340 194
1844350 193
1844360 192
1844370 192
1844380 192
1844390 191
1844400 191
1844410 191
1844420 191
1844430 191
1844440 190
1844450 190
1844460 190
1844470 189
1844480 189
1844490 189
1844500 188
1844510 187
1844520 187
1844530 187
1844540 186
1844550 186
1844560 186
1844570 185
1844580 185
1844590 185
1844600 184
1844610 184
1844620 184
1844630 183
1844640 183
1844650 183
1844660 182
1844670 182
1844680 182
1844690 181
1844700 181
1844710 181
1844720 180
1844730 180
1844740 180
1844750 179
1844760 179
1844770 179
1844780 178
1844790 178
1844800 178
1844810 178
1844820 177
1844830 177
1844840 177
1844850 177
1844860 177
1844870 177
1844880 177
1844890 177
1844900 177
1844910 177
1844920 177
1844930 177
1844940 177
1844950 177
1844960 176
1844970 176
1844980 176
1844990 176
1845000 176
1845010 176
1845020 175
1845030 175
1845040 175
1845050 175
1845060 175
1845070 175
1845080 174
1845090 174
1845100 174
1845110 174
1845120 174
1845130 174
1845140 174
1845150 174
1845160 174
1845170 174
1845180 174
1845190 174
1845200 174
1845210 174
1845220 173
1845230 173
1845240 173
1845250 173
1845260 173
1845270 173
1845280 173
1845290 173
1845300 173
1845310 173
1845320 173
1845330 173
1845340 173
1845350 173
1845360 173
1845370 173
1845380 173
1845390 173
1845400 173
1845410 173
1845420 174
1845430 174
1845440 174
1845450 174
1845460 173
1845470 173
1845480 173
1845490 173
1845500 173
1845510 173
1845520 173
1845530 173
1845540 173
1845550 173
1845560 173
1845570 172
1845580 172
1845590 172
1845600 172
1845610 171
1845620 171
1845630 171
1845640 171
1845650 171
1845660 170
1845670 170
1845680 170
1845690 170
1845700 170
1845710 169
1845720 169
1845730 169
1845740 169
1845750 169
1845760 169
1845770 169
1845780 169
1845790 168
1845800 168
1845810 168
1845820 168
1845830 168
1845840 168
1845850 168
1845860 168
1845870 168
1845880 168
1845890 167
1845900 167
1845910 167
1845920 167
1845930 167
1845940 167
1845950 167
1845960 167
1845970 167
1845980 167
1845990 167
1846000 167
1846010 167
1846020 167
1846030 167
1846040 168
1846050 168
1846060 168
1846070 168
1846080 168
1846090 168
1846100 168
1846110 168
1846120 168
1846130 168
1846140 168
1846150 168
1846160 168
1846170 168
1846180 167
1846190 167
1846200 167
1846210 166
1846220 165
1846230 165
1846240 165
1846250 164
1846260 164
1846270 164
1846280 164
1846290 163
1846300 163
1846310 163
1846320 163
1846330 163
1846340 163
1846350 163
1846360 163
1846370 163
1846380 164
1846390 164
1846400 164
1846410 164
1846420 164
1846430 164
1846440 165
1846450 165
1846460 165
1846470 166
1846480 166
1846490 166
1846500 166
1846510 166
1846520 165
1846530 165
1846540 165
1846550 165
1846560 165
1846570 165
1846580 165
1846590 165
1846600 165
1846610 165
1846620 165
1846630 165
1846640 165
1846650 165
1846660 165
1846670 164
1846680 164
1846690 164
1846700 164
1846710 164
1846720 164
1846730 164
1846740 164
1846750 164
1846760 164
1846770 164
1846780 164
1846790 163
1846800 163
1846810 163
1846820 163
1846830 163
1846840 163
1846850 163
1846860 163
1846870 163
1846880 163
1846890 163
1846900 163
1846910 163
1846920 163
1846930 163
1846940 163
1846950 162
1846960 162
1846970 162
1846980 162
1846990 161
1847000 161
1847010 161
1847020 161
1847030 161
1847040 160
1847050 160
1847060 160
1847070 160
1847080 159
1847090 159
1847100 159
1847110 159
1847120 159
1847130 158
1847140 158
1847150 158
1847160 158
1847170 157
1847180 157
1847190 157
1847200 157
1847210 157
1847220 157
1847230 156
1847240 156
1847250 156
1847260 156
1847270 156
1847280 156
1847290 156
1847300 156
1847310 156
1847320 156
1847330 156
1847340 156
1847350 156
1847360 156
1847370 156
1847380 156
1847390 156
1847400 156
1847410 156
1847420 157
1847430 157
1847440 157
1847450 157
1847460 157
1847470 157
1847480 157
1847490 157
1847500 157
1847510 156
1847520 156
1847530 156
1847540 156
1847550 156
1847560 155
1847570 155
1847580 155
1847590 155
1847600 155
1847610 155
1847620 155
1847630 155
1847640 155
1847650 155
1847660 155
1847670 155
1847680 155
1847690 155
1847700 155
1847710 156
1847720 156
1847730 156
1847740 157
1847750 157
1847760 157
1847770 158
1847780 158
1847790 158
1847800 159
1847810 159
1847820 159
1847830 159
1847840 159
1847850 159
1847860 159
1847870 159
1847880 159
1847890 158
1847900 158
1847910 158
1847920 158
1847930 158
1847940 158
1847950 158
1847960 158
1847970 158
1847980 158
1847990 158
1848000 159
1848010 159
1848020 159
1848030 159
1848040 159
1848050 159
1848060 160
1848070 160
1848080 160
1848090 161
1848100 161
1848110 161
1848120 162
1848130 162
1848140 162
1848150 163
1848160 163
1848170 163
1848180 163
1848190 163
1848200 164
1848210 164
1848220 164
1848230 165
1848240 165
1848250 165
1848260 166
1848270 168
1848280 168
1848290 169
1848300 170
1848310 170
1848320 171
1848330 171
1848340 171
1848350 171
1848360 171
1848370 171
1848380 171
1848390 171
1848400 171
1848410 171
1848420 171
1848430 171
1848440 171
1848450 171
1848460 171
1848470 171
1848480 172
1848490 172
1848500 172
1848510 172
1848520 172
1848530 172
1848540 172
1848550 172
1848560 172
1848570 172
1848580 172
1848590 172
1848600 172
1848610 172
1848620 172
1848630 171
1848640 171
1848650 171
1848660 171
1848670 170
1848680 170
1848690 170
1848700 170
1848710 170
1848720 170
1848730 170
1848740 170
1848750 170
1848760 170
1848770 170
1848780 170
1848790 170
1848800 170
1848810 170
1848820 171
1848830 171
1848840 171
1848850 171
1848860 171
1848870 172
1848880 173
1848890 173
1848900 173
1848910 173
1848920 173
1848930 173
1848940 173
1848950 173
1848960 174
1848970 174
1848980 174
1848990 174
1849000 175
1849010 175
1849020 175
1849030 176
1849040 176
1849050 177
1849060 177
1849070 178
1849080 178
1849090 179
1849100 179
1849110 179
1849120 179
1849130 180
1849140 180
1849150 181
1849160 181
1849170 181
1849180 182
1849190 183
1849200 183
1849210 183
1849220 183
1849230 183
1849240 183
1849250 183
1849260 183
1849270 183
1849280 183
1849290 183
1849300 183
1849310 183
1849320 183
1849330 182
1849340 182
1849350 182
1849360 183
1849370 184
1849380 184
1849390 184
1849400 184
1849410 184
1849420 185
1849430 185
1849440 185
1849450 186
1849460 187
1849470 187
1849480 188
1849490 189
1849500 191
1849510 191
1849520 192
1849530 192
1849540 193
1849550 194
1849560 194
1849570 196
1849580 197
1849590 197
1849600 198
1849610 200
1849620 201
1849630 201
1849640 201
1849650 201
1849660 201
1849670 201
1849680 201
1849690 201
1849700 201
1849710 201
1849720 201
1849730 201
1849740 200
1849750 200
1849760 199
1849770 198
1849780 198
1849790 198
1849800 198
1849810 198
1849820 197
1849830 197
1849840 197
1849850 197
1849860 197
1849870 197
1849880 197
1849890 197
1849900 197
1849910 197
1849920 197
1849930 197
1849940 197
1849950 197
1849960 197
1849970 197
1849980 197
1849990 197
1850000 197
1850010 197
1850020 197
1850030 196
1850040 196
1850050 196
1850060 196
1850070 196
1850080 196
1850090 196
1850100 196
1850110 196
1850120 196
1850130 196
1850140 196
1850150 197
1850160 197
1850170 197
1850180 197
1850190 198
1850200 198
1850210 198
1850220 199
1850230 199
1850240 199
1850250 199
1850260 199
1850270 199
1850280 199
1850290 199
1850300 199
1850310 199
1850320 198
1850330 198
1850340 197
1850350 194
1850360 194
1850370 193
1850380 192
1850390 192
1850400 193
1850410 196
1850420 196
1850430 197
1850440 198
1850450 198
1850460 199
1850470 198
1850480 198
1850490 198
1850500 197
1850510 197
1850520 196
1850530 195
1850540 195
1850550 193
1850560 193
1850570 193
1850580 193
1850590 193
1850600 193
1850610 192
1850620 192
1850630 192
1850640 192
1850650 192
1850660 192
1850670 192
1850680 191
1850690 191
1850700 191
1850710 191
1850720 191
1850730 191
1850740 190
1850750 190
1850760 190
1850770 190
1850780 189
1850790 189
1850800 189
1850810 189
1850820 189
1850830 189
1850840 189
1850850 189
1850860 189
1850870 189
1850880 189
1850890 188
1850900 188
1850910 188
1850920 188
1850930 188
1850940 188
1850950 188
1850960 189
1850970 189
1850980 189
1850990 189
1851000 189
1851010 189
1851020 188
1851030 188
1851040 190
1851050 190
1851060 190
1851070 189
1851080 188
1851090 188
1851100 188
1851110 190
1851120 190
1851130 188
1851140 182
1851150 182
1851160 176
1851170 173
1851180 173
1851190 168
1851200 165
1851210 165
1851220 164
1851230 164
1851240 164
1851250 165
1851260 165
1851270 165
1851280 166
1851290 165
1851300 166
1851310 166
1851320 167
1851330 168
1851340 168
1851350 173
1851360 177
1851370 177
1851380 177
1851390 177
1851400 177
1851410 181
1851420 185
1851430 185
1851440 187
1851450 187
1851460 187
1851470 187
1851480 187
1851490 187
1851500 188
1851510 189
1851520 189
1851530 189
1851540 190
1851550 190
1851560 191
1851570 192
1851580 192
1851590 193
1851600 194
1851610 194
1851620 194
1851630 195
1851640 195
1851650 197
1851660 199
1851670 199
1851680 200
1851690 200
1851700 200
1851710 201
1851720 202
1851730 202
1851740 203
1851750 202
1851760 202
1851770 202
1851780 202
1851790 202
1851800 201
1851810 201
1851820 201
1851830 201
1851840 201
1851850 201
1851860 201
1851870 201
1851880 201
1851890 201
1851900 201
1851910 201
1851920 201
1851930 200
1851940 200
1851950 200
1851960 199
1851970 199
1851980 199
1851990 200
1852000 200
1852010 200
1852020 200
1852030 200
1852040 200
1852050 200
1852060 200
1852070 200
1852080 201
1852090 202
1852100 202
1852110 203
1852120 204
1852130 204
1852140 204
1852150 205
1852160 205
1852170 206
1852180 207
1852190 207
1852200 208
1852210 208
1852220 208
1852230 209
1852240 210
1852250 210
1852260 211
1852270 211
1852280 211
1852290 212
1852300 213
1852310 213
1852320 213
1852330 213
1852340 213
1852350 213
1852360 213
1852370 213
1852380 213
1852390 213
1852400 213
1852410 213
1852420 213
1852430 212
1852440 212
1852450 212
1852460 212
1852470 212
1852480 211
1852490 211
1852500 211
1852510 210
1852520 210
1852530 210
1852540 210
1852550 209
1852560 209
1852570 209
1852580 208
1852590 208
1852600 208
1852610 208
1852620 208
1852630 207
1852640 207
1852650 207
1852660 206
1852670 206
1852680 206
1852690 205
1852700 205
1852710 205
1852720 205
1852730 204
1852740 204
1852750 204
1852760 203
1852770 203
1852780 203
1852790 202
1852800 202
1852810 202
1852820 202
1852830 202
1852840 201
1852850 201
1852860 201
1852870 201
1852880 201
1852890 201
1852900 201
1852910 201
1852920 201
1852930 201
1852940 201
1852950 201
1852960 201
1852970 201
1852980 201
1852990 201
1853000 201
1853010 202
1853020 202
1853030 202
1853040 202
1853050 202
1853060 202
1853070 203
1853080 203
1853090 204
1853100 205
1853110 205
1853120 206
1853130 207
1853140 207
1853150 208
1853160 209
1853170 209
1853180 210
1853190 211
1853200 211
1853210 211
1853220 211
1853230 211
1853240 211
1853250 211
1853260 211
1853270 210
1853280 210
1853290 210
1853300 210
1853310 209
1853320 209
1853330 209
1853340 208
1853350 208
1853360 207
1853370 207
1853380 207
1853390 207
1853400 206
1853410 206
1853420 206
1853430 205
1853440 205
1853450 205
1853460 204
1853470 204
1853480 204
1853490 203
1853500 203
1853510 203
1853520 203
1853530 203
1853540 202
1853550 202
1853560 202
1853570 202
1853580 201
1853590 201
1853600 201
1853610 200
1853620 200
1853630 200
1853640 200
1853650 199
1853660 199
1853670 199
1853680 198
1853690 198
1853700 198
1853710 197
1853720 197
1853730 197
1853740 196
1853750 196
1853760 196
1853770 196
1853780 196
1853790 195
1853800 195
1853810 195
1853820 195
1853830 193
1853840 193
1853850 193
1853860 192
1853870 192
1853880 191
1853890 191
1853900 191
1853910 190
1853920 188
1853930 188
1853940 188
1853950 189
1853960 189
1853970 188
1853980 187
1853990 187
1854000 187
1854010 186
1854020 186
1854030 186
1854040 185
1854050 185
1854060 185
1854070 184
1854080 184
1854090 184
1854100 183
1854110 183
1854120 183
1854130 183
1854140 182
1854150 182
1854160 182
1854170 182
1854180 182
1854190 181
1854200 180
1854210 180
1854220 180
1854230 179
1854240 179
1854250 179
1854260 178
1854270 178
1854280 178
1854290 177
1854300 177
1854310 177
1854320 176
1854330 176
1854340 176
1854350 175
1854360 175
1854370 175
1854380 174
1854390 174
1854400 174
1854410 173
1854420 173
1854430 173
1854440 172
1854450 172
1854460 172
1854470 170
1854480 170
1854490 169
1854500 168
1854510 168
1854520 168
1854530 167
1854540 167
1854550 167
1854560 168
1854570 168
1854580 168
1854590 168
1854600 168
1854610 169
1854620 169
1854630 169
1854640 170
1854650 169
1854660 168
1854670 168
1854680 166
1854690 165
1854700 165
1854710 163
1854720 162
1854730 162
1854740 164
1854750 166
1854760 166
1854770 168
1854780 168
1854790 168
1854800 167
1854810 166
1854820 166
1854830 165
1854840 164
1854850 164
1854860 164
1854870 164
1854880 164
1854890 163
1854900 163
1854910 163
1854920 162
1854930 162
1854940 162
1854950 161
1854960 161
1854970 161
1854980 160
1854990 160
1855000 160
1855010 159
1855020 158
1855030 158
1855040 157
1855050 156
1855060 156
1855070 155
1855080 154
1855090 154
1855100 153
1855110 152
1855120 152
1855130 151
1855140 150
1855150 150
1855160 150
1855170 149
1855180 149
1855190 149
1855200 148
1855210 148
1855220 148
1855230 148
1855240 145
1855250 145
1855260 144
1855270 144
1855280 144
1855290 144
1855300 145
1855310 145
1855320 145
1855330 144
1855340 144
1855350 144
1855360 143
1855370 143
1855380 143
1855390 143
1855400 143
1855410 140
1855420 139
1855430 139
1855440 139
1855450 138
1855460 138
1855470 137
1855480 136
1855490 136
1855500 136
1855510 135
1855520 135
1855530 134
1855540 134
1855550 134
1855560 133
1855570 132
1855580 132
1855590 131
1855600 130
1855610 130
1855620 129
1855630 128
1855640 128
1855650 126
1855660 124
1855670 124
1855680 123
1855690 122
1855700 122
1855710 121
1855720 121
1855730 121
1855740 120
1855750 120
1855760 120
1855770 120
1855780 120
1855790 120
1855800 120
1855810 119
1855820 119
1855830 119
1855840 118
1855850 118
1855860 118
1855870 118
1855880 118
1855890 118
1855900 118
1855910 118
1855920 118
1855930 118
1855940 118
1855950 118
1855960 117
1855970 117
1855980 117
1855990 117
1856000 117
1856010 117
1856020 117
1856030 117
1856040 117
1856050 117
1856060 117
1856070 117
1856080 116
1856090 116
1856100 116
1856110 116
1856120 116
1856130 116
1856140 116
1856150 116
1856160 116
1856170 116
1856180 116
1856190 116
1856200 116
1856210 116
1856220 116
1856230 116
1856240 116
1856250 116
1856260 116
1856270 116
1856280 116
1856290 116
1856300 116
1856310 116
1856320 116
1856330 116
1856340 116
1856350 116
1856360 116
1856370 116
1856380 116
1856390 116
1856400 115
1856410 115
1856420 115
1856430 115
1856440 115
1856450 115
1856460 115
1856470 115
1856480 115
1856490 115
1856500 115
1856510 115
1856520 115
1856530 115
1856540 115
1856550 115
1856560 115
1856570 115
1856580 115
1856590 115
1856600 115
1856610 115
1856620 115
1856630 115
1856640 115
1856650 115
1856660 115
1856670 115
1856680 115
1856690 115
1856700 115
1856710 115
1856720 115
1856730 115
1856740 115
1856750 115
1856760 115
1856770 115
1856780 115
1856790 115
1856800 115
1856810 115
1856820 115
1856830 115
1856840 115
1856850 115
1856860 115
1856870 115
1856880 115
1856890 115
1856900 115
1856910 115
1856920 115
1856930 115
1856940 115
1856950 115
1856960 115
1856970 115
1856980 115
1856990 115
1857000 115
1857010 115
1857020 115
1857030 115
1857040 115
1857050 115
1857060 115
1857070 115
1857080 115
1857090 115
1857100 115
1857110 115
1857120 115
1857130 115
1857140 115
1857150 115
1857160 115
1857170 115
1857180 115
1857190 115
1857200 115
1857210 115
1857220 115
1857230 115
1857240 115
1857250 115
1857260 115
1857270 115
1857280 115
1857290 115
1857300 115
1857310 115
1857320 115
1857330 115
1857340 115
1857350 115
1857360 115
1857370 115
1857380 115
1857390 115
1857400 115
1857410 115
1857420 115
1857430 115
1857440 115
1857450 115
1857460 115
1857470 115
1857480 115
1857490 115
1857500 115
1857510 115
1857520 115
1857530 115
1857540 115
1857550 115
1857560 115
1857570 115
1857580 115
1857590 115
1857600 115
1857610 115
1857620 115
1857630 115
1857640 115
1857650 115
1857660 115
1857670 115
1857680 115
1857690 115
1857700 115
1857710 115
1857720 115
1857730 115
1857740 115
1857750 115
1857760 115
1857770 115
1857780 115
1857790 115
1857800 115
1857810 115
1857820 115
1857830 115
1857840 115
1857850 115
1857860 115
1857870 115
1857880 115
1857890 115
1857900 115
1857910 115
1857920 115
1857930 115
1857940 115
1857950 115
1857960 115
1857970 115
1857980 115
1857990 115
1858000 115
1858010 115
1858020 115
1858030 115
1858040 115
1858050 115
1858060 115
1858070 115
1858080 115
1858090 115
1858100 115
1858110 115
1858120 115
1858130 115
1858140 115
1858150 115
1858160 115
1858170 115
1858180 115
1858190 115
1858200 115
1858210 115
1858220 115
1858230 115
1858240 115
1858250 115
1858260 115
1858270 115
1858280 115
1858290 115
1858300 115
1858310 115
1858320 115
1858330 115
1858340 115
1858350 115
1858360 115
1858370 115
1858380 115
1858390 115
1858400 115
1858410 115
1858420 115
1858430 115
1858440 115
1858450 115
1858460 115
1858470 115
1858480 115
1858490 115
1858500 115
1858510 115
1858520 115
1858530 115
1858540 115
1858550 115
1858560 115
1858570 115
1858580 115
1858590 115
1858600 115
1858610 115
1858620 115
1858630 115
1858640 115
1858650 115
1858660 115
1858670 115
1858680 115
1858690 115
1858700 115
1858710 115
1858720 115
1858730 115
1858740 115
1858750 115
1858760 115
1858770 115
1858780 115
1858790 115
1858800 115
1858810 115
1858820 115
1858830 115
1858840 115
1858850 115
1858860 115
1858870 115
1858880 115
1858890 115
1858900 115
1858910 115
1858920 115
1858930 115
1858940 115
1858950 115
1858960 115
1858970 115
1858980 115
1858990 115
1859000 115
1859010 115
1859020 115
1859030 115
1859040 115
1859050 115
1859060 115
1859070 115
1859080 115
1859090 115
1859100 115
1859110 115
1859120 115
1859130 115
1859140 115
1859150 115
1859160 115
1859170 115
1859180 115
1859190 115
1859200 115
1859210 115
1859220 115
1859230 115
1859240 115
1859250 115
1859260 115
1859270 115
1859280 115
1859290 115
1859300 115
1859310 115
1859320 115
1859330 115
1859340 115
1859350 115
1859360 115
1859370 115
1859380 115
1859390 115
1859400 115
1859410 115
1859420 115
1859430 115
1859440 115
1859450 115
1859460 115
1859470 115
1859480 115
1859490 115
1859500 115
1859510 115
1859520 115
1859530 115
1859540 115
1859550 115
1859560 115
1859570 115
1859580 115
1859590 115
1859600 115
1859610 115
1859620 115
1859630 115
1859640 115
1859650 115
1859660 115
1859670 115
1859680 115
1859690 115
1859700 115
1859710 115
1859720 115
1859730 115
1859740 115
1859750 115
1859760 115
1859770 115
1859780 115
1859790 115
1859800 115
1859810 115
1859820 115
1859830 115
1859840 115
1859850 115
1859860 115
1859870 115
1859880 115
1859890 115
1859900 115
1859910 115
1859920 115
1859930 115
1859940 115
1859950 115
1859960 115
1859970 115
1859980 115
1859990 115
