1840000 175
1840010 175
1840020 175
1840030 175
1840040 175
1840050 175
1840060 174
1840070 174
1840080 174
1840090 174
1840100 174
1840110 173
1840120 173
1840130 173
1840140 173
1840150 173
1840160 173
1840170 173
1840180 173
1840190 173
1840200 173
1840210 173
1840220 173
1840230 173
1840240 174
1840250 174
1840260 174
1840270 174
1840280 174
1840290 174
1840300 173
1840310 173
1840320 173
1840330 173
1840340 173
1840350 173
1840360 173
1840370 173
1840380 173
1840390 173
1840400 173
1840410 173
1840420 173
1840430 173
1840440 173
1840450 173
1840460 173
1840470 173
1840480 175
1840490 174
1840500 174
1840510 171
1840520 170
1840530 170
1840540 170
1840550 170
1840560 170
1840570 170
1840580 170
1840590 170
1840600 170
1840610 169
1840620 169
1840630 169
1840640 169
1840650 169
1840660 169
1840670 169
1840680 169
1840690 169
1840700 168
1840710 168
1840720 169
1840730 169
1840740 169
1840750 168
1840760 167
1840770 167
1840780 165
1840790 166
1840800 166
1840810 167
1840820 167
1840830 167
1840840 167
1840850 167
1840860 167
1840870 167
1840880 168
1840890 168
1840900 168
1840910 168
1840920 168
1840930 169
1840940 169
1840950 169
1840960 169
1840970 169
1840980 169
1840990 169
1841000 169
1841010 169
1841020 169
1841030 169
1841040 169
1841050 169
1841060 169
1841070 169
1841080 169
1841090 169
1841100 169
1841110 169
1841120 169
1841130 169
1841140 169
1841150 170
1841160 170
1841170 170
1841180 170
1841190 170
1841200 170
1841210 171
1841220 171
1841230 171
1841240 172
1841250 172
1841260 172
1841270 173
1841280 173
1841290 173
1841300 173
1841310 173
1841320 173
1841330 173
1841340 173
1841350 173
1841360 173
1841370 173
1841380 173
1841390 174
1841400 174
1841410 174
1841420 172
1841430 172
1841440 172
1841450 172
1841460 171
1841470 171
1841480 171
1841490 171
1841500 171
1841510 171
1841520 171
1841530 171
1841540 171
1841550 171
1841560 171
1841570 171
1841580 171
1841590 171
1841600 172
1841610 172
1841620 173
1841630 173
1841640 173
1841650 173
1841660 173
1841670 173
1841680 173
1841690 173
1841700 174
1841710 175
1841720 175
1841730 175
1841740 176
1841750 176
1841760 176
1841770 176
1841780 177
1841790 178
1841800 179
1841810 179
1841820 180
1841830 181
1841840 181
1841850 182
1841860 184
1841870 184
1841880 186
1841890 188
1841900 188
1841910 190
1841920 193
1841930 193
1841940 195
1841950 197
1841960 197
1841970 200
1841980 202
1841990 202
1842000 204
1842010 205
1842020 205
1842030 206
1842040 208
1842050 208
1842060 208
1842070 208
1842080 208
1842090 208
1842100 208
1842110 208
1842120 208
1842130 208
1842140 208
1842150 208
1842160 207
1842170 207
1842180 207
1842190 206
1842200 205
1842210 205
1842220 204
1842230 204
1842240 204
1842250 203
1842260 203
1842270 203
1842280 204
1842290 204
1842300 204
1842310 205
1842320 206
1842330 206
1842340 206
1842350 207
1842360 207
1842370 208
1842380 208
1842390 208
1842400 208
1842410 208
1842420 208
1842430 208
1842440 208
1842450 208
1842460 207
1842470 207
1842480 207
1842490 206
1842500 206
1842510 206
1842520 205
1842530 205
1842540 205
1842550 205
1842560 205
1842570 205
1842580 205
1842590 205
1842600 205
1842610 205
1842620 205
1842630 205
1842640 204
1842650 203
1842660 203
1842670 202
1842680 202
1842690 202
1842700 201
1842710 200
1842720 200
1842730 199
1842740 199
1842750 198
1842760 198
1842770 197
1842780 197
1842790 197
1842800 197
1842810 196
1842820 196
1842830 196
1842840 196
1842850 196
1842860 195
1842870 195
1842880 195
1842890 195
1842900 195
1842910 195
1842920 195
1842930 195
1842940 195
1842950 194
1842960 194
1842970 194
1842980 194
1842990 193
1843000 193
1843010 193
1843020 193
1843030 193
1843040 192
1843050 192
1843060 192
1843070 192
1843080 192
1843090 192
1843100 191
1843110 191
1843120 191
1843130 191
1843140 191
1843150 191
1843160 190
1843170 190
1843180 190
1843190 190
1843200 190
1843210 190
1843220 190
1843230 190
1843240 190
1843250 189
1843260 189
1843270 189
1843280 189
1843290 189
1843300 189
1843310 188
1843320 188
1843330 188
1843340 188
1843350 187
1843360 187
1843370 187
1843380 187
1843390 187
1843400 187
1843410 187
1843420 186
1843430 186
1843440 186
1843450 186
1843460 186
1843470 186
1843480 186
1843490 186
1843500 186
1843510 185
1843520 185
1843530 185
1843540 185
1843550 185
1843560 185
1843570 184
1843580 184
1843590 184
1843600 184
1843610 184
1843620 183
1843630 183
1843640 183
1843650 183
1843660 183
1843670 183
1843680 183
1843690 183
1843700 183
1843710 182
1843720 182
1843730 182
1843740 182
1843750 182
1843760 182
1843770 182
1843780 182
1843790 182
1843800 183
1843810 183
1843820 183
1843830 183
1843840 183
1843850 183
1843860 184
1843870 184
1843880 184
1843890 184
1843900 185
1843910 185
1843920 185
1843930 186
1843940 187
1843950 187
1843960 187
1843970 188
1843980 188
1843990 189
1844000 189
1844010 189
1844020 190
1844030 191
1844040 191
1844050 191
1844060 192
1844070 192
1844080 191
1844090 190
1844100 190
1844110 190
1844120 190
1844130 190
1844140 190
1844150 190
1844160 190
1844170 190
1844180 190
1844190 190
1844200 190
1844210 190
1844220 190
1844230 190
1844240 190
1844250 190
1844260 190
1844270 189
1844280 189
1844290 188
1844300 188
1844310 188
1844320 187
1844330 187
1844340 187
1844350 187
1844360 187
1844370 187
1844380 187
1844390 186
1844400 186
1844410 186
1844420 186
1844430 186
1844440 186
1844450 186
1844460 186
1844470 186
1844480 186
1844490 186
1844500 186
1844510 186
1844520 187
1844530 187
1844540 187
1844550 188
1844560 188
1844570 189
1844580 189
1844590 189
1844600 189
1844610 190
1844620 190
1844630 190
1844640 191
1844650 191
1844660 192
1844670 193
1844680 193
1844690 193
1844700 194
1844710 194
1844720 195
1844730 196
1844740 196
1844750 197
1844760 198
1844770 198
1844780 199
1844790 201
1844800 201
1844810 201
1844820 202
1844830 202
1844840 202
1844850 202
1844860 202
1844870 202
1844880 202
1844890 202
1844900 203
1844910 204
1844920 204
1844930 205
1844940 207
1844950 207
1844960 208
1844970 208
1844980 208
1844990 209
1845000 208
1845010 208
1845020 208
1845030 207
1845040 206
1845050 206
1845060 205
1845070 205
1845080 205
1845090 205
1845100 206
1845110 206
1845120 206
1845130 207
1845140 207
1845150 206
1845160 206
1845170 206
1845180 204
1845190 203
1845200 203
1845210 203
1845220 202
1845230 202
1845240 202
1845250 201
1845260 201
1845270 201
1845280 199
1845290 199
1845300 198
1845310 197
1845320 197
1845330 196
1845340 195
1845350 195
1845360 194
1845370 194
1845380 194
1845390 193
1845400 192
1845410 192
1845420 191
1845430 191
1845440 191
1845450 190
1845460 190
1845470 190
1845480 190
1845490 189
1845500 189
1845510 189
1845520 190
1845530 190
1845540 190
1845550 190
1845560 190
1845570 190
1845580 191
1845590 191
1845600 190
1845610 190
1845620 190
1845630 190
1845640 190
1845650 189
1845660 189
1845670 189
1845680 188
1845690 188
1845700 188
1845710 188
1845720 188
1845730 187
1845740 187
1845750 187
1845760 186
1845770 186
1845780 186
1845790 185
1845800 184
1845810 184
1845820 184
1845830 183
1845840 183
1845850 183
1845860 183
1845870 183
1845880 182
1845890 181
1845900 181
1845910 181
1845920 180
1845930 180
1845940 179
1845950 179
1845960 179
1845970 178
1845980 178
1845990 178
1846000 178
1846010 177
1846020 177
1846030 177
1846040 176
1846050 176
1846060 176
1846070 176
1846080 176
1846090 176
1846100 175
1846110 175
1846120 175
1846130 175
1846140 175
1846150 174
1846160 174
1846170 174
1846180 174
1846190 173
1846200 173
1846210 173
1846220 173
1846230 172
1846240 172
1846250 172
1846260 172
1846270 172
1846280 171
1846290 171
1846300 171
1846310 171
1846320 171
1846330 171
1846340 170
1846350 170
1846360 170
1846370 170
1846380 170
1846390 170
1846400 170
1846410 170
1846420 170
1846430 170
1846440 170
1846450 170
1846460 171
1846470 171
1846480 171
1846490 172
1846500 172
1846510 172
1846520 173
1846530 173
1846540 173
1846550 173
1846560 173
1846570 173
1846580 173
1846590 174
1846600 174
1846610 175
1846620 176
1846630 176
1846640 176
1846650 176
1846660 176
1846670 177
1846680 177
1846690 177
1846700 177
1846710 177
1846720 177
1846730 177
1846740 177
1846750 177
1846760 178
1846770 179
1846780 180
1846790 180
1846800 180
1846810 180
1846820 180
1846830 180
1846840 181
1846850 181
1846860 182
1846870 182
1846880 182
1846890 183
1846900 183
1846910 183
1846920 184
1846930 185
1846940 185
1846950 185
1846960 185
1846970 185
1846980 185
1846990 186
1847000 186
1847010 187
1847020 187
1847030 187
1847040 188
1847050 189
1847060 189
1847070 189
1847080 190
1847090 190
1847100 191
1847110 192
1847120 192
1847130 192
1847140 193
1847150 193
1847160 193
1847170 193
1847180 193
1847190 193
1847200 193
1847210 193
1847220 193
1847230 192
1847240 192
1847250 191
1847260 191
1847270 191
1847280 190
1847290 190
1847300 190
1847310 190
1847320 190
1847330 190
1847340 190
1847350 191
1847360 191
1847370 191
1847380 191
1847390 191
1847400 191
1847410 191
1847420 191
1847430 191
1847440 191
1847450 191
1847460 191
1847470 191
1847480 191
1847490 191
1847500 191
1847510 191
1847520 191
1847530 191
1847540 191
1847550 191
1847560 191
1847570 191
1847580 191
1847590 191
1847600 191
1847610 191
1847620 191
1847630 191
1847640 191
1847650 191
1847660 191
1847670 191
1847680 191
1847690 192
1847700 192
1847710 192
1847720 193
1847730 193
1847740 193
1847750 193
1847760 193
1847770 191
1847780 191
1847790 191
1847800 190
1847810 190
1847820 190
1847830 189
1847840 187
1847850 187
1847860 187
1847870 186
1847880 186
1847890 186
1847900 185
1847910 185
1847920 185
1847930 185
1847940 184
1847950 184
1847960 183
1847970 183
1847980 183
1847990 183
1848000 182
1848010 182
1848020 182
1848030 181
1848040 181
1848050 181
1848060 180
1848070 180
1848080 180
1848090 179
1848100 179
1848110 179
1848120 178
1848130 178
1848140 178
1848150 177
1848160 177
1848170 176
1848180 176
1848190 176
1848200 174
1848210 174
1848220 174
1848230 173
1848240 173
1848250 173
1848260 172
1848270 172
1848280 172
1848290 171
1848300 171
1848310 171
1848320 170
1848330 169
1848340 169
1848350 169
1848360 168
1848370 168
1848380 168
1848390 167
1848400 167
1848410 167
1848420 166
1848430 166
1848440 166
1848450 165
1848460 165
1848470 164
1848480 164
1848490 163
1848500 163
1848510 162
1848520 162
1848530 162
1848540 161
1848550 160
1848560 160
1848570 160
1848580 159
1848590 159
1848600 159
1848610 158
1848620 158
1848630 158
1848640 158
1848650 158
1848660 157
1848670 157
1848680 157
1848690 157
1848700 157
1848710 157
1848720 156
1848730 156
1848740 156
1848750 156
1848760 156
1848770 156
1848780 156
1848790 155
1848800 155
1848810 155
1848820 155
1848830 155
1848840 155
1848850 155
1848860 155
1848870 155
1848880 155
1848890 155
1848900 154
1848910 154
1848920 154
1848930 154
1848940 154
1848950 154
1848960 154
1848970 154
1848980 154
1848990 154
1849000 154
1849010 154
1849020 154
1849030 154
1849040 154
1849050 154
1849060 154
1849070 154
1849080 154
1849090 154
1849100 154
1849110 154
1849120 154
1849130 154
1849140 154
1849150 154
1849160 154
1849170 154
1849180 154
1849190 154
1849200 154
1849210 155
1849220 155
1849230 155
1849240 155
1849250 155
1849260 155
1849270 155
1849280 155
1849290 155
1849300 155
1849310 155
1849320 155
1849330 156
1849340 156
1849350 156
1849360 156
1849370 156
1849380 156
1849390 156
1849400 156
1849410 156
1849420 156
1849430 156
1849440 156
1849450 156
1849460 156
1849470 156
1849480 156
1849490 156
1849500 156
1849510 156
1849520 156
1849530 156
1849540 157
1849550 157
1849560 157
1849570 157
1849580 157
1849590 157
1849600 157
1849610 157
1849620 157
1849630 157
1849640 157
1849650 157
1849660 157
1849670 157
1849680 157
1849690 157
1849700 157
1849710 158
1849720 158
1849730 158
1849740 158
1849750 158
1849760 158
1849770 159
1849780 159
1849790 158
1849800 158
1849810 158
1849820 157
1849830 157
1849840 157
1849850 157
1849860 157
1849870 157
1849880 156
1849890 156
1849900 156
1849910 156
1849920 156
1849930 156
1849940 156
1849950 156
1849960 156
1849970 155
1849980 155
1849990 155
1850000 155
1850010 155
1850020 155
1850030 155
1850040 155
1850050 155
1850060 155
1850070 155
1850080 155
1850090 155
1850100 155
1850110 155
1850120 155
1850130 155
1850140 155
1850150 155
1850160 155
1850170 155
1850180 155
1850190 155
1850200 155
1850210 155
1850220 155
1850230 155
1850240 155
1850250 156
1850260 156
1850270 156
1850280 156
1850290 156
1850300 156
1850310 156
1850320 156
1850330 156
1850340 156
1850350 156
1850360 156
1850370 156
1850380 156
1850390 156
1850400 156
1850410 156
1850420 156
1850430 156
1850440 157
1850450 157
1850460 157
1850470 158
1850480 158
1850490 158
1850500 159
1850510 159
1850520 159
1850530 160
1850540 160
1850550 160
1850560 161
1850570 161
1850580 161
1850590 161
1850600 161
1850610 161
1850620 161
1850630 161
1850640 161
1850650 162
1850660 162
1850670 162
1850680 162
1850690 162
1850700 162
1850710 161
1850720 161
1850730 161
1850740 162
1850750 162
1850760 162
1850770 162
1850780 162
1850790 162
1850800 162
1850810 163
1850820 163
1850830 162
1850840 162
1850850 162
1850860 162
1850870 162
1850880 162
1850890 162
1850900 162
1850910 162
1850920 162
1850930 163
1850940 163
1850950 163
1850960 163
1850970 163
1850980 164
1850990 164
1851000 164
1851010 165
1851020 165
1851030 165
1851040 165
1851050 165
1851060 165
1851070 165
1851080 165
1851090 165
1851100 165
1851110 165
1851120 165
1851130 165
1851140 166
1851150 166
1851160 166
1851170 167
1851180 167
1851190 167
1851200 167
1851210 167
1851220 167
1851230 167
1851240 167
1851250 166
1851260 166
1851270 166
1851280 166
1851290 166
1851300 166
1851310 166
1851320 165
1851330 165
1851340 165
1851350 165
1851360 165
1851370 164
1851380 164
1851390 164
1851400 164
1851410 164
1851420 164
1851430 164
1851440 164
1851450 164
1851460 164
1851470 164
1851480 164
1851490 164
1851500 164
1851510 164
1851520 164
1851530 164
1851540 164
1851550 164
1851560 164
1851570 165
1851580 165
1851590 165
1851600 165
1851610 165
1851620 166
1851630 166
1851640 166
1851650 166
1851660 167
1851670 167
1851680 167
1851690 167
1851700 167
1851710 168
1851720 168
1851730 168
1851740 168
1851750 169
1851760 169
1851770 169
1851780 170
1851790 170
1851800 170
1851810 171
1851820 171
1851830 172
1851840 173
1851850 173
1851860 174
1851870 175
1851880 175
1851890 177
1851900 179
1851910 179
1851920 181
1851930 184
1851940 185
1851950 185
1851960 185
1851970 185
1851980 185
1851990 186
1852000 187
1852010 187
1852020 187
1852030 188
1852040 188
1852050 189
1852060 190
1852070 190
1852080 190
1852090 190
1852100 190
1852110 190
1852120 190
1852130 190
1852140 190
1852150 191
1852160 191
1852170 191
1852180 192
1852190 192
1852200 192
1852210 193
1852220 193
1852230 194
1852240 195
1852250 195
1852260 197
1852270 198
1852280 198
1852290 200
1852300 201
1852310 201
1852320 202
1852330 203
1852340 203
1852350 203
1852360 202
1852370 202
1852380 202
1852390 201
1852400 201
1852410 201
1852420 200
1852430 200
1852440 200
1852450 200
1852460 200
1852470 200
1852480 201
1852490 201
1852500 200
1852510 200
1852520 200
1852530 200
1852540 200
1852550 200
1852560 200
1852570 200
1852580 200
1852590 200
1852600 200
1852610 200
1852620 200
1852630 200
1852640 201
1852650 201
1852660 201
1852670 202
1852680 202
1852690 203
1852700 203
1852710 203
1852720 202
1852730 202
1852740 202
1852750 202
1852760 201
1852770 201
1852780 200
1852790 200
1852800 200
1852810 200
1852820 199
1852830 199
1852840 199
1852850 199
1852860 199
1852870 198
1852880 198
1852890 198
1852900 197
1852910 197
1852920 197
1852930 197
1852940 197
1852950 197
1852960 196
1852970 196
1852980 196
1852990 196
1853000 196
1853010 196
1853020 195
1853030 195
1853040 195
1853050 195
1853060 194
1853070 194
1853080 194
1853090 194
1853100 193
1853110 193
1853120 193
1853130 193
1853140 193
1853150 192
1853160 192
1853170 192
1853180 192
1853190 191
1853200 191
1853210 191
1853220 190
1853230 190
1853240 189
1853250 187
1853260 187
1853270 185
1853280 183
1853290 183
1853300 182
1853310 181
1853320 181
1853330 180
1853340 179
1853350 179
1853360 179
1853370 178
1853380 178
1853390 178
1853400 178
1853410 178
1853420 179
1853430 179
1853440 179
1853450 179
1853460 176
1853470 176
1853480 176
1853490 176
1853500 176
1853510 176
1853520 175
1853530 175
1853540 174
1853550 174
1853560 174
1853570 173
1853580 172
1853590 172
1853600 171
1853610 171
1853620 171
1853630 171
1853640 170
1853650 169
1853660 169
1853670 169
1853680 168
1853690 168
1853700 168
1853710 167
1853720 167
1853730 167
1853740 167
1853750 167
1853760 166
1853770 166
1853780 166
1853790 165
1853800 165
1853810 165
1853820 165
1853830 165
1853840 165
1853850 165
1853860 165
1853870 165
1853880 165
1853890 165
1853900 165
1853910 165
1853920 166
1853930 166
1853940 166
1853950 167
1853960 167
1853970 168
1853980 169
1853990 169
1854000 170
1854010 170
1854020 170
1854030 170
1854040 171
1854050 171
1854060 171
1854070 171
1854080 171
1854090 171
1854100 172
1854110 172
1854120 172
1854130 172
1854140 172
1854150 173
1854160 174
1854170 174
1854180 174
1854190 174
1854200 174
1854210 174
1854220 174
1854230 174
1854240 174
1854250 174
1854260 174
1854270 174
1854280 174
1854290 174
1854300 174
1854310 174
1854320 173
1854330 173
1854340 173
1854350 172
1854360 172
1854370 172
1854380 171
1854390 171
1854400 170
1854410 168
1854420 168
1854430 166
1854440 163
1854450 163
1854460 160
1854470 159
1854480 159
1854490 159
1854500 160
1854510 163
1854520 166
1854530 169
1854540 169
1854550 172
1854560 174
1854570 174
1854580 175
1854590 176
1854600 176
1854610 176
1854620 175
1854630 175
1854640 175
1854650 174
1854660 174
1854670 174
1854680 174
1854690 174
1854700 173
1854710 173
1854720 173
1854730 172
1854740 171
1854750 171
1854760 171
1854770 170
1854780 170
1854790 170
1854800 169
1854810 169
1854820 169
1854830 168
1854840 167
1854850 167
1854860 167
1854870 166
1854880 166
1854890 165
1854900 164
1854910 164
1854920 163
1854930 163
1854940 163
1854950 162
1854960 161
1854970 161
1854980 161
1854990 160
1855000 160
1855010 159
1855020 159
1855030 159
1855040 158
1855050 157
1855060 157
1855070 157
1855080 156
1855090 156
1855100 155
1855110 154
1855120 154
1855130 154
1855140 153
1855150 153
1855160 152
1855170 152
1855180 152
1855190 151
1855200 150
1855210 150
1855220 149
1855230 148
1855240 148
1855250 147
1855260 146
1855270 146
1855280 145
1855290 144
1855300 144
1855310 142
1855320 141
1855330 141
1855340 140
1855350 139
1855360 139
1855370 139
1855380 138
1855390 138
1855400 138
1855410 137
1855420 137
1855430 137
1855440 133
1855450 131
1855460 131
1855470 130
1855480 129
1855490 129
1855500 127
1855510 126
1855520 126
1855530 125
1855540 124
1855550 123
1855560 122
1855570 122
1855580 122
1855590 121
1855600 120
1855610 120
1855620 120
1855630 120
1855640 120
1855650 119
1855660 119
1855670 119
1855680 119
1855690 118
1855700 118
1855710 117
1855720 117
1855730 117
1855740 117
1855750 117
1855760 117
1855770 117
1855780 117
1855790 117
1855800 117
1855810 116
1855820 116
1855830 116
1855840 116
1855850 116
1855860 116
1855870 116
1855880 116
1855890 116
1855900 116
1855910 116
1855920 116
1855930 116
1855940 116
1855950 116
1855960 116
1855970 116
1855980 116
1855990 116
1856000 116
1856010 116
1856020 116
1856030 116
1856040 116
1856050 116
1856060 116
1856070 116
1856080 116
1856090 116
1856100 116
1856110 116
1856120 116
1856130 116
1856140 116
1856150 116
1856160 116
1856170 116
1856180 116
1856190 116
1856200 116
1856210 116
1856220 116
1856230 116
1856240 116
1856250 116
1856260 116
1856270 116
1856280 116
1856290 116
1856300 115
1856310 115
1856320 115
1856330 115
1856340 115
1856350 115
1856360 115
1856370 115
1856380 115
1856390 115
1856400 115
1856410 115
1856420 115
1856430 115
1856440 115
1856450 115
1856460 115
1856470 115
1856480 115
1856490 115
1856500 115
1856510 115
1856520 115
1856530 115
1856540 115
1856550 115
1856560 115
1856570 115
1856580 115
1856590 115
1856600 115
1856610 115
1856620 115
1856630 115
1856640 115
1856650 115
1856660 115
1856670 115
1856680 115
1856690 115
1856700 115
1856710 115
1856720 115
1856730 115
1856740 115
1856750 115
1856760 115
1856770 115
1856780 115
1856790 115
1856800 115
1856810 115
1856820 115
1856830 115
1856840 115
1856850 115
1856860 115
1856870 115
1856880 115
1856890 115
1856900 115
1856910 115
1856920 115
1856930 115
1856940 115
1856950 115
1856960 115
1856970 115
1856980 115
1856990 115
1857000 115
1857010 115
1857020 115
1857030 115
1857040 115
1857050 115
1857060 115
1857070 115
1857080 115
1857090 115
1857100 115
1857110 115
1857120 115
1857130 115
1857140 115
1857150 115
1857160 115
1857170 115
1857180 115
1857190 115
1857200 115
1857210 115
1857220 115
1857230 115
1857240 115
1857250 115
1857260 115
1857270 115
1857280 115
1857290 115
1857300 115
1857310 115
1857320 115
1857330 115
1857340 115
1857350 115
1857360 115
1857370 115
1857380 115
1857390 115
1857400 115
1857410 115
1857420 115
1857430 115
1857440 115
1857450 115
1857460 115
1857470 115
1857480 115
1857490 115
1857500 115
1857510 115
1857520 115
1857530 115
1857540 115
1857550 115
1857560 115
1857570 115
1857580 115
1857590 115
1857600 115
1857610 115
1857620 115
1857630 115
1857640 115
1857650 115
1857660 115
1857670 115
1857680 115
1857690 115
1857700 115
1857710 115
1857720 115
1857730 115
1857740 115
1857750 115
1857760 115
1857770 115
1857780 115
1857790 115
1857800 115
1857810 115
1857820 115
1857830 115
1857840 115
1857850 115
1857860 115
1857870 115
1857880 115
1857890 115
1857900 115
1857910 115
1857920 115
1857930 115
1857940 115
1857950 115
1857960 115
1857970 115
1857980 115
1857990 115
1858000 115
1858010 115
1858020 115
1858030 115
1858040 115
1858050 115
1858060 115
1858070 115
1858080 115
1858090 115
1858100 115
1858110 115
1858120 115
1858130 115
1858140 115
1858150 115
1858160 115
1858170 115
1858180 115
1858190 115
1858200 115
1858210 115
1858220 115
1858230 115
1858240 115
1858250 115
1858260 115
1858270 115
1858280 115
1858290 115
1858300 115
1858310 115
1858320 115
1858330 115
1858340 115
1858350 115
1858360 115
1858370 115
1858380 115
1858390 115
1858400 115
1858410 115
1858420 115
1858430 115
1858440 115
1858450 115
1858460 115
1858470 115
1858480 115
1858490 115
1858500 115
1858510 115
1858520 115
1858530 115
1858540 115
1858550 115
1858560 115
1858570 115
1858580 115
1858590 115
1858600 115
1858610 115
1858620 115
1858630 115
1858640 115
1858650 115
1858660 115
1858670 115
1858680 115
1858690 115
1858700 115
1858710 115
1858720 115
1858730 115
1858740 115
1858750 115
1858760 115
1858770 115
1858780 115
1858790 115
1858800 115
1858810 115
1858820 115
1858830 115
1858840 115
1858850 115
1858860 115
1858870 115
1858880 115
1858890 115
1858900 115
1858910 115
1858920 115
1858930 115
1858940 115
1858950 115
1858960 115
1858970 115
1858980 115
1858990 115
1859000 115
1859010 115
1859020 115
1859030 115
1859040 115
1859050 115
1859060 115
1859070 115
1859080 115
1859090 115
1859100 115
1859110 115
1859120 115
1859130 115
1859140 115
1859150 115
1859160 115
1859170 115
1859180 115
1859190 115
1859200 115
1859210 115
1859220 115
1859230 115
1859240 115
1859250 115
1859260 115
1859270 115
1859280 115
1859290 115
1859300 115
1859310 115
1859320 115
1859330 115
1859340 115
1859350 115
1859360 115
1859370 115
1859380 115
1859390 115
1859400 115
1859410 115
1859420 115
1859430 115
1859440 115
1859450 115
1859460 115
1859470 115
1859480 115
1859490 115
1859500 115
1859510 115
1859520 115
1859530 115
1859540 115
1859550 115
1859560 115
1859570 115
1859580 115
1859590 115
1859600 115
1859610 115
1859620 115
1859630 115
1859640 115
1859650 115
1859660 115
1859670 115
1859680 115
1859690 115
1859700 115
1859710 115
1859720 115
1859730 115
1859740 115
1859750 115
1859760 115
1859770 115
1859780 115
1859790 115
1859800 115
1859810 115
1859820 115
1859830 115
1859840 115
1859850 115
1859860 115
1859870 115
1859880 115
1859890 115
1859900 115
1859910 115
1859920 115
1859930 115
1859940 115
1859950 115
1859960 115
1859970 115
1859980 115
1859990 115
