1840000 172
1840010 172
1840020 172
1840030 172
1840040 172
1840050 172
1840060 172
1840070 173
1840080 173
1840090 172
1840100 172
1840110 172
1840120 172
1840130 173
1840140 173
1840150 172
1840160 173
1840170 173
1840180 174
1840190 174
1840200 174
1840210 174
1840220 174
1840230 174
1840240 174
1840250 172
1840260 172
1840270 173
1840280 173
1840290 173
1840300 173
1840310 174
1840320 174
1840330 174
1840340 174
1840350 173
1840360 173
1840370 173
1840380 173
1840390 173
1840400 173
1840410 173
1840420 173
1840430 173
1840440 173
1840450 173
1840460 173
1840470 173
1840480 173
1840490 173
1840500 173
1840510 173
1840520 173
1840530 173
1840540 173
1840550 171
1840560 168
1840570 168
1840580 168
1840590 166
1840600 166
1840610 167
1840620 167
1840630 167
1840640 168
1840650 168
1840660 168
1840670 168
1840680 169
1840690 169
1840700 170
1840710 170
1840720 170
1840730 170
1840740 171
1840750 171
1840760 172
1840770 172
1840780 172
1840790 172
1840800 173
1840810 173
1840820 173
1840830 174
1840840 174
1840850 174
1840860 175
1840870 175
1840880 175
1840890 176
1840900 176
1840910 176
1840920 177
1840930 177
1840940 177
1840950 178
1840960 178
1840970 178
1840980 179
1840990 179
1841000 179
1841010 179
1841020 179
1841030 180
1841040 181
1841050 184
1841060 184
1841070 184
1841080 185
1841090 185
1841100 186
1841110 186
1841120 186
1841130 186
1841140 186
1841150 186
1841160 186
1841170 185
1841180 185
1841190 185
1841200 184
1841210 184
1841220 184
1841230 184
1841240 184
1841250 185
1841260 185
1841270 185
1841280 184
1841290 184
1841300 184
1841310 184
1841320 184
1841330 184
1841340 185
1841350 185
1841360 185
1841370 185
1841380 185
1841390 185
1841400 185
1841410 185
1841420 185
1841430 181
1841440 181
1841450 181
1841460 181
1841470 181
1841480 181
1841490 181
1841500 180
1841510 180
1841520 180
1841530 180
1841540 180
1841550 179
1841560 179
1841570 179
1841580 178
1841590 178
1841600 178
1841610 177
1841620 177
1841630 176
1841640 176
1841650 176
1841660 175
1841670 175
1841680 175
1841690 175
1841700 175
1841710 175
1841720 175
1841730 175
1841740 175
1841750 175
1841760 175
1841770 175
1841780 175
1841790 174
1841800 174
1841810 175
1841820 175
1841830 175
1841840 175
1841850 175
1841860 176
1841870 177
1841880 177
1841890 177
1841900 179
1841910 179
1841920 183
1841930 186
1841940 186
1841950 190
1841960 193
1841970 193
1841980 196
1841990 199
1842000 199
1842010 202
1842020 204
1842030 204
1842040 204
1842050 204
1842060 204
1842070 204
1842080 204
1842090 204
1842100 204
1842110 204
1842120 204
1842130 204
1842140 203
1842150 204
1842160 204
1842170 204
1842180 205
1842190 205
1842200 205
1842210 205
1842220 205
1842230 206
1842240 207
1842250 207
1842260 208
1842270 208
1842280 208
1842290 208
1842300 208
1842310 208
1842320 209
1842330 210
1842340 210
1842350 211
1842360 210
1842370 210
1842380 210
1842390 209
1842400 209
1842410 209
1842420 208
1842430 208
1842440 207
1842450 206
1842460 206
1842470 206
1842480 205
1842490 205
1842500 205
1842510 204
1842520 204
1842530 204
1842540 203
1842550 203
1842560 203
1842570 203
1842580 203
1842590 203
1842600 202
1842610 202
1842620 202
1842630 202
1842640 202
1842650 202
1842660 202
1842670 202
1842680 202
1842690 202
1842700 202
1842710 202
1842720 201
1842730 201
1842740 201
1842750 200
1842760 199
1842770 199
1842780 199
1842790 199
1842800 199
1842810 198
1842820 198
1842830 198
1842840 197
1842850 197
1842860 197
1842870 196
1842880 196
1842890 196
1842900 196
1842910 195
1842920 195
1842930 195
1842940 194
1842950 194
1842960 194
1842970 194
1842980 194
1842990 193
1843000 193
1843010 193
1843020 193
1843030 193
1843040 193
1843050 192
1843060 192
1843070 192
1843080 191
1843090 191
1843100 191
1843110 191
1843120 191
1843130 191
1843140 191
1843150 190
1843160 190
1843170 189
1843180 189
1843190 189
1843200 189
1843210 189
1843220 189
1843230 189
1843240 188
1843250 188
1843260 188
1843270 188
1843280 188
1843290 188
1843300 188
1843310 188
1843320 188
1843330 188
1843340 188
1843350 188
1843360 188
1843370 188
1843380 188
1843390 188
1843400 188
1843410 188
1843420 187
1843430 187
1843440 187
1843450 187
1843460 187
1843470 187
1843480 187
1843490 187
1843500 187
1843510 187
1843520 186
1843530 186
1843540 186
1843550 186
1843560 186
1843570 185
1843580 185
1843590 185
1843600 185
1843610 185
1843620 185
1843630 184
1843640 184
1843650 184
1843660 184
1843670 184
1843680 184
1843690 184
1843700 183
1843710 183
1843720 183
1843730 183
1843740 183
1843750 184
1843760 184
1843770 184
1843780 184
1843790 184
1843800 184
1843810 184
1843820 184
1843830 184
1843840 185
1843850 185
1843860 185
1843870 186
1843880 186
1843890 186
1843900 187
1843910 187
1843920 188
1843930 188
1843940 188
1843950 188
1843960 188
1843970 189
1843980 190
1843990 190
1844000 191
1844010 192
1844020 192
1844030 193
1844040 194
1844050 194
1844060 195
1844070 194
1844080 194
1844090 194
1844100 194
1844110 194
1844120 194
1844130 194
1844140 194
1844150 194
1844160 194
1844170 194
1844180 194
1844190 194
1844200 194
1844210 194
1844220 194
1844230 194
1844240 194
1844250 193
1844260 193
1844270 193
1844280 192
1844290 192
1844300 191
1844310 191
1844320 191
1844330 191
1844340 191
1844350 191
1844360 191
1844370 191
1844380 191
1844390 191
1844400 191
1844410 191
1844420 191
1844430 191
1844440 191
1844450 190
1844460 190
1844470 189
1844480 189
1844490 189
1844500 188
1844510 188
1844520 188
1844530 188
1844540 188
1844550 188
1844560 188
1844570 188
1844580 188
1844590 189
1844600 189
1844610 189
1844620 190
1844630 190
1844640 190
1844650 191
1844660 191
1844670 192
1844680 194
1844690 194
1844700 195
1844710 196
1844720 196
1844730 197
1844740 198
1844750 198
1844760 199
1844770 202
1844780 202
1844790 204
1844800 207
1844810 207
1844820 209
1844830 211
1844840 211
1844850 212
1844860 212
1844870 212
1844880 211
1844890 210
1844900 210
1844910 210
1844920 209
1844930 209
1844940 209
1844950 209
1844960 209
1844970 209
1844980 208
1844990 208
1845000 208
1845010 208
1845020 208
1845030 207
1845040 206
1845050 205
1845060 205
1845070 204
1845080 203
1845090 203
1845100 201
1845110 200
1845120 200
1845130 199
1845140 199
1845150 199
1845160 199
1845170 198
1845180 198
1845190 198
1845200 198
1845210 198
1845220 199
1845230 199
1845240 199
1845250 199
1845260 199
1845270 199
1845280 199
1845290 199
1845300 199
1845310 198
1845320 197
1845330 197
1845340 196
1845350 195
1845360 195
1845370 195
1845380 194
1845390 194
1845400 193
1845410 192
1845420 192
1845430 191
1845440 191
1845450 191
1845460 190
1845470 189
1845480 189
1845490 189
1845500 188
1845510 188
1845520 188
1845530 187
1845540 187
1845550 186
1845560 186
1845570 186
1845580 185
1845590 185
1845600 185
1845610 185
1845620 185
1845630 185
1845640 185
1845650 185
1845660 185
1845670 185
1845680 185
1845690 185
1845700 185
1845710 184
1845720 184
1845730 185
1845740 184
1845750 184
1845760 184
1845770 183
1845780 183
1845790 183
1845800 183
1845810 182
1845820 182
1845830 182
1845840 182
1845850 182
1845860 181
1845870 181
1845880 181
1845890 180
1845900 180
1845910 180
1845920 179
1845930 179
1845940 179
1845950 178
1845960 178
1845970 178
1845980 177
1845990 177
1846000 177
1846010 176
1846020 176
1846030 176
1846040 176
1846050 175
1846060 175
1846070 175
1846080 174
1846090 174
1846100 174
1846110 173
1846120 173
1846130 173
1846140 173
1846150 173
1846160 172
1846170 172
1846180 172
1846190 172
1846200 171
1846210 171
1846220 171
1846230 171
1846240 171
1846250 171
1846260 171
1846270 170
1846280 170
1846290 170
1846300 170
1846310 170
1846320 169
1846330 169
1846340 169
1846350 169
1846360 169
1846370 169
1846380 169
1846390 168
1846400 168
1846410 168
1846420 168
1846430 168
1846440 168
1846450 168
1846460 168
1846470 168
1846480 168
1846490 168
1846500 168
1846510 168
1846520 168
1846530 168
1846540 168
1846550 168
1846560 169
1846570 169
1846580 169
1846590 169
1846600 169
1846610 169
1846620 170
1846630 170
1846640 170
1846650 171
1846660 171
1846670 171
1846680 172
1846690 172
1846700 172
1846710 172
1846720 172
1846730 172
1846740 171
1846750 171
1846760 171
1846770 171
1846780 171
1846790 171
1846800 172
1846810 173
1846820 173
1846830 173
1846840 173
1846850 174
1846860 174
1846870 175
1846880 175
1846890 175
1846900 176
1846910 176
1846920 176
1846930 177
1846940 178
1846950 178
1846960 179
1846970 180
1846980 180
1846990 180
1847000 180
1847010 180
1847020 180
1847030 181
1847040 181
1847050 181
1847060 182
1847070 182
1847080 183
1847090 184
1847100 184
1847110 184
1847120 185
1847130 185
1847140 185
1847150 187
1847160 187
1847170 188
1847180 189
1847190 189
1847200 190
1847210 191
1847220 191
1847230 191
1847240 191
1847250 191
1847260 191
1847270 191
1847280 191
1847290 191
1847300 191
1847310 191
1847320 191
1847330 191
1847340 191
1847350 191
1847360 192
1847370 192
1847380 192
1847390 192
1847400 192
1847410 192
1847420 192
1847430 193
1847440 193
1847450 193
1847460 193
1847470 193
1847480 194
1847490 194
1847500 194
1847510 195
1847520 196
1847530 196
1847540 197
1847550 198
1847560 198
1847570 199
1847580 200
1847590 200
1847600 200
1847610 201
1847620 201
1847630 201
1847640 201
1847650 201
1847660 201
1847670 201
1847680 201
1847690 201
1847700 201
1847710 201
1847720 201
1847730 201
1847740 201
1847750 200
1847760 199
1847770 199
1847780 199
1847790 198
1847800 198
1847810 197
1847820 197
1847830 197
1847840 196
1847850 196
1847860 195
1847870 194
1847880 194
1847890 194
1847900 193
1847910 193
1847920 193
1847930 193
1847940 192
1847950 192
1847960 192
1847970 191
1847980 191
1847990 191
1848000 191
1848010 192
1848020 192
1848030 191
1848040 191
1848050 191
1848060 191
1848070 192
1848080 192
1848090 192
1848100 192
1848110 192
1848120 192
1848130 191
1848140 191
1848150 190
1848160 189
1848170 189
1848180 188
1848190 187
1848200 187
1848210 184
1848220 184
1848230 184
1848240 184
1848250 183
1848260 183
1848270 183
1848280 183
1848290 183
1848300 182
1848310 181
1848320 181
1848330 180
1848340 180
1848350 180
1848360 181
1848370 182
1848380 182
1848390 182
1848400 181
1848410 181
1848420 180
1848430 180
1848440 180
1848450 179
1848460 177
1848470 176
1848480 176
1848490 175
1848500 173
1848510 173
1848520 172
1848530 169
1848540 169
1848550 169
1848560 168
1848570 167
1848580 166
1848590 165
1848600 165
1848610 165
1848620 164
1848630 164
1848640 164
1848650 163
1848660 163
1848670 162
1848680 162
1848690 162
1848700 161
1848710 161
1848720 161
1848730 160
1848740 160
1848750 160
1848760 159
1848770 159
1848780 159
1848790 159
1848800 158
1848810 158
1848820 158
1848830 158
1848840 158
1848850 158
1848860 157
1848870 157
1848880 157
1848890 157
1848900 157
1848910 157
1848920 156
1848930 156
1848940 156
1848950 156
1848960 156
1848970 156
1848980 156
1848990 156
1849000 156
1849010 156
1849020 156
1849030 156
1849040 156
1849050 156
1849060 156
1849070 156
1849080 156
1849090 156
1849100 156
1849110 156
1849120 156
1849130 156
1849140 156
1849150 156
1849160 156
1849170 156
1849180 156
1849190 156
1849200 156
1849210 156
1849220 156
1849230 156
1849240 156
1849250 156
1849260 156
1849270 155
1849280 156
1849290 156
1849300 156
1849310 156
1849320 156
1849330 156
1849340 156
1849350 156
1849360 156
1849370 156
1849380 156
1849390 156
1849400 156
1849410 157
1849420 157
1849430 157
1849440 157
1849450 157
1849460 157
1849470 157
1849480 157
1849490 157
1849500 157
1849510 157
1849520 158
1849530 158
1849540 158
1849550 158
1849560 158
1849570 158
1849580 158
1849590 158
1849600 158
1849610 158
1849620 158
1849630 158
1849640 158
1849650 158
1849660 159
1849670 159
1849680 159
1849690 159
1849700 159
1849710 159
1849720 159
1849730 159
1849740 159
1849750 160
1849760 160
1849770 160
1849780 160
1849790 160
1849800 160
1849810 160
1849820 160
1849830 160
1849840 160
1849850 160
1849860 160
1849870 159
1849880 159
1849890 159
1849900 160
1849910 160
1849920 160
1849930 160
1849940 160
1849950 158
1849960 157
1849970 157
1849980 157
1849990 157
1850000 157
1850010 157
1850020 157
1850030 157
1850040 157
1850050 156
1850060 156
1850070 156
1850080 156
1850090 156
1850100 156
1850110 156
1850120 156
1850130 156
1850140 156
1850150 156
1850160 156
1850170 156
1850180 156
1850190 156
1850200 156
1850210 156
1850220 156
1850230 156
1850240 156
1850250 156
1850260 156
1850270 156
1850280 156
1850290 156
1850300 156
1850310 156
1850320 157
1850330 156
1850340 156
1850350 157
1850360 157
1850370 157
1850380 157
1850390 158
1850400 158
1850410 158
1850420 158
1850430 158
1850440 159
1850450 159
1850460 159
1850470 159
1850480 159
1850490 159
1850500 159
1850510 160
1850520 160
1850530 160
1850540 160
1850550 160
1850560 161
1850570 161
1850580 161
1850590 161
1850600 161
1850610 161
1850620 161
1850630 161
1850640 161
1850650 161
1850660 161
1850670 161
1850680 161
1850690 161
1850700 161
1850710 161
1850720 162
1850730 162
1850740 162
1850750 162
1850760 162
1850770 162
1850780 162
1850790 162
1850800 162
1850810 162
1850820 162
1850830 162
1850840 162
1850850 163
1850860 163
1850870 163
1850880 163
1850890 163
1850900 164
1850910 164
1850920 164
1850930 164
1850940 165
1850950 165
1850960 166
1850970 166
1850980 166
1850990 166
1851000 166
1851010 166
1851020 166
1851030 166
1851040 166
1851050 166
1851060 166
1851070 166
1851080 166
1851090 166
1851100 166
1851110 166
1851120 167
1851130 167
1851140 168
1851150 169
1851160 169
1851170 169
1851180 169
1851190 169
1851200 170
1851210 170
1851220 170
1851230 170
1851240 170
1851250 170
1851260 170
1851270 169
1851280 169
1851290 169
1851300 168
1851310 168
1851320 168
1851330 168
1851340 167
1851350 167
1851360 167
1851370 167
1851380 167
1851390 167
1851400 166
1851410 166
1851420 166
1851430 166
1851440 166
1851450 166
1851460 166
1851470 166
1851480 166
1851490 166
1851500 166
1851510 166
1851520 166
1851530 166
1851540 166
1851550 166
1851560 166
1851570 166
1851580 167
1851590 167
1851600 167
1851610 167
1851620 167
1851630 168
1851640 168
1851650 168
1851660 168
1851670 169
1851680 169
1851690 169
1851700 169
1851710 169
1851720 170
1851730 170
1851740 170
1851750 170
1851760 170
1851770 170
1851780 171
1851790 171
1851800 171
1851810 172
1851820 172
1851830 172
1851840 173
1851850 173
1851860 173
1851870 174
1851880 175
1851890 175
1851900 176
1851910 177
1851920 178
1851930 178
1851940 179
1851950 181
1851960 181
1851970 182
1851980 183
1851990 183
1852000 185
1852010 186
1852020 186
1852030 187
1852040 189
1852050 189
1852060 190
1852070 191
1852080 191
1852090 192
1852100 193
1852110 193
1852120 194
1852130 194
1852140 194
1852150 194
1852160 194
1852170 194
1852180 195
1852190 196
1852200 196
1852210 196
1852220 197
1852230 197
1852240 198
1852250 200
1852260 200
1852270 201
1852280 203
1852290 203
1852300 204
1852310 204
1852320 204
1852330 205
1852340 205
1852350 205
1852360 204
1852370 204
1852380 204
1852390 203
1852400 203
1852410 203
1852420 202
1852430 202
1852440 202
1852450 202
1852460 202
1852470 202
1852480 202
1852490 202
1852500 201
1852510 201
1852520 201
1852530 202
1852540 202
1852550 202
1852560 202
1852570 202
1852580 202
1852590 202
1852600 202
1852610 202
1852620 202
1852630 202
1852640 202
1852650 202
1852660 202
1852670 203
1852680 204
1852690 204
1852700 204
1852710 204
1852720 204
1852730 204
1852740 204
1852750 204
1852760 204
1852770 203
1852780 203
1852790 203
1852800 202
1852810 202
1852820 202
1852830 202
1852840 202
1852850 201
1852860 201
1852870 201
1852880 200
1852890 199
1852900 199
1852910 198
1852920 198
1852930 198
1852940 197
1852950 197
1852960 197
1852970 196
1852980 196
1852990 196
1853000 196
1853010 195
1853020 195
1853030 195
1853040 195
1853050 195
1853060 195
1853070 194
1853080 194
1853090 194
1853100 194
1853110 194
1853120 194
1853130 193
1853140 193
1853150 193
1853160 193
1853170 192
1853180 192
1853190 191
1853200 190
1853210 190
1853220 188
1853230 186
1853240 186
1853250 185
1853260 184
1853270 184
1853280 184
1853290 183
1853300 183
1853310 184
1853320 184
1853330 184
1853340 185
1853350 187
1853360 187
1853370 191
1853380 192
1853390 192
1853400 193
1853410 195
1853420 195
1853430 196
1853440 196
1853450 196
1853460 197
1853470 197
1853480 195
1853490 195
1853500 195
1853510 195
1853520 195
1853530 195
1853540 195
1853550 195
1853560 195
1853570 195
1853580 196
1853590 195
1853600 195
1853610 194
1853620 193
1853630 194
1853640 194
1853650 195
1853660 197
1853670 197
1853680 197
1853690 196
1853700 196
1853710 195
1853720 193
1853730 193
1853740 192
1853750 190
1853760 190
1853770 189
1853780 188
1853790 188
1853800 187
1853810 185
1853820 185
1853830 181
1853840 180
1853850 180
1853860 178
1853870 178
1853880 178
1853890 177
1853900 175
1853910 175
1853920 175
1853930 173
1853940 173
1853950 172
1853960 171
1853970 171
1853980 170
1853990 168
1854000 168
1854010 167
1854020 165
1854030 165
1854040 164
1854050 164
1854060 164
1854070 162
1854080 161
1854090 161
1854100 160
1854110 159
1854120 159
1854130 158
1854140 158
1854150 158
1854160 158
1854170 158
1854180 158
1854190 158
1854200 157
1854210 157
1854220 157
1854230 157
1854240 157
1854250 157
1854260 157
1854270 158
1854280 158
1854290 158
1854300 159
1854310 159
1854320 160
1854330 161
1854340 161
1854350 162
1854360 162
1854370 162
1854380 163
1854390 164
1854400 164
1854410 164
1854420 164
1854430 164
1854440 163
1854450 162
1854460 162
1854470 159
1854480 156
1854490 156
1854500 155
1854510 154
1854520 155
1854530 155
1854540 156
1854550 156
1854560 159
1854570 163
1854580 163
1854590 165
1854600 168
1854610 168
1854620 169
1854630 168
1854640 168
1854650 169
1854660 169
1854670 169
1854680 170
1854690 170
1854700 170
1854710 171
1854720 171
1854730 171
1854740 170
1854750 170
1854760 170
1854770 170
1854780 169
1854790 169
1854800 169
1854810 168
1854820 167
1854830 167
1854840 167
1854850 166
1854860 166
1854870 165
1854880 165
1854890 165
1854900 163
1854910 162
1854920 162
1854930 162
1854940 162
1854950 162
1854960 161
1854970 160
1854980 160
1854990 160
1855000 159
1855010 159
1855020 158
1855030 158
1855040 158
1855050 157
1855060 156
1855070 156
1855080 156
1855090 155
1855100 155
1855110 154
1855120 154
1855130 154
1855140 153
1855150 152
1855160 152
1855170 152
1855180 151
1855190 151
1855200 150
1855210 149
1855220 149
1855230 148
1855240 147
1855250 147
1855260 146
1855270 145
1855280 145
1855290 144
1855300 143
1855310 143
1855320 142
1855330 141
1855340 141
1855350 140
1855360 140
1855370 139
1855380 139
1855390 139
1855400 138
1855410 138
1855420 138
1855430 136
1855440 136
1855450 133
1855460 131
1855470 131
1855480 130
1855490 130
1855500 130
1855510 129
1855520 127
1855530 127
1855540 126
1855550 125
1855560 125
1855570 124
1855580 123
1855590 123
1855600 122
1855610 121
1855620 121
1855630 121
1855640 120
1855650 120
1855660 120
1855670 120
1855680 120
1855690 120
1855700 119
1855710 119
1855720 118
1855730 117
1855740 117
1855750 117
1855760 117
1855770 117
1855780 117
1855790 117
1855800 117
1855810 116
1855820 116
1855830 116
1855840 116
1855850 116
1855860 116
1855870 116
1855880 116
1855890 116
1855900 116
1855910 116
1855920 116
1855930 116
1855940 116
1855950 116
1855960 116
1855970 116
1855980 116
1855990 116
1856000 116
1856010 116
1856020 116
1856030 116
1856040 116
1856050 116
1856060 116
1856070 116
1856080 116
1856090 116
1856100 116
1856110 116
1856120 116
1856130 116
1856140 116
1856150 116
1856160 116
1856170 116
1856180 116
1856190 116
1856200 116
1856210 116
1856220 116
1856230 116
1856240 116
1856250 116
1856260 116
1856270 116
1856280 115
1856290 115
1856300 115
1856310 115
1856320 115
1856330 115
1856340 115
1856350 115
1856360 115
1856370 115
1856380 115
1856390 115
1856400 115
1856410 115
1856420 115
1856430 115
1856440 115
1856450 115
1856460 115
1856470 115
1856480 115
1856490 115
1856500 115
1856510 115
1856520 115
1856530 115
1856540 115
1856550 115
1856560 115
1856570 115
1856580 115
1856590 115
1856600 115
1856610 115
1856620 115
1856630 115
1856640 115
1856650 115
1856660 115
1856670 115
1856680 115
1856690 115
1856700 115
1856710 115
1856720 115
1856730 115
1856740 115
1856750 115
1856760 115
1856770 115
1856780 115
1856790 115
1856800 115
1856810 115
1856820 115
1856830 115
1856840 115
1856850 115
1856860 115
1856870 115
1856880 115
1856890 115
1856900 115
1856910 115
1856920 115
1856930 115
1856940 115
1856950 115
1856960 115
1856970 115
1856980 115
1856990 115
1857000 115
1857010 115
1857020 115
1857030 115
1857040 115
1857050 115
1857060 115
1857070 115
1857080 115
1857090 115
1857100 115
1857110 115
1857120 115
1857130 115
1857140 115
1857150 115
1857160 115
1857170 115
1857180 115
1857190 115
1857200 115
1857210 115
1857220 115
1857230 115
1857240 115
1857250 115
1857260 115
1857270 115
1857280 115
1857290 115
1857300 115
1857310 115
1857320 115
1857330 115
1857340 115
1857350 115
1857360 115
1857370 115
1857380 115
1857390 115
1857400 115
1857410 115
1857420 115
1857430 115
1857440 115
1857450 115
1857460 115
1857470 115
1857480 115
1857490 115
1857500 115
1857510 115
1857520 115
1857530 115
1857540 115
1857550 115
1857560 115
1857570 115
1857580 115
1857590 115
1857600 115
1857610 115
1857620 115
1857630 115
1857640 115
1857650 115
1857660 115
1857670 115
1857680 115
1857690 115
1857700 115
1857710 115
1857720 115
1857730 115
1857740 115
1857750 115
1857760 115
1857770 115
1857780 115
1857790 115
1857800 115
1857810 115
1857820 115
1857830 115
1857840 115
1857850 115
1857860 115
1857870 115
1857880 115
1857890 115
1857900 115
1857910 115
1857920 115
1857930 115
1857940 115
1857950 115
1857960 115
1857970 115
1857980 115
1857990 115
1858000 115
1858010 115
1858020 115
1858030 115
1858040 115
1858050 115
1858060 115
1858070 115
1858080 115
1858090 115
1858100 115
1858110 115
1858120 115
1858130 115
1858140 115
1858150 115
1858160 115
1858170 115
1858180 115
1858190 115
1858200 115
1858210 115
1858220 115
1858230 115
1858240 115
1858250 115
1858260 115
1858270 115
1858280 115
1858290 115
1858300 115
1858310 115
1858320 115
1858330 115
1858340 115
1858350 115
1858360 115
1858370 115
1858380 115
1858390 115
1858400 115
1858410 115
1858420 115
1858430 115
1858440 115
1858450 115
1858460 115
1858470 115
1858480 115
1858490 115
1858500 115
1858510 115
1858520 115
1858530 115
1858540 115
1858550 115
1858560 115
1858570 115
1858580 115
1858590 115
1858600 115
1858610 115
1858620 115
1858630 115
1858640 115
1858650 115
1858660 115
1858670 115
1858680 115
1858690 115
1858700 115
1858710 115
1858720 115
1858730 115
1858740 115
1858750 115
1858760 115
1858770 115
1858780 115
1858790 115
1858800 115
1858810 115
1858820 115
1858830 115
1858840 115
1858850 115
1858860 115
1858870 115
1858880 115
1858890 115
1858900 115
1858910 115
1858920 115
1858930 115
1858940 115
1858950 115
1858960 115
1858970 115
1858980 115
1858990 115
1859000 115
1859010 115
1859020 115
1859030 115
1859040 115
1859050 115
1859060 115
1859070 115
1859080 115
1859090 115
1859100 115
1859110 115
1859120 115
1859130 115
1859140 115
1859150 115
1859160 115
1859170 115
1859180 115
1859190 115
1859200 115
1859210 115
1859220 115
1859230 115
1859240 115
1859250 115
1859260 115
1859270 115
1859280 115
1859290 115
1859300 115
1859310 115
1859320 115
1859330 115
1859340 115
1859350 115
1859360 115
1859370 115
1859380 115
1859390 115
1859400 115
1859410 115
1859420 115
1859430 115
1859440 115
1859450 115
1859460 115
1859470 115
1859480 115
1859490 115
1859500 115
1859510 115
1859520 115
1859530 115
1859540 115
1859550 115
1859560 115
1859570 115
1859580 115
1859590 115
1859600 115
1859610 115
1859620 115
1859630 115
1859640 115
1859650 115
1859660 115
1859670 115
1859680 115
1859690 115
1859700 115
1859710 115
1859720 115
1859730 115
1859740 115
1859750 115
1859760 115
1859770 115
1859780 115
1859790 115
1859800 115
1859810 115
1859820 115
1859830 115
1859840 115
1859850 115
1859860 115
1859870 115
1859880 115
1859890 115
1859900 115
1859910 115
1859920 115
1859930 115
1859940 115
1859950 115
1859960 115
1859970 115
1859980 115
1859990 115
