1840000 171
1840010 171
1840020 171
1840030 171
1840040 171
1840050 171
1840060 171
1840070 171
1840080 171
1840090 171
1840100 171
1840110 171
1840120 171
1840130 171
1840140 171
1840150 171
1840160 172
1840170 172
1840180 172
1840190 172
1840200 172
1840210 172
1840220 172
1840230 172
1840240 172
1840250 172
1840260 172
1840270 172
1840280 172
1840290 172
1840300 171
1840310 171
1840320 171
1840330 171
1840340 171
1840350 171
1840360 171
1840370 171
1840380 171
1840390 170
1840400 170
1840410 170
1840420 171
1840430 171
1840440 170
1840450 170
1840460 170
1840470 171
1840480 171
1840490 171
1840500 170
1840510 170
1840520 170
1840530 170
1840540 170
1840550 170
1840560 170
1840570 170
1840580 170
1840590 170
1840600 170
1840610 170
1840620 170
1840630 169
1840640 169
1840650 169
1840660 169
1840670 169
1840680 169
1840690 169
1840700 169
1840710 169
1840720 169
1840730 169
1840740 169
1840750 169
1840760 169
1840770 169
1840780 169
1840790 169
1840800 169
1840810 169
1840820 169
1840830 169
1840840 169
1840850 169
1840860 169
1840870 169
1840880 169
1840890 169
1840900 169
1840910 169
1840920 169
1840930 168
1840940 169
1840950 169
1840960 169
1840970 169
1840980 169
1840990 168
1841000 168
1841010 168
1841020 168
1841030 168
1841040 168
1841050 168
1841060 168
1841070 168
1841080 168
1841090 168
1841100 168
1841110 168
1841120 168
1841130 168
1841140 168
1841150 168
1841160 168
1841170 168
1841180 168
1841190 168
1841200 168
1841210 169
1841220 169
1841230 168
1841240 168
1841250 168
1841260 168
1841270 168
1841280 168
1841290 168
1841300 168
1841310 168
1841320 168
1841330 168
1841340 168
1841350 168
1841360 167
1841370 167
1841380 167
1841390 167
1841400 167
1841410 166
1841420 166
1841430 166
1841440 166
1841450 166
1841460 166
1841470 166
1841480 166
1841490 166
1841500 166
1841510 166
1841520 166
1841530 166
1841540 167
1841550 167
1841560 167
1841570 167
1841580 167
1841590 167
1841600 167
1841610 167
1841620 167
1841630 166
1841640 167
1841650 167
1841660 166
1841670 166
1841680 166
1841690 166
1841700 166
1841710 166
1841720 166
1841730 166
1841740 166
1841750 166
1841760 166
1841770 166
1841780 165
1841790 165
1841800 165
1841810 165
1841820 165
1841830 165
1841840 165
1841850 165
1841860 165
1841870 165
1841880 165
1841890 165
1841900 164
1841910 164
1841920 164
1841930 164
1841940 164
1841950 164
1841960 163
1841970 163
1841980 163
1841990 163
1842000 163
1842010 163
1842020 162
1842030 162
1842040 162
1842050 162
1842060 162
1842070 162
1842080 162
1842090 162
1842100 162
1842110 162
1842120 162
1842130 162
1842140 162
1842150 162
1842160 162
1842170 162
1842180 162
1842190 162
1842200 162
1842210 162
1842220 161
1842230 161
1842240 161
1842250 162
1842260 162
1842270 162
1842280 161
1842290 161
1842300 161
1842310 161
1842320 161
1842330 161
1842340 161
1842350 161
1842360 161
1842370 160
1842380 160
1842390 160
1842400 160
1842410 160
1842420 160
1842430 160
1842440 160
1842450 160
1842460 160
1842470 160
1842480 160
1842490 160
1842500 160
1842510 159
1842520 159
1842530 159
1842540 159
1842550 159
1842560 159
1842570 159
1842580 159
1842590 159
1842600 159
1842610 159
1842620 159
1842630 159
1842640 159
1842650 159
1842660 159
1842670 159
1842680 158
1842690 158
1842700 158
1842710 158
1842720 158
1842730 158
1842740 158
1842750 158
1842760 158
1842770 158
1842780 158
1842790 158
1842800 158
1842810 158
1842820 158
1842830 158
1842840 158
1842850 158
1842860 158
1842870 158
1842880 158
1842890 157
1842900 157
1842910 157
1842920 157
1842930 157
1842940 158
1842950 158
1842960 158
1842970 158
1842980 158
1842990 158
1843000 157
1843010 157
1843020 157
1843030 157
1843040 157
1843050 157
1843060 157
1843070 157
1843080 157
1843090 157
1843100 157
1843110 157
1843120 157
1843130 157
1843140 157
1843150 156
1843160 156
1843170 156
1843180 156
1843190 155
1843200 155
1843210 155
1843220 155
1843230 155
1843240 155
1843250 155
1843260 156
1843270 156
1843280 156
1843290 155
1843300 155
1843310 155
1843320 155
1843330 155
1843340 156
1843350 155
1843360 155
1843370 155
1843380 155
1843390 155
1843400 156
1843410 158
1843420 158
1843430 161
1843440 164
1843450 164
1843460 166
1843470 166
1843480 166
1843490 166
1843500 167
1843510 167
1843520 167
1843530 166
1843540 166
1843550 166
1843560 166
1843570 166
1843580 166
1843590 166
1843600 166
1843610 166
1843620 166
1843630 166
1843640 166
1843650 166
1843660 166
1843670 166
1843680 165
1843690 165
1843700 165
1843710 165
1843720 165
1843730 165
1843740 165
1843750 165
1843760 165
1843770 165
1843780 165
1843790 165
1843800 165
1843810 165
1843820 165
1843830 165
1843840 165
1843850 165
1843860 165
1843870 165
1843880 165
1843890 165
1843900 165
1843910 165
1843920 165
1843930 165
1843940 165
1843950 165
1843960 165
1843970 165
1843980 165
1843990 165
1844000 165
1844010 165
1844020 164
1844030 164
1844040 164
1844050 164
1844060 164
1844070 164
1844080 164
1844090 164
1844100 164
1844110 164
1844120 164
1844130 164
1844140 164
1844150 164
1844160 164
1844170 164
1844180 164
1844190 164
1844200 164
1844210 164
1844220 164
1844230 164
1844240 164
1844250 164
1844260 164
1844270 164
1844280 164
1844290 164
1844300 164
1844310 164
1844320 164
1844330 164
1844340 164
1844350 164
1844360 164
1844370 164
1844380 164
1844390 164
1844400 164
1844410 163
1844420 163
1844430 163
1844440 163
1844450 163
1844460 163
1844470 163
1844480 163
1844490 163
1844500 163
1844510 163
1844520 163
1844530 163
1844540 163
1844550 163
1844560 163
1844570 163
1844580 163
1844590 163
1844600 163
1844610 163
1844620 162
1844630 162
1844640 162
1844650 162
1844660 162
1844670 162
1844680 162
1844690 162
1844700 162
1844710 162
1844720 162
1844730 162
1844740 161
1844750 161
1844760 161
1844770 161
1844780 161
1844790 161
1844800 161
1844810 161
1844820 161
1844830 161
1844840 161
1844850 161
1844860 161
1844870 161
1844880 161
1844890 161
1844900 161
1844910 161
1844920 161
1844930 161
1844940 161
1844950 161
1844960 161
1844970 161
1844980 161
1844990 160
1845000 160
1845010 160
1845020 160
1845030 160
1845040 160
1845050 159
1845060 159
1845070 159
1845080 159
1845090 157
1845100 157
1845110 157
1845120 157
1845130 157
1845140 156
1845150 156
1845160 156
1845170 156
1845180 155
1845190 155
1845200 155
1845210 155
1845220 155
1845230 155
1845240 155
1845250 155
1845260 155
1845270 155
1845280 155
1845290 155
1845300 155
1845310 155
1845320 156
1845330 157
1845340 157
1845350 157
1845360 158
1845370 158
1845380 158
1845390 159
1845400 159
1845410 158
1845420 158
1845430 158
1845440 157
1845450 157
1845460 157
1845470 157
1845480 157
1845490 157
1845500 157
1845510 157
1845520 157
1845530 157
1845540 157
1845550 157
1845560 157
1845570 157
1845580 157
1845590 157
1845600 157
1845610 157
1845620 157
1845630 157
1845640 156
1845650 156
1845660 156
1845670 156
1845680 156
1845690 155
1845700 155
1845710 155
1845720 155
1845730 155
1845740 155
1845750 155
1845760 155
1845770 155
1845780 154
1845790 154
1845800 154
1845810 154
1845820 154
1845830 154
1845840 155
1845850 155
1845860 155
1845870 156
1845880 156
1845890 156
1845900 156
1845910 155
1845920 155
1845930 155
1845940 155
1845950 155
1845960 155
1845970 155
1845980 155
1845990 155
1846000 155
1846010 155
1846020 155
1846030 154
1846040 154
1846050 154
1846060 154
1846070 154
1846080 154
1846090 154
1846100 154
1846110 154
1846120 154
1846130 154
1846140 154
1846150 154
1846160 153
1846170 153
1846180 153
1846190 153
1846200 153
1846210 153
1846220 153
1846230 153
1846240 154
1846250 154
1846260 154
1846270 154
1846280 155
1846290 155
1846300 155
1846310 156
1846320 156
1846330 156
1846340 156
1846350 156
1846360 156
1846370 156
1846380 156
1846390 156
1846400 156
1846410 156
1846420 156
1846430 156
1846440 156
1846450 156
1846460 156
1846470 156
1846480 157
1846490 156
1846500 156
1846510 157
1846520 156
1846530 156
1846540 156
1846550 156
1846560 156
1846570 156
1846580 156
1846590 156
1846600 156
1846610 156
1846620 156
1846630 156
1846640 156
1846650 156
1846660 156
1846670 156
1846680 156
1846690 156
1846700 156
1846710 156
1846720 156
1846730 156
1846740 156
1846750 156
1846760 156
1846770 156
1846780 156
1846790 156
1846800 156
1846810 156
1846820 156
1846830 156
1846840 156
1846850 156
1846860 156
1846870 156
1846880 156
1846890 156
1846900 156
1846910 156
1846920 156
1846930 156
1846940 156
1846950 156
1846960 156
1846970 156
1846980 156
1846990 156
1847000 156
1847010 156
1847020 156
1847030 156
1847040 156
1847050 156
1847060 156
1847070 156
1847080 156
1847090 156
1847100 156
1847110 156
1847120 156
1847130 156
1847140 156
1847150 155
1847160 155
1847170 155
1847180 156
1847190 155
1847200 155
1847210 155
1847220 155
1847230 155
1847240 155
1847250 155
1847260 155
1847270 155
1847280 155
1847290 155
1847300 155
1847310 155
1847320 155
1847330 155
1847340 155
1847350 155
1847360 155
1847370 155
1847380 155
1847390 155
1847400 155
1847410 155
1847420 155
1847430 155
1847440 155
1847450 155
1847460 155
1847470 155
1847480 155
1847490 155
1847500 155
1847510 155
1847520 155
1847530 155
1847540 155
1847550 155
1847560 155
1847570 155
1847580 155
1847590 155
1847600 155
1847610 154
1847620 154
1847630 154
1847640 154
1847650 154
1847660 154
1847670 154
1847680 154
1847690 154
1847700 154
1847710 154
1847720 154
1847730 154
1847740 154
1847750 154
1847760 154
1847770 154
1847780 154
1847790 154
1847800 155
1847810 155
1847820 154
1847830 154
1847840 154
1847850 154
1847860 154
1847870 154
1847880 154
1847890 154
1847900 154
1847910 154
1847920 154
1847930 154
1847940 154
1847950 154
1847960 154
1847970 154
1847980 154
1847990 154
1848000 154
1848010 154
1848020 154
1848030 154
1848040 154
1848050 154
1848060 154
1848070 154
1848080 154
1848090 154
1848100 154
1848110 153
1848120 153
1848130 153
1848140 153
1848150 153
1848160 153
1848170 154
1848180 154
1848190 154
1848200 154
1848210 154
1848220 154
1848230 153
1848240 153
1848250 153
1848260 153
1848270 153
1848280 153
1848290 153
1848300 153
1848310 153
1848320 153
1848330 153
1848340 153
1848350 153
1848360 153
1848370 153
1848380 153
1848390 153
1848400 153
1848410 153
1848420 153
1848430 153
1848440 153
1848450 153
1848460 153
1848470 153
1848480 153
1848490 153
1848500 153
1848510 153
1848520 153
1848530 153
1848540 153
1848550 153
1848560 153
1848570 153
1848580 153
1848590 153
1848600 153
1848610 153
1848620 153
1848630 153
1848640 153
1848650 153
1848660 153
1848670 153
1848680 153
1848690 153
1848700 153
1848710 152
1848720 152
1848730 152
1848740 152
1848750 152
1848760 152
1848770 152
1848780 152
1848790 152
1848800 152
1848810 152
1848820 152
1848830 152
1848840 152
1848850 152
1848860 152
1848870 152
1848880 152
1848890 152
1848900 152
1848910 152
1848920 152
1848930 152
1848940 152
1848950 152
1848960 152
1848970 152
1848980 152
1848990 152
1849000 152
1849010 152
1849020 152
1849030 152
1849040 152
1849050 152
1849060 152
1849070 152
1849080 152
1849090 152
1849100 152
1849110 152
1849120 152
1849130 152
1849140 152
1849150 152
1849160 152
1849170 152
1849180 152
1849190 152
1849200 152
1849210 152
1849220 152
1849230 152
1849240 152
1849250 152
1849260 152
1849270 152
1849280 152
1849290 152
1849300 152
1849310 152
1849320 152
1849330 152
1849340 152
1849350 152
1849360 152
1849370 152
1849380 151
1849390 151
1849400 151
1849410 152
1849420 152
1849430 152
1849440 151
1849450 151
1849460 151
1849470 151
1849480 151
1849490 151
1849500 151
1849510 151
1849520 151
1849530 151
1849540 151
1849550 151
1849560 151
1849570 151
1849580 151
1849590 151
1849600 151
1849610 151
1849620 151
1849630 151
1849640 151
1849650 151
1849660 151
1849670 151
1849680 151
1849690 151
1849700 151
1849710 151
1849720 151
1849730 151
1849740 151
1849750 151
1849760 151
1849770 151
1849780 151
1849790 151
1849800 151
1849810 151
1849820 151
1849830 151
1849840 151
1849850 151
1849860 151
1849870 151
1849880 151
1849890 151
1849900 152
1849910 152
1849920 152
1849930 151
1849940 151
1849950 151
1849960 151
1849970 151
1849980 151
1849990 151
1850000 151
1850010 151
1850020 151
1850030 151
1850040 151
1850050 151
1850060 151
1850070 151
1850080 150
1850090 150
1850100 150
1850110 150
1850120 150
1850130 150
1850140 150
1850150 150
1850160 150
1850170 150
1850180 150
1850190 150
1850200 150
1850210 150
1850220 150
1850230 150
1850240 150
1850250 150
1850260 150
1850270 150
1850280 150
1850290 150
1850300 150
1850310 150
1850320 150
1850330 150
1850340 150
1850350 150
1850360 150
1850370 150
1850380 150
1850390 150
1850400 150
1850410 150
1850420 150
1850430 150
1850440 150
1850450 150
1850460 150
1850470 150
1850480 150
1850490 150
1850500 150
1850510 150
1850520 150
1850530 150
1850540 150
1850550 150
1850560 150
1850570 150
1850580 150
1850590 150
1850600 150
1850610 150
1850620 150
1850630 150
1850640 150
1850650 150
1850660 150
1850670 150
1850680 150
1850690 150
1850700 150
1850710 150
1850720 150
1850730 150
1850740 150
1850750 150
1850760 150
1850770 150
1850780 150
1850790 150
1850800 150
1850810 150
1850820 150
1850830 150
1850840 150
1850850 150
1850860 150
1850870 150
1850880 150
1850890 150
1850900 150
1850910 150
1850920 150
1850930 150
1850940 150
1850950 150
1850960 150
1850970 150
1850980 150
1850990 150
1851000 150
1851010 150
1851020 150
1851030 150
1851040 150
1851050 150
1851060 150
1851070 150
1851080 150
1851090 150
1851100 150
1851110 150
1851120 150
1851130 150
1851140 150
1851150 150
1851160 149
1851170 149
1851180 150
1851190 150
1851200 150
1851210 150
1851220 150
1851230 150
1851240 150
1851250 150
1851260 150
1851270 150
1851280 150
1851290 150
1851300 150
1851310 151
1851320 151
1851330 151
1851340 151
1851350 151
1851360 151
1851370 151
1851380 151
1851390 151
1851400 151
1851410 151
1851420 152
1851430 152
1851440 152
1851450 152
1851460 152
1851470 152
1851480 152
1851490 153
1851500 153
1851510 153
1851520 153
1851530 153
1851540 153
1851550 154
1851560 154
1851570 154
1851580 154
1851590 154
1851600 155
1851610 155
1851620 155
1851630 155
1851640 155
1851650 156
1851660 156
1851670 156
1851680 156
1851690 156
1851700 156
1851710 157
1851720 157
1851730 157
1851740 157
1851750 157
1851760 157
1851770 158
1851780 158
1851790 158
1851800 158
1851810 158
1851820 159
1851830 159
1851840 159
1851850 159
1851860 159
1851870 159
1851880 159
1851890 160
1851900 160
1851910 160
1851920 160
1851930 160
1851940 161
1851950 161
1851960 161
1851970 161
1851980 162
1851990 162
1852000 162
1852010 162
1852020 162
1852030 163
1852040 163
1852050 163
1852060 163
1852070 164
1852080 164
1852090 164
1852100 165
1852110 165
1852120 165
1852130 166
1852140 166
1852150 166
1852160 166
1852170 166
1852180 167
1852190 167
1852200 168
1852210 168
1852220 168
1852230 169
1852240 169
1852250 169
1852260 169
1852270 169
1852280 170
1852290 170
1852300 170
1852310 171
1852320 171
1852330 171
1852340 171
1852350 172
1852360 172
1852370 173
1852380 173
1852390 173
1852400 174
1852410 176
1852420 176
1852430 177
1852440 178
1852450 178
1852460 179
1852470 180
1852480 180
1852490 183
1852500 184
1852510 184
1852520 186
1852530 188
1852540 188
1852550 189
1852560 190
1852570 190
1852580 192
1852590 194
1852600 194
1852610 195
1852620 197
1852630 197
1852640 198
1852650 198
1852660 198
1852670 199
1852680 199
1852690 199
1852700 199
1852710 198
1852720 198
1852730 197
1852740 197
1852750 197
1852760 195
1852770 195
1852780 195
1852790 196
1852800 197
1852810 199
1852820 199
1852830 200
1852840 202
1852850 207
1852860 208
1852870 209
1852880 209
1852890 210
1852900 211
1852910 211
1852920 212
1852930 214
1852940 214
1852950 215
1852960 217
1852970 217
1852980 219
1852990 220
1853000 220
1853010 221
1853020 222
1853030 222
1853040 222
1853050 223
1853060 223
1853070 223
1853080 224
1853090 224
1853100 224
1853110 224
1853120 224
1853130 223
1853140 223
1853150 223
1853160 222
1853170 221
1853180 221
1853190 221
1853200 220
1853210 220
1853220 220
1853230 219
1853240 219
1853250 218
1853260 218
1853270 218
1853280 217
1853290 216
1853300 216
1853310 215
1853320 215
1853330 215
1853340 214
1853350 213
1853360 213
1853370 213
1853380 212
1853390 212
1853400 212
1853410 211
1853420 211
1853430 211
1853440 210
1853450 209
1853460 209
1853470 209
1853480 208
1853490 208
1853500 208
1853510 207
1853520 207
1853530 207
1853540 207
1853550 207
1853560 206
1853570 206
1853580 206
1853590 204
1853600 203
1853610 203
1853620 202
1853630 202
1853640 202
1853650 201
1853660 201
1853670 201
1853680 200
1853690 200
1853700 200
1853710 199
1853720 199
1853730 199
1853740 198
1853750 198
1853760 198
1853770 197
1853780 197
1853790 197
1853800 196
1853810 196
1853820 196
1853830 195
1853840 194
1853850 194
1853860 194
1853870 193
1853880 193
1853890 193
1853900 192
1853910 192
1853920 191
1853930 191
1853940 191
1853950 190
1853960 190
1853970 190
1853980 189
1853990 188
1854000 188
1854010 188
1854020 187
1854030 187
1854040 187
1854050 187
1854060 186
1854070 186
1854080 186
1854090 185
1854100 185
1854110 185
1854120 185
1854130 185
1854140 184
1854150 184
1854160 184
1854170 183
1854180 183
1854190 183
1854200 183
1854210 183
1854220 183
1854230 183
1854240 183
1854250 183
1854260 183
1854270 183
1854280 183
1854290 182
1854300 182
1854310 182
1854320 182
1854330 182
1854340 182
1854350 182
1854360 182
1854370 182
1854380 181
1854390 181
1854400 181
1854410 181
1854420 181
1854430 181
1854440 181
1854450 180
1854460 180
1854470 180
1854480 180
1854490 180
1854500 179
1854510 179
1854520 179
1854530 179
1854540 179
1854550 179
1854560 178
1854570 178
1854580 178
1854590 177
1854600 177
1854610 176
1854620 176
1854630 176
1854640 175
1854650 175
1854660 175
1854670 174
1854680 174
1854690 174
1854700 173
1854710 173
1854720 173
1854730 172
1854740 172
1854750 172
1854760 171
1854770 171
1854780 171
1854790 170
1854800 170
1854810 170
1854820 169
1854830 169
1854840 169
1854850 168
1854860 168
1854870 168
1854880 167
1854890 167
1854900 166
1854910 165
1854920 165
1854930 165
1854940 164
1854950 164
1854960 163
1854970 163
1854980 163
1854990 162
1855000 161
1855010 161
1855020 161
1855030 160
1855040 160
1855050 160
1855060 158
1855070 158
1855080 158
1855090 157
1855100 157
1855110 157
1855120 156
1855130 156
1855140 155
1855150 155
1855160 155
1855170 154
1855180 154
1855190 154
1855200 153
1855210 152
1855220 152
1855230 152
1855240 151
1855250 151
1855260 151
1855270 150
1855280 149
1855290 149
1855300 149
1855310 148
1855320 148
1855330 147
1855340 147
1855350 147
1855360 146
1855370 146
1855380 146
1855390 145
1855400 145
1855410 145
1855420 144
1855430 144
1855440 144
1855450 143
1855460 143
1855470 143
1855480 143
1855490 142
1855500 142
1855510 142
1855520 141
1855530 141
1855540 141
1855550 140
1855560 140
1855570 140
1855580 139
1855590 139
1855600 139
1855610 139
1855620 139
1855630 138
1855640 138
1855650 138
1855660 138
1855670 138
1855680 138
1855690 138
1855700 137
1855710 137
1855720 136
1855730 135
1855740 135
1855750 135
1855760 134
1855770 134
1855780 134
1855790 134
1855800 133
1855810 133
1855820 133
1855830 133
1855840 133
1855850 132
1855860 132
1855870 132
1855880 132
1855890 132
1855900 132
1855910 131
1855920 131
1855930 131
1855940 131
1855950 131
1855960 131
1855970 131
1855980 131
1855990 131
1856000 131
1856010 131
1856020 131
1856030 131
1856040 130
1856050 130
1856060 130
1856070 130
1856080 130
1856090 130
1856100 129
1856110 129
1856120 129
1856130 128
1856140 128
1856150 127
1856160 127
1856170 127
1856180 127
1856190 127
1856200 127
1856210 127
1856220 127
1856230 127
1856240 125
1856250 124
1856260 124
1856270 124
1856280 124
1856290 124
1856300 123
1856310 123
1856320 123
1856330 123
1856340 122
1856350 122
1856360 122
1856370 122
1856380 122
1856390 121
1856400 120
1856410 120
1856420 120
1856430 119
1856440 119
1856450 119
1856460 119
1856470 118
1856480 118
1856490 118
1856500 118
1856510 118
1856520 118
1856530 118
1856540 118
1856550 117
1856560 117
1856570 117
1856580 117
1856590 117
1856600 117
1856610 117
1856620 117
1856630 117
1856640 117
1856650 117
1856660 117
1856670 117
1856680 117
1856690 117
1856700 117
1856710 117
1856720 117
1856730 117
1856740 117
1856750 117
1856760 117
1856770 117
1856780 117
1856790 117
1856800 116
1856810 116
1856820 116
1856830 116
1856840 116
1856850 116
1856860 116
1856870 116
1856880 116
1856890 116
1856900 116
1856910 116
1856920 115
1856930 115
1856940 115
1856950 115
1856960 115
1856970 115
1856980 115
1856990 115
1857000 115
1857010 115
1857020 115
1857030 115
1857040 115
1857050 115
1857060 115
1857070 115
1857080 115
1857090 115
1857100 115
1857110 115
1857120 115
1857130 115
1857140 115
1857150 115
1857160 115
1857170 115
1857180 115
1857190 115
1857200 115
1857210 115
1857220 115
1857230 115
1857240 115
1857250 115
1857260 115
1857270 115
1857280 115
1857290 115
1857300 115
1857310 115
1857320 115
1857330 115
1857340 115
1857350 115
1857360 115
1857370 115
1857380 115
1857390 115
1857400 115
1857410 115
1857420 115
1857430 115
1857440 115
1857450 115
1857460 115
1857470 115
1857480 115
1857490 115
1857500 115
1857510 115
1857520 115
1857530 115
1857540 115
1857550 115
1857560 115
1857570 115
1857580 115
1857590 115
1857600 115
1857610 115
1857620 115
1857630 115
1857640 115
1857650 115
1857660 115
1857670 115
1857680 115
1857690 115
1857700 115
1857710 115
1857720 115
1857730 115
1857740 115
1857750 115
1857760 115
1857770 115
1857780 115
1857790 115
1857800 115
1857810 115
1857820 115
1857830 115
1857840 115
1857850 115
1857860 115
1857870 115
1857880 115
1857890 115
1857900 115
1857910 115
1857920 115
1857930 115
1857940 115
1857950 115
1857960 115
1857970 115
1857980 115
1857990 115
1858000 115
1858010 115
1858020 115
1858030 115
1858040 115
1858050 115
1858060 115
1858070 115
1858080 115
1858090 115
1858100 115
1858110 115
1858120 115
1858130 115
1858140 115
1858150 115
1858160 115
1858170 115
1858180 115
1858190 115
1858200 115
1858210 115
1858220 115
1858230 115
1858240 115
1858250 115
1858260 115
1858270 115
1858280 115
1858290 115
1858300 115
1858310 115
1858320 115
1858330 115
1858340 115
1858350 115
1858360 115
1858370 115
1858380 115
1858390 115
1858400 115
1858410 115
1858420 115
1858430 115
1858440 115
1858450 115
1858460 115
1858470 115
1858480 115
1858490 115
1858500 115
1858510 115
1858520 115
1858530 115
1858540 115
1858550 115
1858560 115
1858570 115
1858580 115
1858590 115
1858600 115
1858610 115
1858620 115
1858630 115
1858640 115
1858650 115
1858660 115
1858670 115
1858680 115
1858690 115
1858700 115
1858710 115
1858720 115
1858730 115
1858740 115
1858750 115
1858760 115
1858770 115
1858780 115
1858790 115
1858800 115
1858810 115
1858820 115
1858830 115
1858840 115
1858850 115
1858860 115
1858870 115
1858880 115
1858890 115
1858900 115
1858910 115
1858920 115
1858930 115
1858940 115
1858950 115
1858960 115
1858970 115
1858980 115
1858990 115
1859000 115
1859010 115
1859020 115
1859030 115
1859040 115
1859050 115
1859060 115
1859070 115
1859080 115
1859090 115
1859100 115
1859110 115
1859120 115
1859130 115
1859140 115
1859150 115
1859160 115
1859170 115
1859180 115
1859190 115
1859200 115
1859210 115
1859220 115
1859230 115
1859240 115
1859250 115
1859260 115
1859270 115
1859280 115
1859290 115
1859300 115
1859310 115
1859320 115
1859330 115
1859340 115
1859350 115
1859360 115
1859370 115
1859380 115
1859390 115
1859400 115
1859410 115
1859420 115
1859430 115
1859440 115
1859450 115
1859460 115
1859470 115
1859480 115
1859490 115
1859500 115
1859510 115
1859520 115
1859530 115
1859540 115
1859550 115
1859560 115
1859570 115
1859580 115
1859590 115
1859600 115
1859610 115
1859620 115
1859630 115
1859640 115
1859650 115
1859660 115
1859670 115
1859680 115
1859690 115
1859700 115
1859710 115
1859720 115
1859730 115
1859740 115
1859750 115
1859760 115
1859770 115
1859780 115
1859790 115
1859800 115
1859810 115
1859820 115
1859830 115
1859840 115
1859850 115
1859860 115
1859870 115
1859880 115
1859890 115
1859900 115
1859910 115
1859920 115
1859930 115
1859940 115
1859950 115
1859960 116
1859970 116
1859980 116
1859990 115
