1840000 159
1840010 159
1840020 159
1840030 159
1840040 159
1840050 159
1840060 159
1840070 159
1840080 159
1840090 159
1840100 159
1840110 159
1840120 159
1840130 159
1840140 159
1840150 159
1840160 159
1840170 159
1840180 159
1840190 159
1840200 159
1840210 159
1840220 159
1840230 159
1840240 159
1840250 159
1840260 159
1840270 159
1840280 159
1840290 159
1840300 158
1840310 158
1840320 158
1840330 158
1840340 158
1840350 158
1840360 158
1840370 158
1840380 158
1840390 158
1840400 158
1840410 158
1840420 158
1840430 158
1840440 158
1840450 158
1840460 158
1840470 158
1840480 158
1840490 158
1840500 158
1840510 158
1840520 158
1840530 158
1840540 158
1840550 158
1840560 158
1840570 158
1840580 158
1840590 158
1840600 158
1840610 158
1840620 158
1840630 158
1840640 159
1840650 159
1840660 159
1840670 159
1840680 159
1840690 159
1840700 159
1840710 159
1840720 159
1840730 159
1840740 159
1840750 159
1840760 159
1840770 159
1840780 159
1840790 159
1840800 159
1840810 159
1840820 159
1840830 159
1840840 159
1840850 159
1840860 160
1840870 160
1840880 160
1840890 160
1840900 160
1840910 160
1840920 161
1840930 161
1840940 161
1840950 161
1840960 161
1840970 162
1840980 162
1840990 162
1841000 163
1841010 163
1841020 163
1841030 163
1841040 163
1841050 163
1841060 164
1841070 164
1841080 164
1841090 165
1841100 166
1841110 166
1841120 167
1841130 168
1841140 168
1841150 168
1841160 169
1841170 169
1841180 170
1841190 170
1841200 170
1841210 170
1841220 170
1841230 170
1841240 170
1841250 170
1841260 169
1841270 169
1841280 169
1841290 169
1841300 169
1841310 170
1841320 170
1841330 170
1841340 170
1841350 170
1841360 170
1841370 170
1841380 170
1841390 170
1841400 170
1841410 170
1841420 170
1841430 170
1841440 169
1841450 169
1841460 169
1841470 169
1841480 169
1841490 169
1841500 169
1841510 169
1841520 169
1841530 169
1841540 169
1841550 168
1841560 168
1841570 168
1841580 168
1841590 168
1841600 168
1841610 168
1841620 168
1841630 168
1841640 168
1841650 168
1841660 168
1841670 168
1841680 168
1841690 168
1841700 168
1841710 167
1841720 167
1841730 167
1841740 167
1841750 167
1841760 167
1841770 167
1841780 167
1841790 166
1841800 166
1841810 166
1841820 166
1841830 166
1841840 166
1841850 166
1841860 165
1841870 165
1841880 165
1841890 165
1841900 166
1841910 166
1841920 166
1841930 166
1841940 166
1841950 166
1841960 166
1841970 166
1841980 166
1841990 165
1842000 165
1842010 165
1842020 165
1842030 165
1842040 165
1842050 165
1842060 165
1842070 165
1842080 165
1842090 165
1842100 165
1842110 165
1842120 165
1842130 165
1842140 165
1842150 165
1842160 165
1842170 164
1842180 164
1842190 164
1842200 164
1842210 164
1842220 164
1842230 164
1842240 164
1842250 164
1842260 164
1842270 164
1842280 164
1842290 163
1842300 163
1842310 163
1842320 163
1842330 163
1842340 163
1842350 163
1842360 163
1842370 163
1842380 163
1842390 163
1842400 163
1842410 163
1842420 163
1842430 163
1842440 163
1842450 163
1842460 163
1842470 163
1842480 163
1842490 163
1842500 163
1842510 163
1842520 163
1842530 162
1842540 162
1842550 162
1842560 162
1842570 162
1842580 162
1842590 162
1842600 161
1842610 161
1842620 161
1842630 161
1842640 161
1842650 161
1842660 161
1842670 161
1842680 161
1842690 161
1842700 161
1842710 161
1842720 161
1842730 161
1842740 161
1842750 161
1842760 161
1842770 161
1842780 161
1842790 161
1842800 161
1842810 161
1842820 161
1842830 161
1842840 161
1842850 161
1842860 161
1842870 161
1842880 161
1842890 161
1842900 161
1842910 161
1842920 160
1842930 160
1842940 160
1842950 160
1842960 160
1842970 160
1842980 160
1842990 160
1843000 160
1843010 160
1843020 160
1843030 160
1843040 159
1843050 159
1843060 159
1843070 159
1843080 160
1843090 160
1843100 160
1843110 159
1843120 159
1843130 159
1843140 159
1843150 159
1843160 159
1843170 159
1843180 159
1843190 159
1843200 159
1843210 159
1843220 159
1843230 159
1843240 159
1843250 159
1843260 159
1843270 159
1843280 159
1843290 159
1843300 159
1843310 159
1843320 159
1843330 159
1843340 159
1843350 159
1843360 159
1843370 159
1843380 159
1843390 159
1843400 159
1843410 159
1843420 159
1843430 159
1843440 159
1843450 159
1843460 159
1843470 159
1843480 159
1843490 159
1843500 159
1843510 159
1843520 159
1843530 159
1843540 159
1843550 159
1843560 159
1843570 159
1843580 159
1843590 159
1843600 159
1843610 159
1843620 159
1843630 159
1843640 159
1843650 159
1843660 159
1843670 159
1843680 159
1843690 159
1843700 159
1843710 159
1843720 159
1843730 159
1843740 159
1843750 159
1843760 159
1843770 159
1843780 159
1843790 158
1843800 158
1843810 159
1843820 159
1843830 159
1843840 159
1843850 159
1843860 159
1843870 159
1843880 158
1843890 158
1843900 158
1843910 158
1843920 158
1843930 158
1843940 158
1843950 158
1843960 158
1843970 158
1843980 158
1843990 159
1844000 159
1844010 159
1844020 159
1844030 159
1844040 159
1844050 159
1844060 159
1844070 159
1844080 159
1844090 159
1844100 159
1844110 159
1844120 159
1844130 159
1844140 159
1844150 159
1844160 159
1844170 159
1844180 159
1844190 159
1844200 159
1844210 159
1844220 159
1844230 159
1844240 159
1844250 159
1844260 159
1844270 158
1844280 158
1844290 158
1844300 158
1844310 158
1844320 158
1844330 158
1844340 158
1844350 158
1844360 158
1844370 158
1844380 158
1844390 158
1844400 158
1844410 158
1844420 158
1844430 158
1844440 158
1844450 158
1844460 158
1844470 158
1844480 158
1844490 158
1844500 158
1844510 158
1844520 158
1844530 158
1844540 158
1844550 158
1844560 158
1844570 158
1844580 158
1844590 158
1844600 157
1844610 157
1844620 157
1844630 157
1844640 157
1844650 157
1844660 157
1844670 157
1844680 157
1844690 157
1844700 157
1844710 157
1844720 158
1844730 158
1844740 158
1844750 158
1844760 158
1844770 158
1844780 158
1844790 158
1844800 158
1844810 158
1844820 157
1844830 157
1844840 157
1844850 157
1844860 157
1844870 157
1844880 157
1844890 157
1844900 157
1844910 157
1844920 157
1844930 157
1844940 157
1844950 157
1844960 157
1844970 156
1844980 156
1844990 156
1845000 156
1845010 156
1845020 156
1845030 156
1845040 156
1845050 156
1845060 157
1845070 157
1845080 157
1845090 157
1845100 157
1845110 157
1845120 157
1845130 157
1845140 157
1845150 158
1845160 158
1845170 158
1845180 158
1845190 158
1845200 158
1845210 158
1845220 157
1845230 157
1845240 157
1845250 156
1845260 156
1845270 156
1845280 156
1845290 156
1845300 156
1845310 156
1845320 156
1845330 156
1845340 157
1845350 157
1845360 157
1845370 157
1845380 157
1845390 157
1845400 157
1845410 157
1845420 157
1845430 157
1845440 157
1845450 156
1845460 156
1845470 156
1845480 156
1845490 156
1845500 156
1845510 156
1845520 156
1845530 156
1845540 156
1845550 156
1845560 156
1845570 156
1845580 156
1845590 156
1845600 156
1845610 156
1845620 157
1845630 157
1845640 157
1845650 156
1845660 156
1845670 156
1845680 156
1845690 156
1845700 156
1845710 156
1845720 156
1845730 156
1845740 156
1845750 156
1845760 157
1845770 157
1845780 157
1845790 157
1845800 157
1845810 157
1845820 157
1845830 157
1845840 157
1845850 157
1845860 157
1845870 157
1845880 157
1845890 156
1845900 156
1845910 156
1845920 156
1845930 156
1845940 156
1845950 156
1845960 156
1845970 156
1845980 156
1845990 156
1846000 156
1846010 156
1846020 156
1846030 156
1846040 156
1846050 156
1846060 156
1846070 156
1846080 156
1846090 156
1846100 156
1846110 156
1846120 156
1846130 156
1846140 156
1846150 156
1846160 156
1846170 156
1846180 156
1846190 156
1846200 156
1846210 156
1846220 156
1846230 155
1846240 155
1846250 155
1846260 155
1846270 155
1846280 155
1846290 155
1846300 155
1846310 155
1846320 155
1846330 155
1846340 154
1846350 154
1846360 154
1846370 154
1846380 154
1846390 154
1846400 154
1846410 154
1846420 154
1846430 154
1846440 154
1846450 154
1846460 154
1846470 154
1846480 154
1846490 154
1846500 154
1846510 154
1846520 154
1846530 154
1846540 154
1846550 154
1846560 154
1846570 154
1846580 154
1846590 154
1846600 154
1846610 154
1846620 154
1846630 154
1846640 154
1846650 154
1846660 154
1846670 154
1846680 154
1846690 154
1846700 154
1846710 153
1846720 153
1846730 153
1846740 153
1846750 153
1846760 153
1846770 153
1846780 153
1846790 153
1846800 153
1846810 153
1846820 153
1846830 152
1846840 152
1846850 152
1846860 152
1846870 152
1846880 152
1846890 153
1846900 153
1846910 153
1846920 153
1846930 153
1846940 153
1846950 153
1846960 153
1846970 153
1846980 153
1846990 152
1847000 152
1847010 152
1847020 152
1847030 152
1847040 152
1847050 152
1847060 152
1847070 152
1847080 151
1847090 151
1847100 151
1847110 151
1847120 151
1847130 151
1847140 151
1847150 151
1847160 151
1847170 151
1847180 151
1847190 151
1847200 151
1847210 151
1847220 151
1847230 151
1847240 151
1847250 151
1847260 151
1847270 151
1847280 151
1847290 151
1847300 151
1847310 151
1847320 151
1847330 151
1847340 150
1847350 150
1847360 150
1847370 150
1847380 149
1847390 149
1847400 149
1847410 149
1847420 149
1847430 149
1847440 149
1847450 149
1847460 149
1847470 149
1847480 148
1847490 148
1847500 148
1847510 148
1847520 148
1847530 148
1847540 148
1847550 148
1847560 147
1847570 147
1847580 147
1847590 147
1847600 146
1847610 146
1847620 146
1847630 146
1847640 146
1847650 146
1847660 146
1847670 146
1847680 147
1847690 146
1847700 146
1847710 146
1847720 146
1847730 146
1847740 146
1847750 146
1847760 146
1847770 147
1847780 147
1847790 147
1847800 147
1847810 147
1847820 147
1847830 147
1847840 147
1847850 147
1847860 147
1847870 147
1847880 147
1847890 147
1847900 147
1847910 147
1847920 146
1847930 146
1847940 146
1847950 146
1847960 145
1847970 145
1847980 145
1847990 145
1848000 144
1848010 144
1848020 144
1848030 144
1848040 144
1848050 143
1848060 143
1848070 143
1848080 143
1848090 143
1848100 143
1848110 143
1848120 143
1848130 143
1848140 144
1848150 144
1848160 144
1848170 144
1848180 143
1848190 143
1848200 143
1848210 143
1848220 143
1848230 142
1848240 142
1848250 142
1848260 142
1848270 142
1848280 142
1848290 142
1848300 141
1848310 141
1848320 140
1848330 140
1848340 140
1848350 140
1848360 141
1848370 141
1848380 141
1848390 141
1848400 141
1848410 142
1848420 142
1848430 142
1848440 142
1848450 142
1848460 142
1848470 142
1848480 142
1848490 142
1848500 142
1848510 142
1848520 142
1848530 143
1848540 143
1848550 143
1848560 143
1848570 143
1848580 143
1848590 143
1848600 144
1848610 144
1848620 144
1848630 145
1848640 146
1848650 146
1848660 147
1848670 148
1848680 148
1848690 148
1848700 148
1848710 148
1848720 149
1848730 149
1848740 149
1848750 149
1848760 149
1848770 149
1848780 148
1848790 148
1848800 148
1848810 148
1848820 149
1848830 149
1848840 149
1848850 149
1848860 149
1848870 149
1848880 149
1848890 149
1848900 149
1848910 149
1848920 149
1848930 150
1848940 150
1848950 150
1848960 149
1848970 149
1848980 149
1848990 149
1849000 149
1849010 149
1849020 149
1849030 149
1849040 149
1849050 149
1849060 149
1849070 149
1849080 149
1849090 148
1849100 148
1849110 148
1849120 148
1849130 148
1849140 149
1849150 149
1849160 149
1849170 149
1849180 149
1849190 149
1849200 149
1849210 148
1849220 148
1849230 148
1849240 148
1849250 148
1849260 148
1849270 148
1849280 148
1849290 148
1849300 148
1849310 149
1849320 149
1849330 149
1849340 149
1849350 149
1849360 149
1849370 149
1849380 149
1849390 149
1849400 149
1849410 149
1849420 148
1849430 148
1849440 148
1849450 148
1849460 148
1849470 148
1849480 148
1849490 148
1849500 148
1849510 148
1849520 148
1849530 148
1849540 149
1849550 149
1849560 149
1849570 149
1849580 149
1849590 149
1849600 149
1849610 148
1849620 148
1849630 148
1849640 149
1849650 149
1849660 149
1849670 149
1849680 149
1849690 148
1849700 148
1849710 148
1849720 148
1849730 148
1849740 148
1849750 148
1849760 148
1849770 148
1849780 148
1849790 148
1849800 148
1849810 148
1849820 148
1849830 148
1849840 148
1849850 148
1849860 148
1849870 148
1849880 148
1849890 148
1849900 148
1849910 148
1849920 148
1849930 148
1849940 148
1849950 149
1849960 149
1849970 149
1849980 149
1849990 149
1850000 149
1850010 149
1850020 149
1850030 149
1850040 149
1850050 149
1850060 149
1850070 149
1850080 149
1850090 149
1850100 150
1850110 150
1850120 150
1850130 150
1850140 150
1850150 150
1850160 150
1850170 150
1850180 150
1850190 150
1850200 150
1850210 150
1850220 149
1850230 149
1850240 149
1850250 149
1850260 149
1850270 149
1850280 149
1850290 149
1850300 149
1850310 149
1850320 149
1850330 149
1850340 149
1850350 149
1850360 149
1850370 149
1850380 149
1850390 149
1850400 149
1850410 149
1850420 149
1850430 150
1850440 150
1850450 150
1850460 150
1850470 150
1850480 150
1850490 150
1850500 150
1850510 150
1850520 150
1850530 151
1850540 151
1850550 151
1850560 151
1850570 151
1850580 151
1850590 151
1850600 151
1850610 151
1850620 151
1850630 151
1850640 151
1850650 152
1850660 152
1850670 152
1850680 152
1850690 152
1850700 152
1850710 153
1850720 153
1850730 153
1850740 153
1850750 153
1850760 154
1850770 154
1850780 154
1850790 155
1850800 155
1850810 155
1850820 155
1850830 156
1850840 156
1850850 157
1850860 158
1850870 158
1850880 158
1850890 158
1850900 158
1850910 158
1850920 158
1850930 158
1850940 158
1850950 158
1850960 158
1850970 160
1850980 161
1850990 161
1851000 163
1851010 165
1851020 165
1851030 166
1851040 168
1851050 167
1851060 169
1851070 170
1851080 172
1851090 172
1851100 173
1851110 174
1851120 174
1851130 175
1851140 176
1851150 176
1851160 177
1851170 178
1851180 178
1851190 179
1851200 180
1851210 180
1851220 181
1851230 182
1851240 182
1851250 184
1851260 187
1851270 187
1851280 189
1851290 191
1851300 191
1851310 192
1851320 194
1851330 194
1851340 195
1851350 197
1851360 197
1851370 199
1851380 201
1851390 201
1851400 203
1851410 206
1851420 206
1851430 207
1851440 208
1851450 208
1851460 209
1851470 209
1851480 209
1851490 209
1851500 209
1851510 209
1851520 210
1851530 210
1851540 210
1851550 209
1851560 208
1851570 208
1851580 209
1851590 210
1851600 210
1851610 210
1851620 207
1851630 207
1851640 206
1851650 205
1851660 205
1851670 207
1851680 207
1851690 207
1851700 207
1851710 207
1851720 206
1851730 206
1851740 206
1851750 208
1851760 208
1851770 208
1851780 207
1851790 207
1851800 206
1851810 204
1851820 204
1851830 202
1851840 200
1851850 200
1851860 196
1851870 194
1851880 194
1851890 194
1851900 191
1851910 191
1851920 189
1851930 189
1851940 189
1851950 189
1851960 189
1851970 189
1851980 189
1851990 189
1852000 189
1852010 188
1852020 187
1852030 187
1852040 187
1852050 186
1852060 186
1852070 185
1852080 184
1852090 184
1852100 185
1852110 185
1852120 185
1852130 185
1852140 186
1852150 186
1852160 186
1852170 187
1852180 187
1852190 187
1852200 187
1852210 187
1852220 186
1852230 186
1852240 186
1852250 185
1852260 184
1852270 184
1852280 183
1852290 183
1852300 183
1852310 182
1852320 181
1852330 180
1852340 180
1852350 179
1852360 179
1852370 179
1852380 178
1852390 177
1852400 177
1852410 177
1852420 176
1852430 176
1852440 176
1852450 176
1852460 176
1852470 175
1852480 175
1852490 175
1852500 175
1852510 174
1852520 174
1852530 174
1852540 174
1852550 174
1852560 174
1852570 173
1852580 173
1852590 173
1852600 173
1852610 173
1852620 173
1852630 173
1852640 173
1852650 173
1852660 173
1852670 173
1852680 172
1852690 172
1852700 172
1852710 172
1852720 171
1852730 171
1852740 171
1852750 171
1852760 171
1852770 171
1852780 170
1852790 170
1852800 170
1852810 169
1852820 169
1852830 169
1852840 169
1852850 169
1852860 168
1852870 168
1852880 168
1852890 168
1852900 167
1852910 167
1852920 167
1852930 166
1852940 166
1852950 166
1852960 165
1852970 165
1852980 165
1852990 164
1853000 164
1853010 164
1853020 163
1853030 163
1853040 163
1853050 162
1853060 162
1853070 162
1853080 162
1853090 161
1853100 161
1853110 161
1853120 160
1853130 160
1853140 159
1853150 159
1853160 159
1853170 158
1853180 158
1853190 158
1853200 157
1853210 155
1853220 155
1853230 154
1853240 154
1853250 154
1853260 153
1853270 152
1853280 152
1853290 151
1853300 151
1853310 151
1853320 150
1853330 149
1853340 149
1853350 149
1853360 148
1853370 148
1853380 147
1853390 147
1853400 147
1853410 146
1853420 146
1853430 146
1853440 145
1853450 145
1853460 145
1853470 144
1853480 144
1853490 144
1853500 143
1853510 143
1853520 143
1853530 142
1853540 142
1853550 141
1853560 141
1853570 141
1853580 141
1853590 141
1853600 140
1853610 139
1853620 139
1853630 139
1853640 139
1853650 139
1853660 138
1853670 138
1853680 138
1853690 138
1853700 138
1853710 138
1853720 138
1853730 138
1853740 138
1853750 137
1853760 137
1853770 137
1853780 137
1853790 136
1853800 136
1853810 136
1853820 135
1853830 135
1853840 135
1853850 134
1853860 134
1853870 134
1853880 133
1853890 133
1853900 133
1853910 133
1853920 133
1853930 133
1853940 132
1853950 132
1853960 132
1853970 132
1853980 132
1853990 132
1854000 132
1854010 132
1854020 131
1854030 131
1854040 131
1854050 131
1854060 130
1854070 130
1854080 130
1854090 130
1854100 130
1854110 130
1854120 130
1854130 130
1854140 130
1854150 130
1854160 130
1854170 131
1854180 131
1854190 130
1854200 130
1854210 131
1854220 131
1854230 131
1854240 131
1854250 131
1854260 131
1854270 132
1854280 132
1854290 132
1854300 133
1854310 133
1854320 133
1854330 133
1854340 133
1854350 133
1854360 134
1854370 134
1854380 134
1854390 134
1854400 135
1854410 135
1854420 136
1854430 137
1854440 137
1854450 138
1854460 139
1854470 139
1854480 140
1854490 141
1854500 141
1854510 141
1854520 142
1854530 142
1854540 141
1854550 141
1854560 141
1854570 140
1854580 138
1854590 138
1854600 136
1854610 134
1854620 134
1854630 132
1854640 131
1854650 131
1854660 130
1854670 129
1854680 129
1854690 128
1854700 128
1854710 128
1854720 127
1854730 127
1854740 127
1854750 126
1854760 126
1854770 126
1854780 125
1854790 125
1854800 125
1854810 125
1854820 124
1854830 124
1854840 124
1854850 124
1854860 124
1854870 124
1854880 124
1854890 124
1854900 124
1854910 123
1854920 123
1854930 123
1854940 123
1854950 123
1854960 123
1854970 123
1854980 123
1854990 123
1855000 122
1855010 122
1855020 122
1855030 122
1855040 122
1855050 122
1855060 122
1855070 122
1855080 122
1855090 122
1855100 122
1855110 122
1855120 121
1855130 121
1855140 121
1855150 121
1855160 121
1855170 121
1855180 120
1855190 120
1855200 120
1855210 120
1855220 120
1855230 120
1855240 120
1855250 120
1855260 120
1855270 120
1855280 120
1855290 120
1855300 120
1855310 120
1855320 120
1855330 120
1855340 120
1855350 120
1855360 119
1855370 119
1855380 119
1855390 119
1855400 119
1855410 119
1855420 119
1855430 120
1855440 120
1855450 120
1855460 119
1855470 119
1855480 119
1855490 119
1855500 119
1855510 119
1855520 119
1855530 120
1855540 120
1855550 120
1855560 119
1855570 119
1855580 119
1855590 119
1855600 119
1855610 119
1855620 119
1855630 119
1855640 119
1855650 119
1855660 119
1855670 119
1855680 119
1855690 119
1855700 120
1855710 120
1855720 120
1855730 119
1855740 119
1855750 119
1855760 119
1855770 119
1855780 119
1855790 119
1855800 118
1855810 118
1855820 118
1855830 118
1855840 118
1855850 118
1855860 118
1855870 118
1855880 118
1855890 118
1855900 118
1855910 118
1855920 118
1855930 118
1855940 118
1855950 118
1855960 118
1855970 118
1855980 118
1855990 118
1856000 118
1856010 118
1856020 118
1856030 118
1856040 118
1856050 118
1856060 118
1856070 118
1856080 118
1856090 118
1856100 118
1856110 118
1856120 118
1856130 118
1856140 118
1856150 118
1856160 118
1856170 118
1856180 118
1856190 118
1856200 117
1856210 117
1856220 118
1856230 117
1856240 117
1856250 118
1856260 117
1856270 117
1856280 117
1856290 117
1856300 117
1856310 117
1856320 117
1856330 117
1856340 117
1856350 117
1856360 117
1856370 117
1856380 117
1856390 117
1856400 117
1856410 117
1856420 117
1856430 117
1856440 117
1856450 117
1856460 116
1856470 116
1856480 116
1856490 116
1856500 116
1856510 116
1856520 116
1856530 116
1856540 116
1856550 116
1856560 116
1856570 116
1856580 116
1856590 116
1856600 116
1856610 116
1856620 115
1856630 115
1856640 115
1856650 116
1856660 115
1856670 115
1856680 116
1856690 116
1856700 116
1856710 116
1856720 116
1856730 116
1856740 116
1856750 116
1856760 116
1856770 116
1856780 116
1856790 116
1856800 116
1856810 116
1856820 116
1856830 116
1856840 116
1856850 116
1856860 116
1856870 116
1856880 116
1856890 116
1856900 115
1856910 115
1856920 115
1856930 115
1856940 115
1856950 115
1856960 115
1856970 115
1856980 115
1856990 115
1857000 115
1857010 115
1857020 115
1857030 115
1857040 115
1857050 115
1857060 115
1857070 115
1857080 115
1857090 115
1857100 115
1857110 115
1857120 115
1857130 115
1857140 115
1857150 115
1857160 115
1857170 115
1857180 115
1857190 115
1857200 115
1857210 115
1857220 115
1857230 115
1857240 115
1857250 115
1857260 115
1857270 115
1857280 115
1857290 115
1857300 115
1857310 115
1857320 115
1857330 115
1857340 115
1857350 115
1857360 115
1857370 115
1857380 115
1857390 115
1857400 115
1857410 115
1857420 115
1857430 115
1857440 115
1857450 115
1857460 115
1857470 115
1857480 115
1857490 115
1857500 115
1857510 115
1857520 115
1857530 115
1857540 115
1857550 115
1857560 115
1857570 115
1857580 115
1857590 115
1857600 115
1857610 115
1857620 115
1857630 115
1857640 115
1857650 115
1857660 115
1857670 115
1857680 115
1857690 115
1857700 115
1857710 115
1857720 115
1857730 115
1857740 115
1857750 115
1857760 115
1857770 115
1857780 115
1857790 115
1857800 115
1857810 115
1857820 115
1857830 115
1857840 115
1857850 115
1857860 115
1857870 115
1857880 115
1857890 115
1857900 115
1857910 115
1857920 115
1857930 115
1857940 115
1857950 115
1857960 115
1857970 115
1857980 115
1857990 115
1858000 115
1858010 115
1858020 115
1858030 115
1858040 115
1858050 115
1858060 115
1858070 115
1858080 115
1858090 115
1858100 115
1858110 115
1858120 115
1858130 115
1858140 115
1858150 115
1858160 115
1858170 115
1858180 115
1858190 115
1858200 115
1858210 115
1858220 115
1858230 115
1858240 115
1858250 115
1858260 115
1858270 115
1858280 115
1858290 115
1858300 115
1858310 115
1858320 115
1858330 115
1858340 115
1858350 115
1858360 115
1858370 115
1858380 115
1858390 115
1858400 115
1858410 115
1858420 115
1858430 115
1858440 115
1858450 115
1858460 115
1858470 115
1858480 115
1858490 115
1858500 115
1858510 115
1858520 115
1858530 115
1858540 115
1858550 115
1858560 115
1858570 115
1858580 115
1858590 115
1858600 115
1858610 115
1858620 115
1858630 115
1858640 115
1858650 115
1858660 115
1858670 115
1858680 115
1858690 115
1858700 115
1858710 115
1858720 115
1858730 115
1858740 115
1858750 115
1858760 115
1858770 115
1858780 115
1858790 115
1858800 115
1858810 115
1858820 115
1858830 115
1858840 115
1858850 115
1858860 115
1858870 115
1858880 115
1858890 115
1858900 115
1858910 115
1858920 115
1858930 115
1858940 115
1858950 115
1858960 115
1858970 115
1858980 115
1858990 115
1859000 115
1859010 115
1859020 115
1859030 115
1859040 115
1859050 115
1859060 115
1859070 115
1859080 115
1859090 115
1859100 115
1859110 115
1859120 115
1859130 115
1859140 115
1859150 115
1859160 115
1859170 115
1859180 115
1859190 115
1859200 115
1859210 115
1859220 115
1859230 115
1859240 115
1859250 115
1859260 115
1859270 115
1859280 115
1859290 115
1859300 115
1859310 115
1859320 115
1859330 115
1859340 115
1859350 115
1859360 115
1859370 115
1859380 115
1859390 115
1859400 115
1859410 115
1859420 115
1859430 115
1859440 115
1859450 115
1859460 115
1859470 115
1859480 115
1859490 115
1859500 115
1859510 115
1859520 115
1859530 115
1859540 115
1859550 115
1859560 115
1859570 115
1859580 115
1859590 115
1859600 115
1859610 115
1859620 115
1859630 115
1859640 115
1859650 115
1859660 115
1859670 115
1859680 115
1859690 115
1859700 115
1859710 115
1859720 115
1859730 115
1859740 115
1859750 115
1859760 115
1859770 115
1859780 115
1859790 115
1859800 115
1859810 115
1859820 115
1859830 115
1859840 115
1859850 115
1859860 115
1859870 115
1859880 115
1859890 115
1859900 115
1859910 115
1859920 115
1859930 115
1859940 115
1859950 115
1859960 115
1859970 115
1859980 115
1859990 115
