1840000 151
1840010 151
1840020 151
1840030 151
1840040 151
1840050 151
1840060 150
1840070 150
1840080 150
1840090 150
1840100 150
1840110 150
1840120 150
1840130 150
1840140 150
1840150 150
1840160 150
1840170 150
1840180 150
1840190 150
1840200 150
1840210 150
1840220 150
1840230 150
1840240 150
1840250 150
1840260 150
1840270 150
1840280 150
1840290 150
1840300 150
1840310 150
1840320 150
1840330 150
1840340 150
1840350 149
1840360 149
1840370 149
1840380 149
1840390 149
1840400 149
1840410 149
1840420 149
1840430 149
1840440 149
1840450 149
1840460 149
1840470 149
1840480 149
1840490 149
1840500 149
1840510 149
1840520 149
1840530 149
1840540 149
1840550 149
1840560 148
1840570 148
1840580 147
1840590 148
1840600 148
1840610 148
1840620 148
1840630 148
1840640 147
1840650 148
1840660 148
1840670 148
1840680 149
1840690 149
1840700 149
1840710 149
1840720 149
1840730 148
1840740 148
1840750 148
1840760 148
1840770 148
1840780 148
1840790 148
1840800 148
1840810 148
1840820 148
1840830 148
1840840 148
1840850 148
1840860 148
1840870 148
1840880 148
1840890 148
1840900 148
1840910 148
1840920 148
1840930 148
1840940 148
1840950 147
1840960 147
1840970 147
1840980 147
1840990 147
1841000 147
1841010 147
1841020 148
1841030 148
1841040 148
1841050 148
1841060 148
1841070 148
1841080 148
1841090 148
1841100 148
1841110 148
1841120 148
1841130 148
1841140 148
1841150 148
1841160 148
1841170 148
1841180 148
1841190 148
1841200 148
1841210 148
1841220 148
1841230 148
1841240 148
1841250 147
1841260 147
1841270 147
1841280 147
1841290 147
1841300 147
1841310 147
1841320 147
1841330 147
1841340 147
1841350 147
1841360 147
1841370 147
1841380 147
1841390 147
1841400 147
1841410 147
1841420 147
1841430 148
1841440 148
1841450 148
1841460 148
1841470 148
1841480 148
1841490 148
1841500 148
1841510 148
1841520 148
1841530 148
1841540 148
1841550 148
1841560 148
1841570 148
1841580 148
1841590 147
1841600 148
1841610 148
1841620 148
1841630 147
1841640 147
1841650 147
1841660 147
1841670 147
1841680 147
1841690 147
1841700 147
1841710 147
1841720 147
1841730 147
1841740 147
1841750 147
1841760 147
1841770 147
1841780 146
1841790 146
1841800 146
1841810 146
1841820 146
1841830 146
1841840 146
1841850 146
1841860 146
1841870 146
1841880 146
1841890 146
1841900 146
1841910 146
1841920 146
1841930 146
1841940 146
1841950 146
1841960 146
1841970 146
1841980 146
1841990 146
1842000 146
1842010 146
1842020 146
1842030 146
1842040 146
1842050 146
1842060 146
1842070 146
1842080 146
1842090 146
1842100 146
1842110 146
1842120 146
1842130 145
1842140 145
1842150 145
1842160 145
1842170 145
1842180 145
1842190 145
1842200 145
1842210 145
1842220 145
1842230 145
1842240 145
1842250 145
1842260 145
1842270 145
1842280 145
1842290 145
1842300 145
1842310 145
1842320 145
1842330 145
1842340 145
1842350 145
1842360 145
1842370 145
1842380 145
1842390 145
1842400 145
1842410 145
1842420 145
1842430 145
1842440 145
1842450 145
1842460 145
1842470 147
1842480 146
1842490 146
1842500 145
1842510 145
1842520 145
1842530 145
1842540 145
1842550 145
1842560 145
1842570 145
1842580 145
1842590 145
1842600 145
1842610 145
1842620 144
1842630 144
1842640 144
1842650 144
1842660 145
1842670 145
1842680 145
1842690 145
1842700 145
1842710 145
1842720 145
1842730 145
1842740 145
1842750 145
1842760 145
1842770 144
1842780 144
1842790 144
1842800 144
1842810 144
1842820 144
1842830 144
1842840 144
1842850 144
1842860 144
1842870 144
1842880 144
1842890 144
1842900 144
1842910 144
1842920 144
1842930 144
1842940 144
1842950 144
1842960 144
1842970 144
1842980 144
1842990 144
1843000 144
1843010 144
1843020 144
1843030 144
1843040 144
1843050 144
1843060 144
1843070 144
1843080 144
1843090 144
1843100 144
1843110 144
1843120 144
1843130 144
1843140 144
1843150 144
1843160 144
1843170 144
1843180 144
1843190 144
1843200 144
1843210 144
1843220 144
1843230 144
1843240 144
1843250 144
1843260 144
1843270 143
1843280 143
1843290 143
1843300 143
1843310 143
1843320 143
1843330 143
1843340 143
1843350 143
1843360 143
1843370 143
1843380 143
1843390 143
1843400 143
1843410 143
1843420 143
1843430 143
1843440 143
1843450 143
1843460 143
1843470 143
1843480 143
1843490 143
1843500 143
1843510 143
1843520 143
1843530 143
1843540 143
1843550 143
1843560 143
1843570 143
1843580 143
1843590 143
1843600 143
1843610 143
1843620 143
1843630 143
1843640 143
1843650 143
1843660 143
1843670 143
1843680 143
1843690 143
1843700 143
1843710 143
1843720 143
1843730 143
1843740 143
1843750 143
1843760 143
1843770 143
1843780 142
1843790 142
1843800 142
1843810 142
1843820 142
1843830 142
1843840 143
1843850 142
1843860 142
1843870 142
1843880 142
1843890 142
1843900 142
1843910 142
1843920 142
1843930 142
1843940 142
1843950 142
1843960 142
1843970 142
1843980 142
1843990 142
1844000 142
1844010 142
1844020 142
1844030 142
1844040 142
1844050 142
1844060 142
1844070 142
1844080 143
1844090 143
1844100 143
1844110 143
1844120 142
1844130 142
1844140 142
1844150 142
1844160 142
1844170 142
1844180 142
1844190 142
1844200 142
1844210 142
1844220 142
1844230 142
1844240 142
1844250 142
1844260 142
1844270 142
1844280 142
1844290 142
1844300 142
1844310 142
1844320 142
1844330 141
1844340 141
1844350 141
1844360 141
1844370 141
1844380 141
1844390 141
1844400 141
1844410 141
1844420 141
1844430 141
1844440 141
1844450 141
1844460 141
1844470 141
1844480 141
1844490 141
1844500 141
1844510 141
1844520 141
1844530 141
1844540 141
1844550 141
1844560 141
1844570 141
1844580 141
1844590 141
1844600 141
1844610 141
1844620 141
1844630 141
1844640 141
1844650 141
1844660 141
1844670 141
1844680 141
1844690 141
1844700 141
1844710 141
1844720 141
1844730 141
1844740 141
1844750 141
1844760 141
1844770 141
1844780 141
1844790 141
1844800 141
1844810 141
1844820 141
1844830 141
1844840 141
1844850 141
1844860 141
1844870 141
1844880 141
1844890 141
1844900 141
1844910 141
1844920 141
1844930 141
1844940 141
1844950 141
1844960 141
1844970 141
1844980 141
1844990 141
1845000 141
1845010 141
1845020 141
1845030 141
1845040 141
1845050 141
1845060 141
1845070 141
1845080 141
1845090 141
1845100 141
1845110 141
1845120 141
1845130 141
1845140 141
1845150 141
1845160 141
1845170 141
1845180 141
1845190 141
1845200 141
1845210 141
1845220 141
1845230 141
1845240 141
1845250 141
1845260 141
1845270 141
1845280 141
1845290 141
1845300 141
1845310 141
1845320 141
1845330 141
1845340 141
1845350 141
1845360 141
1845370 141
1845380 141
1845390 141
1845400 141
1845410 141
1845420 141
1845430 141
1845440 141
1845450 141
1845460 141
1845470 141
1845480 140
1845490 140
1845500 140
1845510 140
1845520 140
1845530 140
1845540 140
1845550 140
1845560 140
1845570 140
1845580 140
1845590 140
1845600 140
1845610 140
1845620 140
1845630 140
1845640 140
1845650 140
1845660 140
1845670 140
1845680 140
1845690 140
1845700 140
1845710 140
1845720 140
1845730 140
1845740 140
1845750 140
1845760 140
1845770 140
1845780 140
1845790 140
1845800 140
1845810 140
1845820 140
1845830 140
1845840 140
1845850 140
1845860 140
1845870 140
1845880 140
1845890 140
1845900 140
1845910 140
1845920 140
1845930 140
1845940 140
1845950 140
1845960 140
1845970 140
1845980 140
1845990 140
1846000 140
1846010 140
1846020 140
1846030 140
1846040 140
1846050 140
1846060 140
1846070 140
1846080 140
1846090 140
1846100 139
1846110 139
1846120 139
1846130 139
1846140 139
1846150 139
1846160 139
1846170 139
1846180 139
1846190 139
1846200 139
1846210 139
1846220 139
1846230 139
1846240 139
1846250 139
1846260 139
1846270 139
1846280 139
1846290 139
1846300 139
1846310 139
1846320 139
1846330 139
1846340 139
1846350 139
1846360 139
1846370 139
1846380 139
1846390 139
1846400 139
1846410 139
1846420 139
1846430 139
1846440 139
1846450 139
1846460 139
1846470 139
1846480 139
1846490 139
1846500 139
1846510 139
1846520 139
1846530 139
1846540 139
1846550 138
1846560 138
1846570 138
1846580 138
1846590 138
1846600 138
1846610 138
1846620 138
1846630 138
1846640 138
1846650 138
1846660 138
1846670 138
1846680 138
1846690 138
1846700 138
1846710 138
1846720 138
1846730 138
1846740 138
1846750 138
1846760 138
1846770 138
1846780 138
1846790 138
1846800 138
1846810 138
1846820 138
1846830 138
1846840 138
1846850 138
1846860 138
1846870 138
1846880 138
1846890 138
1846900 138
1846910 138
1846920 138
1846930 137
1846940 137
1846950 137
1846960 137
1846970 137
1846980 137
1846990 137
1847000 137
1847010 137
1847020 137
1847030 137
1847040 137
1847050 137
1847060 137
1847070 137
1847080 137
1847090 137
1847100 137
1847110 137
1847120 137
1847130 137
1847140 137
1847150 137
1847160 137
1847170 137
1847180 137
1847190 137
1847200 137
1847210 137
1847220 137
1847230 137
1847240 137
1847250 137
1847260 136
1847270 136
1847280 136
1847290 136
1847300 136
1847310 136
1847320 136
1847330 136
1847340 136
1847350 136
1847360 136
1847370 136
1847380 136
1847390 136
1847400 136
1847410 136
1847420 136
1847430 136
1847440 136
1847450 136
1847460 136
1847470 136
1847480 136
1847490 136
1847500 136
1847510 136
1847520 136
1847530 136
1847540 136
1847550 136
1847560 136
1847570 136
1847580 136
1847590 136
1847600 136
1847610 136
1847620 136
1847630 136
1847640 136
1847650 136
1847660 136
1847670 136
1847680 136
1847690 136
1847700 136
1847710 136
1847720 136
1847730 136
1847740 136
1847750 136
1847760 136
1847770 136
1847780 135
1847790 135
1847800 135
1847810 135
1847820 135
1847830 135
1847840 135
1847850 135
1847860 135
1847870 135
1847880 135
1847890 135
1847900 135
1847910 135
1847920 135
1847930 135
1847940 135
1847950 135
1847960 135
1847970 135
1847980 135
1847990 135
1848000 135
1848010 135
1848020 135
1848030 135
1848040 135
1848050 135
1848060 135
1848070 135
1848080 135
1848090 135
1848100 135
1848110 135
1848120 135
1848130 135
1848140 135
1848150 135
1848160 135
1848170 135
1848180 135
1848190 135
1848200 135
1848210 135
1848220 135
1848230 135
1848240 135
1848250 135
1848260 135
1848270 134
1848280 134
1848290 134
1848300 134
1848310 134
1848320 134
1848330 134
1848340 134
1848350 134
1848360 134
1848370 134
1848380 134
1848390 134
1848400 134
1848410 134
1848420 134
1848430 134
1848440 134
1848450 134
1848460 134
1848470 134
1848480 134
1848490 134
1848500 134
1848510 134
1848520 134
1848530 134
1848540 134
1848550 134
1848560 134
1848570 134
1848580 134
1848590 134
1848600 134
1848610 134
1848620 134
1848630 134
1848640 134
1848650 134
1848660 134
1848670 134
1848680 134
1848690 134
1848700 134
1848710 135
1848720 134
1848730 134
1848740 133
1848750 133
1848760 133
1848770 133
1848780 133
1848790 133
1848800 133
1848810 133
1848820 133
1848830 133
1848840 133
1848850 133
1848860 133
1848870 133
1848880 133
1848890 133
1848900 133
1848910 133
1848920 133
1848930 133
1848940 133
1848950 133
1848960 133
1848970 133
1848980 133
1848990 133
1849000 133
1849010 133
1849020 133
1849030 133
1849040 133
1849050 133
1849060 133
1849070 133
1849080 133
1849090 133
1849100 133
1849110 133
1849120 132
1849130 132
1849140 132
1849150 132
1849160 132
1849170 132
1849180 132
1849190 132
1849200 132
1849210 132
1849220 132
1849230 132
1849240 132
1849250 132
1849260 132
1849270 132
1849280 132
1849290 132
1849300 132
1849310 132
1849320 132
1849330 132
1849340 132
1849350 132
1849360 132
1849370 132
1849380 132
1849390 132
1849400 132
1849410 133
1849420 133
1849430 133
1849440 132
1849450 132
1849460 132
1849470 132
1849480 132
1849490 132
1849500 132
1849510 132
1849520 132
1849530 132
1849540 132
1849550 132
1849560 132
1849570 132
1849580 132
1849590 132
1849600 132
1849610 132
1849620 132
1849630 132
1849640 132
1849650 132
1849660 132
1849670 132
1849680 132
1849690 132
1849700 133
1849710 133
1849720 133
1849730 133
1849740 133
1849750 132
1849760 130
1849770 130
1849780 131
1849790 133
1849800 133
1849810 133
1849820 133
1849830 133
1849840 133
1849850 132
1849860 132
1849870 132
1849880 133
1849890 133
1849900 133
1849910 133
1849920 133
1849930 133
1849940 133
1849950 133
1849960 133
1849970 133
1849980 133
1849990 133
1850000 133
1850010 133
1850020 134
1850030 134
1850040 134
1850050 134
1850060 134
1850070 134
1850080 134
1850090 134
1850100 134
1850110 134
1850120 133
1850130 134
1850140 134
1850150 134
1850160 134
1850170 134
1850180 134
1850190 134
1850200 134
1850210 134
1850220 134
1850230 134
1850240 134
1850250 134
1850260 134
1850270 134
1850280 134
1850290 134
1850300 134
1850310 134
1850320 134
1850330 134
1850340 134
1850350 134
1850360 134
1850370 134
1850380 134
1850390 134
1850400 134
1850410 134
1850420 133
1850430 133
1850440 133
1850450 133
1850460 133
1850470 133
1850480 133
1850490 133
1850500 133
1850510 134
1850520 134
1850530 134
1850540 134
1850550 134
1850560 134
1850570 133
1850580 133
1850590 133
1850600 134
1850610 134
1850620 134
1850630 134
1850640 134
1850650 134
1850660 134
1850670 134
1850680 134
1850690 134
1850700 134
1850710 134
1850720 134
1850730 134
1850740 134
1850750 134
1850760 134
1850770 134
1850780 134
1850790 134
1850800 134
1850810 134
1850820 134
1850830 135
1850840 135
1850850 134
1850860 135
1850870 135
1850880 135
1850890 135
1850900 135
1850910 135
1850920 135
1850930 135
1850940 135
1850950 135
1850960 135
1850970 135
1850980 135
1850990 135
1851000 135
1851010 135
1851020 135
1851030 135
1851040 136
1851050 136
1851060 136
1851070 136
1851080 136
1851090 136
1851100 137
1851110 137
1851120 137
1851130 137
1851140 137
1851150 137
1851160 137
1851170 137
1851180 137
1851190 137
1851200 137
1851210 137
1851220 137
1851230 137
1851240 137
1851250 138
1851260 138
1851270 138
1851280 138
1851290 138
1851300 139
1851310 139
1851320 139
1851330 139
1851340 140
1851350 140
1851360 140
1851370 141
1851380 141
1851390 141
1851400 142
1851410 142
1851420 143
1851430 143
1851440 143
1851450 143
1851460 143
1851470 144
1851480 144
1851490 144
1851500 145
1851510 145
1851520 145
1851530 146
1851540 146
1851550 146
1851560 147
1851570 147
1851580 147
1851590 148
1851600 148
1851610 149
1851620 149
1851630 149
1851640 150
1851650 151
1851660 151
1851670 152
1851680 153
1851690 153
1851700 154
1851710 155
1851720 155
1851730 156
1851740 157
1851750 157
1851760 158
1851770 159
1851780 159
1851790 161
1851800 162
1851810 162
1851820 164
1851830 165
1851840 165
1851850 168
1851860 170
1851870 170
1851880 171
1851890 173
1851900 173
1851910 175
1851920 176
1851930 176
1851940 178
1851950 180
1851960 180
1851970 183
1851980 185
1851990 185
1852000 187
1852010 189
1852020 189
1852030 191
1852040 192
1852050 192
1852060 193
1852070 194
1852080 194
1852090 194
1852100 193
1852110 192
1852120 192
1852130 191
1852140 190
1852150 190
1852160 189
1852170 188
1852180 188
1852190 188
1852200 188
1852210 188
1852220 188
1852230 188
1852240 188
1852250 189
1852260 189
1852270 189
1852280 189
1852290 190
1852300 190
1852310 192
1852320 192
1852330 192
1852340 193
1852350 195
1852360 195
1852370 197
1852380 198
1852390 198
1852400 200
1852410 201
1852420 201
1852430 203
1852440 204
1852450 204
1852460 205
1852470 206
1852480 206
1852490 206
1852500 206
1852510 206
1852520 206
1852530 206
1852540 206
1852550 206
1852560 206
1852570 206
1852580 206
1852590 206
1852600 206
1852610 206
1852620 206
1852630 206
1852640 206
1852650 206
1852660 206
1852670 207
1852680 206
1852690 206
1852700 206
1852710 205
1852720 205
1852730 205
1852740 205
1852750 205
1852760 204
1852770 205
1852780 205
1852790 205
1852800 205
1852810 205
1852820 205
1852830 206
1852840 206
1852850 206
1852860 206
1852870 206
1852880 206
1852890 207
1852900 206
1852910 206
1852920 206
1852930 206
1852940 206
1852950 206
1852960 206
1852970 206
1852980 206
1852990 205
1853000 205
1853010 205
1853020 205
1853030 205
1853040 205
1853050 204
1853060 204
1853070 204
1853080 203
1853090 203
1853100 203
1853110 202
1853120 202
1853130 202
1853140 201
1853150 201
1853160 200
1853170 200
1853180 200
1853190 199
1853200 199
1853210 199
1853220 198
1853230 197
1853240 197
1853250 197
1853260 196
1853270 196
1853280 196
1853290 194
1853300 194
1853310 193
1853320 192
1853330 192
1853340 191
1853350 190
1853360 190
1853370 186
1853380 184
1853390 184
1853400 183
1853410 181
1853420 179
1853430 179
1853440 177
1853450 176
1853460 176
1853470 174
1853480 173
1853490 173
1853500 173
1853510 172
1853520 172
1853530 172
1853540 170
1853550 170
1853560 170
1853570 169
1853580 169
1853590 168
1853600 168
1853610 168
1853620 168
1853630 167
1853640 167
1853650 167
1853660 167
1853670 167
1853680 166
1853690 166
1853700 166
1853710 166
1853720 166
1853730 166
1853740 166
1853750 165
1853760 165
1853770 165
1853780 164
1853790 164
1853800 163
1853810 162
1853820 162
1853830 161
1853840 160
1853850 160
1853860 159
1853870 159
1853880 159
1853890 158
1853900 157
1853910 157
1853920 157
1853930 156
1853940 156
1853950 156
1853960 156
1853970 156
1853980 155
1853990 155
1854000 155
1854010 156
1854020 156
1854030 156
1854040 158
1854050 159
1854060 159
1854070 159
1854080 159
1854090 158
1854100 158
1854110 157
1854120 156
1854130 156
1854140 155
1854150 154
1854160 154
1854170 153
1854180 151
1854190 151
1854200 150
1854210 149
1854220 149
1854230 149
1854240 147
1854250 147
1854260 147
1854270 147
1854280 147
1854290 147
1854300 146
1854310 146
1854320 146
1854330 146
1854340 146
1854350 145
1854360 144
1854370 144
1854380 143
1854390 142
1854400 142
1854410 142
1854420 142
1854430 142
1854440 142
1854450 142
1854460 142
1854470 142
1854480 141
1854490 141
1854500 140
1854510 138
1854520 138
1854530 137
1854540 136
1854550 136
1854560 136
1854570 135
1854580 135
1854590 136
1854600 136
1854610 136
1854620 135
1854630 134
1854640 134
1854650 134
1854660 134
1854670 134
1854680 133
1854690 133
1854700 133
1854710 133
1854720 132
1854730 132
1854740 132
1854750 132
1854760 131
1854770 131
1854780 131
1854790 131
1854800 131
1854810 130
1854820 130
1854830 130
1854840 130
1854850 129
1854860 129
1854870 129
1854880 129
1854890 129
1854900 128
1854910 128
1854920 128
1854930 128
1854940 127
1854950 127
1854960 127
1854970 127
1854980 127
1854990 127
1855000 126
1855010 126
1855020 126
1855030 126
1855040 126
1855050 125
1855060 125
1855070 125
1855080 125
1855090 125
1855100 125
1855110 124
1855120 124
1855130 124
1855140 124
1855150 124
1855160 124
1855170 123
1855180 123
1855190 123
1855200 123
1855210 123
1855220 123
1855230 123
1855240 123
1855250 123
1855260 122
1855270 122
1855280 122
1855290 122
1855300 122
1855310 122
1855320 121
1855330 121
1855340 121
1855350 121
1855360 121
1855370 121
1855380 121
1855390 121
1855400 120
1855410 120
1855420 120
1855430 120
1855440 120
1855450 120
1855460 119
1855470 119
1855480 119
1855490 119
1855500 119
1855510 118
1855520 118
1855530 118
1855540 118
1855550 118
1855560 118
1855570 118
1855580 118
1855590 118
1855600 118
1855610 118
1855620 118
1855630 118
1855640 118
1855650 118
1855660 118
1855670 118
1855680 118
1855690 118
1855700 118
1855710 118
1855720 118
1855730 118
1855740 118
1855750 117
1855760 117
1855770 117
1855780 117
1855790 117
1855800 117
1855810 117
1855820 116
1855830 116
1855840 116
1855850 116
1855860 116
1855870 116
1855880 116
1855890 116
1855900 116
1855910 116
1855920 116
1855930 116
1855940 116
1855950 116
1855960 116
1855970 116
1855980 116
1855990 116
1856000 116
1856010 116
1856020 116
1856030 116
1856040 116
1856050 116
1856060 115
1856070 115
1856080 115
1856090 115
1856100 115
1856110 115
1856120 115
1856130 115
1856140 115
1856150 115
1856160 115
1856170 115
1856180 115
1856190 116
1856200 116
1856210 116
1856220 115
1856230 115
1856240 115
1856250 115
1856260 115
1856270 115
1856280 115
1856290 115
1856300 115
1856310 115
1856320 115
1856330 115
1856340 115
1856350 115
1856360 115
1856370 115
1856380 115
1856390 115
1856400 115
1856410 115
1856420 116
1856430 116
1856440 116
1856450 116
1856460 116
1856470 116
1856480 116
1856490 115
1856500 115
1856510 115
1856520 115
1856530 115
1856540 115
1856550 115
1856560 115
1856570 115
1856580 115
1856590 115
1856600 115
1856610 115
1856620 115
1856630 115
1856640 115
1856650 115
1856660 115
1856670 115
1856680 115
1856690 115
1856700 115
1856710 115
1856720 115
1856730 115
1856740 115
1856750 115
1856760 115
1856770 115
1856780 115
1856790 115
1856800 115
1856810 115
1856820 115
1856830 115
1856840 115
1856850 115
1856860 115
1856870 115
1856880 115
1856890 115
1856900 115
1856910 115
1856920 115
1856930 115
1856940 115
1856950 115
1856960 115
1856970 115
1856980 115
1856990 115
1857000 115
1857010 115
1857020 115
1857030 115
1857040 115
1857050 115
1857060 115
1857070 115
1857080 115
1857090 115
1857100 115
1857110 115
1857120 115
1857130 115
1857140 115
1857150 115
1857160 115
1857170 115
1857180 115
1857190 115
1857200 115
1857210 115
1857220 115
1857230 115
1857240 115
1857250 115
1857260 115
1857270 115
1857280 115
1857290 115
1857300 115
1857310 115
1857320 115
1857330 115
1857340 115
1857350 115
1857360 115
1857370 115
1857380 115
1857390 115
1857400 115
1857410 115
1857420 115
1857430 115
1857440 115
1857450 115
1857460 115
1857470 115
1857480 115
1857490 115
1857500 115
1857510 115
1857520 115
1857530 115
1857540 115
1857550 115
1857560 115
1857570 115
1857580 115
1857590 115
1857600 115
1857610 115
1857620 115
1857630 115
1857640 115
1857650 115
1857660 115
1857670 115
1857680 115
1857690 115
1857700 115
1857710 115
1857720 115
1857730 115
1857740 115
1857750 115
1857760 115
1857770 115
1857780 115
1857790 115
1857800 115
1857810 115
1857820 115
1857830 115
1857840 115
1857850 115
1857860 115
1857870 115
1857880 115
1857890 115
1857900 115
1857910 115
1857920 115
1857930 115
1857940 115
1857950 115
1857960 115
1857970 115
1857980 115
1857990 115
1858000 115
1858010 115
1858020 115
1858030 115
1858040 115
1858050 115
1858060 115
1858070 115
1858080 115
1858090 115
1858100 115
1858110 115
1858120 115
1858130 115
1858140 115
1858150 115
1858160 115
1858170 115
1858180 115
1858190 115
1858200 115
1858210 115
1858220 115
1858230 115
1858240 115
1858250 115
1858260 115
1858270 115
1858280 115
1858290 115
1858300 115
1858310 115
1858320 115
1858330 115
1858340 115
1858350 115
1858360 115
1858370 115
1858380 115
1858390 115
1858400 115
1858410 115
1858420 115
1858430 115
1858440 115
1858450 115
1858460 115
1858470 115
1858480 115
1858490 115
1858500 115
1858510 115
1858520 115
1858530 115
1858540 115
1858550 115
1858560 115
1858570 115
1858580 115
1858590 115
1858600 115
1858610 115
1858620 115
1858630 115
1858640 115
1858650 115
1858660 115
1858670 115
1858680 115
1858690 115
1858700 115
1858710 115
1858720 115
1858730 115
1858740 115
1858750 115
1858760 115
1858770 115
1858780 115
1858790 115
1858800 115
1858810 115
1858820 115
1858830 115
1858840 115
1858850 115
1858860 115
1858870 115
1858880 115
1858890 115
1858900 115
1858910 115
1858920 115
1858930 115
1858940 115
1858950 115
1858960 115
1858970 115
1858980 115
1858990 115
1859000 115
1859010 115
1859020 115
1859030 115
1859040 115
1859050 115
1859060 115
1859070 115
1859080 115
1859090 115
1859100 115
1859110 115
1859120 115
1859130 115
1859140 115
1859150 115
1859160 115
1859170 115
1859180 115
1859190 115
1859200 115
1859210 115
1859220 115
1859230 115
1859240 115
1859250 115
1859260 115
1859270 115
1859280 115
1859290 115
1859300 115
1859310 115
1859320 115
1859330 115
1859340 115
1859350 115
1859360 115
1859370 115
1859380 115
1859390 115
1859400 115
1859410 115
1859420 115
1859430 115
1859440 115
1859450 115
1859460 115
1859470 115
1859480 115
1859490 115
1859500 115
1859510 115
1859520 115
1859530 115
1859540 115
1859550 115
1859560 115
1859570 115
1859580 115
1859590 115
1859600 115
1859610 115
1859620 115
1859630 115
1859640 115
1859650 115
1859660 115
1859670 115
1859680 115
1859690 115
1859700 115
1859710 115
1859720 115
1859730 115
1859740 115
1859750 115
1859760 115
1859770 115
1859780 115
1859790 115
1859800 115
1859810 115
1859820 115
1859830 115
1859840 115
1859850 115
1859860 115
1859870 115
1859880 115
1859890 115
1859900 115
1859910 115
1859920 115
1859930 115
1859940 115
1859950 115
1859960 115
1859970 115
1859980 115
1859990 115
