1840000 151
1840010 151
1840020 150
1840030 150
1840040 150
1840050 150
1840060 149
1840070 149
1840080 149
1840090 149
1840100 149
1840110 150
1840120 150
1840130 150
1840140 151
1840150 151
1840160 151
1840170 151
1840180 150
1840190 150
1840200 150
1840210 150
1840220 150
1840230 149
1840240 150
1840250 150
1840260 150
1840270 150
1840280 150
1840290 150
1840300 149
1840310 149
1840320 149
1840330 149
1840340 149
1840350 149
1840360 149
1840370 149
1840380 149
1840390 149
1840400 149
1840410 149
1840420 150
1840430 150
1840440 150
1840450 149
1840460 149
1840470 149
1840480 149
1840490 149
1840500 149
1840510 149
1840520 149
1840530 149
1840540 149
1840550 149
1840560 149
1840570 149
1840580 149
1840590 149
1840600 149
1840610 149
1840620 149
1840630 149
1840640 149
1840650 148
1840660 148
1840670 148
1840680 148
1840690 148
1840700 148
1840710 148
1840720 148
1840730 148
1840740 148
1840750 148
1840760 148
1840770 148
1840780 149
1840790 149
1840800 149
1840810 149
1840820 149
1840830 149
1840840 149
1840850 149
1840860 149
1840870 149
1840880 149
1840890 149
1840900 149
1840910 149
1840920 149
1840930 149
1840940 149
1840950 149
1840960 149
1840970 149
1840980 149
1840990 148
1841000 148
1841010 148
1841020 148
1841030 148
1841040 148
1841050 148
1841060 148
1841070 148
1841080 148
1841090 148
1841100 148
1841110 148
1841120 148
1841130 148
1841140 148
1841150 148
1841160 148
1841170 148
1841180 148
1841190 148
1841200 148
1841210 148
1841220 148
1841230 148
1841240 148
1841250 148
1841260 148
1841270 148
1841280 148
1841290 148
1841300 147
1841310 147
1841320 148
1841330 148
1841340 148
1841350 148
1841360 148
1841370 147
1841380 147
1841390 146
1841400 146
1841410 146
1841420 147
1841430 148
1841440 148
1841450 148
1841460 148
1841470 148
1841480 148
1841490 148
1841500 148
1841510 148
1841520 148
1841530 148
1841540 148
1841550 148
1841560 148
1841570 148
1841580 148
1841590 148
1841600 148
1841610 148
1841620 148
1841630 147
1841640 146
1841650 146
1841660 148
1841670 148
1841680 148
1841690 148
1841700 147
1841710 147
1841720 147
1841730 147
1841740 147
1841750 147
1841760 147
1841770 147
1841780 146
1841790 146
1841800 146
1841810 146
1841820 146
1841830 146
1841840 146
1841850 146
1841860 146
1841870 146
1841880 146
1841890 146
1841900 146
1841910 146
1841920 146
1841930 146
1841940 146
1841950 146
1841960 146
1841970 146
1841980 146
1841990 146
1842000 146
1842010 146
1842020 146
1842030 146
1842040 146
1842050 146
1842060 146
1842070 146
1842080 146
1842090 146
1842100 146
1842110 146
1842120 146
1842130 146
1842140 146
1842150 146
1842160 146
1842170 146
1842180 145
1842190 144
1842200 144
1842210 144
1842220 145
1842230 145
1842240 145
1842250 146
1842260 146
1842270 147
1842280 148
1842290 146
1842300 148
1842310 148
1842320 148
1842330 146
1842340 146
1842350 146
1842360 146
1842370 147
1842380 147
1842390 147
1842400 146
1842410 146
1842420 145
1842430 145
1842440 145
1842450 145
1842460 145
1842470 145
1842480 145
1842490 145
1842500 145
1842510 145
1842520 145
1842530 145
1842540 145
1842550 145
1842560 145
1842570 145
1842580 145
1842590 145
1842600 145
1842610 145
1842620 145
1842630 145
1842640 145
1842650 145
1842660 145
1842670 145
1842680 145
1842690 145
1842700 145
1842710 145
1842720 145
1842730 145
1842740 145
1842750 145
1842760 145
1842770 145
1842780 145
1842790 145
1842800 145
1842810 145
1842820 145
1842830 144
1842840 144
1842850 144
1842860 144
1842870 144
1842880 144
1842890 144
1842900 144
1842910 144
1842920 144
1842930 144
1842940 144
1842950 144
1842960 144
1842970 144
1842980 144
1842990 144
1843000 144
1843010 144
1843020 144
1843030 144
1843040 144
1843050 144
1843060 144
1843070 144
1843080 144
1843090 144
1843100 144
1843110 144
1843120 144
1843130 144
1843140 144
1843150 144
1843160 144
1843170 144
1843180 144
1843190 144
1843200 144
1843210 144
1843220 144
1843230 144
1843240 144
1843250 144
1843260 144
1843270 144
1843280 144
1843290 144
1843300 143
1843310 143
1843320 143
1843330 143
1843340 143
1843350 143
1843360 143
1843370 143
1843380 143
1843390 143
1843400 143
1843410 143
1843420 143
1843430 143
1843440 143
1843450 143
1843460 143
1843470 143
1843480 143
1843490 143
1843500 143
1843510 143
1843520 143
1843530 143
1843540 143
1843550 143
1843560 143
1843570 143
1843580 143
1843590 143
1843600 143
1843610 143
1843620 143
1843630 143
1843640 143
1843650 143
1843660 143
1843670 143
1843680 143
1843690 143
1843700 143
1843710 143
1843720 143
1843730 143
1843740 143
1843750 143
1843760 143
1843770 143
1843780 143
1843790 143
1843800 143
1843810 143
1843820 143
1843830 143
1843840 143
1843850 143
1843860 143
1843870 143
1843880 143
1843890 143
1843900 143
1843910 143
1843920 142
1843930 142
1843940 142
1843950 142
1843960 142
1843970 142
1843980 142
1843990 142
1844000 142
1844010 142
1844020 142
1844030 142
1844040 142
1844050 142
1844060 142
1844070 142
1844080 142
1844090 142
1844100 142
1844110 142
1844120 142
1844130 142
1844140 142
1844150 142
1844160 142
1844170 142
1844180 142
1844190 142
1844200 142
1844210 142
1844220 142
1844230 142
1844240 142
1844250 142
1844260 142
1844270 142
1844280 142
1844290 142
1844300 142
1844310 142
1844320 142
1844330 142
1844340 142
1844350 142
1844360 142
1844370 142
1844380 142
1844390 142
1844400 142
1844410 141
1844420 141
1844430 141
1844440 142
1844450 142
1844460 142
1844470 142
1844480 142
1844490 142
1844500 141
1844510 141
1844520 141
1844530 141
1844540 141
1844550 141
1844560 141
1844570 141
1844580 141
1844590 141
1844600 141
1844610 141
1844620 141
1844630 141
1844640 141
1844650 141
1844660 141
1844670 141
1844680 141
1844690 141
1844700 141
1844710 141
1844720 142
1844730 142
1844740 141
1844750 141
1844760 141
1844770 141
1844780 141
1844790 141
1844800 141
1844810 141
1844820 141
1844830 142
1844840 142
1844850 142
1844860 142
1844870 142
1844880 142
1844890 142
1844900 142
1844910 142
1844920 142
1844930 142
1844940 142
1844950 142
1844960 141
1844970 141
1844980 141
1844990 141
1845000 141
1845010 141
1845020 141
1845030 141
1845040 141
1845050 141
1845060 141
1845070 141
1845080 141
1845090 141
1845100 141
1845110 141
1845120 141
1845130 141
1845140 141
1845150 141
1845160 141
1845170 141
1845180 141
1845190 141
1845200 141
1845210 141
1845220 141
1845230 141
1845240 141
1845250 141
1845260 141
1845270 141
1845280 141
1845290 141
1845300 141
1845310 141
1845320 141
1845330 141
1845340 141
1845350 141
1845360 141
1845370 141
1845380 141
1845390 141
1845400 141
1845410 141
1845420 141
1845430 141
1845440 141
1845450 141
1845460 141
1845470 140
1845480 140
1845490 140
1845500 140
1845510 140
1845520 140
1845530 140
1845540 141
1845550 141
1845560 140
1845570 141
1845580 141
1845590 141
1845600 140
1845610 140
1845620 141
1845630 141
1845640 141
1845650 141
1845660 141
1845670 141
1845680 141
1845690 141
1845700 141
1845710 141
1845720 141
1845730 141
1845740 141
1845750 141
1845760 141
1845770 141
1845780 141
1845790 141
1845800 140
1845810 140
1845820 140
1845830 140
1845840 140
1845850 140
1845860 139
1845870 139
1845880 139
1845890 139
1845900 139
1845910 139
1845920 139
1845930 139
1845940 139
1845950 139
1845960 139
1845970 139
1845980 139
1845990 139
1846000 139
1846010 139
1846020 139
1846030 139
1846040 139
1846050 139
1846060 139
1846070 139
1846080 139
1846090 139
1846100 139
1846110 139
1846120 139
1846130 139
1846140 139
1846150 139
1846160 139
1846170 139
1846180 139
1846190 139
1846200 139
1846210 139
1846220 139
1846230 139
1846240 139
1846250 139
1846260 139
1846270 139
1846280 139
1846290 139
1846300 139
1846310 139
1846320 139
1846330 139
1846340 139
1846350 139
1846360 139
1846370 139
1846380 139
1846390 139
1846400 139
1846410 139
1846420 139
1846430 139
1846440 139
1846450 139
1846460 139
1846470 139
1846480 139
1846490 139
1846500 139
1846510 139
1846520 139
1846530 139
1846540 139
1846550 139
1846560 139
1846570 139
1846580 138
1846590 139
1846600 139
1846610 138
1846620 138
1846630 138
1846640 138
1846650 138
1846660 138
1846670 138
1846680 138
1846690 138
1846700 138
1846710 138
1846720 138
1846730 138
1846740 138
1846750 138
1846760 138
1846770 138
1846780 138
1846790 138
1846800 138
1846810 138
1846820 138
1846830 138
1846840 138
1846850 138
1846860 138
1846870 138
1846880 138
1846890 138
1846900 138
1846910 138
1846920 138
1846930 137
1846940 137
1846950 137
1846960 137
1846970 137
1846980 137
1846990 137
1847000 137
1847010 137
1847020 138
1847030 138
1847040 138
1847050 137
1847060 137
1847070 137
1847080 137
1847090 137
1847100 137
1847110 137
1847120 137
1847130 137
1847140 137
1847150 137
1847160 137
1847170 137
1847180 137
1847190 137
1847200 137
1847210 137
1847220 137
1847230 137
1847240 137
1847250 137
1847260 137
1847270 137
1847280 137
1847290 137
1847300 136
1847310 136
1847320 136
1847330 136
1847340 136
1847350 136
1847360 136
1847370 136
1847380 136
1847390 136
1847400 136
1847410 136
1847420 136
1847430 136
1847440 136
1847450 136
1847460 136
1847470 136
1847480 136
1847490 136
1847500 136
1847510 136
1847520 136
1847530 136
1847540 136
1847550 136
1847560 136
1847570 136
1847580 136
1847590 136
1847600 136
1847610 136
1847620 136
1847630 136
1847640 136
1847650 136
1847660 136
1847670 136
1847680 136
1847690 136
1847700 136
1847710 136
1847720 136
1847730 136
1847740 136
1847750 136
1847760 136
1847770 136
1847780 136
1847790 136
1847800 136
1847810 136
1847820 136
1847830 136
1847840 136
1847850 136
1847860 136
1847870 136
1847880 135
1847890 135
1847900 135
1847910 135
1847920 135
1847930 135
1847940 135
1847950 135
1847960 135
1847970 135
1847980 135
1847990 135
1848000 135
1848010 135
1848020 135
1848030 135
1848040 135
1848050 135
1848060 135
1848070 135
1848080 135
1848090 135
1848100 135
1848110 135
1848120 135
1848130 135
1848140 135
1848150 135
1848160 135
1848170 135
1848180 135
1848190 135
1848200 135
1848210 135
1848220 135
1848230 135
1848240 135
1848250 135
1848260 135
1848270 135
1848280 135
1848290 135
1848300 136
1848310 137
1848320 137
1848330 137
1848340 137
1848350 137
1848360 139
1848370 137
1848380 137
1848390 137
1848400 136
1848410 136
1848420 136
1848430 137
1848440 137
1848450 139
1848460 140
1848470 140
1848480 140
1848490 140
1848500 140
1848510 137
1848520 134
1848530 134
1848540 133
1848550 133
1848560 133
1848570 133
1848580 133
1848590 134
1848600 134
1848610 133
1848620 132
1848630 132
1848640 132
1848650 133
1848660 133
1848670 133
1848680 132
1848690 132
1848700 132
1848710 133
1848720 133
1848730 133
1848740 134
1848750 134
1848760 134
1848770 134
1848780 134
1848790 133
1848800 133
1848810 133
1848820 134
1848830 134
1848840 134
1848850 133
1848860 133
1848870 133
1848880 133
1848890 133
1848900 133
1848910 133
1848920 133
1848930 133
1848940 133
1848950 133
1848960 133
1848970 133
1848980 133
1848990 133
1849000 133
1849010 133
1849020 133
1849030 133
1849040 133
1849050 133
1849060 133
1849070 133
1849080 133
1849090 133
1849100 133
1849110 133
1849120 133
1849130 133
1849140 133
1849150 133
1849160 133
1849170 133
1849180 133
1849190 133
1849200 133
1849210 133
1849220 133
1849230 133
1849240 133
1849250 133
1849260 133
1849270 133
1849280 133
1849290 133
1849300 133
1849310 133
1849320 133
1849330 133
1849340 133
1849350 133
1849360 133
1849370 133
1849380 133
1849390 133
1849400 133
1849410 133
1849420 133
1849430 133
1849440 133
1849450 133
1849460 133
1849470 133
1849480 133
1849490 132
1849500 132
1849510 132
1849520 132
1849530 132
1849540 132
1849550 132
1849560 132
1849570 132
1849580 132
1849590 133
1849600 133
1849610 133
1849620 133
1849630 133
1849640 132
1849650 131
1849660 131
1849670 131
1849680 133
1849690 133
1849700 133
1849710 133
1849720 133
1849730 133
1849740 133
1849750 133
1849760 131
1849770 133
1849780 133
1849790 133
1849800 133
1849810 133
1849820 133
1849830 133
1849840 133
1849850 133
1849860 133
1849870 133
1849880 133
1849890 133
1849900 134
1849910 134
1849920 134
1849930 134
1849940 134
1849950 134
1849960 134
1849970 134
1849980 134
1849990 134
1850000 134
1850010 134
1850020 134
1850030 134
1850040 134
1850050 134
1850060 134
1850070 134
1850080 134
1850090 134
1850100 134
1850110 134
1850120 134
1850130 134
1850140 134
1850150 134
1850160 134
1850170 134
1850180 134
1850190 134
1850200 134
1850210 134
1850220 134
1850230 134
1850240 134
1850250 134
1850260 134
1850270 134
1850280 133
1850290 133
1850300 133
1850310 133
1850320 133
1850330 133
1850340 133
1850350 133
1850360 133
1850370 133
1850380 133
1850390 133
1850400 133
1850410 133
1850420 133
1850430 133
1850440 134
1850450 134
1850460 134
1850470 134
1850480 134
1850490 134
1850500 134
1850510 134
1850520 134
1850530 134
1850540 134
1850550 134
1850560 133
1850570 133
1850580 133
1850590 134
1850600 134
1850610 134
1850620 134
1850630 134
1850640 134
1850650 135
1850660 135
1850670 135
1850680 134
1850690 134
1850700 134
1850710 135
1850720 135
1850730 135
1850740 135
1850750 135
1850760 135
1850770 135
1850780 135
1850790 135
1850800 135
1850810 135
1850820 136
1850830 136
1850840 136
1850850 136
1850860 136
1850870 136
1850880 136
1850890 135
1850900 135
1850910 135
1850920 135
1850930 136
1850940 136
1850950 136
1850960 136
1850970 136
1850980 136
1850990 136
1851000 136
1851010 135
1851020 135
1851030 135
1851040 135
1851050 136
1851060 136
1851070 136
1851080 136
1851090 136
1851100 136
1851110 136
1851120 136
1851130 136
1851140 136
1851150 136
1851160 136
1851170 136
1851180 136
1851190 136
1851200 136
1851210 137
1851220 137
1851230 137
1851240 137
1851250 137
1851260 137
1851270 138
1851280 138
1851290 138
1851300 138
1851310 138
1851320 139
1851330 139
1851340 139
1851350 140
1851360 140
1851370 140
1851380 140
1851390 141
1851400 141
1851410 141
1851420 142
1851430 142
1851440 142
1851450 143
1851460 143
1851470 143
1851480 143
1851490 143
1851500 144
1851510 144
1851520 144
1851530 145
1851540 146
1851550 146
1851560 146
1851570 147
1851580 147
1851590 148
1851600 149
1851610 149
1851620 150
1851630 151
1851640 151
1851650 151
1851660 152
1851670 152
1851680 153
1851690 154
1851700 154
1851710 155
1851720 157
1851730 157
1851740 158
1851750 161
1851760 161
1851770 162
1851780 160
1851790 160
1851800 165
1851810 168
1851820 168
1851830 170
1851840 172
1851850 174
1851860 174
1851870 176
1851880 178
1851890 178
1851900 180
1851910 183
1851920 183
1851930 185
1851940 187
1851950 187
1851960 189
1851970 191
1851980 191
1851990 193
1852000 194
1852010 194
1852020 196
1852030 197
1852040 197
1852050 198
1852060 199
1852070 199
1852080 200
1852090 202
1852100 202
1852110 201
1852120 200
1852130 200
1852140 200
1852150 199
1852160 199
1852170 199
1852180 199
1852190 199
1852200 198
1852210 198
1852220 198
1852230 197
1852240 197
1852250 197
1852260 197
1852270 197
1852280 197
1852290 197
1852300 197
1852310 197
1852320 198
1852330 198
1852340 198
1852350 198
1852360 197
1852370 197
1852380 197
1852390 197
1852400 197
1852410 198
1852420 199
1852430 199
1852440 200
1852450 201
1852460 201
1852470 204
1852480 204
1852490 204
1852500 204
1852510 204
1852520 203
1852530 203
1852540 203
1852550 202
1852560 202
1852570 202
1852580 202
1852590 202
1852600 202
1852610 202
1852620 202
1852630 202
1852640 202
1852650 202
1852660 203
1852670 203
1852680 203
1852690 203
1852700 204
1852710 204
1852720 204
1852730 204
1852740 204
1852750 204
1852760 204
1852770 204
1852780 204
1852790 204
1852800 204
1852810 204
1852820 204
1852830 204
1852840 204
1852850 204
1852860 204
1852870 203
1852880 203
1852890 203
1852900 203
1852910 203
1852920 203
1852930 203
1852940 203
1852950 203
1852960 203
1852970 203
1852980 203
1852990 203
1853000 203
1853010 203
1853020 203
1853030 203
1853040 203
1853050 203
1853060 204
1853070 204
1853080 204
1853090 204
1853100 204
1853110 204
1853120 205
1853130 205
1853140 205
1853150 205
1853160 205
1853170 204
1853180 204
1853190 203
1853200 203
1853210 203
1853220 202
1853230 202
1853240 202
1853250 201
1853260 201
1853270 200
1853280 200
1853290 200
1853300 199
1853310 199
1853320 199
1853330 198
1853340 198
1853350 198
1853360 197
1853370 197
1853380 197
1853390 196
1853400 194
1853410 194
1853420 193
1853430 192
1853440 192
1853450 192
1853460 191
1853470 191
1853480 191
1853490 191
1853500 191
1853510 191
1853520 190
1853530 190
1853540 190
1853550 190
1853560 190
1853570 189
1853580 188
1853590 188
1853600 186
1853610 183
1853620 183
1853630 181
1853640 180
1853650 180
1853660 179
1853670 178
1853680 178
1853690 178
1853700 178
1853710 178
1853720 178
1853730 178
1853740 178
1853750 178
1853760 177
1853770 177
1853780 177
1853790 177
1853800 177
1853810 177
1853820 174
1853830 172
1853840 172
1853850 171
1853860 170
1853870 170
1853880 170
1853890 170
1853900 170
1853910 168
1853920 165
1853930 165
1853940 163
1853950 161
1853960 161
1853970 160
1853980 159
1853990 159
1854000 159
1854010 157
1854020 157
1854030 157
1854040 156
1854050 156
1854060 157
1854070 157
1854080 157
1854090 157
1854100 158
1854110 158
1854120 159
1854130 159
1854140 159
1854150 159
1854160 159
1854170 159
1854180 158
1854190 158
1854200 158
1854210 158
1854220 157
1854230 157
1854240 157
1854250 156
1854260 156
1854270 155
1854280 154
1854290 154
1854300 154
1854310 152
1854320 151
1854330 148
1854340 145
1854350 145
1854360 144
1854370 143
1854380 143
1854390 142
1854400 141
1854410 141
1854420 141
1854430 140
1854440 140
1854450 140
1854460 139
1854470 139
1854480 139
1854490 139
1854500 138
1854510 138
1854520 138
1854530 138
1854540 138
1854550 137
1854560 137
1854570 137
1854580 137
1854590 136
1854600 136
1854610 136
1854620 135
1854630 135
1854640 135
1854650 134
1854660 135
1854670 134
1854680 134
1854690 134
1854700 134
1854710 134
1854720 134
1854730 133
1854740 133
1854750 133
1854760 132
1854770 132
1854780 132
1854790 132
1854800 132
1854810 132
1854820 131
1854830 131
1854840 131
1854850 130
1854860 130
1854870 130
1854880 130
1854890 129
1854900 129
1854910 129
1854920 129
1854930 129
1854940 128
1854950 128
1854960 128
1854970 128
1854980 128
1854990 128
1855000 127
1855010 127
1855020 127
1855030 126
1855040 126
1855050 126
1855060 126
1855070 126
1855080 126
1855090 125
1855100 125
1855110 125
1855120 125
1855130 124
1855140 124
1855150 124
1855160 124
1855170 123
1855180 123
1855190 123
1855200 123
1855210 123
1855220 123
1855230 122
1855240 122
1855250 122
1855260 122
1855270 122
1855280 122
1855290 122
1855300 122
1855310 122
1855320 121
1855330 121
1855340 121
1855350 121
1855360 121
1855370 121
1855380 121
1855390 121
1855400 121
1855410 121
1855420 121
1855430 121
1855440 121
1855450 121
1855460 121
1855470 120
1855480 120
1855490 120
1855500 120
1855510 120
1855520 120
1855530 119
1855540 119
1855550 119
1855560 119
1855570 119
1855580 118
1855590 118
1855600 118
1855610 118
1855620 118
1855630 118
1855640 118
1855650 118
1855660 118
1855670 118
1855680 118
1855690 118
1855700 117
1855710 117
1855720 117
1855730 117
1855740 117
1855750 117
1855760 117
1855770 117
1855780 117
1855790 116
1855800 116
1855810 116
1855820 116
1855830 116
1855840 116
1855850 116
1855860 116
1855870 116
1855880 116
1855890 116
1855900 116
1855910 116
1855920 116
1855930 116
1855940 116
1855950 116
1855960 116
1855970 116
1855980 116
1855990 116
1856000 116
1856010 116
1856020 116
1856030 116
1856040 116
1856050 116
1856060 116
1856070 115
1856080 115
1856090 115
1856100 115
1856110 115
1856120 115
1856130 115
1856140 115
1856150 115
1856160 115
1856170 116
1856180 116
1856190 115
1856200 115
1856210 115
1856220 115
1856230 115
1856240 115
1856250 115
1856260 115
1856270 115
1856280 115
1856290 115
1856300 115
1856310 115
1856320 115
1856330 115
1856340 116
1856350 116
1856360 116
1856370 115
1856380 116
1856390 116
1856400 116
1856410 115
1856420 115
1856430 115
1856440 115
1856450 115
1856460 115
1856470 115
1856480 115
1856490 115
1856500 115
1856510 115
1856520 115
1856530 115
1856540 115
1856550 115
1856560 115
1856570 115
1856580 115
1856590 115
1856600 115
1856610 115
1856620 115
1856630 115
1856640 115
1856650 115
1856660 115
1856670 115
1856680 115
1856690 115
1856700 115
1856710 115
1856720 115
1856730 115
1856740 115
1856750 115
1856760 115
1856770 115
1856780 115
1856790 115
1856800 115
1856810 115
1856820 115
1856830 115
1856840 115
1856850 115
1856860 115
1856870 115
1856880 115
1856890 115
1856900 115
1856910 115
1856920 115
1856930 115
1856940 115
1856950 115
1856960 115
1856970 115
1856980 115
1856990 115
1857000 115
1857010 115
1857020 115
1857030 115
1857040 115
1857050 115
1857060 115
1857070 115
1857080 115
1857090 115
1857100 115
1857110 115
1857120 115
1857130 115
1857140 115
1857150 115
1857160 115
1857170 115
1857180 115
1857190 115
1857200 115
1857210 115
1857220 115
1857230 115
1857240 115
1857250 115
1857260 115
1857270 115
1857280 115
1857290 115
1857300 115
1857310 115
1857320 115
1857330 115
1857340 115
1857350 115
1857360 115
1857370 115
1857380 115
1857390 115
1857400 115
1857410 115
1857420 115
1857430 115
1857440 115
1857450 115
1857460 115
1857470 115
1857480 115
1857490 115
1857500 115
1857510 115
1857520 115
1857530 115
1857540 115
1857550 115
1857560 115
1857570 115
1857580 115
1857590 115
1857600 115
1857610 115
1857620 115
1857630 115
1857640 115
1857650 115
1857660 115
1857670 115
1857680 115
1857690 115
1857700 115
1857710 115
1857720 115
1857730 115
1857740 115
1857750 115
1857760 115
1857770 115
1857780 115
1857790 115
1857800 115
1857810 115
1857820 115
1857830 115
1857840 115
1857850 115
1857860 115
1857870 115
1857880 115
1857890 115
1857900 115
1857910 115
1857920 115
1857930 115
1857940 115
1857950 115
1857960 115
1857970 115
1857980 115
1857990 115
1858000 115
1858010 115
1858020 115
1858030 115
1858040 115
1858050 115
1858060 115
1858070 115
1858080 115
1858090 115
1858100 115
1858110 115
1858120 115
1858130 115
1858140 115
1858150 115
1858160 115
1858170 115
1858180 115
1858190 115
1858200 115
1858210 115
1858220 115
1858230 115
1858240 115
1858250 115
1858260 115
1858270 115
1858280 115
1858290 115
1858300 115
1858310 115
1858320 115
1858330 115
1858340 115
1858350 115
1858360 115
1858370 115
1858380 115
1858390 115
1858400 115
1858410 115
1858420 115
1858430 115
1858440 115
1858450 115
1858460 115
1858470 115
1858480 115
1858490 115
1858500 115
1858510 115
1858520 115
1858530 115
1858540 115
1858550 115
1858560 115
1858570 115
1858580 115
1858590 115
1858600 115
1858610 115
1858620 115
1858630 115
1858640 115
1858650 115
1858660 115
1858670 115
1858680 115
1858690 115
1858700 115
1858710 115
1858720 115
1858730 115
1858740 115
1858750 115
1858760 115
1858770 115
1858780 115
1858790 115
1858800 115
1858810 115
1858820 115
1858830 115
1858840 115
1858850 115
1858860 115
1858870 115
1858880 115
1858890 115
1858900 115
1858910 115
1858920 115
1858930 115
1858940 115
1858950 115
1858960 115
1858970 115
1858980 115
1858990 115
1859000 115
1859010 115
1859020 115
1859030 115
1859040 115
1859050 115
1859060 115
1859070 115
1859080 115
1859090 115
1859100 115
1859110 115
1859120 115
1859130 115
1859140 115
1859150 115
1859160 115
1859170 115
1859180 115
1859190 115
1859200 115
1859210 115
1859220 115
1859230 115
1859240 115
1859250 115
1859260 115
1859270 115
1859280 115
1859290 115
1859300 115
1859310 115
1859320 115
1859330 115
1859340 115
1859350 115
1859360 115
1859370 115
1859380 115
1859390 115
1859400 115
1859410 115
1859420 115
1859430 115
1859440 115
1859450 115
1859460 115
1859470 115
1859480 115
1859490 115
1859500 115
1859510 115
1859520 115
1859530 115
1859540 115
1859550 115
1859560 115
1859570 115
1859580 115
1859590 115
1859600 115
1859610 115
1859620 115
1859630 115
1859640 115
1859650 115
1859660 115
1859670 115
1859680 115
1859690 115
1859700 115
1859710 115
1859720 115
1859730 115
1859740 115
1859750 115
1859760 115
1859770 115
1859780 115
1859790 115
1859800 115
1859810 115
1859820 115
1859830 115
1859840 115
1859850 115
1859860 115
1859870 115
1859880 115
1859890 115
1859900 115
1859910 115
1859920 115
1859930 115
1859940 115
1859950 115
1859960 115
1859970 115
1859980 115
1859990 115
