1840000 170
1840010 169
1840020 169
1840030 169
1840040 171
1840050 170
1840060 170
1840070 169
1840080 169
1840090 168
1840100 168
1840110 168
1840120 167
1840130 167
1840140 167
1840150 167
1840160 167
1840170 167
1840180 167
1840190 167
1840200 167
1840210 166
1840220 166
1840230 166
1840240 166
1840250 166
1840260 166
1840270 166
1840280 166
1840290 166
1840300 166
1840310 166
1840320 166
1840330 166
1840340 166
1840350 166
1840360 166
1840370 166
1840380 165
1840390 165
1840400 165
1840410 166
1840420 166
1840430 166
1840440 165
1840450 165
1840460 165
1840470 165
1840480 165
1840490 165
1840500 165
1840510 166
1840520 166
1840530 166
1840540 166
1840550 166
1840560 167
1840570 167
1840580 167
1840590 167
1840600 167
1840610 167
1840620 167
1840630 167
1840640 167
1840650 167
1840660 167
1840670 167
1840680 167
1840690 167
1840700 167
1840710 167
1840720 167
1840730 167
1840740 167
1840750 166
1840760 166
1840770 166
1840780 166
1840790 166
1840800 166
1840810 166
1840820 166
1840830 166
1840840 166
1840850 165
1840860 165
1840870 165
1840880 166
1840890 166
1840900 165
1840910 165
1840920 165
1840930 165
1840940 165
1840950 165
1840960 166
1840970 166
1840980 166
1840990 166
1841000 166
1841010 166
1841020 166
1841030 166
1841040 166
1841050 165
1841060 165
1841070 165
1841080 165
1841090 165
1841100 165
1841110 165
1841120 164
1841130 164
1841140 164
1841150 164
1841160 164
1841170 164
1841180 165
1841190 165
1841200 166
1841210 165
1841220 165
1841230 165
1841240 165
1841250 165
1841260 165
1841270 164
1841280 164
1841290 164
1841300 164
1841310 164
1841320 165
1841330 164
1841340 164
1841350 164
1841360 164
1841370 164
1841380 164
1841390 164
1841400 164
1841410 164
1841420 164
1841430 164
1841440 164
1841450 164
1841460 164
1841470 164
1841480 164
1841490 164
1841500 164
1841510 163
1841520 163
1841530 163
1841540 163
1841550 163
1841560 163
1841570 163
1841580 163
1841590 163
1841600 163
1841610 162
1841620 163
1841630 163
1841640 163
1841650 163
1841660 163
1841670 163
1841680 163
1841690 163
1841700 163
1841710 163
1841720 163
1841730 163
1841740 163
1841750 163
1841760 163
1841770 163
1841780 163
1841790 163
1841800 163
1841810 163
1841820 163
1841830 163
1841840 163
1841850 163
1841860 163
1841870 163
1841880 163
1841890 163
1841900 163
1841910 163
1841920 163
1841930 162
1841940 162
1841950 162
1841960 162
1841970 162
1841980 162
1841990 162
1842000 162
1842010 162
1842020 161
1842030 161
1842040 161
1842050 161
1842060 161
1842070 161
1842080 161
1842090 160
1842100 160
1842110 160
1842120 160
1842130 160
1842140 160
1842150 160
1842160 159
1842170 159
1842180 159
1842190 159
1842200 159
1842210 160
1842220 160
1842230 160
1842240 159
1842250 159
1842260 159
1842270 159
1842280 159
1842290 159
1842300 159
1842310 159
1842320 159
1842330 158
1842340 158
1842350 158
1842360 158
1842370 158
1842380 158
1842390 158
1842400 158
1842410 158
1842420 158
1842430 158
1842440 158
1842450 158
1842460 158
1842470 158
1842480 158
1842490 157
1842500 157
1842510 157
1842520 157
1842530 157
1842540 157
1842550 157
1842560 157
1842570 157
1842580 156
1842590 156
1842600 156
1842610 156
1842620 156
1842630 156
1842640 155
1842650 155
1842660 155
1842670 154
1842680 154
1842690 154
1842700 153
1842710 153
1842720 153
1842730 153
1842740 153
1842750 152
1842760 152
1842770 152
1842780 151
1842790 151
1842800 151
1842810 151
1842820 150
1842830 150
1842840 150
1842850 149
1842860 149
1842870 149
1842880 149
1842890 149
1842900 149
1842910 149
1842920 148
1842930 148
1842940 148
1842950 148
1842960 148
1842970 148
1842980 148
1842990 148
1843000 148
1843010 148
1843020 148
1843030 148
1843040 148
1843050 148
1843060 148
1843070 148
1843080 148
1843090 148
1843100 148
1843110 148
1843120 148
1843130 148
1843140 148
1843150 148
1843160 149
1843170 149
1843180 149
1843190 149
1843200 149
1843210 148
1843220 149
1843230 149
1843240 149
1843250 149
1843260 149
1843270 149
1843280 149
1843290 149
1843300 149
1843310 149
1843320 149
1843330 149
1843340 149
1843350 149
1843360 149
1843370 150
1843380 150
1843390 150
1843400 151
1843410 150
1843420 151
1843430 151
1843440 151
1843450 152
1843460 152
1843470 152
1843480 152
1843490 153
1843500 153
1843510 153
1843520 153
1843530 153
1843540 153
1843550 153
1843560 154
1843570 154
1843580 154
1843590 154
1843600 154
1843610 154
1843620 154
1843630 154
1843640 154
1843650 154
1843660 154
1843670 154
1843680 155
1843690 155
1843700 155
1843710 155
1843720 155
1843730 155
1843740 155
1843750 155
1843760 154
1843770 155
1843780 155
1843790 155
1843800 155
1843810 155
1843820 155
1843830 155
1843840 155
1843850 155
1843860 155
1843870 155
1843880 155
1843890 155
1843900 155
1843910 155
1843920 155
1843930 155
1843940 155
1843950 155
1843960 155
1843970 155
1843980 155
1843990 155
1844000 155
1844010 155
1844020 155
1844030 155
1844040 155
1844050 155
1844060 155
1844070 155
1844080 155
1844090 155
1844100 156
1844110 156
1844120 156
1844130 156
1844140 156
1844150 156
1844160 156
1844170 156
1844180 156
1844190 156
1844200 156
1844210 156
1844220 156
1844230 157
1844240 157
1844250 157
1844260 157
1844270 157
1844280 157
1844290 157
1844300 157
1844310 157
1844320 157
1844330 157
1844340 157
1844350 157
1844360 157
1844370 157
1844380 157
1844390 157
1844400 156
1844410 156
1844420 156
1844430 156
1844440 156
1844450 156
1844460 156
1844470 156
1844480 156
1844490 156
1844500 156
1844510 156
1844520 156
1844530 155
1844540 155
1844550 155
1844560 155
1844570 155
1844580 155
1844590 155
1844600 155
1844610 155
1844620 155
1844630 155
1844640 155
1844650 155
1844660 155
1844670 155
1844680 155
1844690 155
1844700 155
1844710 155
1844720 155
1844730 155
1844740 155
1844750 155
1844760 155
1844770 155
1844780 155
1844790 156
1844800 156
1844810 156
1844820 157
1844830 157
1844840 157
1844850 157
1844860 157
1844870 157
1844880 158
1844890 158
1844900 158
1844910 158
1844920 158
1844930 158
1844940 158
1844950 158
1844960 158
1844970 158
1844980 158
1844990 158
1845000 158
1845010 158
1845020 158
1845030 158
1845040 158
1845050 158
1845060 158
1845070 158
1845080 158
1845090 158
1845100 158
1845110 158
1845120 158
1845130 158
1845140 158
1845150 158
1845160 158
1845170 158
1845180 158
1845190 158
1845200 159
1845210 159
1845220 159
1845230 159
1845240 159
1845250 159
1845260 160
1845270 160
1845280 160
1845290 160
1845300 160
1845310 160
1845320 160
1845330 160
1845340 160
1845350 160
1845360 160
1845370 160
1845380 160
1845390 160
1845400 160
1845410 160
1845420 160
1845430 160
1845440 160
1845450 160
1845460 161
1845470 160
1845480 160
1845490 160
1845500 160
1845510 160
1845520 160
1845530 160
1845540 160
1845550 160
1845560 161
1845570 161
1845580 161
1845590 161
1845600 160
1845610 160
1845620 161
1845630 160
1845640 160
1845650 160
1845660 160
1845670 160
1845680 160
1845690 160
1845700 160
1845710 160
1845720 160
1845730 160
1845740 160
1845750 160
1845760 160
1845770 160
1845780 160
1845790 160
1845800 160
1845810 160
1845820 160
1845830 159
1845840 159
1845850 159
1845860 159
1845870 159
1845880 159
1845890 159
1845900 159
1845910 159
1845920 159
1845930 159
1845940 159
1845950 159
1845960 158
1845970 158
1845980 158
1845990 158
1846000 158
1846010 158
1846020 158
1846030 158
1846040 158
1846050 157
1846060 157
1846070 157
1846080 157
1846090 157
1846100 157
1846110 157
1846120 157
1846130 158
1846140 158
1846150 158
1846160 159
1846170 159
1846180 159
1846190 159
1846200 159
1846210 159
1846220 159
1846230 159
1846240 159
1846250 159
1846260 159
1846270 158
1846280 158
1846290 158
1846300 158
1846310 158
1846320 157
1846330 157
1846340 157
1846350 157
1846360 156
1846370 156
1846380 156
1846390 156
1846400 156
1846410 155
1846420 155
1846430 155
1846440 155
1846450 154
1846460 154
1846470 154
1846480 154
1846490 154
1846500 154
1846510 154
1846520 154
1846530 154
1846540 153
1846550 153
1846560 153
1846570 153
1846580 153
1846590 153
1846600 152
1846610 152
1846620 152
1846630 151
1846640 151
1846650 151
1846660 151
1846670 151
1846680 150
1846690 150
1846700 150
1846710 150
1846720 150
1846730 150
1846740 149
1846750 149
1846760 149
1846770 149
1846780 149
1846790 149
1846800 148
1846810 148
1846820 148
1846830 148
1846840 148
1846850 148
1846860 148
1846870 148
1846880 148
1846890 148
1846900 148
1846910 148
1846920 147
1846930 147
1846940 147
1846950 147
1846960 147
1846970 146
1846980 147
1846990 146
1847000 146
1847010 146
1847020 146
1847030 146
1847040 146
1847050 146
1847060 146
1847070 146
1847080 146
1847090 145
1847100 145
1847110 145
1847120 145
1847130 145
1847140 145
1847150 145
1847160 145
1847170 145
1847180 145
1847190 145
1847200 145
1847210 144
1847220 144
1847230 144
1847240 144
1847250 144
1847260 144
1847270 144
1847280 144
1847290 143
1847300 143
1847310 143
1847320 143
1847330 143
1847340 143
1847350 143
1847360 143
1847370 143
1847380 142
1847390 142
1847400 142
1847410 142
1847420 142
1847430 142
1847440 142
1847450 142
1847460 142
1847470 142
1847480 142
1847490 142
1847500 141
1847510 141
1847520 141
1847530 141
1847540 141
1847550 141
1847560 141
1847570 141
1847580 141
1847590 141
1847600 141
1847610 141
1847620 141
1847630 140
1847640 140
1847650 140
1847660 140
1847670 140
1847680 140
1847690 140
1847700 140
1847710 140
1847720 139
1847730 139
1847740 139
1847750 139
1847760 139
1847770 139
1847780 139
1847790 139
1847800 139
1847810 139
1847820 139
1847830 139
1847840 138
1847850 138
1847860 138
1847870 138
1847880 137
1847890 137
1847900 137
1847910 137
1847920 137
1847930 137
1847940 137
1847950 137
1847960 137
1847970 137
1847980 137
1847990 137
1848000 137
1848010 137
1848020 137
1848030 137
1848040 137
1848050 137
1848060 136
1848070 136
1848080 136
1848090 136
1848100 136
1848110 136
1848120 136
1848130 136
1848140 136
1848150 136
1848160 136
1848170 135
1848180 135
1848190 135
1848200 135
1848210 135
1848220 135
1848230 135
1848240 135
1848250 135
1848260 135
1848270 135
1848280 135
1848290 135
1848300 135
1848310 135
1848320 135
1848330 134
1848340 134
1848350 134
1848360 134
1848370 134
1848380 134
1848390 134
1848400 134
1848410 134
1848420 133
1848430 133
1848440 133
1848450 133
1848460 133
1848470 133
1848480 133
1848490 133
1848500 133
1848510 133
1848520 133
1848530 133
1848540 133
1848550 133
1848560 133
1848570 133
1848580 132
1848590 132
1848600 132
1848610 132
1848620 132
1848630 132
1848640 132
1848650 132
1848660 132
1848670 132
1848680 132
1848690 132
1848700 132
1848710 132
1848720 132
1848730 132
1848740 132
1848750 132
1848760 132
1848770 132
1848780 131
1848790 131
1848800 131
1848810 131
1848820 131
1848830 131
1848840 131
1848850 131
1848860 131
1848870 131
1848880 131
1848890 131
1848900 131
1848910 131
1848920 131
1848930 131
1848940 131
1848950 131
1848960 131
1848970 131
1848980 131
1848990 131
1849000 131
1849010 131
1849020 131
1849030 131
1849040 130
1849050 130
1849060 130
1849070 130
1849080 130
1849090 130
1849100 130
1849110 130
1849120 130
1849130 130
1849140 130
1849150 130
1849160 130
1849170 130
1849180 130
1849190 130
1849200 130
1849210 130
1849220 130
1849230 130
1849240 130
1849250 130
1849260 130
1849270 130
1849280 130
1849290 130
1849300 130
1849310 130
1849320 130
1849330 130
1849340 130
1849350 130
1849360 130
1849370 130
1849380 130
1849390 130
1849400 130
1849410 130
1849420 130
1849430 130
1849440 130
1849450 130
1849460 130
1849470 130
1849480 130
1849490 130
1849500 130
1849510 130
1849520 130
1849530 130
1849540 130
1849550 130
1849560 130
1849570 130
1849580 130
1849590 130
1849600 130
1849610 130
1849620 130
1849630 130
1849640 130
1849650 130
1849660 130
1849670 130
1849680 129
1849690 129
1849700 129
1849710 129
1849720 129
1849730 130
1849740 130
1849750 130
1849760 130
1849770 130
1849780 130
1849790 130
1849800 130
1849810 130
1849820 130
1849830 130
1849840 130
1849850 130
1849860 130
1849870 130
1849880 130
1849890 130
1849900 130
1849910 130
1849920 130
1849930 130
1849940 130
1849950 130
1849960 130
1849970 130
1849980 130
1849990 130
1850000 130
1850010 130
1850020 130
1850030 130
1850040 130
1850050 130
1850060 130
1850070 129
1850080 129
1850090 129
1850100 129
1850110 129
1850120 129
1850130 129
1850140 129
1850150 129
1850160 129
1850170 129
1850180 129
1850190 129
1850200 129
1850210 129
1850220 129
1850230 129
1850240 129
1850250 129
1850260 129
1850270 129
1850280 129
1850290 129
1850300 129
1850310 129
1850320 129
1850330 129
1850340 129
1850350 129
1850360 129
1850370 129
1850380 129
1850390 129
1850400 129
1850410 128
1850420 128
1850430 128
1850440 128
1850450 128
1850460 128
1850470 128
1850480 128
1850490 128
1850500 128
1850510 128
1850520 128
1850530 128
1850540 128
1850550 128
1850560 128
1850570 128
1850580 128
1850590 128
1850600 128
1850610 128
1850620 128
1850630 128
1850640 128
1850650 128
1850660 128
1850670 128
1850680 128
1850690 128
1850700 127
1850710 127
1850720 127
1850730 127
1850740 127
1850750 127
1850760 128
1850770 127
1850780 127
1850790 125
1850800 127
1850810 127
1850820 128
1850830 128
1850840 128
1850850 128
1850860 128
1850870 128
1850880 127
1850890 127
1850900 127
1850910 127
1850920 127
1850930 127
1850940 127
1850950 127
1850960 127
1850970 127
1850980 127
1850990 127
1851000 127
1851010 127
1851020 127
1851030 127
1851040 127
1851050 127
1851060 127
1851070 127
1851080 127
1851090 127
1851100 127
1851110 127
1851120 127
1851130 127
1851140 127
1851150 127
1851160 127
1851170 127
1851180 127
1851190 127
1851200 127
1851210 127
1851220 126
1851230 126
1851240 126
1851250 127
1851260 127
1851270 127
1851280 127
1851290 127
1851300 127
1851310 127
1851320 126
1851330 126
1851340 127
1851350 127
1851360 127
1851370 127
1851380 127
1851390 127
1851400 127
1851410 127
1851420 127
1851430 127
1851440 127
1851450 127
1851460 127
1851470 127
1851480 127
1851490 127
1851500 127
1851510 127
1851520 127
1851530 128
1851540 128
1851550 128
1851560 128
1851570 128
1851580 128
1851590 128
1851600 128
1851610 128
1851620 128
1851630 128
1851640 128
1851650 128
1851660 128
1851670 128
1851680 129
1851690 129
1851700 129
1851710 129
1851720 129
1851730 129
1851740 129
1851750 129
1851760 129
1851770 129
1851780 129
1851790 129
1851800 129
1851810 129
1851820 129
1851830 129
1851840 129
1851850 129
1851860 129
1851870 129
1851880 129
1851890 129
1851900 129
1851910 129
1851920 129
1851930 129
1851940 129
1851950 129
1851960 129
1851970 129
1851980 129
1851990 129
1852000 129
1852010 129
1852020 129
1852030 129
1852040 129
1852050 129
1852060 129
1852070 129
1852080 129
1852090 129
1852100 129
1852110 129
1852120 129
1852130 129
1852140 129
1852150 129
1852160 129
1852170 130
1852180 130
1852190 131
1852200 131
1852210 131
1852220 130
1852230 130
1852240 130
1852250 130
1852260 130
1852270 130
1852280 130
1852290 130
1852300 130
1852310 130
1852320 130
1852330 130
1852340 130
1852350 130
1852360 130
1852370 130
1852380 130
1852390 130
1852400 130
1852410 130
1852420 130
1852430 130
1852440 130
1852450 130
1852460 130
1852470 130
1852480 131
1852490 131
1852500 131
1852510 131
1852520 131
1852530 131
1852540 131
1852550 131
1852560 131
1852570 131
1852580 131
1852590 131
1852600 131
1852610 131
1852620 130
1852630 130
1852640 130
1852650 130
1852660 131
1852670 131
1852680 131
1852690 131
1852700 131
1852710 131
1852720 131
1852730 131
1852740 131
1852750 131
1852760 131
1852770 131
1852780 131
1852790 131
1852800 131
1852810 131
1852820 131
1852830 131
1852840 131
1852850 131
1852860 131
1852870 131
1852880 131
1852890 131
1852900 131
1852910 131
1852920 131
1852930 131
1852940 131
1852950 131
1852960 131
1852970 131
1852980 131
1852990 131
1853000 131
1853010 131
1853020 131
1853030 131
1853040 131
1853050 130
1853060 130
1853070 130
1853080 130
1853090 130
1853100 130
1853110 130
1853120 130
1853130 130
1853140 130
1853150 130
1853160 130
1853170 130
1853180 130
1853190 130
1853200 130
1853210 130
1853220 130
1853230 130
1853240 130
1853250 130
1853260 130
1853270 130
1853280 130
1853290 130
1853300 130
1853310 130
1853320 130
1853330 130
1853340 130
1853350 130
1853360 130
1853370 130
1853380 130
1853390 130
1853400 130
1853410 130
1853420 130
1853430 130
1853440 130
1853450 130
1853460 130
1853470 130
1853480 131
1853490 131
1853500 131
1853510 132
1853520 132
1853530 132
1853540 133
1853550 133
1853560 134
1853570 134
1853580 134
1853590 133
1853600 133
1853610 133
1853620 132
1853630 132
1853640 132
1853650 132
1853660 132
1853670 132
1853680 132
1853690 132
1853700 132
1853710 132
1853720 133
1853730 133
1853740 133
1853750 133
1853760 133
1853770 134
1853780 134
1853790 134
1853800 135
1853810 135
1853820 135
1853830 135
1853840 136
1853850 136
1853860 136
1853870 137
1853880 138
1853890 138
1853900 138
1853910 139
1853920 139
1853930 140
1853940 141
1853950 141
1853960 141
1853970 140
1853980 140
1853990 138
1854000 135
1854010 135
1854020 133
1854030 132
1854040 132
1854050 131
1854060 130
1854070 130
1854080 130
1854090 130
1854100 130
1854110 130
1854120 130
1854130 130
1854140 130
1854150 130
1854160 130
1854170 131
1854180 131
1854190 131
1854200 131
1854210 130
1854220 130
1854230 129
1854240 129
1854250 129
1854260 129
1854270 129
1854280 129
1854290 129
1854300 129
1854310 129
1854320 129
1854330 130
1854340 130
1854350 130
1854360 130
1854370 130
1854380 130
1854390 130
1854400 130
1854410 130
1854420 130
1854430 130
1854440 130
1854450 130
1854460 130
1854470 131
1854480 132
1854490 132
1854500 132
1854510 133
1854520 133
1854530 133
1854540 134
1854550 133
1854560 133
1854570 133
1854580 132
1854590 132
1854600 132
1854610 131
1854620 131
1854630 131
1854640 130
1854650 130
1854660 130
1854670 130
1854680 130
1854690 129
1854700 129
1854710 129
1854720 129
1854730 129
1854740 129
1854750 129
1854760 129
1854770 129
1854780 129
1854790 128
1854800 128
1854810 128
1854820 128
1854830 128
1854840 128
1854850 128
1854860 128
1854870 128
1854880 128
1854890 128
1854900 128
1854910 128
1854920 128
1854930 128
1854940 128
1854950 128
1854960 128
1854970 128
1854980 128
1854990 128
1855000 127
1855010 127
1855020 127
1855030 127
1855040 127
1855050 127
1855060 127
1855070 126
1855080 126
1855090 126
1855100 126
1855110 125
1855120 125
1855130 125
1855140 125
1855150 124
1855160 124
1855170 124
1855180 124
1855190 123
1855200 123
1855210 123
1855220 124
1855230 124
1855240 124
1855250 124
1855260 124
1855270 124
1855280 124
1855290 124
1855300 124
1855310 124
1855320 124
1855330 124
1855340 123
1855350 123
1855360 123
1855370 123
1855380 123
1855390 123
1855400 123
1855410 123
1855420 123
1855430 123
1855440 123
1855450 123
1855460 123
1855470 123
1855480 123
1855490 123
1855500 123
1855510 123
1855520 124
1855530 124
1855540 124
1855550 124
1855560 124
1855570 124
1855580 124
1855590 124
1855600 124
1855610 124
1855620 124
1855630 124
1855640 124
1855650 124
1855660 124
1855670 124
1855680 124
1855690 124
1855700 124
1855710 124
1855720 123
1855730 123
1855740 123
1855750 123
1855760 123
1855770 123
1855780 123
1855790 123
1855800 123
1855810 123
1855820 123
1855830 123
1855840 123
1855850 123
1855860 123
1855870 123
1855880 123
1855890 123
1855900 123
1855910 123
1855920 123
1855930 123
1855940 123
1855950 123
1855960 123
1855970 123
1855980 123
1855990 123
1856000 123
1856010 123
1856020 123
1856030 123
1856040 122
1856050 122
1856060 122
1856070 122
1856080 122
1856090 122
1856100 122
1856110 122
1856120 122
1856130 122
1856140 122
1856150 122
1856160 122
1856170 122
1856180 122
1856190 122
1856200 122
1856210 122
1856220 122
1856230 122
1856240 122
1856250 122
1856260 122
1856270 121
1856280 121
1856290 121
1856300 121
1856310 121
1856320 121
1856330 121
1856340 121
1856350 121
1856360 121
1856370 122
1856380 122
1856390 121
1856400 121
1856410 121
1856420 121
1856430 121
1856440 121
1856450 121
1856460 121
1856470 121
1856480 121
1856490 121
1856500 121
1856510 122
1856520 121
1856530 121
1856540 121
1856550 121
1856560 121
1856570 121
1856580 121
1856590 121
1856600 121
1856610 121
1856620 121
1856630 121
1856640 121
1856650 121
1856660 121
1856670 121
1856680 121
1856690 121
1856700 121
1856710 121
1856720 121
1856730 120
1856740 120
1856750 120
1856760 120
1856770 120
1856780 120
1856790 120
1856800 120
1856810 120
1856820 120
1856830 120
1856840 120
1856850 120
1856860 120
1856870 120
1856880 120
1856890 121
1856900 121
1856910 121
1856920 121
1856930 121
1856940 121
1856950 121
1856960 121
1856970 121
1856980 121
1856990 121
1857000 121
1857010 121
1857020 121
1857030 121
1857040 121
1857050 121
1857060 121
1857070 121
1857080 121
1857090 121
1857100 120
1857110 120
1857120 120
1857130 120
1857140 120
1857150 120
1857160 120
1857170 120
1857180 120
1857190 120
1857200 120
1857210 120
1857220 120
1857230 120
1857240 120
1857250 120
1857260 120
1857270 120
1857280 120
1857290 120
1857300 120
1857310 120
1857320 120
1857330 120
1857340 120
1857350 120
1857360 120
1857370 120
1857380 119
1857390 119
1857400 119
1857410 119
1857420 119
1857430 119
1857440 119
1857450 119
1857460 118
1857470 118
1857480 118
1857490 118
1857500 118
1857510 118
1857520 118
1857530 118
1857540 118
1857550 118
1857560 117
1857570 117
1857580 117
1857590 117
1857600 117
1857610 117
1857620 117
1857630 117
1857640 117
1857650 117
1857660 117
1857670 117
1857680 117
1857690 117
1857700 117
1857710 117
1857720 117
1857730 116
1857740 116
1857750 116
1857760 116
1857770 116
1857780 116
1857790 116
1857800 116
1857810 116
1857820 116
1857830 116
1857840 116
1857850 116
1857860 116
1857870 116
1857880 116
1857890 116
1857900 116
1857910 116
1857920 117
1857930 117
1857940 117
1857950 117
1857960 117
1857970 117
1857980 117
1857990 116
1858000 116
1858010 116
1858020 117
1858030 117
1858040 117
1858050 117
1858060 117
1858070 117
1858080 117
1858090 117
1858100 117
1858110 116
1858120 116
1858130 116
1858140 116
1858150 116
1858160 116
1858170 117
1858180 116
1858190 116
1858200 116
1858210 116
1858220 116
1858230 116
1858240 116
1858250 116
1858260 116
1858270 116
1858280 116
1858290 116
1858300 116
1858310 116
1858320 116
1858330 116
1858340 116
1858350 116
1858360 116
1858370 116
1858380 116
1858390 116
1858400 116
1858410 116
1858420 116
1858430 116
1858440 116
1858450 116
1858460 116
1858470 116
1858480 116
1858490 116
1858500 116
1858510 116
1858520 116
1858530 116
1858540 116
1858550 116
1858560 116
1858570 116
1858580 116
1858590 116
1858600 116
1858610 116
1858620 116
1858630 116
1858640 116
1858650 116
1858660 116
1858670 116
1858680 116
1858690 116
1858700 116
1858710 116
1858720 116
1858730 116
1858740 116
1858750 116
1858760 116
1858770 116
1858780 116
1858790 116
1858800 116
1858810 116
1858820 116
1858830 116
1858840 116
1858850 116
1858860 116
1858870 116
1858880 116
1858890 116
1858900 116
1858910 116
1858920 116
1858930 116
1858940 116
1858950 116
1858960 116
1858970 116
1858980 116
1858990 116
1859000 116
1859010 116
1859020 116
1859030 116
1859040 116
1859050 117
1859060 117
1859070 117
1859080 117
1859090 117
1859100 117
1859110 117
1859120 117
1859130 117
1859140 117
1859150 117
1859160 116
1859170 116
1859180 116
1859190 116
1859200 116
1859210 116
1859220 116
1859230 116
1859240 116
1859250 116
1859260 116
1859270 116
1859280 116
1859290 116
1859300 116
1859310 116
1859320 116
1859330 116
1859340 115
1859350 115
1859360 115
1859370 115
1859380 115
1859390 115
1859400 115
1859410 115
1859420 115
1859430 115
1859440 115
1859450 115
1859460 115
1859470 115
1859480 115
1859490 115
1859500 115
1859510 115
1859520 115
1859530 115
1859540 115
1859550 115
1859560 115
1859570 115
1859580 115
1859590 115
1859600 115
1859610 115
1859620 115
1859630 115
1859640 115
1859650 115
1859660 115
1859670 115
1859680 115
1859690 115
1859700 115
1859710 115
1859720 115
1859730 115
1859740 115
1859750 115
1859760 115
1859770 115
1859780 115
1859790 115
1859800 115
1859810 115
1859820 115
1859830 115
1859840 115
1859850 115
1859860 115
1859870 115
1859880 115
1859890 115
1859900 115
1859910 115
1859920 115
1859930 115
1859940 115
1859950 115
1859960 115
1859970 115
1859980 115
1859990 115
