1840000 236
1840010 236
1840020 236
1840030 236
1840040 236
1840050 234
1840060 233
1840070 233
1840080 233
1840090 232
1840100 232
1840110 231
1840120 230
1840130 230
1840140 229
1840150 227
1840160 224
1840170 224
1840180 221
1840190 217
1840200 217
1840210 213
1840220 210
1840230 210
1840240 208
1840250 206
1840260 206
1840270 204
1840280 202
1840290 202
1840300 202
1840310 201
1840320 201
1840330 201
1840340 200
1840350 200
1840360 199
1840370 199
1840380 199
1840390 198
1840400 198
1840410 198
1840420 197
1840430 197
1840440 197
1840450 197
1840460 198
1840470 198
1840480 198
1840490 198
1840500 198
1840510 199
1840520 200
1840530 200
1840540 201
1840550 205
1840560 205
1840570 205
1840580 206
1840590 206
1840600 207
1840610 208
1840620 208
1840630 208
1840640 210
1840650 210
1840660 210
1840670 209
1840680 209
1840690 209
1840700 208
1840710 208
1840720 207
1840730 206
1840740 206
1840750 205
1840760 203
1840770 203
1840780 202
1840790 202
1840800 202
1840810 202
1840820 202
1840830 201
1840840 201
1840850 200
1840860 200
1840870 200
1840880 200
1840890 198
1840900 198
1840910 196
1840920 195
1840930 195
1840940 195
1840950 195
1840960 195
1840970 194
1840980 193
1840990 193
1841000 193
1841010 193
1841020 193
1841030 194
1841040 194
1841050 194
1841060 194
1841070 195
1841080 195
1841090 197
1841100 197
1841110 197
1841120 199
1841130 199
1841140 199
1841150 200
1841160 201
1841170 201
1841180 202
1841190 202
1841200 202
1841210 202
1841220 200
1841230 200
1841240 199
1841250 199
1841260 199
1841270 199
1841280 198
1841290 198
1841300 198
1841310 197
1841320 197
1841330 196
1841340 196
1841350 196
1841360 198
1841370 197
1841380 197
1841390 196
1841400 196
1841410 196
1841420 195
1841430 195
1841440 195
1841450 194
1841460 194
1841470 194
1841480 193
1841490 193
1841500 193
1841510 192
1841520 192
1841530 192
1841540 192
1841550 192
1841560 192
1841570 192
1841580 192
1841590 191
1841600 191
1841610 190
1841620 190
1841630 190
1841640 190
1841650 190
1841660 190
1841670 189
1841680 189
1841690 189
1841700 188
1841710 188
1841720 189
1841730 188
1841740 187
1841750 187
1841760 187
1841770 186
1841780 186
1841790 186
1841800 186
1841810 186
1841820 186
1841830 185
1841840 185
1841850 185
1841860 185
1841870 185
1841880 185
1841890 185
1841900 185
1841910 185
1841920 185
1841930 185
1841940 185
1841950 185
1841960 185
1841970 185
1841980 184
1841990 184
1842000 184
1842010 183
1842020 183
1842030 183
1842040 182
1842050 182
1842060 181
1842070 180
1842080 181
1842090 180
1842100 179
1842110 179
1842120 179
1842130 177
1842140 177
1842150 177
1842160 176
1842170 176
1842180 175
1842190 174
1842200 174
1842210 174
1842220 174
1842230 173
1842240 173
1842250 173
1842260 172
1842270 172
1842280 171
1842290 170
1842300 170
1842310 169
1842320 167
1842330 167
1842340 167
1842350 166
1842360 166
1842370 165
1842380 165
1842390 165
1842400 165
1842410 165
1842420 165
1842430 165
1842440 165
1842450 165
1842460 165
1842470 165
1842480 165
1842490 164
1842500 164
1842510 164
1842520 163
1842530 163
1842540 163
1842550 163
1842560 163
1842570 163
1842580 162
1842590 162
1842600 162
1842610 162
1842620 162
1842630 162
1842640 161
1842650 161
1842660 161
1842670 161
1842680 161
1842690 161
1842700 161
1842710 161
1842720 161
1842730 161
1842740 161
1842750 161
1842760 161
1842770 162
1842780 162
1842790 162
1842800 162
1842810 162
1842820 162
1842830 162
1842840 162
1842850 162
1842860 162
1842870 162
1842880 162
1842890 162
1842900 162
1842910 162
1842920 162
1842930 162
1842940 162
1842950 162
1842960 162
1842970 162
1842980 162
1842990 163
1843000 163
1843010 163
1843020 163
1843030 163
1843040 163
1843050 164
1843060 164
1843070 164
1843080 164
1843090 164
1843100 164
1843110 164
1843120 164
1843130 165
1843140 165
1843150 165
1843160 165
1843170 166
1843180 166
1843190 166
1843200 166
1843210 166
1843220 166
1843230 167
1843240 167
1843250 167
1843260 167
1843270 167
1843280 167
1843290 167
1843300 167
1843310 168
1843320 168
1843330 168
1843340 168
1843350 168
1843360 168
1843370 168
1843380 168
1843390 168
1843400 169
1843410 169
1843420 169
1843430 169
1843440 169
1843450 169
1843460 170
1843470 170
1843480 170
1843490 170
1843500 171
1843510 171
1843520 171
1843530 171
1843540 171
1843550 171
1843560 171
1843570 171
1843580 171
1843590 171
1843600 171
1843610 171
1843620 171
1843630 171
1843640 171
1843650 171
1843660 172
1843670 172
1843680 172
1843690 172
1843700 172
1843710 172
1843720 172
1843730 172
1843740 172
1843750 172
1843760 172
1843770 172
1843780 172
1843790 172
1843800 172
1843810 172
1843820 172
1843830 172
1843840 172
1843850 172
1843860 172
1843870 172
1843880 172
1843890 172
1843900 172
1843910 172
1843920 172
1843930 172
1843940 172
1843950 172
1843960 171
1843970 171
1843980 171
1843990 171
1844000 171
1844010 171
1844020 171
1844030 171
1844040 171
1844050 171
1844060 171
1844070 172
1844080 172
1844090 172
1844100 172
1844110 172
1844120 172
1844130 172
1844140 172
1844150 172
1844160 172
1844170 172
1844180 172
1844190 172
1844200 172
1844210 172
1844220 172
1844230 172
1844240 172
1844250 172
1844260 172
1844270 172
1844280 173
1844290 173
1844300 173
1844310 173
1844320 174
1844330 174
1844340 174
1844350 174
1844360 174
1844370 174
1844380 174
1844390 174
1844400 174
1844410 174
1844420 175
1844430 175
1844440 175
1844450 175
1844460 175
1844470 175
1844480 175
1844490 175
1844500 175
1844510 175
1844520 175
1844530 175
1844540 175
1844550 175
1844560 175
1844570 175
1844580 175
1844590 175
1844600 176
1844610 176
1844620 176
1844630 176
1844640 176
1844650 176
1844660 176
1844670 176
1844680 176
1844690 176
1844700 176
1844710 175
1844720 175
1844730 175
1844740 175
1844750 175
1844760 175
1844770 175
1844780 176
1844790 176
1844800 176
1844810 176
1844820 176
1844830 176
1844840 176
1844850 176
1844860 177
1844870 177
1844880 177
1844890 177
1844900 177
1844910 177
1844920 177
1844930 177
1844940 177
1844950 177
1844960 177
1844970 177
1844980 177
1844990 178
1845000 178
1845010 178
1845020 178
1845030 178
1845040 178
1845050 178
1845060 178
1845070 178
1845080 178
1845090 178
1845100 178
1845110 178
1845120 179
1845130 179
1845140 179
1845150 179
1845160 179
1845170 178
1845180 178
1845190 178
1845200 179
1845210 179
1845220 179
1845230 179
1845240 179
1845250 179
1845260 179
1845270 178
1845280 178
1845290 178
1845300 178
1845310 179
1845320 179
1845330 179
1845340 179
1845350 179
1845360 179
1845370 179
1845380 179
1845390 179
1845400 179
1845410 179
1845420 179
1845430 179
1845440 179
1845450 179
1845460 179
1845470 179
1845480 179
1845490 179
1845500 179
1845510 179
1845520 179
1845530 179
1845540 179
1845550 179
1845560 179
1845570 179
1845580 179
1845590 179
1845600 179
1845610 179
1845620 179
1845630 179
1845640 179
1845650 179
1845660 179
1845670 179
1845680 179
1845690 179
1845700 179
1845710 179
1845720 179
1845730 179
1845740 179
1845750 179
1845760 179
1845770 179
1845780 178
1845790 178
1845800 178
1845810 178
1845820 177
1845830 177
1845840 177
1845850 177
1845860 177
1845870 176
1845880 176
1845890 176
1845900 175
1845910 175
1845920 175
1845930 175
1845940 175
1845950 175
1845960 174
1845970 174
1845980 174
1845990 174
1846000 173
1846010 173
1846020 172
1846030 172
1846040 172
1846050 171
1846060 171
1846070 171
1846080 170
1846090 170
1846100 170
1846110 169
1846120 169
1846130 169
1846140 168
1846150 168
1846160 168
1846170 168
1846180 167
1846190 167
1846200 167
1846210 167
1846220 167
1846230 167
1846240 167
1846250 167
1846260 167
1846270 167
1846280 167
1846290 167
1846300 168
1846310 168
1846320 169
1846330 170
1846340 170
1846350 172
1846360 172
1846370 172
1846380 171
1846390 171
1846400 171
1846410 171
1846420 171
1846430 170
1846440 170
1846450 169
1846460 168
1846470 168
1846480 168
1846490 167
1846500 167
1846510 167
1846520 166
1846530 166
1846540 164
1846550 163
1846560 163
1846570 163
1846580 162
1846590 162
1846600 161
1846610 160
1846620 160
1846630 159
1846640 158
1846650 158
1846660 157
1846670 157
1846680 157
1846690 157
1846700 157
1846710 157
1846720 157
1846730 157
1846740 157
1846750 156
1846760 156
1846770 156
1846780 156
1846790 155
1846800 155
1846810 155
1846820 154
1846830 154
1846840 154
1846850 153
1846860 153
1846870 153
1846880 152
1846890 152
1846900 152
1846910 152
1846920 152
1846930 152
1846940 151
1846950 151
1846960 151
1846970 151
1846980 151
1846990 150
1847000 150
1847010 150
1847020 150
1847030 150
1847040 150
1847050 149
1847060 149
1847070 149
1847080 149
1847090 148
1847100 148
1847110 148
1847120 148
1847130 148
1847140 148
1847150 148
1847160 147
1847170 147
1847180 147
1847190 147
1847200 147
1847210 146
1847220 146
1847230 146
1847240 146
1847250 146
1847260 146
1847270 146
1847280 146
1847290 146
1847300 146
1847310 146
1847320 146
1847330 146
1847340 146
1847350 146
1847360 146
1847370 146
1847380 146
1847390 146
1847400 146
1847410 146
1847420 146
1847430 146
1847440 146
1847450 146
1847460 146
1847470 146
1847480 146
1847490 146
1847500 146
1847510 147
1847520 147
1847530 147
1847540 147
1847550 147
1847560 147
1847570 147
1847580 147
1847590 147
1847600 147
1847610 147
1847620 147
1847630 147
1847640 147
1847650 147
1847660 147
1847670 147
1847680 147
1847690 147
1847700 147
1847710 147
1847720 147
1847730 147
1847740 147
1847750 147
1847760 147
1847770 147
1847780 148
1847790 147
1847800 148
1847810 148
1847820 148
1847830 148
1847840 148
1847850 148
1847860 148
1847870 148
1847880 148
1847890 148
1847900 148
1847910 147
1847920 147
1847930 147
1847940 147
1847950 147
1847960 147
1847970 148
1847980 147
1847990 147
1848000 148
1848010 148
1848020 148
1848030 148
1848040 148
1848050 148
1848060 148
1848070 148
1848080 148
1848090 148
1848100 148
1848110 148
1848120 148
1848130 148
1848140 148
1848150 148
1848160 148
1848170 148
1848180 148
1848190 148
1848200 148
1848210 148
1848220 148
1848230 148
1848240 148
1848250 148
1848260 148
1848270 147
1848280 147
1848290 147
1848300 147
1848310 146
1848320 146
1848330 146
1848340 146
1848350 146
1848360 146
1848370 146
1848380 146
1848390 145
1848400 145
1848410 145
1848420 144
1848430 144
1848440 144
1848450 143
1848460 143
1848470 143
1848480 143
1848490 142
1848500 142
1848510 142
1848520 142
1848530 141
1848540 141
1848550 141
1848560 141
1848570 141
1848580 140
1848590 140
1848600 140
1848610 140
1848620 140
1848630 140
1848640 140
1848650 140
1848660 140
1848670 140
1848680 140
1848690 140
1848700 140
1848710 140
1848720 140
1848730 140
1848740 139
1848750 139
1848760 139
1848770 139
1848780 139
1848790 139
1848800 138
1848810 138
1848820 138
1848830 138
1848840 138
1848850 138
1848860 138
1848870 138
1848880 138
1848890 137
1848900 137
1848910 137
1848920 137
1848930 137
1848940 137
1848950 137
1848960 137
1848970 137
1848980 137
1848990 137
1849000 137
1849010 136
1849020 136
1849030 136
1849040 136
1849050 136
1849060 135
1849070 135
1849080 135
1849090 135
1849100 135
1849110 135
1849120 135
1849130 135
1849140 135
1849150 135
1849160 134
1849170 134
1849180 135
1849190 134
1849200 134
1849210 135
1849220 135
1849230 134
1849240 134
1849250 134
1849260 134
1849270 134
1849280 134
1849290 133
1849300 133
1849310 133
1849320 133
1849330 133
1849340 133
1849350 133
1849360 133
1849370 133
1849380 133
1849390 133
1849400 133
1849410 133
1849420 133
1849430 133
1849440 133
1849450 133
1849460 132
1849470 132
1849480 132
1849490 133
1849500 133
1849510 133
1849520 133
1849530 132
1849540 132
1849550 132
1849560 132
1849570 133
1849580 133
1849590 133
1849600 133
1849610 133
1849620 133
1849630 133
1849640 133
1849650 133
1849660 133
1849670 133
1849680 132
1849690 132
1849700 132
1849710 132
1849720 132
1849730 132
1849740 132
1849750 132
1849760 132
1849770 132
1849780 132
1849790 132
1849800 132
1849810 132
1849820 132
1849830 132
1849840 132
1849850 132
1849860 132
1849870 132
1849880 132
1849890 132
1849900 132
1849910 131
1849920 131
1849930 131
1849940 131
1849950 131
1849960 131
1849970 131
1849980 131
1849990 131
1850000 131
1850010 131
1850020 131
1850030 131
1850040 131
1850050 131
1850060 131
1850070 131
1850080 130
1850090 130
1850100 130
1850110 131
1850120 131
1850130 131
1850140 131
1850150 131
1850160 131
1850170 131
1850180 131
1850190 131
1850200 131
1850210 131
1850220 131
1850230 131
1850240 131
1850250 131
1850260 131
1850270 131
1850280 131
1850290 131
1850300 131
1850310 131
1850320 131
1850330 131
1850340 130
1850350 130
1850360 130
1850370 130
1850380 130
1850390 130
1850400 130
1850410 130
1850420 130
1850430 130
1850440 129
1850450 129
1850460 129
1850470 129
1850480 129
1850490 129
1850500 129
1850510 129
1850520 129
1850530 129
1850540 129
1850550 129
1850560 129
1850570 129
1850580 130
1850590 130
1850600 130
1850610 130
1850620 130
1850630 130
1850640 130
1850650 130
1850660 130
1850670 130
1850680 130
1850690 130
1850700 130
1850710 130
1850720 130
1850730 130
1850740 130
1850750 130
1850760 130
1850770 130
1850780 131
1850790 131
1850800 131
1850810 131
1850820 131
1850830 131
1850840 132
1850850 132
1850860 132
1850870 132
1850880 132
1850890 132
1850900 133
1850910 133
1850920 133
1850930 133
1850940 133
1850950 133
1850960 133
1850970 133
1850980 134
1850990 134
1851000 134
1851010 134
1851020 133
1851030 133
1851040 133
1851050 133
1851060 133
1851070 133
1851080 132
1851090 132
1851100 132
1851110 132
1851120 132
1851130 131
1851140 131
1851150 131
1851160 131
1851170 131
1851180 131
1851190 131
1851200 131
1851210 131
1851220 131
1851230 131
1851240 131
1851250 131
1851260 130
1851270 130
1851280 130
1851290 130
1851300 130
1851310 129
1851320 129
1851330 129
1851340 129
1851350 128
1851360 128
1851370 128
1851380 128
1851390 128
1851400 128
1851410 127
1851420 127
1851430 127
1851440 127
1851450 127
1851460 127
1851470 127
1851480 126
1851490 126
1851500 126
1851510 126
1851520 126
1851530 127
1851540 127
1851550 127
1851560 127
1851570 127
1851580 127
1851590 127
1851600 127
1851610 127
1851620 127
1851630 126
1851640 126
1851650 126
1851660 126
1851670 126
1851680 126
1851690 126
1851700 126
1851710 126
1851720 126
1851730 126
1851740 125
1851750 125
1851760 125
1851770 125
1851780 125
1851790 125
1851800 125
1851810 125
1851820 125
1851830 125
1851840 125
1851850 125
1851860 125
1851870 125
1851880 125
1851890 125
1851900 125
1851910 125
1851920 125
1851930 125
1851940 125
1851950 125
1851960 125
1851970 125
1851980 125
1851990 125
1852000 125
1852010 125
1852020 125
1852030 125
1852040 125
1852050 125
1852060 125
1852070 125
1852080 125
1852090 125
1852100 125
1852110 125
1852120 125
1852130 125
1852140 124
1852150 123
1852160 123
1852170 124
1852180 124
1852190 124
1852200 125
1852210 124
1852220 124
1852230 124
1852240 124
1852250 124
1852260 124
1852270 124
1852280 124
1852290 124
1852300 124
1852310 124
1852320 124
1852330 124
1852340 124
1852350 124
1852360 124
1852370 124
1852380 124
1852390 124
1852400 124
1852410 124
1852420 124
1852430 124
1852440 124
1852450 124
1852460 124
1852470 124
1852480 124
1852490 124
1852500 124
1852510 124
1852520 124
1852530 124
1852540 123
1852550 123
1852560 123
1852570 123
1852580 123
1852590 123
1852600 123
1852610 123
1852620 123
1852630 124
1852640 124
1852650 124
1852660 124
1852670 124
1852680 124
1852690 124
1852700 124
1852710 124
1852720 124
1852730 124
1852740 123
1852750 123
1852760 123
1852770 123
1852780 123
1852790 123
1852800 123
1852810 123
1852820 123
1852830 123
1852840 123
1852850 123
1852860 123
1852870 123
1852880 123
1852890 123
1852900 123
1852910 123
1852920 123
1852930 123
1852940 123
1852950 123
1852960 123
1852970 123
1852980 123
1852990 123
1853000 123
1853010 123
1853020 123
1853030 123
1853040 123
1853050 123
1853060 123
1853070 123
1853080 123
1853090 123
1853100 123
1853110 123
1853120 123
1853130 123
1853140 123
1853150 123
1853160 123
1853170 123
1853180 123
1853190 123
1853200 123
1853210 123
1853220 123
1853230 123
1853240 123
1853250 123
1853260 123
1853270 123
1853280 123
1853290 123
1853300 123
1853310 123
1853320 124
1853330 123
1853340 123
1853350 122
1853360 122
1853370 122
1853380 123
1853390 124
1853400 124
1853410 124
1853420 124
1853430 124
1853440 123
1853450 123
1853460 123
1853470 123
1853480 123
1853490 123
1853500 123
1853510 123
1853520 123
1853530 123
1853540 123
1853550 123
1853560 123
1853570 123
1853580 123
1853590 123
1853600 123
1853610 123
1853620 123
1853630 123
1853640 123
1853650 123
1853660 123
1853670 123
1853680 123
1853690 123
1853700 123
1853710 123
1853720 123
1853730 123
1853740 123
1853750 123
1853760 123
1853770 123
1853780 123
1853790 123
1853800 123
1853810 123
1853820 123
1853830 123
1853840 123
1853850 123
1853860 123
1853870 123
1853880 123
1853890 123
1853900 123
1853910 123
1853920 123
1853930 123
1853940 123
1853950 123
1853960 123
1853970 123
1853980 123
1853990 123
1854000 123
1854010 123
1854020 123
1854030 123
1854040 123
1854050 123
1854060 122
1854070 122
1854080 122
1854090 122
1854100 122
1854110 122
1854120 122
1854130 122
1854140 122
1854150 122
1854160 121
1854170 121
1854180 121
1854190 121
1854200 121
1854210 121
1854220 121
1854230 121
1854240 121
1854250 121
1854260 121
1854270 121
1854280 122
1854290 122
1854300 122
1854310 122
1854320 122
1854330 122
1854340 123
1854350 123
1854360 123
1854370 123
1854380 123
1854390 122
1854400 122
1854410 122
1854420 122
1854430 122
1854440 122
1854450 122
1854460 122
1854470 122
1854480 122
1854490 122
1854500 122
1854510 122
1854520 122
1854530 122
1854540 122
1854550 122
1854560 122
1854570 122
1854580 123
1854590 123
1854600 123
1854610 123
1854620 123
1854630 123
1854640 123
1854650 123
1854660 123
1854670 123
1854680 123
1854690 122
1854700 122
1854710 122
1854720 123
1854730 123
1854740 123
1854750 123
1854760 123
1854770 123
1854780 123
1854790 123
1854800 123
1854810 123
1854820 123
1854830 123
1854840 123
1854850 123
1854860 123
1854870 123
1854880 123
1854890 123
1854900 123
1854910 123
1854920 123
1854930 123
1854940 123
1854950 123
1854960 123
1854970 123
1854980 123
1854990 123
1855000 123
1855010 123
1855020 123
1855030 123
1855040 123
1855050 123
1855060 123
1855070 123
1855080 123
1855090 122
1855100 122
1855110 122
1855120 122
1855130 122
1855140 122
1855150 122
1855160 122
1855170 122
1855180 122
1855190 122
1855200 122
1855210 122
1855220 122
1855230 122
1855240 122
1855250 121
1855260 121
1855270 121
1855280 121
1855290 121
1855300 121
1855310 122
1855320 122
1855330 122
1855340 122
1855350 122
1855360 122
1855370 122
1855380 122
1855390 122
1855400 122
1855410 122
1855420 122
1855430 121
1855440 121
1855450 121
1855460 121
1855470 121
1855480 121
1855490 122
1855500 122
1855510 122
1855520 122
1855530 122
1855540 122
1855550 122
1855560 122
1855570 122
1855580 122
1855590 122
1855600 122
1855610 122
1855620 122
1855630 122
1855640 122
1855650 122
1855660 122
1855670 122
1855680 122
1855690 122
1855700 122
1855710 122
1855720 122
1855730 122
1855740 122
1855750 122
1855760 122
1855770 122
1855780 122
1855790 121
1855800 121
1855810 121
1855820 121
1855830 121
1855840 121
1855850 121
1855860 121
1855870 121
1855880 121
1855890 121
1855900 121
1855910 121
1855920 121
1855930 121
1855940 121
1855950 121
1855960 121
1855970 121
1855980 121
1855990 121
1856000 121
1856010 121
1856020 121
1856030 121
1856040 121
1856050 121
1856060 121
1856070 121
1856080 121
1856090 121
1856100 121
1856110 121
1856120 121
1856130 121
1856140 121
1856150 120
1856160 120
1856170 120
1856180 121
1856190 121
1856200 121
1856210 121
1856220 121
1856230 121
1856240 121
1856250 121
1856260 121
1856270 121
1856280 121
1856290 120
1856300 120
1856310 120
1856320 120
1856330 120
1856340 120
1856350 120
1856360 120
1856370 120
1856380 120
1856390 120
1856400 120
1856410 120
1856420 120
1856430 120
1856440 120
1856450 120
1856460 120
1856470 120
1856480 120
1856490 120
1856500 120
1856510 120
1856520 120
1856530 121
1856540 121
1856550 121
1856560 121
1856570 121
1856580 121
1856590 121
1856600 121
1856610 121
1856620 121
1856630 121
1856640 121
1856650 121
1856660 121
1856670 121
1856680 121
1856690 121
1856700 121
1856710 121
1856720 121
1856730 120
1856740 120
1856750 120
1856760 120
1856770 120
1856780 120
1856790 119
1856800 119
1856810 119
1856820 119
1856830 119
1856840 119
1856850 118
1856860 118
1856870 118
1856880 118
1856890 118
1856900 118
1856910 118
1856920 118
1856930 118
1856940 118
1856950 118
1856960 118
1856970 117
1856980 117
1856990 117
1857000 117
1857010 117
1857020 117
1857030 117
1857040 117
1857050 117
1857060 117
1857070 117
1857080 117
1857090 117
1857100 117
1857110 117
1857120 117
1857130 117
1857140 117
1857150 117
1857160 117
1857170 117
1857180 117
1857190 117
1857200 117
1857210 117
1857220 117
1857230 117
1857240 117
1857250 117
1857260 117
1857270 117
1857280 117
1857290 117
1857300 117
1857310 117
1857320 117
1857330 117
1857340 117
1857350 117
1857360 117
1857370 117
1857380 117
1857390 117
1857400 117
1857410 117
1857420 117
1857430 117
1857440 117
1857450 117
1857460 117
1857470 117
1857480 117
1857490 117
1857500 117
1857510 117
1857520 117
1857530 117
1857540 117
1857550 117
1857560 117
1857570 117
1857580 117
1857590 117
1857600 117
1857610 117
1857620 117
1857630 117
1857640 117
1857650 117
1857660 117
1857670 117
1857680 117
1857690 117
1857700 117
1857710 117
1857720 117
1857730 117
1857740 116
1857750 116
1857760 116
1857770 116
1857780 116
1857790 116
1857800 116
1857810 116
1857820 116
1857830 116
1857840 116
1857850 116
1857860 116
1857870 116
1857880 116
1857890 116
1857900 116
1857910 116
1857920 116
1857930 116
1857940 117
1857950 116
1857960 116
1857970 116
1857980 116
1857990 116
1858000 116
1858010 116
1858020 116
1858030 116
1858040 116
1858050 116
1858060 116
1858070 116
1858080 116
1858090 116
1858100 116
1858110 116
1858120 116
1858130 116
1858140 116
1858150 116
1858160 116
1858170 116
1858180 116
1858190 116
1858200 116
1858210 116
1858220 116
1858230 116
1858240 116
1858250 116
1858260 116
1858270 116
1858280 116
1858290 116
1858300 116
1858310 116
1858320 116
1858330 116
1858340 116
1858350 116
1858360 116
1858370 116
1858380 116
1858390 116
1858400 116
1858410 116
1858420 116
1858430 116
1858440 116
1858450 116
1858460 116
1858470 116
1858480 116
1858490 116
1858500 116
1858510 116
1858520 116
1858530 116
1858540 116
1858550 116
1858560 116
1858570 116
1858580 116
1858590 116
1858600 116
1858610 116
1858620 116
1858630 116
1858640 116
1858650 116
1858660 116
1858670 116
1858680 116
1858690 116
1858700 116
1858710 116
1858720 116
1858730 116
1858740 117
1858750 117
1858760 117
1858770 117
1858780 116
1858790 116
1858800 116
1858810 117
1858820 117
1858830 117
1858840 117
1858850 117
1858860 116
1858870 116
1858880 116
1858890 116
1858900 116
1858910 116
1858920 116
1858930 116
1858940 116
1858950 116
1858960 116
1858970 116
1858980 115
1858990 115
1859000 115
1859010 115
1859020 115
1859030 115
1859040 115
1859050 115
1859060 115
1859070 115
1859080 115
1859090 115
1859100 115
1859110 115
1859120 115
1859130 115
1859140 115
1859150 115
1859160 115
1859170 115
1859180 115
1859190 115
1859200 115
1859210 115
1859220 115
1859230 115
1859240 115
1859250 115
1859260 115
1859270 115
1859280 115
1859290 115
1859300 115
1859310 115
1859320 115
1859330 115
1859340 115
1859350 115
1859360 115
1859370 115
1859380 115
1859390 115
1859400 115
1859410 115
1859420 115
1859430 115
1859440 115
1859450 115
1859460 115
1859470 115
1859480 115
1859490 115
1859500 115
1859510 115
1859520 115
1859530 115
1859540 115
1859550 115
1859560 115
1859570 115
1859580 115
1859590 115
1859600 115
1859610 115
1859620 115
1859630 115
1859640 115
1859650 115
1859660 115
1859670 115
1859680 115
1859690 115
1859700 115
1859710 115
1859720 115
1859730 115
1859740 115
1859750 115
1859760 115
1859770 115
1859780 115
1859790 115
1859800 115
1859810 115
1859820 115
1859830 115
1859840 115
1859850 115
1859860 115
1859870 115
1859880 115
1859890 115
1859900 115
1859910 115
1859920 115
1859930 115
1859940 115
1859950 115
1859960 115
1859970 115
1859980 115
1859990 115
