1840000 212
1840010 211
1840020 211
1840030 210
1840040 209
1840050 209
1840060 208
1840070 208
1840080 208
1840090 208
1840100 207
1840110 207
1840120 207
1840130 206
1840140 206
1840150 206
1840160 206
1840170 206
1840180 205
1840190 204
1840200 203
1840210 203
1840220 203
1840230 205
1840240 205
1840250 206
1840260 209
1840270 209
1840280 209
1840290 210
1840300 210
1840310 210
1840320 212
1840330 212
1840340 213
1840350 213
1840360 213
1840370 215
1840380 216
1840390 216
1840400 218
1840410 218
1840420 218
1840430 219
1840440 220
1840450 220
1840460 222
1840470 225
1840480 225
1840490 227
1840500 229
1840510 229
1840520 231
1840530 233
1840540 233
1840550 235
1840560 239
1840570 239
1840580 240
1840590 241
1840600 241
1840610 242
1840620 243
1840630 243
1840640 243
1840650 243
1840660 243
1840670 243
1840680 244
1840690 244
1840700 243
1840710 242
1840720 242
1840730 244
1840740 244
1840750 244
1840760 243
1840770 243
1840780 243
1840790 241
1840800 238
1840810 238
1840820 228
1840830 220
1840840 220
1840850 218
1840860 218
1840870 218
1840880 218
1840890 218
1840900 216
1840910 216
1840920 216
1840930 214
1840940 214
1840950 210
1840960 207
1840970 207
1840980 206
1840990 206
1841000 206
1841010 202
1841020 200
1841030 200
1841040 200
1841050 200
1841060 200
1841070 201
1841080 205
1841090 205
1841100 211
1841110 214
1841120 214
1841130 218
1841140 219
1841150 219
1841160 221
1841170 222
1841180 222
1841190 224
1841200 229
1841210 229
1841220 230
1841230 232
1841240 232
1841250 231
1841260 240
1841270 240
1841280 242
1841290 241
1841300 241
1841310 240
1841320 239
1841330 239
1841340 238
1841350 236
1841360 236
1841370 236
1841380 234
1841390 234
1841400 233
1841410 231
1841420 231
1841430 229
1841440 228
1841450 228
1841460 229
1841470 228
1841480 228
1841490 226
1841500 225
1841510 225
1841520 224
1841530 222
1841540 222
1841550 220
1841560 218
1841570 218
1841580 217
1841590 216
1841600 217
1841610 217
1841620 215
1841630 215
1841640 215
1841650 214
1841660 212
1841670 212
1841680 210
1841690 209
1841700 209
1841710 207
1841720 206
1841730 206
1841740 205
1841750 205
1841760 205
1841770 205
1841780 203
1841790 203
1841800 200
1841810 199
1841820 202
1841830 200
1841840 200
1841850 200
1841860 200
1841870 199
1841880 199
1841890 199
1841900 199
1841910 199
1841920 199
1841930 199
1841940 199
1841950 199
1841960 200
1841970 200
1841980 201
1841990 201
1842000 201
1842010 201
1842020 200
1842030 200
1842040 200
1842050 200
1842060 200
1842070 200
1842080 200
1842090 200
1842100 198
1842110 197
1842120 197
1842130 197
1842140 196
1842150 196
1842160 195
1842170 193
1842180 195
1842190 194
1842200 192
1842210 192
1842220 191
1842230 189
1842240 189
1842250 188
1842260 187
1842270 187
1842280 186
1842290 185
1842300 186
1842310 186
1842320 185
1842330 181
1842340 181
1842350 180
1842360 179
1842370 179
1842380 178
1842390 178
1842400 178
1842410 177
1842420 176
1842430 176
1842440 175
1842450 174
1842460 174
1842470 173
1842480 173
1842490 173
1842500 172
1842510 171
1842520 171
1842530 171
1842540 171
1842550 171
1842560 171
1842570 171
1842580 171
1842590 171
1842600 171
1842610 171
1842620 171
1842630 170
1842640 170
1842650 170
1842660 170
1842670 170
1842680 170
1842690 170
1842700 170
1842710 169
1842720 168
1842730 168
1842740 167
1842750 168
1842760 168
1842770 168
1842780 168
1842790 168
1842800 168
1842810 167
1842820 167
1842830 167
1842840 167
1842850 167
1842860 166
1842870 166
1842880 166
1842890 165
1842900 165
1842910 165
1842920 166
1842930 167
1842940 167
1842950 167
1842960 168
1842970 168
1842980 169
1842990 169
1843000 169
1843010 169
1843020 170
1843030 170
1843040 170
1843050 170
1843060 170
1843070 170
1843080 171
1843090 171
1843100 171
1843110 171
1843120 171
1843130 171
1843140 172
1843150 172
1843160 172
1843170 172
1843180 172
1843190 172
1843200 172
1843210 172
1843220 172
1843230 172
1843240 172
1843250 172
1843260 173
1843270 173
1843280 173
1843290 174
1843300 174
1843310 174
1843320 174
1843330 175
1843340 175
1843350 175
1843360 175
1843370 175
1843380 175
1843390 175
1843400 175
1843410 176
1843420 176
1843430 176
1843440 176
1843450 177
1843460 177
1843470 177
1843480 177
1843490 177
1843500 177
1843510 178
1843520 178
1843530 178
1843540 178
1843550 178
1843560 179
1843570 178
1843580 178
1843590 178
1843600 178
1843610 179
1843620 179
1843630 179
1843640 179
1843650 179
1843660 179
1843670 179
1843680 180
1843690 180
1843700 180
1843710 180
1843720 180
1843730 180
1843740 180
1843750 179
1843760 179
1843770 179
1843780 179
1843790 178
1843800 178
1843810 178
1843820 177
1843830 177
1843840 177
1843850 177
1843860 177
1843870 177
1843880 177
1843890 177
1843900 177
1843910 177
1843920 177
1843930 177
1843940 177
1843950 177
1843960 177
1843970 178
1843980 178
1843990 177
1844000 178
1844010 178
1844020 178
1844030 178
1844040 178
1844050 178
1844060 178
1844070 178
1844080 178
1844090 178
1844100 178
1844110 178
1844120 178
1844130 178
1844140 179
1844150 179
1844160 179
1844170 179
1844180 179
1844190 179
1844200 179
1844210 179
1844220 179
1844230 179
1844240 179
1844250 179
1844260 179
1844270 178
1844280 178
1844290 179
1844300 179
1844310 179
1844320 179
1844330 179
1844340 179
1844350 179
1844360 179
1844370 179
1844380 179
1844390 179
1844400 180
1844410 180
1844420 180
1844430 180
1844440 180
1844450 180
1844460 180
1844470 180
1844480 180
1844490 180
1844500 180
1844510 180
1844520 181
1844530 181
1844540 181
1844550 181
1844560 181
1844570 180
1844580 180
1844590 180
1844600 180
1844610 180
1844620 180
1844630 180
1844640 180
1844650 180
1844660 180
1844670 180
1844680 180
1844690 180
1844700 180
1844710 180
1844720 180
1844730 180
1844740 180
1844750 181
1844760 181
1844770 181
1844780 180
1844790 181
1844800 181
1844810 181
1844820 181
1844830 181
1844840 181
1844850 181
1844860 181
1844870 182
1844880 182
1844890 182
1844900 182
1844910 182
1844920 182
1844930 182
1844940 182
1844950 182
1844960 182
1844970 182
1844980 182
1844990 182
1845000 182
1845010 182
1845020 182
1845030 182
1845040 182
1845050 183
1845060 183
1845070 183
1845080 183
1845090 183
1845100 183
1845110 183
1845120 183
1845130 183
1845140 183
1845150 183
1845160 183
1845170 183
1845180 184
1845190 184
1845200 184
1845210 184
1845220 184
1845230 184
1845240 184
1845250 184
1845260 184
1845270 183
1845280 183
1845290 183
1845300 183
1845310 183
1845320 183
1845330 183
1845340 183
1845350 183
1845360 183
1845370 183
1845380 183
1845390 183
1845400 184
1845410 184
1845420 184
1845430 183
1845440 183
1845450 183
1845460 183
1845470 183
1845480 183
1845490 183
1845500 183
1845510 183
1845520 183
1845530 183
1845540 183
1845550 183
1845560 183
1845570 183
1845580 183
1845590 183
1845600 183
1845610 183
1845620 183
1845630 183
1845640 183
1845650 183
1845660 183
1845670 183
1845680 183
1845690 183
1845700 183
1845710 183
1845720 183
1845730 183
1845740 183
1845750 182
1845760 182
1845770 182
1845780 181
1845790 181
1845800 180
1845810 180
1845820 180
1845830 179
1845840 179
1845850 179
1845860 178
1845870 178
1845880 178
1845890 177
1845900 177
1845910 177
1845920 177
1845930 177
1845940 176
1845950 176
1845960 176
1845970 176
1845980 175
1845990 175
1846000 174
1846010 174
1846020 174
1846030 174
1846040 174
1846050 174
1846060 173
1846070 173
1846080 173
1846090 173
1846100 173
1846110 173
1846120 173
1846130 173
1846140 173
1846150 173
1846160 173
1846170 173
1846180 172
1846190 172
1846200 172
1846210 172
1846220 172
1846230 172
1846240 172
1846250 171
1846260 171
1846270 171
1846280 171
1846290 171
1846300 171
1846310 170
1846320 170
1846330 170
1846340 169
1846350 169
1846360 169
1846370 168
1846380 168
1846390 167
1846400 167
1846410 167
1846420 166
1846430 165
1846440 165
1846450 165
1846460 164
1846470 164
1846480 163
1846490 163
1846500 162
1846510 162
1846520 162
1846530 162
1846540 162
1846550 162
1846560 161
1846570 161
1846580 161
1846590 161
1846600 161
1846610 161
1846620 160
1846630 160
1846640 160
1846650 159
1846660 159
1846670 159
1846680 159
1846690 159
1846700 158
1846710 158
1846720 158
1846730 158
1846740 158
1846750 158
1846760 158
1846770 157
1846780 157
1846790 157
1846800 157
1846810 157
1846820 157
1846830 158
1846840 158
1846850 158
1846860 158
1846870 158
1846880 158
1846890 157
1846900 157
1846910 157
1846920 156
1846930 156
1846940 156
1846950 156
1846960 156
1846970 156
1846980 155
1846990 155
1847000 155
1847010 154
1847020 154
1847030 154
1847040 153
1847050 153
1847060 153
1847070 152
1847080 152
1847090 152
1847100 151
1847110 151
1847120 151
1847130 150
1847140 150
1847150 150
1847160 149
1847170 149
1847180 149
1847190 149
1847200 149
1847210 149
1847220 149
1847230 148
1847240 148
1847250 148
1847260 148
1847270 148
1847280 148
1847290 148
1847300 148
1847310 147
1847320 147
1847330 147
1847340 147
1847350 147
1847360 147
1847370 148
1847380 148
1847390 148
1847400 148
1847410 148
1847420 148
1847430 148
1847440 148
1847450 148
1847460 149
1847470 149
1847480 149
1847490 149
1847500 149
1847510 149
1847520 149
1847530 149
1847540 150
1847550 150
1847560 150
1847570 150
1847580 150
1847590 150
1847600 150
1847610 150
1847620 150
1847630 150
1847640 150
1847650 151
1847660 151
1847670 151
1847680 151
1847690 151
1847700 151
1847710 151
1847720 151
1847730 151
1847740 151
1847750 151
1847760 152
1847770 152
1847780 152
1847790 152
1847800 152
1847810 152
1847820 151
1847830 151
1847840 151
1847850 151
1847860 151
1847870 151
1847880 151
1847890 151
1847900 151
1847910 151
1847920 151
1847930 152
1847940 152
1847950 152
1847960 152
1847970 152
1847980 152
1847990 152
1848000 152
1848010 152
1848020 152
1848030 152
1848040 151
1848050 151
1848060 151
1848070 151
1848080 151
1848090 151
1848100 151
1848110 151
1848120 151
1848130 152
1848140 151
1848150 151
1848160 151
1848170 151
1848180 151
1848190 151
1848200 151
1848210 151
1848220 151
1848230 150
1848240 150
1848250 150
1848260 150
1848270 150
1848280 150
1848290 150
1848300 150
1848310 150
1848320 150
1848330 150
1848340 149
1848350 149
1848360 149
1848370 149
1848380 148
1848390 148
1848400 148
1848410 148
1848420 148
1848430 148
1848440 148
1848450 148
1848460 148
1848470 148
1848480 148
1848490 148
1848500 148
1848510 148
1848520 149
1848530 149
1848540 149
1848550 149
1848560 148
1848570 148
1848580 148
1848590 148
1848600 148
1848610 148
1848620 148
1848630 148
1848640 148
1848650 148
1848660 147
1848670 147
1848680 147
1848690 147
1848700 147
1848710 147
1848720 147
1848730 147
1848740 146
1848750 146
1848760 146
1848770 145
1848780 145
1848790 145
1848800 145
1848810 145
1848820 145
1848830 144
1848840 144
1848850 144
1848860 144
1848870 143
1848880 143
1848890 143
1848900 143
1848910 143
1848920 142
1848930 142
1848940 142
1848950 142
1848960 141
1848970 141
1848980 141
1848990 141
1849000 141
1849010 140
1849020 140
1849030 140
1849040 140
1849050 140
1849060 140
1849070 139
1849080 139
1849090 139
1849100 139
1849110 139
1849120 139
1849130 139
1849140 139
1849150 139
1849160 138
1849170 138
1849180 138
1849190 138
1849200 138
1849210 138
1849220 137
1849230 137
1849240 137
1849250 136
1849260 136
1849270 136
1849280 136
1849290 136
1849300 136
1849310 136
1849320 136
1849330 136
1849340 136
1849350 136
1849360 136
1849370 136
1849380 136
1849390 136
1849400 136
1849410 136
1849420 136
1849430 136
1849440 136
1849450 136
1849460 136
1849470 136
1849480 136
1849490 136
1849500 136
1849510 136
1849520 136
1849530 136
1849540 136
1849550 136
1849560 136
1849570 136
1849580 136
1849590 135
1849600 135
1849610 135
1849620 135
1849630 135
1849640 135
1849650 135
1849660 135
1849670 135
1849680 135
1849690 135
1849700 135
1849710 135
1849720 135
1849730 135
1849740 135
1849750 135
1849760 135
1849770 135
1849780 135
1849790 135
1849800 135
1849810 135
1849820 135
1849830 135
1849840 135
1849850 135
1849860 135
1849870 135
1849880 135
1849890 135
1849900 135
1849910 135
1849920 135
1849930 135
1849940 135
1849950 135
1849960 135
1849970 135
1849980 135
1849990 135
1850000 135
1850010 135
1850020 135
1850030 134
1850040 134
1850050 134
1850060 134
1850070 134
1850080 134
1850090 134
1850100 134
1850110 134
1850120 134
1850130 134
1850140 134
1850150 133
1850160 133
1850170 134
1850180 133
1850190 133
1850200 133
1850210 133
1850220 133
1850230 133
1850240 133
1850250 133
1850260 132
1850270 132
1850280 132
1850290 132
1850300 132
1850310 132
1850320 132
1850330 131
1850340 131
1850350 131
1850360 131
1850370 131
1850380 131
1850390 130
1850400 130
1850410 130
1850420 130
1850430 130
1850440 130
1850450 130
1850460 130
1850470 130
1850480 130
1850490 130
1850500 130
1850510 130
1850520 130
1850530 130
1850540 130
1850550 130
1850560 130
1850570 130
1850580 130
1850590 130
1850600 130
1850610 130
1850620 130
1850630 130
1850640 130
1850650 130
1850660 130
1850670 130
1850680 130
1850690 130
1850700 130
1850710 130
1850720 131
1850730 131
1850740 131
1850750 131
1850760 132
1850770 132
1850780 132
1850790 133
1850800 133
1850810 133
1850820 134
1850830 134
1850840 134
1850850 135
1850860 135
1850870 135
1850880 135
1850890 135
1850900 134
1850910 135
1850920 135
1850930 136
1850940 137
1850950 137
1850960 138
1850970 138
1850980 138
1850990 138
1851000 139
1851010 139
1851020 140
1851030 139
1851040 139
1851050 138
1851060 138
1851070 138
1851080 138
1851090 138
1851100 138
1851110 137
1851120 136
1851130 136
1851140 135
1851150 135
1851160 135
1851170 134
1851180 133
1851190 133
1851200 133
1851210 132
1851220 132
1851230 132
1851240 131
1851250 131
1851260 130
1851270 130
1851280 130
1851290 129
1851300 129
1851310 129
1851320 128
1851330 128
1851340 128
1851350 128
1851360 127
1851370 127
1851380 127
1851390 127
1851400 127
1851410 127
1851420 127
1851430 127
1851440 127
1851450 127
1851460 127
1851470 127
1851480 127
1851490 127
1851500 127
1851510 127
1851520 126
1851530 126
1851540 126
1851550 126
1851560 126
1851570 126
1851580 126
1851590 126
1851600 126
1851610 126
1851620 126
1851630 126
1851640 126
1851650 126
1851660 126
1851670 125
1851680 125
1851690 125
1851700 125
1851710 125
1851720 125
1851730 125
1851740 125
1851750 125
1851760 125
1851770 125
1851780 125
1851790 125
1851800 125
1851810 125
1851820 125
1851830 125
1851840 125
1851850 125
1851860 125
1851870 125
1851880 125
1851890 125
1851900 125
1851910 125
1851920 125
1851930 125
1851940 125
1851950 125
1851960 125
1851970 125
1851980 125
1851990 126
1852000 126
1852010 126
1852020 126
1852030 125
1852040 125
1852050 124
1852060 124
1852070 124
1852080 124
1852090 124
1852100 124
1852110 124
1852120 124
1852130 124
1852140 124
1852150 124
1852160 124
1852170 124
1852180 124
1852190 124
1852200 124
1852210 124
1852220 124
1852230 124
1852240 124
1852250 124
1852260 124
1852270 124
1852280 124
1852290 124
1852300 124
1852310 124
1852320 124
1852330 124
1852340 124
1852350 124
1852360 124
1852370 124
1852380 124
1852390 124
1852400 124
1852410 124
1852420 124
1852430 124
1852440 124
1852450 123
1852460 123
1852470 123
1852480 123
1852490 123
1852500 123
1852510 123
1852520 123
1852530 123
1852540 123
1852550 123
1852560 123
1852570 123
1852580 123
1852590 123
1852600 123
1852610 123
1852620 123
1852630 123
1852640 123
1852650 123
1852660 123
1852670 123
1852680 123
1852690 122
1852700 123
1852710 123
1852720 123
1852730 123
1852740 123
1852750 123
1852760 123
1852770 123
1852780 123
1852790 123
1852800 123
1852810 123
1852820 123
1852830 123
1852840 123
1852850 123
1852860 123
1852870 123
1852880 123
1852890 123
1852900 123
1852910 123
1852920 123
1852930 123
1852940 123
1852950 123
1852960 123
1852970 123
1852980 123
1852990 123
1853000 123
1853010 123
1853020 123
1853030 123
1853040 123
1853050 123
1853060 123
1853070 123
1853080 123
1853090 123
1853100 123
1853110 123
1853120 123
1853130 123
1853140 123
1853150 123
1853160 123
1853170 122
1853180 122
1853190 123
1853200 123
1853210 122
1853220 122
1853230 122
1853240 123
1853250 123
1853260 123
1853270 124
1853280 124
1853290 124
1853300 124
1853310 124
1853320 124
1853330 124
1853340 124
1853350 124
1853360 124
1853370 124
1853380 124
1853390 124
1853400 124
1853410 124
1853420 123
1853430 123
1853440 123
1853450 123
1853460 123
1853470 123
1853480 123
1853490 123
1853500 123
1853510 123
1853520 123
1853530 123
1853540 123
1853550 123
1853560 123
1853570 123
1853580 123
1853590 123
1853600 123
1853610 123
1853620 122
1853630 122
1853640 121
1853650 122
1853660 122
1853670 123
1853680 123
1853690 123
1853700 123
1853710 123
1853720 123
1853730 123
1853740 123
1853750 123
1853760 123
1853770 123
1853780 123
1853790 122
1853800 122
1853810 122
1853820 122
1853830 123
1853840 123
1853850 123
1853860 123
1853870 123
1853880 123
1853890 123
1853900 123
1853910 123
1853920 123
1853930 123
1853940 123
1853950 123
1853960 123
1853970 123
1853980 123
1853990 123
1854000 124
1854010 124
1854020 124
1854030 123
1854040 123
1854050 123
1854060 123
1854070 123
1854080 123
1854090 123
1854100 123
1854110 123
1854120 123
1854130 123
1854140 123
1854150 123
1854160 123
1854170 123
1854180 123
1854190 123
1854200 123
1854210 123
1854220 123
1854230 123
1854240 123
1854250 123
1854260 123
1854270 123
1854280 123
1854290 122
1854300 122
1854310 122
1854320 122
1854330 122
1854340 122
1854350 122
1854360 122
1854370 122
1854380 122
1854390 122
1854400 122
1854410 122
1854420 122
1854430 122
1854440 122
1854450 122
1854460 122
1854470 123
1854480 123
1854490 122
1854500 123
1854510 123
1854520 123
1854530 122
1854540 122
1854550 122
1854560 123
1854570 122
1854580 122
1854590 122
1854600 122
1854610 122
1854620 122
1854630 122
1854640 122
1854650 122
1854660 122
1854670 122
1854680 122
1854690 122
1854700 122
1854710 122
1854720 122
1854730 122
1854740 122
1854750 122
1854760 122
1854770 122
1854780 122
1854790 122
1854800 121
1854810 121
1854820 121
1854830 121
1854840 121
1854850 121
1854860 121
1854870 121
1854880 122
1854890 122
1854900 122
1854910 121
1854920 121
1854930 121
1854940 121
1854950 121
1854960 121
1854970 122
1854980 122
1854990 122
1855000 122
1855010 122
1855020 122
1855030 122
1855040 122
1855050 122
1855060 122
1855070 122
1855080 122
1855090 122
1855100 122
1855110 122
1855120 122
1855130 122
1855140 122
1855150 122
1855160 122
1855170 122
1855180 122
1855190 122
1855200 122
1855210 122
1855220 122
1855230 122
1855240 122
1855250 122
1855260 122
1855270 122
1855280 121
1855290 121
1855300 121
1855310 121
1855320 121
1855330 121
1855340 121
1855350 121
1855360 121
1855370 121
1855380 121
1855390 121
1855400 121
1855410 121
1855420 121
1855430 121
1855440 121
1855450 121
1855460 121
1855470 121
1855480 121
1855490 121
1855500 122
1855510 122
1855520 122
1855530 122
1855540 122
1855550 122
1855560 122
1855570 122
1855580 122
1855590 122
1855600 122
1855610 122
1855620 122
1855630 122
1855640 122
1855650 122
1855660 122
1855670 122
1855680 122
1855690 122
1855700 122
1855710 122
1855720 122
1855730 122
1855740 122
1855750 122
1855760 122
1855770 122
1855780 122
1855790 122
1855800 121
1855810 121
1855820 121
1855830 121
1855840 121
1855850 121
1855860 121
1855870 121
1855880 121
1855890 121
1855900 121
1855910 121
1855920 121
1855930 121
1855940 121
1855950 121
1855960 121
1855970 121
1855980 121
1855990 121
1856000 121
1856010 121
1856020 121
1856030 121
1856040 121
1856050 121
1856060 121
1856070 121
1856080 121
1856090 121
1856100 121
1856110 121
1856120 121
1856130 121
1856140 121
1856150 121
1856160 121
1856170 121
1856180 121
1856190 121
1856200 121
1856210 121
1856220 121
1856230 121
1856240 121
1856250 121
1856260 121
1856270 121
1856280 121
1856290 121
1856300 121
1856310 121
1856320 121
1856330 121
1856340 121
1856350 121
1856360 121
1856370 121
1856380 121
1856390 120
1856400 120
1856410 120
1856420 120
1856430 120
1856440 120
1856450 120
1856460 120
1856470 120
1856480 119
1856490 119
1856500 119
1856510 119
1856520 119
1856530 118
1856540 118
1856550 118
1856560 118
1856570 119
1856580 119
1856590 118
1856600 118
1856610 118
1856620 118
1856630 118
1856640 118
1856650 118
1856660 118
1856670 118
1856680 118
1856690 117
1856700 117
1856710 117
1856720 117
1856730 117
1856740 117
1856750 118
1856760 118
1856770 118
1856780 117
1856790 117
1856800 117
1856810 117
1856820 117
1856830 117
1856840 117
1856850 117
1856860 117
1856870 117
1856880 117
1856890 117
1856900 117
1856910 117
1856920 117
1856930 117
1856940 117
1856950 117
1856960 117
1856970 117
1856980 117
1856990 117
1857000 117
1857010 118
1857020 118
1857030 118
1857040 117
1857050 117
1857060 117
1857070 117
1857080 117
1857090 117
1857100 117
1857110 117
1857120 117
1857130 117
1857140 117
1857150 117
1857160 117
1857170 117
1857180 117
1857190 117
1857200 117
1857210 117
1857220 117
1857230 117
1857240 117
1857250 117
1857260 117
1857270 117
1857280 117
1857290 117
1857300 117
1857310 117
1857320 117
1857330 117
1857340 117
1857350 117
1857360 117
1857370 117
1857380 116
1857390 116
1857400 116
1857410 116
1857420 116
1857430 116
1857440 116
1857450 116
1857460 116
1857470 116
1857480 116
1857490 116
1857500 116
1857510 116
1857520 116
1857530 116
1857540 116
1857550 116
1857560 116
1857570 116
1857580 116
1857590 116
1857600 116
1857610 116
1857620 116
1857630 116
1857640 116
1857650 116
1857660 116
1857670 116
1857680 116
1857690 116
1857700 116
1857710 116
1857720 116
1857730 116
1857740 116
1857750 116
1857760 116
1857770 116
1857780 116
1857790 116
1857800 116
1857810 116
1857820 116
1857830 116
1857840 116
1857850 116
1857860 116
1857870 116
1857880 116
1857890 116
1857900 116
1857910 116
1857920 116
1857930 116
1857940 116
1857950 116
1857960 116
1857970 116
1857980 116
1857990 116
1858000 116
1858010 116
1858020 116
1858030 116
1858040 116
1858050 116
1858060 116
1858070 116
1858080 116
1858090 116
1858100 116
1858110 116
1858120 116
1858130 116
1858140 116
1858150 116
1858160 116
1858170 116
1858180 116
1858190 116
1858200 116
1858210 116
1858220 116
1858230 116
1858240 116
1858250 116
1858260 116
1858270 116
1858280 116
1858290 116
1858300 116
1858310 116
1858320 116
1858330 116
1858340 116
1858350 116
1858360 116
1858370 116
1858380 116
1858390 116
1858400 116
1858410 116
1858420 116
1858430 116
1858440 116
1858450 116
1858460 116
1858470 116
1858480 116
1858490 116
1858500 116
1858510 116
1858520 116
1858530 116
1858540 116
1858550 116
1858560 116
1858570 116
1858580 116
1858590 116
1858600 116
1858610 116
1858620 116
1858630 116
1858640 116
1858650 116
1858660 116
1858670 116
1858680 116
1858690 116
1858700 116
1858710 116
1858720 116
1858730 116
1858740 116
1858750 117
1858760 117
1858770 117
1858780 116
1858790 116
1858800 116
1858810 116
1858820 116
1858830 116
1858840 116
1858850 116
1858860 116
1858870 116
1858880 116
1858890 116
1858900 116
1858910 115
1858920 115
1858930 115
1858940 116
1858950 116
1858960 116
1858970 115
1858980 115
1858990 116
1859000 115
1859010 115
1859020 115
1859030 115
1859040 115
1859050 115
1859060 115
1859070 115
1859080 115
1859090 115
1859100 115
1859110 115
1859120 115
1859130 115
1859140 115
1859150 115
1859160 115
1859170 115
1859180 115
1859190 115
1859200 115
1859210 115
1859220 115
1859230 115
1859240 115
1859250 115
1859260 115
1859270 115
1859280 115
1859290 115
1859300 115
1859310 115
1859320 115
1859330 115
1859340 115
1859350 115
1859360 115
1859370 115
1859380 115
1859390 115
1859400 115
1859410 115
1859420 115
1859430 115
1859440 115
1859450 115
1859460 115
1859470 115
1859480 115
1859490 115
1859500 115
1859510 115
1859520 115
1859530 115
1859540 115
1859550 115
1859560 115
1859570 115
1859580 115
1859590 115
1859600 115
1859610 115
1859620 115
1859630 115
1859640 115
1859650 115
1859660 115
1859670 115
1859680 115
1859690 115
1859700 115
1859710 115
1859720 115
1859730 115
1859740 115
1859750 115
1859760 115
1859770 115
1859780 115
1859790 115
1859800 115
1859810 115
1859820 115
1859830 115
1859840 115
1859850 115
1859860 115
1859870 115
1859880 115
1859890 115
1859900 115
1859910 115
1859920 115
1859930 115
1859940 115
1859950 115
1859960 115
1859970 115
1859980 115
1859990 115
