1840000 228
1840010 228
1840020 228
1840030 229
1840040 229
1840050 232
1840060 233
1840070 233
1840080 234
1840090 235
1840100 235
1840110 237
1840120 239
1840130 239
1840140 244
1840150 246
1840160 250
1840170 250
1840180 253
1840190 256
1840200 256
1840210 258
1840220 261
1840230 261
1840240 264
1840250 266
1840260 266
1840270 268
1840280 270
1840290 270
1840300 273
1840310 276
1840320 276
1840330 278
1840340 281
1840350 281
1840360 284
1840370 288
1840380 288
1840390 292
1840400 297
1840410 297
1840420 299
1840430 301
1840440 301
1840450 302
1840460 302
1840470 302
1840480 300
1840490 297
1840500 297
1840510 292
1840520 287
1840530 287
1840540 283
1840550 279
1840560 279
1840570 275
1840580 271
1840590 271
1840600 267
1840610 263
1840620 263
1840630 260
1840640 257
1840650 257
1840660 255
1840670 252
1840680 252
1840690 248
1840700 245
1840710 245
1840720 242
1840730 240
1840740 240
1840750 237
1840760 236
1840770 236
1840780 232
1840790 231
1840800 231
1840810 230
1840820 226
1840830 226
1840840 223
1840850 219
1840860 217
1840870 217
1840880 217
1840890 217
1840900 217
1840910 217
1840920 216
1840930 216
1840940 214
1840950 213
1840960 213
1840970 213
1840980 213
1840990 213
1841000 215
1841010 217
1841020 217
1841030 219
1841040 220
1841050 221
1841060 222
1841070 224
1841080 224
1841090 225
1841100 226
1841110 226
1841120 227
1841130 228
1841140 228
1841150 227
1841160 227
1841170 227
1841180 227
1841190 226
1841200 226
1841210 225
1841220 225
1841230 225
1841240 224
1841250 223
1841260 223
1841270 224
1841280 225
1841290 225
1841300 226
1841310 226
1841320 226
1841330 228
1841340 232
1841350 232
1841360 235
1841370 238
1841380 238
1841390 239
1841400 241
1841410 240
1841420 242
1841430 244
1841440 244
1841450 246
1841460 248
1841470 248
1841480 250
1841490 252
1841500 252
1841510 254
1841520 256
1841530 256
1841540 257
1841550 259
1841560 259
1841570 258
1841580 258
1841590 256
1841600 256
1841610 254
1841620 251
1841630 251
1841640 249
1841650 248
1841660 248
1841670 247
1841680 246
1841690 246
1841700 246
1841710 246
1841720 246
1841730 245
1841740 245
1841750 245
1841760 245
1841770 246
1841780 246
1841790 245
1841800 244
1841810 244
1841820 241
1841830 239
1841840 239
1841850 237
1841860 234
1841870 234
1841880 232
1841890 228
1841900 228
1841910 227
1841920 226
1841930 226
1841940 225
1841950 223
1841960 223
1841970 222
1841980 222
1841990 222
1842000 221
1842010 220
1842020 220
1842030 219
1842040 218
1842050 218
1842060 217
1842070 217
1842080 217
1842090 216
1842100 215
1842110 215
1842120 214
1842130 213
1842140 213
1842150 212
1842160 211
1842170 211
1842180 211
1842190 210
1842200 210
1842210 210
1842220 209
1842230 209
1842240 209
1842250 209
1842260 209
1842270 209
1842280 208
1842290 208
1842300 208
1842310 208
1842320 208
1842330 208
1842340 207
1842350 207
1842360 207
1842370 206
1842380 204
1842390 204
1842400 203
1842410 202
1842420 202
1842430 200
1842440 199
1842450 199
1842460 197
1842470 195
1842480 195
1842490 194
1842500 192
1842510 192
1842520 191
1842530 190
1842540 190
1842550 189
1842560 188
1842570 188
1842580 188
1842590 187
1842600 187
1842610 187
1842620 186
1842630 186
1842640 186
1842650 186
1842660 186
1842670 186
1842680 186
1842690 186
1842700 186
1842710 185
1842720 185
1842730 185
1842740 185
1842750 185
1842760 185
1842770 185
1842780 185
1842790 185
1842800 186
1842810 186
1842820 186
1842830 187
1842840 187
1842850 188
1842860 188
1842870 188
1842880 187
1842890 187
1842900 187
1842910 187
1842920 187
1842930 187
1842940 187
1842950 187
1842960 187
1842970 187
1842980 187
1842990 187
1843000 187
1843010 186
1843020 187
1843030 187
1843040 188
1843050 188
1843060 188
1843070 185
1843080 185
1843090 185
1843100 186
1843110 186
1843120 186
1843130 186
1843140 186
1843150 186
1843160 186
1843170 187
1843180 187
1843190 187
1843200 188
1843210 189
1843220 189
1843230 190
1843240 190
1843250 191
1843260 191
1843270 191
1843280 192
1843290 192
1843300 192
1843310 192
1843320 192
1843330 192
1843340 193
1843350 192
1843360 192
1843370 187
1843380 185
1843390 185
1843400 188
1843410 191
1843420 191
1843430 191
1843440 194
1843450 194
1843460 194
1843470 194
1843480 194
1843490 194
1843500 194
1843510 194
1843520 194
1843530 194
1843540 194
1843550 194
1843560 193
1843570 195
1843580 195
1843590 195
1843600 195
1843610 195
1843620 194
1843630 194
1843640 193
1843650 192
1843660 192
1843670 192
1843680 193
1843690 193
1843700 193
1843710 194
1843720 194
1843730 194
1843740 194
1843750 193
1843760 193
1843770 193
1843780 193
1843790 193
1843800 192
1843810 192
1843820 192
1843830 191
1843840 190
1843850 190
1843860 190
1843870 190
1843880 190
1843890 191
1843900 191
1843910 191
1843920 192
1843930 192
1843940 192
1843950 193
1843960 193
1843970 193
1843980 193
1843990 193
1844000 193
1844010 193
1844020 193
1844030 193
1844040 193
1844050 192
1844060 192
1844070 192
1844080 192
1844090 192
1844100 192
1844110 192
1844120 192
1844130 192
1844140 193
1844150 193
1844160 193
1844170 193
1844180 193
1844190 193
1844200 193
1844210 193
1844220 193
1844230 193
1844240 193
1844250 193
1844260 193
1844270 193
1844280 193
1844290 193
1844300 193
1844310 193
1844320 192
1844330 192
1844340 192
1844350 192
1844360 192
1844370 192
1844380 192
1844390 192
1844400 192
1844410 192
1844420 192
1844430 192
1844440 192
1844450 192
1844460 192
1844470 192
1844480 191
1844490 191
1844500 191
1844510 191
1844520 191
1844530 191
1844540 191
1844550 191
1844560 190
1844570 190
1844580 190
1844590 190
1844600 190
1844610 190
1844620 190
1844630 190
1844640 190
1844650 190
1844660 190
1844670 190
1844680 190
1844690 189
1844700 189
1844710 189
1844720 189
1844730 189
1844740 189
1844750 189
1844760 189
1844770 189
1844780 189
1844790 189
1844800 189
1844810 189
1844820 189
1844830 189
1844840 189
1844850 189
1844860 189
1844870 189
1844880 189
1844890 189
1844900 189
1844910 189
1844920 189
1844930 190
1844940 190
1844950 190
1844960 190
1844970 190
1844980 190
1844990 191
1845000 191
1845010 191
1845020 191
1845030 191
1845040 191
1845050 192
1845060 192
1845070 192
1845080 192
1845090 192
1845100 192
1845110 192
1845120 192
1845130 192
1845140 192
1845150 192
1845160 192
1845170 192
1845180 192
1845190 192
1845200 193
1845210 193
1845220 193
1845230 193
1845240 193
1845250 193
1845260 193
1845270 193
1845280 193
1845290 193
1845300 193
1845310 193
1845320 193
1845330 193
1845340 193
1845350 193
1845360 193
1845370 193
1845380 193
1845390 193
1845400 193
1845410 193
1845420 193
1845430 193
1845440 193
1845450 193
1845460 193
1845470 193
1845480 193
1845490 193
1845500 193
1845510 193
1845520 193
1845530 192
1845540 192
1845550 192
1845560 192
1845570 192
1845580 192
1845590 191
1845600 191
1845610 191
1845620 191
1845630 190
1845640 190
1845650 190
1845660 190
1845670 190
1845680 189
1845690 189
1845700 189
1845710 188
1845720 188
1845730 188
1845740 187
1845750 187
1845760 187
1845770 186
1845780 185
1845790 185
1845800 184
1845810 184
1845820 184
1845830 184
1845840 184
1845850 183
1845860 183
1845870 183
1845880 183
1845890 183
1845900 183
1845910 183
1845920 183
1845930 183
1845940 184
1845950 184
1845960 183
1845970 183
1845980 183
1845990 183
1846000 183
1846010 183
1846020 183
1846030 180
1846040 180
1846050 180
1846060 183
1846070 184
1846080 184
1846090 184
1846100 184
1846110 184
1846120 183
1846130 183
1846140 183
1846150 183
1846160 183
1846170 183
1846180 184
1846190 184
1846200 184
1846210 184
1846220 184
1846230 184
1846240 184
1846250 184
1846260 183
1846270 183
1846280 183
1846290 183
1846300 182
1846310 182
1846320 182
1846330 182
1846340 182
1846350 182
1846360 181
1846370 181
1846380 181
1846390 181
1846400 181
1846410 181
1846420 181
1846430 182
1846440 181
1846450 181
1846460 181
1846470 181
1846480 181
1846490 181
1846500 181
1846510 180
1846520 180
1846530 180
1846540 180
1846550 180
1846560 180
1846570 179
1846580 179
1846590 179
1846600 178
1846610 177
1846620 177
1846630 177
1846640 176
1846650 176
1846660 175
1846670 175
1846680 175
1846690 174
1846700 173
1846710 173
1846720 172
1846730 171
1846740 171
1846750 171
1846760 171
1846770 171
1846780 171
1846790 171
1846800 171
1846810 170
1846820 170
1846830 170
1846840 170
1846850 169
1846860 169
1846870 168
1846880 168
1846890 168
1846900 167
1846910 167
1846920 167
1846930 166
1846940 166
1846950 166
1846960 165
1846970 164
1846980 164
1846990 163
1847000 163
1847010 163
1847020 162
1847030 162
1847040 162
1847050 162
1847060 161
1847070 161
1847080 161
1847090 160
1847100 160
1847110 160
1847120 160
1847130 160
1847140 160
1847150 159
1847160 159
1847170 159
1847180 159
1847190 159
1847200 159
1847210 159
1847220 159
1847230 159
1847240 158
1847250 158
1847260 158
1847270 158
1847280 158
1847290 158
1847300 158
1847310 158
1847320 158
1847330 158
1847340 157
1847350 157
1847360 157
1847370 157
1847380 157
1847390 157
1847400 157
1847410 157
1847420 156
1847430 156
1847440 156
1847450 156
1847460 156
1847470 156
1847480 156
1847490 156
1847500 156
1847510 156
1847520 156
1847530 156
1847540 156
1847550 156
1847560 156
1847570 156
1847580 157
1847590 157
1847600 157
1847610 157
1847620 157
1847630 158
1847640 159
1847650 159
1847660 159
1847670 159
1847680 159
1847690 159
1847700 159
1847710 159
1847720 159
1847730 159
1847740 159
1847750 159
1847760 159
1847770 159
1847780 160
1847790 160
1847800 160
1847810 160
1847820 159
1847830 159
1847840 159
1847850 159
1847860 159
1847870 159
1847880 160
1847890 160
1847900 160
1847910 161
1847920 161
1847930 161
1847940 161
1847950 161
1847960 161
1847970 161
1847980 160
1847990 160
1848000 160
1848010 160
1848020 160
1848030 159
1848040 159
1848050 159
1848060 159
1848070 159
1848080 159
1848090 159
1848100 159
1848110 159
1848120 158
1848130 158
1848140 158
1848150 158
1848160 158
1848170 158
1848180 158
1848190 157
1848200 158
1848210 157
1848220 157
1848230 157
1848240 157
1848250 157
1848260 157
1848270 157
1848280 157
1848290 157
1848300 157
1848310 157
1848320 157
1848330 157
1848340 157
1848350 157
1848360 157
1848370 157
1848380 157
1848390 158
1848400 158
1848410 158
1848420 158
1848430 158
1848440 158
1848450 158
1848460 157
1848470 157
1848480 157
1848490 157
1848500 157
1848510 156
1848520 156
1848530 156
1848540 155
1848550 155
1848560 155
1848570 155
1848580 154
1848590 154
1848600 154
1848610 154
1848620 154
1848630 153
1848640 153
1848650 153
1848660 153
1848670 152
1848680 152
1848690 152
1848700 152
1848710 152
1848720 152
1848730 151
1848740 151
1848750 151
1848760 151
1848770 151
1848780 151
1848790 151
1848800 150
1848810 150
1848820 150
1848830 150
1848840 150
1848850 150
1848860 149
1848870 149
1848880 149
1848890 149
1848900 149
1848910 149
1848920 149
1848930 149
1848940 149
1848950 149
1848960 149
1848970 148
1848980 148
1848990 148
1849000 148
1849010 148
1849020 148
1849030 148
1849040 147
1849050 147
1849060 147
1849070 147
1849080 147
1849090 146
1849100 146
1849110 146
1849120 146
1849130 146
1849140 146
1849150 145
1849160 145
1849170 145
1849180 145
1849190 144
1849200 144
1849210 144
1849220 144
1849230 144
1849240 143
1849250 143
1849260 143
1849270 143
1849280 143
1849290 143
1849300 143
1849310 143
1849320 143
1849330 142
1849340 143
1849350 143
1849360 143
1849370 142
1849380 142
1849390 142
1849400 142
1849410 142
1849420 142
1849430 142
1849440 142
1849450 142
1849460 142
1849470 142
1849480 142
1849490 142
1849500 142
1849510 142
1849520 142
1849530 142
1849540 142
1849550 142
1849560 142
1849570 142
1849580 142
1849590 142
1849600 142
1849610 142
1849620 142
1849630 142
1849640 142
1849650 142
1849660 142
1849670 142
1849680 142
1849690 142
1849700 142
1849710 142
1849720 142
1849730 142
1849740 142
1849750 142
1849760 142
1849770 142
1849780 142
1849790 141
1849800 141
1849810 141
1849820 141
1849830 141
1849840 141
1849850 141
1849860 140
1849870 140
1849880 140
1849890 140
1849900 140
1849910 140
1849920 139
1849930 139
1849940 139
1849950 139
1849960 139
1849970 139
1849980 138
1849990 138
1850000 138
1850010 138
1850020 138
1850030 138
1850040 137
1850050 137
1850060 137
1850070 137
1850080 137
1850090 137
1850100 136
1850110 136
1850120 136
1850130 136
1850140 136
1850150 136
1850160 136
1850170 136
1850180 136
1850190 135
1850200 136
1850210 136
1850220 136
1850230 136
1850240 136
1850250 135
1850260 136
1850270 136
1850280 135
1850290 135
1850300 135
1850310 135
1850320 136
1850330 136
1850340 136
1850350 136
1850360 136
1850370 136
1850380 136
1850390 136
1850400 136
1850410 136
1850420 136
1850430 136
1850440 136
1850450 136
1850460 135
1850470 135
1850480 135
1850490 135
1850500 135
1850510 135
1850520 135
1850530 135
1850540 135
1850550 135
1850560 135
1850570 135
1850580 135
1850590 134
1850600 134
1850610 134
1850620 134
1850630 134
1850640 134
1850650 134
1850660 134
1850670 134
1850680 134
1850690 134
1850700 134
1850710 134
1850720 134
1850730 134
1850740 134
1850750 134
1850760 134
1850770 134
1850780 133
1850790 133
1850800 133
1850810 133
1850820 133
1850830 133
1850840 133
1850850 133
1850860 133
1850870 133
1850880 133
1850890 133
1850900 133
1850910 133
1850920 132
1850930 132
1850940 132
1850950 132
1850960 132
1850970 132
1850980 132
1850990 131
1851000 131
1851010 131
1851020 131
1851030 131
1851040 130
1851050 130
1851060 130
1851070 130
1851080 130
1851090 130
1851100 130
1851110 130
1851120 130
1851130 130
1851140 130
1851150 130
1851160 130
1851170 130
1851180 130
1851190 129
1851200 129
1851210 129
1851220 129
1851230 129
1851240 129
1851250 129
1851260 129
1851270 129
1851280 129
1851290 129
1851300 129
1851310 129
1851320 129
1851330 129
1851340 129
1851350 129
1851360 129
1851370 128
1851380 128
1851390 128
1851400 128
1851410 128
1851420 128
1851430 128
1851440 128
1851450 128
1851460 128
1851470 128
1851480 128
1851490 128
1851500 127
1851510 127
1851520 127
1851530 127
1851540 127
1851550 127
1851560 127
1851570 127
1851580 127
1851590 127
1851600 127
1851610 127
1851620 127
1851630 127
1851640 127
1851650 126
1851660 126
1851670 126
1851680 126
1851690 126
1851700 126
1851710 126
1851720 126
1851730 126
1851740 126
1851750 126
1851760 126
1851770 126
1851780 126
1851790 126
1851800 126
1851810 126
1851820 126
1851830 126
1851840 125
1851850 125
1851860 125
1851870 125
1851880 125
1851890 125
1851900 126
1851910 126
1851920 125
1851930 125
1851940 125
1851950 125
1851960 125
1851970 125
1851980 125
1851990 125
1852000 125
1852010 125
1852020 125
1852030 125
1852040 125
1852050 125
1852060 125
1852070 125
1852080 125
1852090 125
1852100 125
1852110 125
1852120 125
1852130 125
1852140 125
1852150 125
1852160 125
1852170 125
1852180 125
1852190 124
1852200 125
1852210 125
1852220 125
1852230 124
1852240 124
1852250 124
1852260 124
1852270 124
1852280 124
1852290 124
1852300 124
1852310 124
1852320 124
1852330 124
1852340 124
1852350 124
1852360 124
1852370 124
1852380 124
1852390 124
1852400 124
1852410 124
1852420 124
1852430 124
1852440 124
1852450 124
1852460 124
1852470 124
1852480 124
1852490 124
1852500 123
1852510 123
1852520 123
1852530 123
1852540 123
1852550 123
1852560 123
1852570 123
1852580 123
1852590 123
1852600 123
1852610 123
1852620 123
1852630 123
1852640 123
1852650 124
1852660 124
1852670 124
1852680 123
1852690 123
1852700 123
1852710 122
1852720 123
1852730 123
1852740 123
1852750 122
1852760 122
1852770 122
1852780 122
1852790 122
1852800 122
1852810 122
1852820 122
1852830 122
1852840 123
1852850 123
1852860 123
1852870 122
1852880 122
1852890 122
1852900 122
1852910 122
1852920 122
1852930 122
1852940 122
1852950 122
1852960 122
1852970 122
1852980 122
1852990 122
1853000 122
1853010 122
1853020 122
1853030 122
1853040 122
1853050 122
1853060 122
1853070 122
1853080 122
1853090 122
1853100 122
1853110 122
1853120 122
1853130 122
1853140 122
1853150 122
1853160 122
1853170 122
1853180 122
1853190 122
1853200 122
1853210 122
1853220 122
1853230 122
1853240 122
1853250 122
1853260 122
1853270 122
1853280 122
1853290 122
1853300 122
1853310 122
1853320 122
1853330 122
1853340 122
1853350 122
1853360 122
1853370 122
1853380 122
1853390 122
1853400 122
1853410 122
1853420 122
1853430 122
1853440 122
1853450 122
1853460 122
1853470 122
1853480 122
1853490 122
1853500 122
1853510 122
1853520 122
1853530 122
1853540 122
1853550 122
1853560 122
1853570 122
1853580 122
1853590 122
1853600 122
1853610 122
1853620 122
1853630 122
1853640 122
1853650 122
1853660 122
1853670 122
1853680 122
1853690 122
1853700 122
1853710 122
1853720 122
1853730 122
1853740 122
1853750 122
1853760 122
1853770 122
1853780 122
1853790 122
1853800 122
1853810 122
1853820 122
1853830 122
1853840 122
1853850 122
1853860 122
1853870 122
1853880 122
1853890 122
1853900 122
1853910 122
1853920 122
1853930 122
1853940 122
1853950 122
1853960 121
1853970 120
1853980 120
1853990 122
1854000 122
1854010 122
1854020 122
1854030 122
1854040 122
1854050 122
1854060 122
1854070 122
1854080 122
1854090 122
1854100 122
1854110 122
1854120 122
1854130 122
1854140 121
1854150 121
1854160 121
1854170 121
1854180 121
1854190 121
1854200 122
1854210 121
1854220 121
1854230 121
1854240 121
1854250 121
1854260 121
1854270 121
1854280 121
1854290 121
1854300 121
1854310 121
1854320 122
1854330 122
1854340 122
1854350 121
1854360 121
1854370 120
1854380 120
1854390 121
1854400 121
1854410 121
1854420 121
1854430 121
1854440 121
1854450 121
1854460 120
1854470 120
1854480 120
1854490 120
1854500 120
1854510 120
1854520 120
1854530 120
1854540 120
1854550 120
1854560 120
1854570 120
1854580 120
1854590 120
1854600 120
1854610 120
1854620 120
1854630 120
1854640 120
1854650 120
1854660 120
1854670 120
1854680 120
1854690 120
1854700 120
1854710 120
1854720 120
1854730 120
1854740 120
1854750 120
1854760 120
1854770 120
1854780 120
1854790 120
1854800 120
1854810 120
1854820 120
1854830 120
1854840 119
1854850 120
1854860 120
1854870 120
1854880 120
1854890 120
1854900 120
1854910 119
1854920 119
1854930 119
1854940 119
1854950 119
1854960 119
1854970 119
1854980 119
1854990 119
1855000 119
1855010 119
1855020 119
1855030 119
1855040 119
1855050 119
1855060 119
1855070 119
1855080 119
1855090 119
1855100 119
1855110 119
1855120 119
1855130 119
1855140 119
1855150 119
1855160 119
1855170 119
1855180 119
1855190 119
1855200 119
1855210 119
1855220 119
1855230 119
1855240 119
1855250 119
1855260 119
1855270 119
1855280 119
1855290 119
1855300 119
1855310 120
1855320 120
1855330 120
1855340 120
1855350 120
1855360 120
1855370 119
1855380 119
1855390 119
1855400 119
1855410 119
1855420 119
1855430 119
1855440 119
1855450 119
1855460 119
1855470 119
1855480 119
1855490 119
1855500 119
1855510 119
1855520 120
1855530 120
1855540 120
1855550 120
1855560 120
1855570 120
1855580 120
1855590 120
1855600 120
1855610 120
1855620 120
1855630 120
1855640 119
1855650 119
1855660 119
1855670 120
1855680 120
1855690 120
1855700 120
1855710 120
1855720 120
1855730 120
1855740 120
1855750 120
1855760 120
1855770 120
1855780 120
1855790 120
1855800 121
1855810 121
1855820 121
1855830 121
1855840 121
1855850 121
1855860 121
1855870 121
1855880 121
1855890 121
1855900 121
1855910 121
1855920 121
1855930 121
1855940 121
1855950 121
1855960 121
1855970 120
1855980 120
1855990 120
1856000 120
1856010 120
1856020 120
1856030 120
1856040 120
1856050 120
1856060 119
1856070 119
1856080 119
1856090 119
1856100 119
1856110 119
1856120 118
1856130 118
1856140 118
1856150 118
1856160 118
1856170 118
1856180 118
1856190 118
1856200 118
1856210 118
1856220 118
1856230 118
1856240 118
1856250 118
1856260 118
1856270 118
1856280 117
1856290 117
1856300 117
1856310 117
1856320 117
1856330 117
1856340 118
1856350 118
1856360 117
1856370 117
1856380 117
1856390 117
1856400 117
1856410 117
1856420 117
1856430 117
1856440 117
1856450 117
1856460 118
1856470 118
1856480 118
1856490 118
1856500 118
1856510 118
1856520 118
1856530 118
1856540 118
1856550 118
1856560 118
1856570 118
1856580 118
1856590 118
1856600 118
1856610 118
1856620 118
1856630 118
1856640 118
1856650 118
1856660 118
1856670 118
1856680 118
1856690 118
1856700 118
1856710 118
1856720 118
1856730 118
1856740 118
1856750 118
1856760 117
1856770 118
1856780 118
1856790 118
1856800 118
1856810 118
1856820 118
1856830 118
1856840 118
1856850 118
1856860 118
1856870 118
1856880 118
1856890 118
1856900 118
1856910 118
1856920 118
1856930 118
1856940 118
1856950 118
1856960 118
1856970 118
1856980 117
1856990 117
1857000 117
1857010 117
1857020 117
1857030 117
1857040 117
1857050 117
1857060 117
1857070 117
1857080 117
1857090 117
1857100 117
1857110 117
1857120 117
1857130 117
1857140 117
1857150 117
1857160 117
1857170 117
1857180 117
1857190 117
1857200 117
1857210 117
1857220 117
1857230 117
1857240 117
1857250 117
1857260 117
1857270 117
1857280 117
1857290 117
1857300 117
1857310 117
1857320 117
1857330 117
1857340 117
1857350 117
1857360 117
1857370 117
1857380 117
1857390 117
1857400 117
1857410 117
1857420 117
1857430 117
1857440 117
1857450 117
1857460 117
1857470 117
1857480 117
1857490 117
1857500 117
1857510 117
1857520 117
1857530 117
1857540 117
1857550 117
1857560 117
1857570 117
1857580 117
1857590 117
1857600 117
1857610 117
1857620 117
1857630 117
1857640 117
1857650 117
1857660 117
1857670 117
1857680 117
1857690 117
1857700 117
1857710 117
1857720 117
1857730 117
1857740 116
1857750 116
1857760 116
1857770 116
1857780 116
1857790 116
1857800 116
1857810 116
1857820 116
1857830 116
1857840 116
1857850 116
1857860 116
1857870 116
1857880 116
1857890 116
1857900 116
1857910 116
1857920 116
1857930 116
1857940 116
1857950 116
1857960 116
1857970 116
1857980 116
1857990 116
1858000 116
1858010 116
1858020 116
1858030 116
1858040 116
1858050 116
1858060 116
1858070 116
1858080 116
1858090 116
1858100 116
1858110 116
1858120 116
1858130 116
1858140 116
1858150 116
1858160 116
1858170 116
1858180 116
1858190 116
1858200 116
1858210 116
1858220 116
1858230 116
1858240 116
1858250 116
1858260 116
1858270 116
1858280 116
1858290 116
1858300 116
1858310 116
1858320 116
1858330 116
1858340 116
1858350 116
1858360 116
1858370 116
1858380 116
1858390 116
1858400 116
1858410 116
1858420 116
1858430 116
1858440 116
1858450 116
1858460 116
1858470 116
1858480 116
1858490 116
1858500 116
1858510 116
1858520 116
1858530 116
1858540 116
1858550 116
1858560 116
1858570 116
1858580 116
1858590 116
1858600 116
1858610 116
1858620 116
1858630 116
1858640 115
1858650 115
1858660 115
1858670 115
1858680 115
1858690 115
1858700 115
1858710 115
1858720 115
1858730 115
1858740 115
1858750 115
1858760 115
1858770 115
1858780 115
1858790 115
1858800 115
1858810 115
1858820 115
1858830 115
1858840 115
1858850 115
1858860 115
1858870 115
1858880 115
1858890 115
1858900 115
1858910 115
1858920 115
1858930 115
1858940 115
1858950 115
1858960 115
1858970 115
1858980 115
1858990 115
1859000 115
1859010 115
1859020 115
1859030 115
1859040 115
1859050 115
1859060 115
1859070 115
1859080 115
1859090 115
1859100 115
1859110 115
1859120 115
1859130 115
1859140 115
1859150 115
1859160 115
1859170 115
1859180 115
1859190 115
1859200 115
1859210 115
1859220 115
1859230 115
1859240 115
1859250 115
1859260 115
1859270 115
1859280 115
1859290 115
1859300 115
1859310 115
1859320 115
1859330 115
1859340 115
1859350 115
1859360 115
1859370 115
1859380 115
1859390 115
1859400 115
1859410 115
1859420 115
1859430 115
1859440 115
1859450 115
1859460 115
1859470 115
1859480 115
1859490 115
1859500 115
1859510 115
1859520 115
1859530 115
1859540 115
1859550 115
1859560 115
1859570 115
1859580 115
1859590 115
1859600 115
1859610 115
1859620 115
1859630 115
1859640 115
1859650 115
1859660 115
1859670 115
1859680 115
1859690 115
1859700 115
1859710 115
1859720 115
1859730 115
1859740 115
1859750 115
1859760 115
1859770 115
1859780 115
1859790 115
1859800 115
1859810 115
1859820 115
1859830 115
1859840 115
1859850 115
1859860 115
1859870 115
1859880 115
1859890 115
1859900 115
1859910 115
1859920 115
1859930 115
1859940 115
1859950 115
1859960 115
1859970 115
1859980 115
1859990 115
