1840000 294
1840010 294
1840020 293
1840030 293
1840040 293
1840050 294
1840060 294
1840070 294
1840080 294
1840090 294
1840100 291
1840110 293
1840120 293
1840130 292
1840140 291
1840150 291
1840160 290
1840170 291
1840180 291
1840190 290
1840200 289
1840210 289
1840220 288
1840230 287
1840240 287
1840250 286
1840260 285
1840270 285
1840280 284
1840290 283
1840300 283
1840310 282
1840320 282
1840330 282
1840340 281
1840350 280
1840360 280
1840370 279
1840380 278
1840390 278
1840400 277
1840410 276
1840420 276
1840430 275
1840440 274
1840450 274
1840460 273
1840470 272
1840480 272
1840490 271
1840500 269
1840510 269
1840520 268
1840530 267
1840540 266
1840550 266
1840560 267
1840570 267
1840580 267
1840590 268
1840600 268
1840610 268
1840620 268
1840630 268
1840640 268
1840650 267
1840660 267
1840670 267
1840680 266
1840690 266
1840700 266
1840710 266
1840720 266
1840730 266
1840740 265
1840750 264
1840760 264
1840770 264
1840780 263
1840790 263
1840800 262
1840810 261
1840820 261
1840830 260
1840840 258
1840850 258
1840860 256
1840870 254
1840880 254
1840890 251
1840900 250
1840910 250
1840920 248
1840930 247
1840940 247
1840950 244
1840960 244
1840970 244
1840980 242
1840990 239
1841000 239
1841010 240
1841020 243
1841030 243
1841040 245
1841050 247
1841060 247
1841070 250
1841080 252
1841090 252
1841100 254
1841110 256
1841120 256
1841130 258
1841140 260
1841150 260
1841160 263
1841170 265
1841180 265
1841190 267
1841200 269
1841210 269
1841220 272
1841230 274
1841240 276
1841250 276
1841260 277
1841270 279
1841280 279
1841290 279
1841300 280
1841310 280
1841320 281
1841330 282
1841340 282
1841350 282
1841360 282
1841370 282
1841380 282
1841390 281
1841400 281
1841410 281
1841420 281
1841430 281
1841440 281
1841450 281
1841460 281
1841470 281
1841480 281
1841490 281
1841500 281
1841510 282
1841520 282
1841530 283
1841540 284
1841550 284
1841560 285
1841570 286
1841580 286
1841590 287
1841600 288
1841610 288
1841620 289
1841630 290
1841640 290
1841650 292
1841660 294
1841670 294
1841680 296
1841690 297
1841700 297
1841710 297
1841720 296
1841730 296
1841740 293
1841750 289
1841760 289
1841770 286
1841780 285
1841790 285
1841800 284
1841810 284
1841820 284
1841830 284
1841840 285
1841850 285
1841860 285
1841870 286
1841880 286
1841890 289
1841900 292
1841910 292
1841920 292
1841930 291
1841940 291
1841950 290
1841960 288
1841970 287
1841980 287
1841990 285
1842000 284
1842010 284
1842020 283
1842030 282
1842040 282
1842050 282
1842060 282
1842070 282
1842080 281
1842090 281
1842100 281
1842110 280
1842120 280
1842130 280
1842140 279
1842150 279
1842160 281
1842170 281
1842180 280
1842190 280
1842200 280
1842210 280
1842220 280
1842230 280
1842240 281
1842250 281
1842260 281
1842270 282
1842280 282
1842290 281
1842300 282
1842310 282
1842320 282
1842330 283
1842340 283
1842350 283
1842360 283
1842370 283
1842380 284
1842390 284
1842400 284
1842410 285
1842420 286
1842430 286
1842440 288
1842450 289
1842460 289
1842470 290
1842480 290
1842490 290
1842500 288
1842510 292
1842520 293
1842530 292
1842540 290
1842550 290
1842560 290
1842570 290
1842580 290
1842590 290
1842600 289
1842610 289
1842620 286
1842630 284
1842640 284
1842650 284
1842660 282
1842670 282
1842680 281
1842690 280
1842700 277
1842710 277
1842720 274
1842730 270
1842740 270
1842750 267
1842760 264
1842770 264
1842780 260
1842790 257
1842800 257
1842810 255
1842820 251
1842830 251
1842840 249
1842850 247
1842860 247
1842870 244
1842880 240
1842890 240
1842900 238
1842910 244
1842920 244
1842930 246
1842940 248
1842950 248
1842960 251
1842970 254
1842980 254
1842990 257
1843000 261
1843010 261
1843020 264
1843030 267
1843040 267
1843050 270
1843060 271
1843070 271
1843080 273
1843090 273
1843100 273
1843110 274
1843120 274
1843130 274
1843140 274
1843150 274
1843160 274
1843170 274
1843180 274
1843190 274
1843200 273
1843210 273
1843220 273
1843230 273
1843240 275
1843250 275
1843260 274
1843270 273
1843280 273
1843290 272
1843300 271
1843310 271
1843320 270
1843330 268
1843340 268
1843350 265
1843360 259
1843370 259
1843380 254
1843390 252
1843400 251
1843410 251
1843420 251
1843430 247
1843440 247
1843450 246
1843460 245
1843470 245
1843480 244
1843490 243
1843500 243
1843510 242
1843520 241
1843530 241
1843540 241
1843550 240
1843560 240
1843570 239
1843580 238
1843590 238
1843600 238
1843610 237
1843620 237
1843630 236
1843640 236
1843650 236
1843660 236
1843670 235
1843680 235
1843690 235
1843700 235
1843710 235
1843720 234
1843730 233
1843740 233
1843750 233
1843760 233
1843770 233
1843780 232
1843790 232
1843800 232
1843810 232
1843820 232
1843830 232
1843840 231
1843850 231
1843860 231
1843870 231
1843880 231
1843890 231
1843900 231
1843910 231
1843920 231
1843930 231
1843940 229
1843950 229
1843960 230
1843970 227
1843980 227
1843990 228
1844000 228
1844010 228
1844020 229
1844030 229
1844040 229
1844050 228
1844060 228
1844070 228
1844080 227
1844090 226
1844100 226
1844110 226
1844120 225
1844130 225
1844140 225
1844150 224
1844160 223
1844170 223
1844180 223
1844190 222
1844200 222
1844210 222
1844220 222
1844230 222
1844240 221
1844250 220
1844260 220
1844270 220
1844280 219
1844290 219
1844300 218
1844310 218
1844320 218
1844330 217
1844340 217
1844350 217
1844360 216
1844370 216
1844380 216
1844390 215
1844400 215
1844410 215
1844420 214
1844430 214
1844440 214
1844450 213
1844460 212
1844470 212
1844480 212
1844490 211
1844500 211
1844510 211
1844520 211
1844530 211
1844540 211
1844550 210
1844560 210
1844570 210
1844580 210
1844590 210
1844600 210
1844610 210
1844620 210
1844630 210
1844640 210
1844650 210
1844660 210
1844670 211
1844680 211
1844690 211
1844700 211
1844710 211
1844720 211
1844730 211
1844740 211
1844750 211
1844760 211
1844770 211
1844780 211
1844790 211
1844800 211
1844810 210
1844820 210
1844830 210
1844840 209
1844850 209
1844860 210
1844870 210
1844880 210
1844890 210
1844900 210
1844910 210
1844920 210
1844930 210
1844940 211
1844950 211
1844960 211
1844970 211
1844980 211
1844990 211
1845000 212
1845010 212
1845020 212
1845030 213
1845040 213
1845050 213
1845060 214
1845070 214
1845080 214
1845090 214
1845100 214
1845110 214
1845120 215
1845130 215
1845140 215
1845150 215
1845160 215
1845170 215
1845180 216
1845190 215
1845200 215
1845210 216
1845220 216
1845230 216
1845240 216
1845250 216
1845260 216
1845270 216
1845280 216
1845290 216
1845300 216
1845310 216
1845320 216
1845330 216
1845340 216
1845350 216
1845360 216
1845370 216
1845380 216
1845390 216
1845400 216
1845410 216
1845420 216
1845430 216
1845440 216
1845450 215
1845460 215
1845470 215
1845480 215
1845490 215
1845500 215
1845510 215
1845520 215
1845530 215
1845540 215
1845550 214
1845560 214
1845570 214
1845580 213
1845590 213
1845600 213
1845610 212
1845620 211
1845630 211
1845640 211
1845650 209
1845660 209
1845670 208
1845680 206
1845690 206
1845700 204
1845710 206
1845720 206
1845730 206
1845740 205
1845750 206
1845760 205
1845770 204
1845780 204
1845790 202
1845800 204
1845810 204
1845820 207
1845830 208
1845840 208
1845850 211
1845860 212
1845870 212
1845880 213
1845890 214
1845900 214
1845910 214
1845920 215
1845930 215
1845940 215
1845950 215
1845960 215
1845970 216
1845980 216
1845990 216
1846000 216
1846010 216
1846020 216
1846030 215
1846040 215
1846050 215
1846060 215
1846070 215
1846080 215
1846090 215
1846100 215
1846110 215
1846120 215
1846130 215
1846140 215
1846150 215
1846160 215
1846170 215
1846180 215
1846190 215
1846200 215
1846210 216
1846220 216
1846230 216
1846240 216
1846250 216
1846260 216
1846270 216
1846280 215
1846290 215
1846300 215
1846310 214
1846320 213
1846330 213
1846340 213
1846350 212
1846360 212
1846370 212
1846380 212
1846390 212
1846400 211
1846410 211
1846420 211
1846430 211
1846440 211
1846450 211
1846460 210
1846470 210
1846480 210
1846490 209
1846500 208
1846510 208
1846520 209
1846530 208
1846540 208
1846550 208
1846560 207
1846570 207
1846580 206
1846590 205
1846600 205
1846610 204
1846620 203
1846630 203
1846640 202
1846650 200
1846660 200
1846670 199
1846680 197
1846690 197
1846700 196
1846710 194
1846720 194
1846730 192
1846740 191
1846750 191
1846760 190
1846770 188
1846780 188
1846790 187
1846800 186
1846810 186
1846820 185
1846830 184
1846840 184
1846850 184
1846860 183
1846870 183
1846880 183
1846890 182
1846900 182
1846910 182
1846920 181
1846930 181
1846940 181
1846950 180
1846960 180
1846970 179
1846980 178
1846990 178
1847000 178
1847010 177
1847020 177
1847030 177
1847040 177
1847050 176
1847060 176
1847070 176
1847080 176
1847090 176
1847100 175
1847110 175
1847120 175
1847130 175
1847140 175
1847150 175
1847160 175
1847170 175
1847180 175
1847190 175
1847200 175
1847210 175
1847220 175
1847230 175
1847240 175
1847250 175
1847260 176
1847270 176
1847280 176
1847290 176
1847300 176
1847310 176
1847320 177
1847330 177
1847340 177
1847350 177
1847360 177
1847370 177
1847380 178
1847390 178
1847400 178
1847410 178
1847420 178
1847430 178
1847440 178
1847450 178
1847460 178
1847470 178
1847480 178
1847490 178
1847500 178
1847510 178
1847520 179
1847530 179
1847540 179
1847550 179
1847560 179
1847570 179
1847580 179
1847590 180
1847600 180
1847610 180
1847620 180
1847630 180
1847640 180
1847650 180
1847660 180
1847670 180
1847680 180
1847690 180
1847700 181
1847710 181
1847720 180
1847730 180
1847740 180
1847750 180
1847760 180
1847770 180
1847780 180
1847790 180
1847800 180
1847810 180
1847820 180
1847830 180
1847840 180
1847850 180
1847860 180
1847870 180
1847880 181
1847890 181
1847900 181
1847910 181
1847920 181
1847930 180
1847940 180
1847950 180
1847960 180
1847970 180
1847980 180
1847990 180
1848000 180
1848010 180
1848020 179
1848030 179
1848040 179
1848050 179
1848060 179
1848070 179
1848080 179
1848090 179
1848100 179
1848110 179
1848120 179
1848130 178
1848140 178
1848150 178
1848160 177
1848170 177
1848180 177
1848190 177
1848200 177
1848210 177
1848220 177
1848230 177
1848240 177
1848250 177
1848260 177
1848270 177
1848280 177
1848290 177
1848300 177
1848310 177
1848320 177
1848330 177
1848340 176
1848350 176
1848360 176
1848370 175
1848380 175
1848390 175
1848400 175
1848410 174
1848420 174
1848430 174
1848440 173
1848450 173
1848460 173
1848470 173
1848480 172
1848490 172
1848500 172
1848510 172
1848520 172
1848530 171
1848540 170
1848550 170
1848560 169
1848570 169
1848580 169
1848590 169
1848600 168
1848610 168
1848620 168
1848630 167
1848640 167
1848650 167
1848660 167
1848670 167
1848680 166
1848690 166
1848700 166
1848710 166
1848720 165
1848730 165
1848740 165
1848750 165
1848760 165
1848770 164
1848780 163
1848790 163
1848800 163
1848810 162
1848820 162
1848830 161
1848840 160
1848850 160
1848860 160
1848870 159
1848880 159
1848890 159
1848900 159
1848910 159
1848920 159
1848930 158
1848940 159
1848950 159
1848960 158
1848970 158
1848980 158
1848990 158
1849000 158
1849010 158
1849020 158
1849030 158
1849040 158
1849050 157
1849060 157
1849070 157
1849080 157
1849090 157
1849100 157
1849110 156
1849120 156
1849130 157
1849140 156
1849150 156
1849160 156
1849170 156
1849180 155
1849190 155
1849200 155
1849210 155
1849220 155
1849230 155
1849240 155
1849250 155
1849260 156
1849270 157
1849280 157
1849290 156
1849300 156
1849310 156
1849320 157
1849330 157
1849340 157
1849350 157
1849360 157
1849370 157
1849380 157
1849390 157
1849400 157
1849410 157
1849420 158
1849430 158
1849440 157
1849450 158
1849460 158
1849470 157
1849480 157
1849490 157
1849500 157
1849510 157
1849520 157
1849530 157
1849540 157
1849550 157
1849560 156
1849570 156
1849580 156
1849590 156
1849600 155
1849610 155
1849620 155
1849630 155
1849640 155
1849650 155
1849660 155
1849670 155
1849680 154
1849690 154
1849700 154
1849710 154
1849720 154
1849730 154
1849740 153
1849750 153
1849760 153
1849770 153
1849780 152
1849790 152
1849800 152
1849810 151
1849820 151
1849830 151
1849840 151
1849850 151
1849860 150
1849870 150
1849880 149
1849890 149
1849900 149
1849910 148
1849920 148
1849930 148
1849940 148
1849950 148
1849960 148
1849970 148
1849980 148
1849990 148
1850000 147
1850010 147
1850020 147
1850030 147
1850040 147
1850050 147
1850060 146
1850070 146
1850080 146
1850090 146
1850100 146
1850110 146
1850120 146
1850130 146
1850140 145
1850150 145
1850160 145
1850170 145
1850180 145
1850190 145
1850200 145
1850210 145
1850220 145
1850230 145
1850240 145
1850250 145
1850260 144
1850270 144
1850280 144
1850290 144
1850300 144
1850310 144
1850320 144
1850330 144
1850340 144
1850350 144
1850360 144
1850370 144
1850380 143
1850390 143
1850400 143
1850410 143
1850420 143
1850430 143
1850440 143
1850450 142
1850460 142
1850470 142
1850480 142
1850490 142
1850500 142
1850510 142
1850520 142
1850530 141
1850540 141
1850550 141
1850560 141
1850570 141
1850580 141
1850590 140
1850600 140
1850610 140
1850620 140
1850630 140
1850640 140
1850650 140
1850660 140
1850670 140
1850680 140
1850690 139
1850700 139
1850710 139
1850720 139
1850730 139
1850740 139
1850750 139
1850760 139
1850770 139
1850780 138
1850790 138
1850800 138
1850810 138
1850820 138
1850830 138
1850840 137
1850850 137
1850860 137
1850870 137
1850880 136
1850890 136
1850900 136
1850910 136
1850920 136
1850930 135
1850940 135
1850950 135
1850960 135
1850970 134
1850980 134
1850990 134
1851000 134
1851010 134
1851020 133
1851030 133
1851040 133
1851050 133
1851060 133
1851070 133
1851080 133
1851090 132
1851100 132
1851110 132
1851120 132
1851130 132
1851140 132
1851150 132
1851160 132
1851170 131
1851180 131
1851190 131
1851200 131
1851210 131
1851220 131
1851230 131
1851240 131
1851250 131
1851260 131
1851270 131
1851280 131
1851290 131
1851300 131
1851310 131
1851320 131
1851330 131
1851340 131
1851350 131
1851360 130
1851370 130
1851380 130
1851390 130
1851400 130
1851410 131
1851420 131
1851430 131
1851440 131
1851450 131
1851460 131
1851470 131
1851480 131
1851490 131
1851500 131
1851510 132
1851520 132
1851530 132
1851540 132
1851550 133
1851560 133
1851570 133
1851580 133
1851590 133
1851600 134
1851610 134
1851620 134
1851630 134
1851640 134
1851650 134
1851660 134
1851670 135
1851680 135
1851690 135
1851700 135
1851710 135
1851720 135
1851730 135
1851740 135
1851750 135
1851760 135
1851770 135
1851780 136
1851790 136
1851800 136
1851810 136
1851820 136
1851830 136
1851840 136
1851850 136
1851860 136
1851870 136
1851880 136
1851890 136
1851900 136
1851910 137
1851920 137
1851930 137
1851940 137
1851950 137
1851960 137
1851970 138
1851980 138
1851990 138
1852000 138
1852010 138
1852020 138
1852030 138
1852040 138
1852050 139
1852060 139
1852070 139
1852080 139
1852090 139
1852100 139
1852110 140
1852120 140
1852130 140
1852140 140
1852150 140
1852160 141
1852170 141
1852180 141
1852190 142
1852200 142
1852210 142
1852220 142
1852230 142
1852240 142
1852250 143
1852260 143
1852270 143
1852280 143
1852290 143
1852300 143
1852310 143
1852320 143
1852330 143
1852340 143
1852350 143
1852360 143
1852370 142
1852380 142
1852390 141
1852400 141
1852410 141
1852420 141
1852430 141
1852440 141
1852450 141
1852460 142
1852470 142
1852480 142
1852490 143
1852500 143
1852510 142
1852520 142
1852530 142
1852540 141
1852550 141
1852560 141
1852570 141
1852580 141
1852590 141
1852600 140
1852610 140
1852620 140
1852630 140
1852640 139
1852650 139
1852660 138
1852670 138
1852680 138
1852690 137
1852700 136
1852710 136
1852720 136
1852730 136
1852740 136
1852750 136
1852760 136
1852770 136
1852780 136
1852790 135
1852800 135
1852810 135
1852820 135
1852830 134
1852840 134
1852850 134
1852860 133
1852870 133
1852880 132
1852890 132
1852900 132
1852910 131
1852920 131
1852930 131
1852940 130
1852950 130
1852960 130
1852970 130
1852980 129
1852990 129
1853000 129
1853010 128
1853020 128
1853030 128
1853040 127
1853050 127
1853060 128
1853070 128
1853080 128
1853090 127
1853100 126
1853110 126
1853120 125
1853130 125
1853140 125
1853150 125
1853160 125
1853170 125
1853180 125
1853190 125
1853200 125
1853210 125
1853220 125
1853230 125
1853240 125
1853250 125
1853260 125
1853270 125
1853280 125
1853290 125
1853300 125
1853310 125
1853320 125
1853330 125
1853340 125
1853350 125
1853360 125
1853370 125
1853380 125
1853390 125
1853400 125
1853410 125
1853420 124
1853430 124
1853440 124
1853450 124
1853460 124
1853470 124
1853480 124
1853490 124
1853500 124
1853510 124
1853520 124
1853530 124
1853540 124
1853550 124
1853560 124
1853570 124
1853580 124
1853590 124
1853600 124
1853610 124
1853620 124
1853630 124
1853640 123
1853650 123
1853660 123
1853670 123
1853680 123
1853690 123
1853700 123
1853710 123
1853720 123
1853730 123
1853740 123
1853750 123
1853760 123
1853770 123
1853780 123
1853790 123
1853800 123
1853810 123
1853820 124
1853830 123
1853840 123
1853850 123
1853860 123
1853870 123
1853880 123
1853890 123
1853900 123
1853910 123
1853920 123
1853930 123
1853940 123
1853950 123
1853960 123
1853970 123
1853980 123
1853990 123
1854000 122
1854010 122
1854020 122
1854030 122
1854040 122
1854050 122
1854060 122
1854070 122
1854080 122
1854090 122
1854100 122
1854110 122
1854120 122
1854130 122
1854140 122
1854150 121
1854160 121
1854170 121
1854180 121
1854190 122
1854200 122
1854210 121
1854220 121
1854230 121
1854240 121
1854250 121
1854260 121
1854270 121
1854280 121
1854290 121
1854300 121
1854310 121
1854320 121
1854330 121
1854340 121
1854350 121
1854360 121
1854370 121
1854380 121
1854390 121
1854400 121
1854410 121
1854420 121
1854430 121
1854440 121
1854450 121
1854460 121
1854470 121
1854480 121
1854490 121
1854500 120
1854510 120
1854520 120
1854530 120
1854540 120
1854550 120
1854560 120
1854570 120
1854580 120
1854590 120
1854600 120
1854610 120
1854620 120
1854630 120
1854640 120
1854650 120
1854660 120
1854670 120
1854680 120
1854690 120
1854700 120
1854710 120
1854720 120
1854730 120
1854740 119
1854750 119
1854760 119
1854770 120
1854780 120
1854790 121
1854800 120
1854810 120
1854820 120
1854830 120
1854840 120
1854850 120
1854860 120
1854870 120
1854880 120
1854890 120
1854900 120
1854910 120
1854920 120
1854930 120
1854940 120
1854950 120
1854960 120
1854970 120
1854980 120
1854990 120
1855000 120
1855010 120
1855020 120
1855030 120
1855040 120
1855050 120
1855060 120
1855070 120
1855080 120
1855090 120
1855100 120
1855110 120
1855120 120
1855130 120
1855140 120
1855150 120
1855160 120
1855170 120
1855180 120
1855190 120
1855200 120
1855210 120
1855220 120
1855230 120
1855240 120
1855250 120
1855260 120
1855270 120
1855280 120
1855290 120
1855300 120
1855310 120
1855320 119
1855330 119
1855340 119
1855350 119
1855360 119
1855370 119
1855380 119
1855390 119
1855400 119
1855410 119
1855420 119
1855430 119
1855440 119
1855450 119
1855460 119
1855470 119
1855480 119
1855490 119
1855500 119
1855510 119
1855520 119
1855530 119
1855540 119
1855550 119
1855560 119
1855570 119
1855580 119
1855590 119
1855600 119
1855610 119
1855620 119
1855630 119
1855640 119
1855650 119
1855660 119
1855670 119
1855680 119
1855690 119
1855700 119
1855710 119
1855720 119
1855730 119
1855740 119
1855750 119
1855760 119
1855770 119
1855780 119
1855790 119
1855800 119
1855810 119
1855820 119
1855830 119
1855840 119
1855850 119
1855860 119
1855870 119
1855880 119
1855890 119
1855900 119
1855910 119
1855920 119
1855930 118
1855940 118
1855950 118
1855960 118
1855970 118
1855980 118
1855990 118
1856000 118
1856010 118
1856020 118
1856030 118
1856040 118
1856050 118
1856060 118
1856070 118
1856080 118
1856090 118
1856100 118
1856110 118
1856120 118
1856130 118
1856140 118
1856150 118
1856160 118
1856170 118
1856180 118
1856190 118
1856200 118
1856210 118
1856220 118
1856230 118
1856240 118
1856250 118
1856260 118
1856270 118
1856280 118
1856290 117
1856300 117
1856310 117
1856320 117
1856330 117
1856340 117
1856350 117
1856360 117
1856370 117
1856380 117
1856390 118
1856400 118
1856410 118
1856420 118
1856430 118
1856440 117
1856450 118
1856460 118
1856470 118
1856480 118
1856490 118
1856500 118
1856510 118
1856520 118
1856530 118
1856540 118
1856550 118
1856560 118
1856570 118
1856580 118
1856590 118
1856600 118
1856610 118
1856620 117
1856630 118
1856640 117
1856650 117
1856660 117
1856670 117
1856680 117
1856690 117
1856700 117
1856710 117
1856720 117
1856730 117
1856740 117
1856750 117
1856760 117
1856770 117
1856780 117
1856790 117
1856800 117
1856810 116
1856820 116
1856830 116
1856840 116
1856850 116
1856860 116
1856870 116
1856880 116
1856890 116
1856900 116
1856910 116
1856920 116
1856930 116
1856940 116
1856950 116
1856960 116
1856970 116
1856980 116
1856990 116
1857000 116
1857010 116
1857020 116
1857030 116
1857040 116
1857050 116
1857060 116
1857070 116
1857080 116
1857090 116
1857100 116
1857110 116
1857120 116
1857130 116
1857140 116
1857150 116
1857160 116
1857170 116
1857180 116
1857190 116
1857200 116
1857210 116
1857220 116
1857230 116
1857240 116
1857250 116
1857260 116
1857270 116
1857280 116
1857290 116
1857300 116
1857310 116
1857320 116
1857330 116
1857340 116
1857350 116
1857360 116
1857370 116
1857380 116
1857390 116
1857400 116
1857410 116
1857420 116
1857430 116
1857440 116
1857450 116
1857460 116
1857470 116
1857480 116
1857490 116
1857500 116
1857510 116
1857520 116
1857530 116
1857540 116
1857550 116
1857560 116
1857570 116
1857580 116
1857590 116
1857600 116
1857610 116
1857620 115
1857630 115
1857640 115
1857650 116
1857660 115
1857670 115
1857680 115
1857690 115
1857700 115
1857710 115
1857720 115
1857730 115
1857740 115
1857750 115
1857760 115
1857770 115
1857780 115
1857790 115
1857800 115
1857810 115
1857820 115
1857830 115
1857840 115
1857850 115
1857860 115
1857870 115
1857880 115
1857890 115
1857900 116
1857910 116
1857920 116
1857930 116
1857940 116
1857950 116
1857960 116
1857970 116
1857980 116
1857990 116
1858000 116
1858010 116
1858020 116
1858030 116
1858040 116
1858050 116
1858060 116
1858070 116
1858080 116
1858090 116
1858100 116
1858110 116
1858120 116
1858130 116
1858140 116
1858150 116
1858160 116
1858170 116
1858180 116
1858190 116
1858200 116
1858210 115
1858220 115
1858230 115
1858240 115
1858250 115
1858260 115
1858270 115
1858280 115
1858290 115
1858300 115
1858310 115
1858320 115
1858330 116
1858340 116
1858350 115
1858360 115
1858370 115
1858380 115
1858390 115
1858400 115
1858410 115
1858420 115
1858430 115
1858440 115
1858450 115
1858460 115
1858470 115
1858480 115
1858490 115
1858500 115
1858510 115
1858520 115
1858530 115
1858540 115
1858550 115
1858560 115
1858570 115
1858580 115
1858590 115
1858600 115
1858610 115
1858620 115
1858630 115
1858640 115
1858650 115
1858660 115
1858670 115
1858680 115
1858690 115
1858700 115
1858710 115
1858720 115
1858730 115
1858740 115
1858750 115
1858760 115
1858770 115
1858780 115
1858790 115
1858800 115
1858810 115
1858820 115
1858830 115
1858840 115
1858850 115
1858860 115
1858870 115
1858880 115
1858890 115
1858900 115
1858910 115
1858920 115
1858930 115
1858940 115
1858950 115
1858960 115
1858970 115
1858980 115
1858990 115
1859000 115
1859010 115
1859020 115
1859030 115
1859040 115
1859050 115
1859060 115
1859070 115
1859080 115
1859090 115
1859100 115
1859110 115
1859120 115
1859130 115
1859140 115
1859150 115
1859160 115
1859170 115
1859180 115
1859190 115
1859200 115
1859210 115
1859220 115
1859230 115
1859240 115
1859250 115
1859260 115
1859270 115
1859280 115
1859290 115
1859300 115
1859310 115
1859320 115
1859330 115
1859340 115
1859350 115
1859360 115
1859370 115
1859380 115
1859390 115
1859400 115
1859410 115
1859420 115
1859430 115
1859440 115
1859450 115
1859460 115
1859470 115
1859480 115
1859490 115
1859500 115
1859510 115
1859520 115
1859530 115
1859540 115
1859550 115
1859560 115
1859570 115
1859580 115
1859590 115
1859600 115
1859610 115
1859620 115
1859630 115
1859640 115
1859650 115
1859660 115
1859670 115
1859680 115
1859690 115
1859700 115
1859710 115
1859720 115
1859730 115
1859740 115
1859750 115
1859760 115
1859770 115
1859780 115
1859790 115
1859800 115
1859810 115
1859820 115
1859830 115
1859840 115
1859850 115
1859860 115
1859870 115
1859880 115
1859890 115
1859900 115
1859910 115
1859920 115
1859930 115
1859940 115
1859950 115
1859960 115
1859970 115
1859980 115
1859990 115
