1840000 368
1840010 367
1840020 367
1840030 367
1840040 367
1840050 367
1840060 367
1840070 367
1840080 367
1840090 367
1840100 367
1840110 367
1840120 367
1840130 367
1840140 367
1840150 367
1840160 366
1840170 366
1840180 366
1840190 366
1840200 366
1840210 365
1840220 364
1840230 364
1840240 364
1840250 363
1840260 363
1840270 363
1840280 362
1840290 362
1840300 362
1840310 362
1840320 362
1840330 363
1840340 363
1840350 363
1840360 363
1840370 363
1840380 363
1840390 363
1840400 363
1840410 363
1840420 363
1840430 363
1840440 363
1840450 362
1840460 362
1840470 362
1840480 361
1840490 361
1840500 361
1840510 360
1840520 358
1840530 358
1840540 357
1840550 356
1840560 356
1840570 354
1840580 352
1840590 352
1840600 351
1840610 349
1840620 349
1840630 347
1840640 346
1840650 345
1840660 345
1840670 343
1840680 342
1840690 342
1840700 341
1840710 340
1840720 340
1840730 339
1840740 338
1840750 338
1840760 337
1840770 336
1840780 336
1840790 335
1840800 334
1840810 334
1840820 333
1840830 333
1840840 333
1840850 333
1840860 332
1840870 332
1840880 331
1840890 331
1840900 331
1840910 330
1840920 329
1840930 328
1840940 327
1840950 326
1840960 326
1840970 325
1840980 324
1840990 324
1841000 323
1841010 322
1841020 322
1841030 322
1841040 321
1841050 321
1841060 321
1841070 320
1841080 320
1841090 319
1841100 318
1841110 318
1841120 317
1841130 316
1841140 316
1841150 315
1841160 314
1841170 314
1841180 313
1841190 312
1841200 312
1841210 311
1841220 310
1841230 310
1841240 309
1841250 309
1841260 309
1841270 309
1841280 310
1841290 309
1841300 310
1841310 311
1841320 311
1841330 312
1841340 313
1841350 313
1841360 314
1841370 316
1841380 316
1841390 317
1841400 318
1841410 319
1841420 319
1841430 320
1841440 321
1841450 321
1841460 322
1841470 322
1841480 322
1841490 323
1841500 324
1841510 324
1841520 325
1841530 326
1841540 326
1841550 327
1841560 327
1841570 327
1841580 328
1841590 329
1841600 329
1841610 331
1841620 332
1841630 332
1841640 333
1841650 335
1841660 335
1841670 336
1841680 338
1841690 338
1841700 340
1841710 341
1841720 341
1841730 342
1841740 343
1841750 343
1841760 343
1841770 344
1841780 344
1841790 346
1841800 347
1841810 347
1841820 348
1841830 350
1841840 350
1841850 351
1841860 352
1841870 352
1841880 353
1841890 355
1841900 355
1841910 356
1841920 357
1841930 357
1841940 358
1841950 360
1841960 360
1841970 361
1841980 362
1841990 362
1842000 364
1842010 366
1842020 366
1842030 367
1842040 369
1842050 369
1842060 371
1842070 372
1842080 372
1842090 374
1842100 376
1842110 376
1842120 377
1842130 379
1842140 379
1842150 380
1842160 381
1842170 382
1842180 382
1842190 383
1842200 384
1842210 384
1842220 385
1842230 386
1842240 386
1842250 387
1842260 389
1842270 389
1842280 390
1842290 392
1842300 392
1842310 394
1842320 395
1842330 395
1842340 397
1842350 399
1842360 399
1842370 402
1842380 404
1842390 404
1842400 406
1842410 407
1842420 407
1842430 408
1842440 407
1842450 407
1842460 406
1842470 405
1842480 405
1842490 405
1842500 404
1842510 404
1842520 404
1842530 403
1842540 403
1842550 402
1842560 402
1842570 402
1842580 401
1842590 400
1842600 400
1842610 399
1842620 399
1842630 399
1842640 398
1842650 398
1842660 398
1842670 397
1842680 397
1842690 397
1842700 397
1842710 397
1842720 397
1842730 395
1842740 394
1842750 394
1842760 394
1842770 393
1842780 393
1842790 392
1842800 392
1842810 392
1842820 391
1842830 390
1842840 390
1842850 390
1842860 388
1842870 388
1842880 387
1842890 386
1842900 384
1842910 384
1842920 383
1842930 382
1842940 382
1842950 381
1842960 381
1842970 381
1842980 380
1842990 379
1843000 379
1843010 378
1843020 377
1843030 377
1843040 377
1843050 376
1843060 376
1843070 375
1843080 375
1843090 374
1843100 373
1843110 372
1843120 372
1843130 370
1843140 370
1843150 370
1843160 368
1843170 367
1843180 367
1843190 366
1843200 366
1843210 366
1843220 364
1843230 363
1843240 363
1843250 362
1843260 361
1843270 361
1843280 361
1843290 360
1843300 360
1843310 360
1843320 359
1843330 359
1843340 359
1843350 358
1843360 358
1843370 358
1843380 359
1843390 359
1843400 359
1843410 360
1843420 360
1843430 360
1843440 361
1843450 361
1843460 361
1843470 362
1843480 362
1843490 362
1843500 363
1843510 363
1843520 363
1843530 364
1843540 364
1843550 364
1843560 365
1843570 365
1843580 365
1843590 365
1843600 365
1843610 365
1843620 365
1843630 365
1843640 366
1843650 366
1843660 367
1843670 367
1843680 367
1843690 368
1843700 368
1843710 368
1843720 368
1843730 368
1843740 369
1843750 369
1843760 369
1843770 369
1843780 370
1843790 370
1843800 370
1843810 370
1843820 370
1843830 371
1843840 371
1843850 371
1843860 372
1843870 372
1843880 372
1843890 373
1843900 374
1843910 374
1843920 375
1843930 375
1843940 375
1843950 376
1843960 377
1843970 377
1843980 378
1843990 378
1844000 378
1844010 379
1844020 380
1844030 380
1844040 382
1844050 383
1844060 383
1844070 383
1844080 384
1844090 384
1844100 384
1844110 384
1844120 384
1844130 384
1844140 383
1844150 383
1844160 383
1844170 381
1844180 381
1844190 381
1844200 380
1844210 380
1844220 379
1844230 379
1844240 379
1844250 378
1844260 378
1844270 378
1844280 377
1844290 377
1844300 377
1844310 377
1844320 377
1844330 377
1844340 377
1844350 377
1844360 377
1844370 376
1844380 376
1844390 376
1844400 376
1844410 376
1844420 376
1844430 376
1844440 376
1844450 376
1844460 376
1844470 376
1844480 376
1844490 376
1844500 376
1844510 376
1844520 376
1844530 377
1844540 376
1844550 376
1844560 376
1844570 375
1844580 375
1844590 374
1844600 373
1844610 373
1844620 372
1844630 371
1844640 371
1844650 370
1844660 369
1844670 369
1844680 368
1844690 366
1844700 366
1844710 365
1844720 364
1844730 364
1844740 363
1844750 362
1844760 362
1844770 362
1844780 361
1844790 361
1844800 361
1844810 360
1844820 360
1844830 361
1844840 361
1844850 361
1844860 361
1844870 359
1844880 360
1844890 358
1844900 357
1844910 357
1844920 355
1844930 354
1844940 354
1844950 353
1844960 351
1844970 351
1844980 350
1844990 348
1845000 348
1845010 347
1845020 345
1845030 345
1845040 344
1845050 340
1845060 340
1845070 340
1845080 340
1845090 340
1845100 339
1845110 337
1845120 337
1845130 334
1845140 332
1845150 332
1845160 330
1845170 329
1845180 330
1845190 330
1845200 329
1845210 329
1845220 329
1845230 330
1845240 332
1845250 332
1845260 333
1845270 333
1845280 333
1845290 332
1845300 330
1845310 330
1845320 329
1845330 328
1845340 328
1845350 327
1845360 327
1845370 327
1845380 327
1845390 327
1845400 327
1845410 329
1845420 331
1845430 331
1845440 334
1845450 337
1845460 337
1845470 339
1845480 341
1845490 341
1845500 343
1845510 345
1845520 345
1845530 346
1845540 347
1845550 347
1845560 348
1845570 349
1845580 349
1845590 350
1845600 352
1845610 352
1845620 353
1845630 354
1845640 354
1845650 355
1845660 355
1845670 355
1845680 356
1845690 356
1845700 356
1845710 356
1845720 355
1845730 355
1845740 354
1845750 353
1845760 353
1845770 352
1845780 350
1845790 350
1845800 349
1845810 347
1845820 347
1845830 345
1845840 343
1845850 343
1845860 342
1845870 340
1845880 340
1845890 339
1845900 337
1845910 337
1845920 335
1845930 332
1845940 329
1845950 328
1845960 326
1845970 324
1845980 324
1845990 322
1846000 321
1846010 321
1846020 319
1846030 318
1846040 318
1846050 316
1846060 314
1846070 314
1846080 312
1846090 311
1846100 311
1846110 311
1846120 311
1846130 311
1846140 311
1846150 312
1846160 312
1846170 313
1846180 315
1846190 315
1846200 316
1846210 318
1846220 318
1846230 320
1846240 322
1846250 322
1846260 324
1846270 325
1846280 325
1846290 327
1846300 328
1846310 330
1846320 333
1846330 335
1846340 335
1846350 336
1846360 339
1846370 339
1846380 341
1846390 343
1846400 343
1846410 343
1846420 344
1846430 344
1846440 345
1846450 345
1846460 345
1846470 345
1846480 345
1846490 345
1846500 344
1846510 343
1846520 343
1846530 341
1846540 339
1846550 339
1846560 338
1846570 336
1846580 336
1846590 335
1846600 334
1846610 334
1846620 333
1846630 333
1846640 333
1846650 332
1846660 332
1846670 334
1846680 334
1846690 335
1846700 336
1846710 336
1846720 337
1846730 338
1846740 338
1846750 339
1846760 341
1846770 341
1846780 342
1846790 344
1846800 344
1846810 344
1846820 343
1846830 343
1846840 341
1846850 340
1846860 340
1846870 338
1846880 336
1846890 336
1846900 334
1846910 333
1846920 333
1846930 331
1846940 329
1846950 329
1846960 327
1846970 325
1846980 325
1846990 323
1847000 321
1847010 321
1847020 320
1847030 319
1847040 319
1847050 317
1847060 314
1847070 314
1847080 312
1847090 311
1847100 311
1847110 310
1847120 309
1847130 309
1847140 308
1847150 307
1847160 307
1847170 306
1847180 305
1847190 305
1847200 304
1847210 303
1847220 303
1847230 302
1847240 301
1847250 301
1847260 300
1847270 300
1847280 300
1847290 299
1847300 299
1847310 299
1847320 298
1847330 298
1847340 298
1847350 297
1847360 297
1847370 297
1847380 297
1847390 295
1847400 295
1847410 295
1847420 294
1847430 294
1847440 293
1847450 292
1847460 291
1847470 291
1847480 290
1847490 289
1847500 289
1847510 287
1847520 285
1847530 285
1847540 283
1847550 281
1847560 281
1847570 279
1847580 277
1847590 277
1847600 275
1847610 273
1847620 273
1847630 272
1847640 271
1847650 271
1847660 270
1847670 269
1847680 269
1847690 269
1847700 268
1847710 268
1847720 266
1847730 265
1847740 265
1847750 264
1847760 264
1847770 264
1847780 263
1847790 262
1847800 262
1847810 261
1847820 261
1847830 261
1847840 260
1847850 259
1847860 259
1847870 259
1847880 258
1847890 258
1847900 258
1847910 257
1847920 257
1847930 256
1847940 256
1847950 256
1847960 256
1847970 255
1847980 255
1847990 254
1848000 254
1848010 254
1848020 253
1848030 252
1848040 252
1848050 251
1848060 251
1848070 251
1848080 250
1848090 250
1848100 250
1848110 250
1848120 249
1848130 249
1848140 249
1848150 249
1848160 249
1848170 249
1848180 249
1848190 249
1848200 249
1848210 249
1848220 249
1848230 249
1848240 248
1848250 248
1848260 248
1848270 247
1848280 247
1848290 247
1848300 246
1848310 246
1848320 246
1848330 245
1848340 245
1848350 245
1848360 245
1848370 245
1848380 245
1848390 245
1848400 244
1848410 244
1848420 243
1848430 244
1848440 244
1848450 245
1848460 246
1848470 246
1848480 246
1848490 245
1848500 245
1848510 245
1848520 244
1848530 244
1848540 244
1848550 244
1848560 244
1848570 243
1848580 243
1848590 243
1848600 242
1848610 242
1848620 242
1848630 241
1848640 241
1848650 241
1848660 241
1848670 240
1848680 240
1848690 239
1848700 238
1848710 238
1848720 237
1848730 236
1848740 236
1848750 236
1848760 235
1848770 235
1848780 235
1848790 234
1848800 234
1848810 234
1848820 233
1848830 233
1848840 233
1848850 232
1848860 232
1848870 232
1848880 232
1848890 232
1848900 231
1848910 231
1848920 231
1848930 230
1848940 230
1848950 230
1848960 231
1848970 232
1848980 232
1848990 232
1849000 233
1849010 233
1849020 233
1849030 234
1849040 234
1849050 234
1849060 234
1849070 235
1849080 235
1849090 235
1849100 237
1849110 237
1849120 237
1849130 237
1849140 237
1849150 236
1849160 236
1849170 236
1849180 236
1849190 235
1849200 235
1849210 235
1849220 234
1849230 234
1849240 234
1849250 233
1849260 233
1849270 233
1849280 233
1849290 233
1849300 232
1849310 232
1849320 232
1849330 232
1849340 231
1849350 231
1849360 230
1849370 230
1849380 230
1849390 229
1849400 229
1849410 229
1849420 228
1849430 228
1849440 228
1849450 227
1849460 227
1849470 227
1849480 226
1849490 225
1849500 225
1849510 224
1849520 222
1849530 222
1849540 222
1849550 221
1849560 221
1849570 220
1849580 220
1849590 220
1849600 219
1849610 218
1849620 218
1849630 218
1849640 217
1849650 217
1849660 216
1849670 215
1849680 215
1849690 215
1849700 213
1849710 213
1849720 212
1849730 211
1849740 210
1849750 210
1849760 209
1849770 208
1849780 208
1849790 207
1849800 206
1849810 206
1849820 204
1849830 203
1849840 203
1849850 202
1849860 200
1849870 200
1849880 199
1849890 199
1849900 199
1849910 199
1849920 199
1849930 199
1849940 198
1849950 197
1849960 197
1849970 197
1849980 198
1849990 198
1850000 199
1850010 198
1850020 198
1850030 198
1850040 198
1850050 198
1850060 198
1850070 199
1850080 199
1850090 199
1850100 199
1850110 199
1850120 200
1850130 200
1850140 200
1850150 200
1850160 201
1850170 201
1850180 201
1850190 201
1850200 201
1850210 202
1850220 203
1850230 203
1850240 204
1850250 205
1850260 205
1850270 206
1850280 206
1850290 206
1850300 206
1850310 206
1850320 206
1850330 206
1850340 207
1850350 207
1850360 207
1850370 207
1850380 207
1850390 207
1850400 207
1850410 207
1850420 208
1850430 208
1850440 208
1850450 209
1850460 208
1850470 208
1850480 208
1850490 208
1850500 207
1850510 207
1850520 207
1850530 207
1850540 207
1850550 206
1850560 206
1850570 206
1850580 206
1850590 206
1850600 206
1850610 205
1850620 205
1850630 205
1850640 205
1850650 204
1850660 204
1850670 204
1850680 204
1850690 204
1850700 204
1850710 203
1850720 203
1850730 203
1850740 203
1850750 203
1850760 202
1850770 201
1850780 201
1850790 201
1850800 200
1850810 200
1850820 199
1850830 197
1850840 197
1850850 196
1850860 194
1850870 194
1850880 192
1850890 191
1850900 191
1850910 189
1850920 188
1850930 188
1850940 187
1850950 186
1850960 186
1850970 185
1850980 183
1850990 183
1851000 182
1851010 180
1851020 180
1851030 178
1851040 177
1851050 177
1851060 176
1851070 175
1851080 175
1851090 175
1851100 175
1851110 175
1851120 174
1851130 174
1851140 174
1851150 174
1851160 174
1851170 174
1851180 173
1851190 173
1851200 173
1851210 172
1851220 172
1851230 172
1851240 172
1851250 172
1851260 172
1851270 172
1851280 171
1851290 170
1851300 170
1851310 169
1851320 168
1851330 168
1851340 168
1851350 167
1851360 167
1851370 165
1851380 165
1851390 165
1851400 164
1851410 163
1851420 163
1851430 162
1851440 162
1851450 162
1851460 162
1851470 162
1851480 162
1851490 162
1851500 162
1851510 162
1851520 162
1851530 162
1851540 162
1851550 162
1851560 162
1851570 162
1851580 162
1851590 162
1851600 162
1851610 161
1851620 161
1851630 161
1851640 161
1851650 160
1851660 160
1851670 159
1851680 158
1851690 158
1851700 157
1851710 156
1851720 156
1851730 155
1851740 154
1851750 154
1851760 153
1851770 153
1851780 153
1851790 151
1851800 151
1851810 151
1851820 150
1851830 150
1851840 150
1851850 149
1851860 149
1851870 149
1851880 149
1851890 148
1851900 148
1851910 149
1851920 148
1851930 148
1851940 148
1851950 148
1851960 148
1851970 148
1851980 148
1851990 148
1852000 148
1852010 148
1852020 148
1852030 148
1852040 148
1852050 148
1852060 148
1852070 148
1852080 148
1852090 148
1852100 148
1852110 147
1852120 147
1852130 147
1852140 147
1852150 147
1852160 147
1852170 147
1852180 147
1852190 147
1852200 147
1852210 147
1852220 147
1852230 147
1852240 147
1852250 146
1852260 146
1852270 146
1852280 146
1852290 146
1852300 146
1852310 146
1852320 146
1852330 146
1852340 146
1852350 146
1852360 146
1852370 146
1852380 146
1852390 146
1852400 146
1852410 145
1852420 145
1852430 145
1852440 145
1852450 145
1852460 145
1852470 145
1852480 145
1852490 145
1852500 145
1852510 145
1852520 144
1852530 144
1852540 144
1852550 144
1852560 144
1852570 144
1852580 144
1852590 144
1852600 144
1852610 143
1852620 143
1852630 143
1852640 143
1852650 143
1852660 143
1852670 143
1852680 143
1852690 143
1852700 143
1852710 142
1852720 142
1852730 142
1852740 142
1852750 142
1852760 142
1852770 142
1852780 141
1852790 141
1852800 141
1852810 141
1852820 141
1852830 141
1852840 140
1852850 140
1852860 140
1852870 140
1852880 140
1852890 140
1852900 139
1852910 139
1852920 139
1852930 139
1852940 139
1852950 139
1852960 139
1852970 139
1852980 138
1852990 138
1853000 138
1853010 137
1853020 137
1853030 137
1853040 137
1853050 136
1853060 136
1853070 136
1853080 136
1853090 136
1853100 136
1853110 136
1853120 136
1853130 136
1853140 136
1853150 136
1853160 137
1853170 137
1853180 137
1853190 136
1853200 135
1853210 135
1853220 135
1853230 135
1853240 135
1853250 135
1853260 135
1853270 135
1853280 134
1853290 134
1853300 134
1853310 134
1853320 134
1853330 134
1853340 134
1853350 134
1853360 134
1853370 134
1853380 133
1853390 133
1853400 133
1853410 133
1853420 133
1853430 133
1853440 133
1853450 133
1853460 133
1853470 133
1853480 133
1853490 132
1853500 132
1853510 132
1853520 132
1853530 132
1853540 131
1853550 131
1853560 131
1853570 131
1853580 131
1853590 131
1853600 131
1853610 131
1853620 130
1853630 130
1853640 130
1853650 130
1853660 130
1853670 130
1853680 130
1853690 129
1853700 129
1853710 129
1853720 129
1853730 129
1853740 129
1853750 129
1853760 129
1853770 129
1853780 129
1853790 129
1853800 129
1853810 128
1853820 128
1853830 128
1853840 128
1853850 128
1853860 128
1853870 128
1853880 128
1853890 128
1853900 128
1853910 128
1853920 128
1853930 128
1853940 128
1853950 127
1853960 127
1853970 127
1853980 127
1853990 127
1854000 127
1854010 127
1854020 127
1854030 127
1854040 127
1854050 127
1854060 127
1854070 127
1854080 127
1854090 127
1854100 126
1854110 126
1854120 126
1854130 126
1854140 126
1854150 126
1854160 126
1854170 126
1854180 126
1854190 126
1854200 126
1854210 126
1854220 125
1854230 125
1854240 125
1854250 125
1854260 125
1854270 125
1854280 125
1854290 125
1854300 124
1854310 124
1854320 124
1854330 124
1854340 124
1854350 124
1854360 124
1854370 124
1854380 123
1854390 123
1854400 123
1854410 123
1854420 123
1854430 123
1854440 123
1854450 123
1854460 123
1854470 123
1854480 123
1854490 123
1854500 123
1854510 122
1854520 122
1854530 123
1854540 123
1854550 123
1854560 122
1854570 122
1854580 122
1854590 121
1854600 121
1854610 121
1854620 121
1854630 122
1854640 122
1854650 122
1854660 122
1854670 122
1854680 122
1854690 122
1854700 122
1854710 122
1854720 122
1854730 122
1854740 121
1854750 121
1854760 121
1854770 121
1854780 122
1854790 122
1854800 121
1854810 121
1854820 121
1854830 121
1854840 121
1854850 121
1854860 119
1854870 117
1854880 117
1854890 117
1854900 117
1854910 117
1854920 116
1854930 116
1854940 116
1854950 116
1854960 116
1854970 116
1854980 116
1854990 116
1855000 116
1855010 116
1855020 116
1855030 116
1855040 116
1855050 116
1855060 116
1855070 116
1855080 116
1855090 115
1855100 115
1855110 115
1855120 115
1855130 115
1855140 115
1855150 115
1855160 115
1855170 115
1855180 115
1855190 115
1855200 115
1855210 115
1855220 115
1855230 115
1855240 116
1855250 116
1855260 116
1855270 115
1855280 115
1855290 115
1855300 115
1855310 115
1855320 115
1855330 115
1855340 115
1855350 115
1855360 115
1855370 115
1855380 115
1855390 115
1855400 115
1855410 116
1855420 115
1855430 115
1855440 115
1855450 115
1855460 115
1855470 115
1855480 115
1855490 115
1855500 115
1855510 115
1855520 115
1855530 115
1855540 115
1855550 115
1855560 115
1855570 115
1855580 115
1855590 115
1855600 115
1855610 115
1855620 115
1855630 115
1855640 115
1855650 115
1855660 115
1855670 115
1855680 115
1855690 115
1855700 115
1855710 115
1855720 115
1855730 115
1855740 115
1855750 115
1855760 115
1855770 115
1855780 115
1855790 115
1855800 115
1855810 115
1855820 115
1855830 115
1855840 115
1855850 115
1855860 115
1855870 115
1855880 115
1855890 115
1855900 115
1855910 115
1855920 115
1855930 115
1855940 115
1855950 115
1855960 115
1855970 115
1855980 115
1855990 115
1856000 115
1856010 115
1856020 115
1856030 115
1856040 115
1856050 115
1856060 115
1856070 115
1856080 115
1856090 115
1856100 115
1856110 115
1856120 115
1856130 115
1856140 115
1856150 115
1856160 115
1856170 115
1856180 115
1856190 115
1856200 115
1856210 115
1856220 115
1856230 115
1856240 115
1856250 115
1856260 115
1856270 115
1856280 115
1856290 115
1856300 115
1856310 115
1856320 115
1856330 115
1856340 115
1856350 115
1856360 115
1856370 115
1856380 115
1856390 115
1856400 115
1856410 115
1856420 115
1856430 115
1856440 115
1856450 115
1856460 115
1856470 115
1856480 115
1856490 115
1856500 115
1856510 115
1856520 115
1856530 115
1856540 115
1856550 115
1856560 115
1856570 115
1856580 115
1856590 115
1856600 115
1856610 115
1856620 115
1856630 115
1856640 115
1856650 115
1856660 115
1856670 115
1856680 115
1856690 115
1856700 115
1856710 115
1856720 115
1856730 115
1856740 115
1856750 115
1856760 115
1856770 115
1856780 115
1856790 115
1856800 115
1856810 115
1856820 115
1856830 115
1856840 115
1856850 115
1856860 115
1856870 115
1856880 115
1856890 115
1856900 115
1856910 115
1856920 115
1856930 115
1856940 115
1856950 115
1856960 115
1856970 115
1856980 115
1856990 115
1857000 115
1857010 115
1857020 115
1857030 115
1857040 115
1857050 115
1857060 115
1857070 115
1857080 115
1857090 115
1857100 115
1857110 115
1857120 115
1857130 115
1857140 115
1857150 115
1857160 115
1857170 115
1857180 115
1857190 115
1857200 115
1857210 115
1857220 115
1857230 115
1857240 116
1857250 116
1857260 115
1857270 115
1857280 115
1857290 115
1857300 115
1857310 115
1857320 115
1857330 115
1857340 115
1857350 115
1857360 116
1857370 115
1857380 115
1857390 115
1857400 115
1857410 115
1857420 115
1857430 115
1857440 115
1857450 115
1857460 115
1857470 115
1857480 115
1857490 115
1857500 115
1857510 115
1857520 115
1857530 115
1857540 115
1857550 115
1857560 115
1857570 115
1857580 115
1857590 115
1857600 115
1857610 115
1857620 115
1857630 115
1857640 115
1857650 115
1857660 115
1857670 115
1857680 115
1857690 115
1857700 115
1857710 115
1857720 115
1857730 115
1857740 115
1857750 115
1857760 115
1857770 115
1857780 116
1857790 115
1857800 115
1857810 115
1857820 115
1857830 115
1857840 115
1857850 115
1857860 115
1857870 115
1857880 115
1857890 115
1857900 115
1857910 115
1857920 115
1857930 115
1857940 115
1857950 115
1857960 115
1857970 115
1857980 115
1857990 115
1858000 115
1858010 115
1858020 115
1858030 115
1858040 115
1858050 115
1858060 115
1858070 115
1858080 115
1858090 115
1858100 115
1858110 115
1858120 115
1858130 115
1858140 115
1858150 115
1858160 115
1858170 115
1858180 115
1858190 115
1858200 115
1858210 115
1858220 115
1858230 115
1858240 115
1858250 115
1858260 115
1858270 115
1858280 115
1858290 115
1858300 115
1858310 115
1858320 115
1858330 115
1858340 115
1858350 115
1858360 115
1858370 115
1858380 115
1858390 115
1858400 116
1858410 116
1858420 116
1858430 115
1858440 115
1858450 115
1858460 116
1858470 116
1858480 116
1858490 116
1858500 116
1858510 115
1858520 116
1858530 116
1858540 116
1858550 116
1858560 116
1858570 116
1858580 116
1858590 116
1858600 116
1858610 116
1858620 116
1858630 116
1858640 116
1858650 116
1858660 115
1858670 115
1858680 115
1858690 115
1858700 116
1858710 116
1858720 116
1858730 116
1858740 116
1858750 116
1858760 116
1858770 116
1858780 116
1858790 115
1858800 115
1858810 115
1858820 115
1858830 115
1858840 116
1858850 115
1858860 115
1858870 115
1858880 115
1858890 115
1858900 115
1858910 115
1858920 115
1858930 115
1858940 115
1858950 115
1858960 115
1858970 115
1858980 115
1858990 115
1859000 115
1859010 115
1859020 115
1859030 115
1859040 115
1859050 115
1859060 115
1859070 115
1859080 115
1859090 115
1859100 115
1859110 115
1859120 115
1859130 115
1859140 115
1859150 115
1859160 115
1859170 115
1859180 115
1859190 115
1859200 115
1859210 115
1859220 115
1859230 115
1859240 115
1859250 115
1859260 115
1859270 115
1859280 115
1859290 115
1859300 115
1859310 115
1859320 115
1859330 115
1859340 115
1859350 115
1859360 115
1859370 115
1859380 115
1859390 115
1859400 115
1859410 115
1859420 115
1859430 115
1859440 115
1859450 115
1859460 115
1859470 115
1859480 115
1859490 115
1859500 115
1859510 115
1859520 115
1859530 115
1859540 115
1859550 115
1859560 115
1859570 115
1859580 115
1859590 115
1859600 115
1859610 115
1859620 115
1859630 115
1859640 115
1859650 115
1859660 115
1859670 115
1859680 115
1859690 115
1859700 115
1859710 115
1859720 115
1859730 115
1859740 115
1859750 115
1859760 115
1859770 115
1859780 115
1859790 115
1859800 115
1859810 115
1859820 115
1859830 115
1859840 115
1859850 115
1859860 115
1859870 115
1859880 115
1859890 115
1859900 115
1859910 115
1859920 115
1859930 115
1859940 115
1859950 115
1859960 115
1859970 115
1859980 115
1859990 115
