1840000 336
1840010 333
1840020 333
1840030 331
1840040 329
1840050 329
1840060 328
1840070 326
1840080 326
1840090 325
1840100 324
1840110 324
1840120 325
1840130 325
1840140 325
1840150 326
1840160 328
1840170 327
1840180 329
1840190 332
1840200 332
1840210 334
1840220 335
1840230 335
1840240 335
1840250 335
1840260 335
1840270 335
1840280 337
1840290 337
1840300 338
1840310 338
1840320 338
1840330 338
1840340 338
1840350 338
1840360 337
1840370 335
1840380 335
1840390 335
1840400 336
1840410 336
1840420 337
1840430 339
1840440 339
1840450 342
1840460 344
1840470 344
1840480 345
1840490 345
1840500 345
1840510 345
1840520 345
1840530 345
1840540 344
1840550 343
1840560 343
1840570 342
1840580 341
1840590 341
1840600 341
1840610 341
1840620 341
1840630 341
1840640 342
1840650 341
1840660 341
1840670 341
1840680 340
1840690 340
1840700 338
1840710 337
1840720 337
1840730 335
1840740 334
1840750 334
1840760 332
1840770 330
1840780 330
1840790 328
1840800 327
1840810 327
1840820 325
1840830 324
1840840 324
1840850 323
1840860 322
1840870 322
1840880 321
1840890 320
1840900 319
1840910 318
1840920 317
1840930 317
1840940 316
1840950 315
1840960 315
1840970 314
1840980 313
1840990 313
1841000 312
1841010 311
1841020 311
1841030 310
1841040 309
1841050 309
1841060 308
1841070 308
1841080 308
1841090 306
1841100 306
1841110 306
1841120 305
1841130 304
1841140 304
1841150 304
1841160 303
1841170 303
1841180 303
1841190 303
1841200 303
1841210 303
1841220 304
1841230 304
1841240 304
1841250 305
1841260 305
1841270 306
1841280 307
1841290 307
1841300 308
1841310 308
1841320 308
1841330 309
1841340 310
1841350 310
1841360 311
1841370 313
1841380 314
1841390 314
1841400 316
1841410 318
1841420 318
1841430 319
1841440 321
1841450 321
1841460 322
1841470 324
1841480 324
1841490 325
1841500 327
1841510 327
1841520 328
1841530 329
1841540 329
1841550 330
1841560 331
1841570 331
1841580 332
1841590 333
1841600 333
1841610 334
1841620 336
1841630 336
1841640 337
1841650 338
1841660 338
1841670 339
1841680 341
1841690 341
1841700 342
1841710 344
1841720 344
1841730 346
1841740 347
1841750 347
1841760 350
1841770 352
1841780 352
1841790 354
1841800 356
1841810 356
1841820 357
1841830 359
1841840 359
1841850 360
1841860 362
1841870 362
1841880 363
1841890 365
1841900 365
1841910 366
1841920 368
1841930 368
1841940 369
1841950 370
1841960 370
1841970 371
1841980 373
1841990 373
1842000 374
1842010 375
1842020 375
1842030 376
1842040 377
1842050 377
1842060 378
1842070 379
1842080 379
1842090 380
1842100 382
1842110 382
1842120 383
1842130 384
1842140 385
1842150 385
1842160 386
1842170 387
1842180 387
1842190 387
1842200 387
1842210 387
1842220 387
1842230 387
1842240 387
1842250 386
1842260 385
1842270 385
1842280 385
1842290 384
1842300 384
1842310 384
1842320 384
1842330 384
1842340 381
1842350 382
1842360 382
1842370 382
1842380 382
1842390 382
1842400 381
1842410 378
1842420 378
1842430 377
1842440 375
1842450 375
1842460 373
1842470 372
1842480 372
1842490 372
1842500 371
1842510 371
1842520 371
1842530 370
1842540 370
1842550 370
1842560 369
1842570 369
1842580 369
1842590 369
1842600 369
1842610 369
1842620 368
1842630 368
1842640 367
1842650 366
1842660 366
1842670 365
1842680 364
1842690 364
1842700 362
1842710 361
1842720 361
1842730 361
1842740 360
1842750 360
1842760 358
1842770 358
1842780 358
1842790 358
1842800 359
1842810 359
1842820 359
1842830 359
1842840 359
1842850 358
1842860 358
1842870 358
1842880 358
1842890 357
1842900 357
1842910 357
1842920 357
1842930 356
1842940 356
1842950 356
1842960 356
1842970 356
1842980 356
1842990 356
1843000 356
1843010 356
1843020 355
1843030 355
1843040 354
1843050 354
1843060 353
1843070 352
1843080 352
1843090 352
1843100 351
1843110 350
1843120 350
1843130 349
1843140 348
1843150 348
1843160 347
1843170 346
1843180 346
1843190 346
1843200 345
1843210 345
1843220 344
1843230 343
1843240 343
1843250 342
1843260 343
1843270 343
1843280 344
1843290 346
1843300 346
1843310 347
1843320 349
1843330 349
1843340 350
1843350 351
1843360 351
1843370 352
1843380 353
1843390 353
1843400 353
1843410 354
1843420 354
1843430 354
1843440 355
1843450 355
1843460 356
1843470 356
1843480 356
1843490 356
1843500 356
1843510 356
1843520 356
1843530 356
1843540 356
1843550 356
1843560 356
1843570 356
1843580 355
1843590 355
1843600 355
1843610 354
1843620 354
1843630 354
1843640 353
1843650 353
1843660 352
1843670 352
1843680 351
1843690 352
1843700 352
1843710 352
1843720 353
1843730 353
1843740 353
1843750 354
1843760 354
1843770 355
1843780 355
1843790 355
1843800 356
1843810 357
1843820 357
1843830 357
1843840 358
1843850 358
1843860 358
1843870 358
1843880 358
1843890 359
1843900 359
1843910 359
1843920 359
1843930 360
1843940 360
1843950 360
1843960 361
1843970 361
1843980 361
1843990 361
1844000 361
1844010 362
1844020 362
1844030 362
1844040 362
1844050 362
1844060 362
1844070 362
1844080 362
1844090 362
1844100 362
1844110 362
1844120 362
1844130 362
1844140 360
1844150 360
1844160 360
1844170 359
1844180 359
1844190 359
1844200 358
1844210 358
1844220 357
1844230 357
1844240 357
1844250 356
1844260 355
1844270 355
1844280 354
1844290 354
1844300 354
1844310 353
1844320 353
1844330 353
1844340 353
1844350 353
1844360 353
1844370 353
1844380 354
1844390 354
1844400 354
1844410 355
1844420 355
1844430 356
1844440 357
1844450 357
1844460 357
1844470 357
1844480 358
1844490 358
1844500 357
1844510 358
1844520 358
1844530 358
1844540 358
1844550 358
1844560 358
1844570 358
1844580 358
1844590 357
1844600 357
1844610 357
1844620 357
1844630 357
1844640 357
1844650 356
1844660 356
1844670 356
1844680 356
1844690 355
1844700 355
1844710 355
1844720 354
1844730 354
1844740 354
1844750 353
1844760 353
1844770 353
1844780 353
1844790 353
1844800 353
1844810 353
1844820 353
1844830 352
1844840 352
1844850 352
1844860 352
1844870 352
1844880 352
1844890 352
1844900 352
1844910 352
1844920 352
1844930 353
1844940 353
1844950 354
1844960 355
1844970 355
1844980 357
1844990 358
1845000 358
1845010 359
1845020 359
1845030 359
1845040 359
1845050 358
1845060 358
1845070 357
1845080 356
1845090 356
1845100 355
1845110 354
1845120 354
1845130 353
1845140 352
1845150 352
1845160 352
1845170 351
1845180 351
1845190 351
1845200 351
1845210 351
1845220 351
1845230 351
1845240 352
1845250 352
1845260 352
1845270 353
1845280 353
1845290 355
1845300 357
1845310 357
1845320 358
1845330 359
1845340 359
1845350 359
1845360 359
1845370 359
1845380 359
1845390 359
1845400 359
1845410 358
1845420 358
1845430 358
1845440 358
1845450 359
1845460 359
1845470 360
1845480 360
1845490 360
1845500 361
1845510 362
1845520 362
1845530 363
1845540 364
1845550 364
1845560 364
1845570 365
1845580 365
1845590 365
1845600 364
1845610 364
1845620 363
1845630 362
1845640 362
1845650 360
1845660 358
1845670 358
1845680 357
1845690 356
1845700 356
1845710 355
1845720 354
1845730 354
1845740 353
1845750 351
1845760 351
1845770 350
1845780 349
1845790 349
1845800 348
1845810 346
1845820 346
1845830 345
1845840 344
1845850 344
1845860 342
1845870 340
1845880 340
1845890 339
1845900 337
1845910 337
1845920 336
1845930 335
1845940 335
1845950 335
1845960 334
1845970 334
1845980 334
1845990 334
1846000 333
1846010 333
1846020 333
1846030 332
1846040 332
1846050 331
1846060 330
1846070 330
1846080 330
1846090 329
1846100 329
1846110 329
1846120 329
1846130 329
1846140 329
1846150 330
1846160 330
1846170 332
1846180 333
1846190 333
1846200 334
1846210 337
1846220 337
1846230 340
1846240 343
1846250 343
1846260 345
1846270 348
1846280 348
1846290 350
1846300 353
1846310 353
1846320 356
1846330 358
1846340 358
1846350 361
1846360 363
1846370 363
1846380 364
1846390 365
1846400 365
1846410 366
1846420 366
1846430 366
1846440 366
1846450 366
1846460 366
1846470 366
1846480 366
1846490 366
1846500 366
1846510 365
1846520 365
1846530 365
1846540 364
1846550 364
1846560 364
1846570 364
1846580 364
1846590 363
1846600 363
1846610 363
1846620 363
1846630 363
1846640 364
1846650 364
1846660 365
1846670 365
1846680 365
1846690 366
1846700 366
1846710 367
1846720 367
1846730 367
1846740 367
1846750 367
1846760 367
1846770 367
1846780 367
1846790 366
1846800 366
1846810 365
1846820 363
1846830 363
1846840 361
1846850 359
1846860 359
1846870 357
1846880 356
1846890 356
1846900 355
1846910 353
1846920 353
1846930 352
1846940 351
1846950 351
1846960 351
1846970 350
1846980 350
1846990 351
1847000 351
1847010 351
1847020 351
1847030 350
1847040 350
1847050 350
1847060 350
1847070 350
1847080 349
1847090 347
1847100 347
1847110 345
1847120 343
1847130 343
1847140 341
1847150 338
1847160 338
1847170 336
1847180 333
1847190 333
1847200 330
1847210 326
1847220 326
1847230 323
1847240 321
1847250 321
1847260 318
1847270 316
1847280 316
1847290 314
1847300 312
1847310 312
1847320 310
1847330 308
1847340 308
1847350 305
1847360 304
1847370 304
1847380 302
1847390 300
1847400 300
1847410 299
1847420 296
1847430 296
1847440 294
1847450 293
1847460 293
1847470 292
1847480 291
1847490 290
1847500 290
1847510 289
1847520 288
1847530 288
1847540 287
1847550 286
1847560 286
1847570 285
1847580 284
1847590 284
1847600 283
1847610 282
1847620 282
1847630 280
1847640 278
1847650 278
1847660 276
1847670 275
1847680 275
1847690 274
1847700 274
1847710 274
1847720 273
1847730 272
1847740 272
1847750 272
1847760 271
1847770 271
1847780 270
1847790 269
1847800 269
1847810 268
1847820 268
1847830 268
1847840 267
1847850 267
1847860 267
1847870 267
1847880 267
1847890 267
1847900 267
1847910 266
1847920 266
1847930 266
1847940 266
1847950 266
1847960 266
1847970 266
1847980 266
1847990 265
1848000 265
1848010 265
1848020 265
1848030 265
1848040 265
1848050 264
1848060 264
1848070 264
1848080 264
1848090 264
1848100 264
1848110 264
1848120 264
1848130 264
1848140 264
1848150 264
1848160 264
1848170 263
1848180 263
1848190 263
1848200 263
1848210 263
1848220 263
1848230 263
1848240 262
1848250 262
1848260 262
1848270 261
1848280 260
1848290 260
1848300 260
1848310 259
1848320 259
1848330 259
1848340 258
1848350 258
1848360 257
1848370 257
1848380 257
1848390 256
1848400 255
1848410 256
1848420 255
1848430 255
1848440 255
1848450 254
1848460 253
1848470 253
1848480 253
1848490 252
1848500 252
1848510 251
1848520 251
1848530 251
1848540 250
1848550 249
1848560 249
1848570 248
1848580 247
1848590 247
1848600 246
1848610 246
1848620 246
1848630 245
1848640 244
1848650 244
1848660 243
1848670 243
1848680 243
1848690 242
1848700 241
1848710 241
1848720 240
1848730 239
1848740 239
1848750 239
1848760 239
1848770 239
1848780 240
1848790 239
1848800 239
1848810 239
1848820 238
1848830 238
1848840 237
1848850 236
1848860 236
1848870 236
1848880 236
1848890 236
1848900 236
1848910 235
1848920 235
1848930 235
1848940 234
1848950 234
1848960 234
1848970 234
1848980 234
1848990 234
1849000 233
1849010 233
1849020 233
1849030 231
1849040 230
1849050 230
1849060 229
1849070 228
1849080 228
1849090 227
1849100 225
1849110 225
1849120 225
1849130 224
1849140 224
1849150 223
1849160 222
1849170 222
1849180 221
1849190 220
1849200 220
1849210 219
1849220 218
1849230 218
1849240 217
1849250 216
1849260 216
1849270 215
1849280 214
1849290 214
1849300 214
1849310 213
1849320 213
1849330 213
1849340 213
1849350 213
1849360 213
1849370 212
1849380 212
1849390 212
1849400 213
1849410 213
1849420 213
1849430 214
1849440 214
1849450 214
1849460 215
1849470 213
1849480 213
1849490 213
1849500 213
1849510 213
1849520 212
1849530 212
1849540 211
1849550 210
1849560 210
1849570 209
1849580 209
1849590 209
1849600 208
1849610 208
1849620 208
1849630 208
1849640 208
1849650 208
1849660 207
1849670 207
1849680 207
1849690 207
1849700 207
1849710 207
1849720 207
1849730 206
1849740 206
1849750 206
1849760 206
1849770 207
1849780 207
1849790 207
1849800 208
1849810 208
1849820 210
1849830 213
1849840 213
1849850 214
1849860 215
1849870 215
1849880 216
1849890 218
1849900 218
1849910 220
1849920 222
1849930 222
1849940 224
1849950 225
1849960 225
1849970 225
1849980 225
1849990 225
1850000 224
1850010 223
1850020 223
1850030 222
1850040 221
1850050 221
1850060 222
1850070 222
1850080 222
1850090 221
1850100 220
1850110 220
1850120 220
1850130 220
1850140 220
1850150 220
1850160 221
1850170 221
1850180 222
1850190 221
1850200 221
1850210 222
1850220 222
1850230 222
1850240 221
1850250 221
1850260 221
1850270 220
1850280 219
1850290 219
1850300 218
1850310 218
1850320 218
1850330 218
1850340 217
1850350 217
1850360 217
1850370 216
1850380 216
1850390 216
1850400 215
1850410 215
1850420 215
1850430 214
1850440 214
1850450 214
1850460 213
1850470 213
1850480 212
1850490 211
1850500 211
1850510 211
1850520 210
1850530 210
1850540 210
1850550 210
1850560 209
1850570 209
1850580 209
1850590 208
1850600 208
1850610 207
1850620 207
1850630 207
1850640 206
1850650 206
1850660 206
1850670 205
1850680 205
1850690 205
1850700 204
1850710 203
1850720 203
1850730 201
1850740 200
1850750 200
1850760 198
1850770 197
1850780 197
1850790 197
1850800 196
1850810 196
1850820 196
1850830 196
1850840 196
1850850 195
1850860 195
1850870 195
1850880 194
1850890 194
1850900 194
1850910 193
1850920 192
1850930 192
1850940 190
1850950 189
1850960 189
1850970 187
1850980 186
1850990 186
1851000 184
1851010 183
1851020 183
1851030 181
1851040 178
1851050 178
1851060 176
1851070 175
1851080 175
1851090 174
1851100 172
1851110 172
1851120 171
1851130 170
1851140 170
1851150 168
1851160 167
1851170 167
1851180 166
1851190 165
1851200 165
1851210 164
1851220 163
1851230 163
1851240 162
1851250 161
1851260 161
1851270 161
1851280 160
1851290 159
1851300 159
1851310 159
1851320 158
1851330 158
1851340 158
1851350 158
1851360 158
1851370 157
1851380 157
1851390 157
1851400 157
1851410 156
1851420 156
1851430 156
1851440 156
1851450 156
1851460 156
1851470 156
1851480 156
1851490 156
1851500 155
1851510 155
1851520 155
1851530 155
1851540 155
1851550 155
1851560 155
1851570 155
1851580 155
1851590 155
1851600 155
1851610 155
1851620 155
1851630 155
1851640 155
1851650 155
1851660 155
1851670 155
1851680 155
1851690 155
1851700 155
1851710 155
1851720 155
1851730 154
1851740 154
1851750 154
1851760 154
1851770 154
1851780 154
1851790 154
1851800 154
1851810 154
1851820 154
1851830 154
1851840 154
1851850 154
1851860 154
1851870 154
1851880 154
1851890 154
1851900 154
1851910 154
1851920 154
1851930 154
1851940 154
1851950 154
1851960 154
1851970 154
1851980 154
1851990 154
1852000 154
1852010 154
1852020 154
1852030 153
1852040 153
1852050 153
1852060 153
1852070 153
1852080 153
1852090 153
1852100 153
1852110 153
1852120 153
1852130 152
1852140 152
1852150 152
1852160 152
1852170 152
1852180 152
1852190 152
1852200 151
1852210 151
1852220 151
1852230 151
1852240 151
1852250 151
1852260 151
1852270 151
1852280 151
1852290 151
1852300 151
1852310 150
1852320 150
1852330 150
1852340 150
1852350 150
1852360 150
1852370 150
1852380 150
1852390 150
1852400 150
1852410 149
1852420 149
1852430 149
1852440 149
1852450 149
1852460 149
1852470 149
1852480 149
1852490 149
1852500 148
1852510 148
1852520 148
1852530 147
1852540 147
1852550 147
1852560 146
1852570 146
1852580 146
1852590 145
1852600 145
1852610 145
1852620 144
1852630 144
1852640 144
1852650 144
1852660 144
1852670 143
1852680 142
1852690 142
1852700 142
1852710 142
1852720 142
1852730 141
1852740 141
1852750 141
1852760 141
1852770 141
1852780 141
1852790 141
1852800 140
1852810 140
1852820 140
1852830 140
1852840 140
1852850 140
1852860 140
1852870 139
1852880 139
1852890 139
1852900 139
1852910 139
1852920 139
1852930 139
1852940 139
1852950 138
1852960 138
1852970 138
1852980 138
1852990 138
1853000 138
1853010 138
1853020 138
1853030 138
1853040 138
1853050 138
1853060 138
1853070 137
1853080 137
1853090 137
1853100 137
1853110 137
1853120 137
1853130 137
1853140 137
1853150 137
1853160 137
1853170 138
1853180 138
1853190 138
1853200 137
1853210 137
1853220 137
1853230 136
1853240 136
1853250 136
1853260 136
1853270 136
1853280 136
1853290 136
1853300 136
1853310 136
1853320 136
1853330 136
1853340 135
1853350 135
1853360 135
1853370 135
1853380 135
1853390 135
1853400 135
1853410 134
1853420 134
1853430 134
1853440 134
1853450 134
1853460 134
1853470 134
1853480 134
1853490 134
1853500 134
1853510 134
1853520 134
1853530 133
1853540 133
1853550 133
1853560 133
1853570 133
1853580 133
1853590 133
1853600 133
1853610 133
1853620 132
1853630 132
1853640 132
1853650 132
1853660 132
1853670 132
1853680 132
1853690 132
1853700 132
1853710 131
1853720 131
1853730 131
1853740 131
1853750 131
1853760 131
1853770 131
1853780 130
1853790 130
1853800 130
1853810 130
1853820 130
1853830 130
1853840 130
1853850 130
1853860 130
1853870 129
1853880 129
1853890 129
1853900 129
1853910 129
1853920 129
1853930 129
1853940 129
1853950 129
1853960 129
1853970 129
1853980 128
1853990 128
1854000 128
1854010 128
1854020 128
1854030 128
1854040 128
1854050 128
1854060 128
1854070 128
1854080 128
1854090 128
1854100 128
1854110 128
1854120 128
1854130 127
1854140 127
1854150 127
1854160 127
1854170 127
1854180 127
1854190 127
1854200 127
1854210 127
1854220 127
1854230 127
1854240 127
1854250 127
1854260 126
1854270 126
1854280 126
1854290 126
1854300 126
1854310 126
1854320 126
1854330 126
1854340 126
1854350 126
1854360 126
1854370 126
1854380 125
1854390 125
1854400 125
1854410 125
1854420 125
1854430 125
1854440 125
1854450 125
1854460 125
1854470 125
1854480 125
1854490 125
1854500 125
1854510 125
1854520 125
1854530 124
1854540 124
1854550 124
1854560 124
1854570 124
1854580 124
1854590 124
1854600 123
1854610 123
1854620 123
1854630 123
1854640 123
1854650 123
1854660 123
1854670 123
1854680 123
1854690 123
1854700 123
1854710 123
1854720 123
1854730 123
1854740 123
1854750 123
1854760 123
1854770 123
1854780 123
1854790 123
1854800 123
1854810 123
1854820 123
1854830 122
1854840 122
1854850 122
1854860 121
1854870 120
1854880 120
1854890 120
1854900 119
1854910 119
1854920 119
1854930 118
1854940 118
1854950 118
1854960 118
1854970 118
1854980 118
1854990 118
1855000 118
1855010 118
1855020 118
1855030 118
1855040 118
1855050 117
1855060 117
1855070 117
1855080 117
1855090 117
1855100 117
1855110 117
1855120 117
1855130 117
1855140 116
1855150 116
1855160 116
1855170 116
1855180 116
1855190 116
1855200 116
1855210 116
1855220 116
1855230 116
1855240 116
1855250 116
1855260 116
1855270 116
1855280 116
1855290 116
1855300 116
1855310 116
1855320 116
1855330 116
1855340 116
1855350 116
1855360 116
1855370 116
1855380 116
1855390 115
1855400 115
1855410 116
1855420 116
1855430 116
1855440 116
1855450 116
1855460 116
1855470 116
1855480 116
1855490 116
1855500 116
1855510 115
1855520 115
1855530 115
1855540 115
1855550 115
1855560 116
1855570 116
1855580 116
1855590 116
1855600 116
1855610 116
1855620 116
1855630 116
1855640 116
1855650 116
1855660 116
1855670 116
1855680 116
1855690 116
1855700 116
1855710 116
1855720 116
1855730 116
1855740 116
1855750 116
1855760 116
1855770 119
1855780 119
1855790 119
1855800 119
1855810 119
1855820 119
1855830 119
1855840 119
1855850 119
1855860 119
1855870 119
1855880 119
1855890 119
1855900 120
1855910 120
1855920 120
1855930 119
1855940 118
1855950 118
1855960 117
1855970 117
1855980 117
1855990 116
1856000 116
1856010 116
1856020 116
1856030 116
1856040 116
1856050 115
1856060 115
1856070 115
1856080 115
1856090 115
1856100 115
1856110 115
1856120 115
1856130 115
1856140 116
1856150 116
1856160 116
1856170 116
1856180 116
1856190 116
1856200 115
1856210 115
1856220 115
1856230 115
1856240 115
1856250 115
1856260 115
1856270 115
1856280 115
1856290 115
1856300 116
1856310 116
1856320 115
1856330 115
1856340 115
1856350 115
1856360 116
1856370 116
1856380 115
1856390 116
1856400 116
1856410 115
1856420 115
1856430 115
1856440 116
1856450 115
1856460 115
1856470 115
1856480 115
1856490 115
1856500 115
1856510 115
1856520 115
1856530 115
1856540 115
1856550 115
1856560 115
1856570 115
1856580 115
1856590 115
1856600 115
1856610 115
1856620 115
1856630 115
1856640 115
1856650 115
1856660 115
1856670 115
1856680 115
1856690 115
1856700 115
1856710 115
1856720 115
1856730 115
1856740 115
1856750 115
1856760 115
1856770 115
1856780 115
1856790 115
1856800 115
1856810 115
1856820 115
1856830 115
1856840 115
1856850 115
1856860 115
1856870 115
1856880 115
1856890 115
1856900 115
1856910 115
1856920 115
1856930 115
1856940 115
1856950 115
1856960 115
1856970 115
1856980 115
1856990 115
1857000 115
1857010 115
1857020 115
1857030 115
1857040 115
1857050 115
1857060 115
1857070 115
1857080 115
1857090 115
1857100 115
1857110 115
1857120 115
1857130 115
1857140 115
1857150 115
1857160 115
1857170 115
1857180 115
1857190 115
1857200 115
1857210 115
1857220 115
1857230 115
1857240 115
1857250 115
1857260 115
1857270 115
1857280 115
1857290 115
1857300 115
1857310 115
1857320 115
1857330 115
1857340 115
1857350 115
1857360 115
1857370 115
1857380 115
1857390 115
1857400 115
1857410 115
1857420 115
1857430 115
1857440 115
1857450 115
1857460 115
1857470 115
1857480 115
1857490 115
1857500 115
1857510 115
1857520 115
1857530 115
1857540 115
1857550 115
1857560 115
1857570 115
1857580 115
1857590 115
1857600 115
1857610 115
1857620 115
1857630 115
1857640 115
1857650 115
1857660 115
1857670 115
1857680 115
1857690 115
1857700 115
1857710 115
1857720 115
1857730 115
1857740 115
1857750 115
1857760 115
1857770 115
1857780 115
1857790 115
1857800 115
1857810 115
1857820 115
1857830 115
1857840 115
1857850 115
1857860 115
1857870 115
1857880 115
1857890 115
1857900 115
1857910 115
1857920 115
1857930 115
1857940 115
1857950 115
1857960 115
1857970 115
1857980 115
1857990 115
1858000 115
1858010 115
1858020 115
1858030 115
1858040 115
1858050 115
1858060 115
1858070 115
1858080 115
1858090 115
1858100 115
1858110 115
1858120 115
1858130 115
1858140 115
1858150 115
1858160 115
1858170 115
1858180 115
1858190 115
1858200 115
1858210 115
1858220 115
1858230 115
1858240 115
1858250 115
1858260 115
1858270 115
1858280 115
1858290 115
1858300 115
1858310 115
1858320 115
1858330 115
1858340 115
1858350 115
1858360 115
1858370 115
1858380 115
1858390 115
1858400 115
1858410 115
1858420 115
1858430 115
1858440 115
1858450 115
1858460 115
1858470 115
1858480 115
1858490 115
1858500 115
1858510 115
1858520 115
1858530 115
1858540 115
1858550 115
1858560 115
1858570 115
1858580 115
1858590 115
1858600 115
1858610 115
1858620 115
1858630 115
1858640 115
1858650 115
1858660 115
1858670 115
1858680 115
1858690 115
1858700 115
1858710 115
1858720 115
1858730 115
1858740 115
1858750 115
1858760 115
1858770 115
1858780 115
1858790 115
1858800 115
1858810 115
1858820 115
1858830 115
1858840 115
1858850 115
1858860 115
1858870 115
1858880 115
1858890 115
1858900 115
1858910 115
1858920 115
1858930 115
1858940 115
1858950 115
1858960 115
1858970 115
1858980 115
1858990 115
1859000 115
1859010 115
1859020 115
1859030 115
1859040 115
1859050 115
1859060 115
1859070 115
1859080 115
1859090 115
1859100 115
1859110 115
1859120 115
1859130 115
1859140 115
1859150 115
1859160 115
1859170 115
1859180 115
1859190 115
1859200 115
1859210 115
1859220 115
1859230 115
1859240 115
1859250 115
1859260 115
1859270 115
1859280 115
1859290 115
1859300 115
1859310 115
1859320 115
1859330 115
1859340 115
1859350 115
1859360 115
1859370 115
1859380 115
1859390 115
1859400 115
1859410 115
1859420 115
1859430 115
1859440 115
1859450 115
1859460 115
1859470 115
1859480 115
1859490 115
1859500 115
1859510 115
1859520 115
1859530 115
1859540 115
1859550 115
1859560 115
1859570 115
1859580 115
1859590 115
1859600 115
1859610 115
1859620 115
1859630 115
1859640 115
1859650 115
1859660 115
1859670 115
1859680 115
1859690 115
1859700 115
1859710 115
1859720 115
1859730 115
1859740 115
1859750 115
1859760 115
1859770 115
1859780 115
1859790 115
1859800 115
1859810 115
1859820 115
1859830 115
1859840 115
1859850 115
1859860 115
1859870 115
1859880 115
1859890 115
1859900 115
1859910 115
1859920 115
1859930 115
1859940 115
1859950 115
1859960 115
1859970 115
1859980 115
1859990 115
