1840000 279
1840010 279
1840020 280
1840030 281
1840040 281
1840050 282
1840060 282
1840070 282
1840080 284
1840090 285
1840100 285
1840110 287
1840120 288
1840130 288
1840140 290
1840150 291
1840160 291
1840170 293
1840180 294
1840190 294
1840200 295
1840210 295
1840220 295
1840230 296
1840240 296
1840250 296
1840260 296
1840270 296
1840280 296
1840290 295
1840300 295
1840310 295
1840320 295
1840330 295
1840340 295
1840350 295
1840360 296
1840370 298
1840380 298
1840390 301
1840400 304
1840410 304
1840420 309
1840430 312
1840440 313
1840450 317
1840460 320
1840470 320
1840480 323
1840490 326
1840500 326
1840510 329
1840520 332
1840530 332
1840540 335
1840550 338
1840560 338
1840570 342
1840580 346
1840590 346
1840600 349
1840610 352
1840620 352
1840630 353
1840640 355
1840650 355
1840660 356
1840670 356
1840680 356
1840690 357
1840700 357
1840710 357
1840720 357
1840730 357
1840740 357
1840750 358
1840760 358
1840770 358
1840780 357
1840790 357
1840800 356
1840810 356
1840820 355
1840830 355
1840840 353
1840850 352
1840860 352
1840870 350
1840880 348
1840890 348
1840900 346
1840910 344
1840920 344
1840930 343
1840940 341
1840950 341
1840960 340
1840970 339
1840980 339
1840990 338
1841000 337
1841010 337
1841020 336
1841030 335
1841040 335
1841050 334
1841060 333
1841070 333
1841080 332
1841090 332
1841100 332
1841110 331
1841120 330
1841130 330
1841140 330
1841150 329
1841160 329
1841170 329
1841180 330
1841190 331
1841200 331
1841210 332
1841220 333
1841230 333
1841240 334
1841250 335
1841260 335
1841270 336
1841280 337
1841290 337
1841300 338
1841310 339
1841320 339
1841330 340
1841340 341
1841350 341
1841360 342
1841370 343
1841380 343
1841390 344
1841400 345
1841410 345
1841420 345
1841430 346
1841440 346
1841450 347
1841460 348
1841470 348
1841480 349
1841490 349
1841500 349
1841510 350
1841520 351
1841530 351
1841540 351
1841550 352
1841560 352
1841570 352
1841580 353
1841590 353
1841600 353
1841610 354
1841620 354
1841630 354
1841640 354
1841650 354
1841660 355
1841670 355
1841680 355
1841690 355
1841700 355
1841710 355
1841720 355
1841730 355
1841740 355
1841750 355
1841760 355
1841770 355
1841780 353
1841790 350
1841800 350
1841810 347
1841820 346
1841830 346
1841840 345
1841850 344
1841860 344
1841870 343
1841880 342
1841890 343
1841900 341
1841910 340
1841920 340
1841930 338
1841940 335
1841950 333
1841960 333
1841970 332
1841980 330
1841990 330
1842000 328
1842010 326
1842020 326
1842030 326
1842040 325
1842050 325
1842060 324
1842070 323
1842080 323
1842090 320
1842100 319
1842110 319
1842120 317
1842130 316
1842140 316
1842150 314
1842160 312
1842170 312
1842180 311
1842190 310
1842200 310
1842210 311
1842220 309
1842230 309
1842240 307
1842250 305
1842260 305
1842270 304
1842280 302
1842290 302
1842300 301
1842310 300
1842320 300
1842330 299
1842340 299
1842350 299
1842360 299
1842370 299
1842380 299
1842390 299
1842400 298
1842410 298
1842420 297
1842430 296
1842440 296
1842450 295
1842460 294
1842470 294
1842480 293
1842490 292
1842500 292
1842510 292
1842520 291
1842530 291
1842540 290
1842550 289
1842560 289
1842570 287
1842580 286
1842590 286
1842600 285
1842610 283
1842620 283
1842630 283
1842640 286
1842650 286
1842660 287
1842670 287
1842680 287
1842690 287
1842700 286
1842710 286
1842720 286
1842730 285
1842740 285
1842750 285
1842760 286
1842770 286
1842780 286
1842790 287
1842800 288
1842810 288
1842820 289
1842830 291
1842840 291
1842850 292
1842860 293
1842870 293
1842880 294
1842890 295
1842900 295
1842910 296
1842920 297
1842930 297
1842940 298
1842950 297
1842960 297
1842970 296
1842980 295
1842990 295
1843000 293
1843010 291
1843020 291
1843030 290
1843040 289
1843050 289
1843060 289
1843070 288
1843080 288
1843090 288
1843100 288
1843110 288
1843120 288
1843130 289
1843140 289
1843150 289
1843160 290
1843170 290
1843180 291
1843190 292
1843200 292
1843210 293
1843220 294
1843230 294
1843240 294
1843250 294
1843260 294
1843270 293
1843280 292
1843290 292
1843300 290
1843310 289
1843320 288
1843330 286
1843340 284
1843350 284
1843360 283
1843370 282
1843380 282
1843390 281
1843400 280
1843410 280
1843420 279
1843430 279
1843440 279
1843450 279
1843460 281
1843470 281
1843480 282
1843490 283
1843500 284
1843510 284
1843520 286
1843530 288
1843540 288
1843550 289
1843560 290
1843570 290
1843580 292
1843590 293
1843600 293
1843610 294
1843620 296
1843630 296
1843640 296
1843650 297
1843660 297
1843670 298
1843680 296
1843690 296
1843700 295
1843710 295
1843720 295
1843730 294
1843740 293
1843750 293
1843760 292
1843770 290
1843780 290
1843790 290
1843800 290
1843810 290
1843820 290
1843830 291
1843840 291
1843850 296
1843860 300
1843870 300
1843880 302
1843890 303
1843900 303
1843910 305
1843920 307
1843930 307
1843940 309
1843950 311
1843960 311
1843970 313
1843980 315
1843990 315
1844000 317
1844010 319
1844020 319
1844030 320
1844040 322
1844050 322
1844060 323
1844070 324
1844080 324
1844090 326
1844100 327
1844110 327
1844120 328
1844130 328
1844140 328
1844150 329
1844160 329
1844170 329
1844180 329
1844190 329
1844200 329
1844210 329
1844220 329
1844230 329
1844240 329
1844250 328
1844260 328
1844270 328
1844280 328
1844290 328
1844300 328
1844310 328
1844320 328
1844330 328
1844340 328
1844350 327
1844360 327
1844370 326
1844380 326
1844390 326
1844400 324
1844410 323
1844420 323
1844430 321
1844440 321
1844450 321
1844460 322
1844470 322
1844480 322
1844490 322
1844500 321
1844510 321
1844520 321
1844530 320
1844540 320
1844550 319
1844560 318
1844570 318
1844580 317
1844590 316
1844600 316
1844610 315
1844620 314
1844630 314
1844640 313
1844650 312
1844660 312
1844670 311
1844680 310
1844690 310
1844700 309
1844710 308
1844720 308
1844730 307
1844740 305
1844750 305
1844760 303
1844770 302
1844780 302
1844790 300
1844800 299
1844810 299
1844820 299
1844830 298
1844840 298
1844850 298
1844860 299
1844870 299
1844880 300
1844890 302
1844900 302
1844910 305
1844920 307
1844930 307
1844940 309
1844950 311
1844960 311
1844970 312
1844980 313
1844990 313
1845000 315
1845010 316
1845020 316
1845030 317
1845040 318
1845050 319
1845060 319
1845070 320
1845080 321
1845090 321
1845100 321
1845110 322
1845120 322
1845130 322
1845140 322
1845150 322
1845160 322
1845170 322
1845180 322
1845190 322
1845200 321
1845210 321
1845220 320
1845230 319
1845240 319
1845250 319
1845260 318
1845270 318
1845280 318
1845290 319
1845300 319
1845310 320
1845320 320
1845330 320
1845340 320
1845350 320
1845360 320
1845370 320
1845380 319
1845390 319
1845400 319
1845410 319
1845420 319
1845430 317
1845440 316
1845450 316
1845460 314
1845470 314
1845480 314
1845490 316
1845500 317
1845510 317
1845520 318
1845530 319
1845540 319
1845550 320
1845560 320
1845570 320
1845580 320
1845590 320
1845600 320
1845610 319
1845620 318
1845630 318
1845640 317
1845650 317
1845660 317
1845670 317
1845680 317
1845690 317
1845700 317
1845710 317
1845720 317
1845730 317
1845740 318
1845750 318
1845760 318
1845770 318
1845780 318
1845790 319
1845800 319
1845810 319
1845820 319
1845830 317
1845840 318
1845850 318
1845860 318
1845870 319
1845880 319
1845890 320
1845900 321
1845910 321
1845920 320
1845930 320
1845940 320
1845950 322
1845960 324
1845970 324
1845980 324
1845990 324
1846000 324
1846010 325
1846020 326
1846030 326
1846040 327
1846050 327
1846060 327
1846070 328
1846080 329
1846090 329
1846100 330
1846110 331
1846120 331
1846130 331
1846140 332
1846150 332
1846160 332
1846170 332
1846180 332
1846190 333
1846200 333
1846210 333
1846220 334
1846230 334
1846240 334
1846250 334
1846260 335
1846270 335
1846280 335
1846290 336
1846300 336
1846310 337
1846320 338
1846330 338
1846340 339
1846350 339
1846360 339
1846370 340
1846380 341
1846390 341
1846400 341
1846410 341
1846420 341
1846430 342
1846440 342
1846450 342
1846460 343
1846470 343
1846480 343
1846490 344
1846500 344
1846510 344
1846520 344
1846530 345
1846540 344
1846550 344
1846560 345
1846570 345
1846580 345
1846590 346
1846600 346
1846610 346
1846620 345
1846630 345
1846640 345
1846650 345
1846660 345
1846670 345
1846680 346
1846690 347
1846700 347
1846710 348
1846720 349
1846730 349
1846740 350
1846750 351
1846760 351
1846770 352
1846780 354
1846790 354
1846800 356
1846810 359
1846820 359
1846830 361
1846840 364
1846850 364
1846860 367
1846870 369
1846880 369
1846890 372
1846900 375
1846910 375
1846920 377
1846930 379
1846940 379
1846950 379
1846960 379
1846970 379
1846980 380
1846990 381
1847000 381
1847010 382
1847020 383
1847030 383
1847040 384
1847050 385
1847060 385
1847070 385
1847080 386
1847090 386
1847100 386
1847110 387
1847120 387
1847130 386
1847140 386
1847150 386
1847160 385
1847170 384
1847180 384
1847190 383
1847200 382
1847210 382
1847220 380
1847230 379
1847240 379
1847250 379
1847260 377
1847270 377
1847280 376
1847290 375
1847300 375
1847310 373
1847320 371
1847330 371
1847340 370
1847350 368
1847360 368
1847370 367
1847380 365
1847390 364
1847400 364
1847410 363
1847420 362
1847430 362
1847440 361
1847450 360
1847460 360
1847470 359
1847480 358
1847490 358
1847500 356
1847510 355
1847520 355
1847530 354
1847540 353
1847550 353
1847560 352
1847570 350
1847580 350
1847590 349
1847600 348
1847610 348
1847620 347
1847630 345
1847640 345
1847650 344
1847660 343
1847670 343
1847680 341
1847690 340
1847700 340
1847710 339
1847720 338
1847730 338
1847740 337
1847750 336
1847760 336
1847770 336
1847780 336
1847790 336
1847800 335
1847810 335
1847820 335
1847830 336
1847840 336
1847850 336
1847860 336
1847870 336
1847880 336
1847890 334
1847900 331
1847910 331
1847920 327
1847930 324
1847940 324
1847950 322
1847960 321
1847970 321
1847980 319
1847990 317
1848000 317
1848010 315
1848020 313
1848030 313
1848040 310
1848050 309
1848060 309
1848070 307
1848080 305
1848090 305
1848100 303
1848110 301
1848120 301
1848130 299
1848140 298
1848150 297
1848160 297
1848170 296
1848180 296
1848190 296
1848200 295
1848210 294
1848220 294
1848230 293
1848240 292
1848250 292
1848260 290
1848270 289
1848280 289
1848290 288
1848300 286
1848310 286
1848320 284
1848330 283
1848340 283
1848350 282
1848360 280
1848370 280
1848380 279
1848390 279
1848400 279
1848410 278
1848420 278
1848430 278
1848440 277
1848450 276
1848460 276
1848470 274
1848480 274
1848490 274
1848500 272
1848510 271
1848520 271
1848530 269
1848540 268
1848550 268
1848560 266
1848570 265
1848580 265
1848590 263
1848600 262
1848610 262
1848620 259
1848630 257
1848640 257
1848650 254
1848660 251
1848670 249
1848680 248
1848690 246
1848700 246
1848710 245
1848720 243
1848730 243
1848740 242
1848750 241
1848760 241
1848770 240
1848780 240
1848790 240
1848800 240
1848810 240
1848820 240
1848830 239
1848840 240
1848850 240
1848860 239
1848870 239
1848880 239
1848890 239
1848900 239
1848910 239
1848920 239
1848930 239
1848940 239
1848950 239
1848960 240
1848970 240
1848980 240
1848990 240
1849000 239
1849010 239
1849020 239
1849030 238
1849040 238
1849050 238
1849060 238
1849070 238
1849080 239
1849090 241
1849100 241
1849110 244
1849120 248
1849130 248
1849140 252
1849150 254
1849160 254
1849170 255
1849180 258
1849190 258
1849200 261
1849210 262
1849220 262
1849230 263
1849240 264
1849250 264
1849260 265
1849270 266
1849280 266
1849290 266
1849300 266
1849310 266
1849320 266
1849330 266
1849340 266
1849350 265
1849360 264
1849370 264
1849380 262
1849390 261
1849400 261
1849410 260
1849420 259
1849430 259
1849440 258
1849450 257
1849460 257
1849470 256
1849480 254
1849490 254
1849500 253
1849510 251
1849520 251
1849530 250
1849540 248
1849550 248
1849560 248
1849570 247
1849580 247
1849590 246
1849600 245
1849610 245
1849620 244
1849630 243
1849640 243
1849650 242
1849660 240
1849670 240
1849680 239
1849690 237
1849700 236
1849710 236
1849720 234
1849730 234
1849740 234
1849750 233
1849760 232
1849770 232
1849780 232
1849790 231
1849800 231
1849810 231
1849820 230
1849830 230
1849840 230
1849850 228
1849860 228
1849870 228
1849880 228
1849890 228
1849900 227
1849910 227
1849920 227
1849930 227
1849940 226
1849950 226
1849960 226
1849970 225
1849980 225
1849990 225
1850000 225
1850010 225
1850020 225
1850030 225
1850040 225
1850050 224
1850060 223
1850070 223
1850080 223
1850090 222
1850100 222
1850110 221
1850120 221
1850130 221
1850140 221
1850150 222
1850160 222
1850170 222
1850180 222
1850190 222
1850200 222
1850210 222
1850220 222
1850230 221
1850240 221
1850250 221
1850260 220
1850270 219
1850280 219
1850290 216
1850300 214
1850310 214
1850320 210
1850330 208
1850340 208
1850350 207
1850360 204
1850370 204
1850380 202
1850390 200
1850400 200
1850410 200
1850420 200
1850430 200
1850440 200
1850450 202
1850460 202
1850470 203
1850480 204
1850490 204
1850500 204
1850510 203
1850520 202
1850530 202
1850540 201
1850550 200
1850560 200
1850570 199
1850580 197
1850590 197
1850600 196
1850610 196
1850620 196
1850630 195
1850640 194
1850650 194
1850660 193
1850670 193
1850680 193
1850690 192
1850700 192
1850710 192
1850720 191
1850730 191
1850740 191
1850750 191
1850760 190
1850770 190
1850780 190
1850790 190
1850800 190
1850810 190
1850820 189
1850830 189
1850840 189
1850850 189
1850860 189
1850870 189
1850880 188
1850890 188
1850900 188
1850910 188
1850920 188
1850930 187
1850940 187
1850950 187
1850960 187
1850970 188
1850980 188
1850990 188
1851000 189
1851010 189
1851020 189
1851030 190
1851040 190
1851050 190
1851060 191
1851070 191
1851080 191
1851090 192
1851100 192
1851110 192
1851120 193
1851130 193
1851140 195
1851150 195
1851160 195
1851170 195
1851180 195
1851190 195
1851200 196
1851210 196
1851220 196
1851230 197
1851240 197
1851250 197
1851260 198
1851270 198
1851280 198
1851290 198
1851300 198
1851310 199
1851320 199
1851330 198
1851340 198
1851350 198
1851360 197
1851370 197
1851380 197
1851390 197
1851400 196
1851410 196
1851420 196
1851430 195
1851440 195
1851450 194
1851460 193
1851470 193
1851480 192
1851490 192
1851500 192
1851510 190
1851520 190
1851530 190
1851540 188
1851550 187
1851560 187
1851570 185
1851580 184
1851590 184
1851600 183
1851610 181
1851620 181
1851630 180
1851640 179
1851650 179
1851660 179
1851670 178
1851680 178
1851690 178
1851700 178
1851710 178
1851720 177
1851730 177
1851740 177
1851750 176
1851760 176
1851770 176
1851780 176
1851790 176
1851800 176
1851810 176
1851820 176
1851830 176
1851840 176
1851850 176
1851860 176
1851870 176
1851880 176
1851890 176
1851900 176
1851910 176
1851920 176
1851930 176
1851940 176
1851950 176
1851960 174
1851970 171
1851980 171
1851990 171
1852000 171
1852010 171
1852020 169
1852030 168
1852040 167
1852050 167
1852060 166
1852070 165
1852080 165
1852090 165
1852100 164
1852110 164
1852120 164
1852130 163
1852140 163
1852150 162
1852160 161
1852170 161
1852180 161
1852190 160
1852200 160
1852210 160
1852220 160
1852230 160
1852240 159
1852250 159
1852260 159
1852270 158
1852280 158
1852290 158
1852300 157
1852310 157
1852320 157
1852330 157
1852340 156
1852350 156
1852360 156
1852370 156
1852380 156
1852390 155
1852400 155
1852410 155
1852420 155
1852430 154
1852440 154
1852450 154
1852460 154
1852470 154
1852480 154
1852490 153
1852500 153
1852510 153
1852520 153
1852530 153
1852540 153
1852550 152
1852560 152
1852570 152
1852580 152
1852590 152
1852600 152
1852610 151
1852620 151
1852630 151
1852640 151
1852650 151
1852660 151
1852670 151
1852680 151
1852690 150
1852700 150
1852710 150
1852720 150
1852730 150
1852740 150
1852750 150
1852760 149
1852770 149
1852780 149
1852790 149
1852800 149
1852810 149
1852820 149
1852830 149
1852840 149
1852850 149
1852860 149
1852870 149
1852880 149
1852890 149
1852900 149
1852910 149
1852920 149
1852930 149
1852940 149
1852950 148
1852960 148
1852970 148
1852980 148
1852990 148
1853000 148
1853010 148
1853020 148
1853030 148
1853040 148
1853050 148
1853060 148
1853070 147
1853080 147
1853090 147
1853100 147
1853110 147
1853120 147
1853130 147
1853140 147
1853150 147
1853160 146
1853170 146
1853180 146
1853190 146
1853200 146
1853210 144
1853220 146
1853230 146
1853240 146
1853250 146
1853260 146
1853270 146
1853280 146
1853290 146
1853300 145
1853310 145
1853320 145
1853330 144
1853340 144
1853350 144
1853360 145
1853370 144
1853380 144
1853390 143
1853400 143
1853410 143
1853420 143
1853430 143
1853440 143
1853450 142
1853460 142
1853470 142
1853480 142
1853490 142
1853500 142
1853510 142
1853520 142
1853530 142
1853540 142
1853550 141
1853560 141
1853570 141
1853580 141
1853590 140
1853600 140
1853610 140
1853620 140
1853630 140
1853640 140
1853650 139
1853660 139
1853670 139
1853680 139
1853690 139
1853700 139
1853710 139
1853720 139
1853730 138
1853740 138
1853750 138
1853760 138
1853770 138
1853780 138
1853790 138
1853800 138
1853810 138
1853820 138
1853830 137
1853840 137
1853850 137
1853860 136
1853870 136
1853880 136
1853890 136
1853900 136
1853910 136
1853920 136
1853930 136
1853940 136
1853950 135
1853960 135
1853970 135
1853980 135
1853990 135
1854000 135
1854010 135
1854020 135
1854030 134
1854040 134
1854050 134
1854060 134
1854070 134
1854080 134
1854090 133
1854100 133
1854110 133
1854120 133
1854130 133
1854140 133
1854150 133
1854160 133
1854170 133
1854180 133
1854190 132
1854200 132
1854210 132
1854220 131
1854230 131
1854240 131
1854250 131
1854260 131
1854270 131
1854280 131
1854290 131
1854300 130
1854310 130
1854320 130
1854330 130
1854340 129
1854350 129
1854360 129
1854370 129
1854380 129
1854390 128
1854400 128
1854410 128
1854420 128
1854430 128
1854440 127
1854450 127
1854460 127
1854470 127
1854480 127
1854490 127
1854500 127
1854510 127
1854520 126
1854530 126
1854540 126
1854550 126
1854560 126
1854570 126
1854580 126
1854590 125
1854600 125
1854610 125
1854620 125
1854630 125
1854640 125
1854650 125
1854660 125
1854670 125
1854680 124
1854690 124
1854700 124
1854710 124
1854720 124
1854730 124
1854740 124
1854750 124
1854760 123
1854770 123
1854780 123
1854790 123
1854800 123
1854810 123
1854820 123
1854830 123
1854840 123
1854850 123
1854860 122
1854870 122
1854880 122
1854890 122
1854900 122
1854910 122
1854920 122
1854930 122
1854940 122
1854950 122
1854960 122
1854970 122
1854980 122
1854990 122
1855000 122
1855010 121
1855020 121
1855030 121
1855040 121
1855050 121
1855060 121
1855070 121
1855080 121
1855090 122
1855100 121
1855110 121
1855120 120
1855130 120
1855140 120
1855150 120
1855160 120
1855170 120
1855180 120
1855190 120
1855200 120
1855210 120
1855220 119
1855230 119
1855240 119
1855250 119
1855260 119
1855270 119
1855280 118
1855290 118
1855300 118
1855310 118
1855320 118
1855330 118
1855340 118
1855350 118
1855360 118
1855370 117
1855380 117
1855390 117
1855400 117
1855410 117
1855420 117
1855430 117
1855440 117
1855450 117
1855460 117
1855470 116
1855480 116
1855490 116
1855500 116
1855510 116
1855520 116
1855530 116
1855540 116
1855550 116
1855560 116
1855570 116
1855580 116
1855590 116
1855600 116
1855610 116
1855620 116
1855630 116
1855640 116
1855650 116
1855660 116
1855670 116
1855680 116
1855690 116
1855700 116
1855710 116
1855720 116
1855730 116
1855740 116
1855750 116
1855760 116
1855770 116
1855780 116
1855790 116
1855800 116
1855810 116
1855820 116
1855830 116
1855840 116
1855850 116
1855860 116
1855870 116
1855880 116
1855890 116
1855900 116
1855910 116
1855920 116
1855930 116
1855940 116
1855950 116
1855960 116
1855970 116
1855980 116
1855990 116
1856000 116
1856010 116
1856020 116
1856030 116
1856040 116
1856050 116
1856060 116
1856070 116
1856080 116
1856090 116
1856100 116
1856110 116
1856120 116
1856130 116
1856140 116
1856150 116
1856160 116
1856170 116
1856180 116
1856190 116
1856200 116
1856210 116
1856220 116
1856230 116
1856240 116
1856250 116
1856260 116
1856270 116
1856280 116
1856290 115
1856300 115
1856310 115
1856320 115
1856330 115
1856340 115
1856350 115
1856360 115
1856370 115
1856380 115
1856390 115
1856400 115
1856410 116
1856420 116
1856430 116
1856440 116
1856450 116
1856460 115
1856470 115
1856480 115
1856490 115
1856500 115
1856510 115
1856520 115
1856530 115
1856540 115
1856550 115
1856560 115
1856570 115
1856580 115
1856590 115
1856600 115
1856610 115
1856620 115
1856630 115
1856640 115
1856650 115
1856660 115
1856670 115
1856680 115
1856690 115
1856700 115
1856710 115
1856720 115
1856730 115
1856740 115
1856750 115
1856760 115
1856770 115
1856780 115
1856790 115
1856800 115
1856810 115
1856820 115
1856830 115
1856840 115
1856850 115
1856860 115
1856870 115
1856880 115
1856890 115
1856900 115
1856910 115
1856920 115
1856930 115
1856940 115
1856950 115
1856960 115
1856970 115
1856980 115
1856990 115
1857000 115
1857010 115
1857020 115
1857030 115
1857040 115
1857050 115
1857060 115
1857070 115
1857080 115
1857090 115
1857100 115
1857110 115
1857120 115
1857130 115
1857140 115
1857150 115
1857160 115
1857170 115
1857180 115
1857190 115
1857200 115
1857210 115
1857220 115
1857230 115
1857240 115
1857250 115
1857260 115
1857270 115
1857280 115
1857290 115
1857300 115
1857310 115
1857320 115
1857330 115
1857340 115
1857350 115
1857360 115
1857370 115
1857380 115
1857390 115
1857400 115
1857410 115
1857420 115
1857430 115
1857440 115
1857450 115
1857460 115
1857470 115
1857480 115
1857490 115
1857500 115
1857510 115
1857520 116
1857530 115
1857540 115
1857550 115
1857560 115
1857570 115
1857580 115
1857590 115
1857600 115
1857610 115
1857620 115
1857630 115
1857640 115
1857650 115
1857660 115
1857670 115
1857680 115
1857690 115
1857700 115
1857710 115
1857720 115
1857730 115
1857740 115
1857750 115
1857760 116
1857770 115
1857780 115
1857790 115
1857800 115
1857810 116
1857820 116
1857830 115
1857840 116
1857850 116
1857860 115
1857870 115
1857880 115
1857890 115
1857900 115
1857910 115
1857920 115
1857930 115
1857940 115
1857950 115
1857960 115
1857970 115
1857980 115
1857990 115
1858000 115
1858010 115
1858020 115
1858030 115
1858040 115
1858050 115
1858060 115
1858070 115
1858080 115
1858090 115
1858100 115
1858110 115
1858120 115
1858130 115
1858140 115
1858150 115
1858160 115
1858170 115
1858180 115
1858190 115
1858200 115
1858210 115
1858220 115
1858230 115
1858240 115
1858250 115
1858260 115
1858270 115
1858280 115
1858290 115
1858300 115
1858310 115
1858320 115
1858330 115
1858340 115
1858350 115
1858360 115
1858370 115
1858380 115
1858390 115
1858400 115
1858410 115
1858420 115
1858430 115
1858440 115
1858450 115
1858460 115
1858470 115
1858480 115
1858490 115
1858500 115
1858510 115
1858520 115
1858530 115
1858540 115
1858550 115
1858560 115
1858570 115
1858580 115
1858590 115
1858600 115
1858610 115
1858620 115
1858630 115
1858640 115
1858650 115
1858660 115
1858670 115
1858680 115
1858690 115
1858700 115
1858710 115
1858720 115
1858730 115
1858740 115
1858750 115
1858760 115
1858770 115
1858780 115
1858790 115
1858800 115
1858810 115
1858820 115
1858830 115
1858840 115
1858850 115
1858860 115
1858870 115
1858880 115
1858890 115
1858900 115
1858910 115
1858920 115
1858930 115
1858940 115
1858950 115
1858960 115
1858970 115
1858980 115
1858990 115
1859000 115
1859010 115
1859020 115
1859030 115
1859040 115
1859050 115
1859060 115
1859070 115
1859080 115
1859090 115
1859100 115
1859110 115
1859120 115
1859130 115
1859140 115
1859150 115
1859160 115
1859170 115
1859180 115
1859190 115
1859200 115
1859210 115
1859220 115
1859230 115
1859240 115
1859250 115
1859260 115
1859270 115
1859280 115
1859290 115
1859300 115
1859310 115
1859320 115
1859330 115
1859340 115
1859350 115
1859360 115
1859370 115
1859380 115
1859390 115
1859400 115
1859410 115
1859420 115
1859430 115
1859440 115
1859450 115
1859460 115
1859470 115
1859480 115
1859490 115
1859500 115
1859510 115
1859520 115
1859530 115
1859540 115
1859550 115
1859560 115
1859570 115
1859580 115
1859590 115
1859600 115
1859610 115
1859620 115
1859630 115
1859640 115
1859650 115
1859660 115
1859670 115
1859680 115
1859690 115
1859700 115
1859710 115
1859720 115
1859730 115
1859740 115
1859750 115
1859760 115
1859770 115
1859780 115
1859790 115
1859800 115
1859810 115
1859820 115
1859830 115
1859840 115
1859850 115
1859860 115
1859870 115
1859880 115
1859890 115
1859900 115
1859910 115
1859920 115
1859930 115
1859940 115
1859950 115
1859960 115
1859970 115
1859980 115
1859990 115
