1840000 313
1840010 314
1840020 314
1840030 314
1840040 315
1840050 316
1840060 316
1840070 317
1840080 318
1840090 318
1840100 318
1840110 319
1840120 319
1840130 320
1840140 320
1840150 320
1840160 320
1840170 320
1840180 320
1840190 320
1840200 320
1840210 320
1840220 321
1840230 323
1840240 323
1840250 325
1840260 326
1840270 326
1840280 328
1840290 330
1840300 330
1840310 332
1840320 333
1840330 333
1840340 334
1840350 335
1840360 335
1840370 336
1840380 337
1840390 337
1840400 338
1840410 339
1840420 339
1840430 340
1840440 341
1840450 341
1840460 342
1840470 343
1840480 343
1840490 344
1840500 345
1840510 345
1840520 346
1840530 346
1840540 346
1840550 347
1840560 348
1840570 348
1840580 348
1840590 349
1840600 349
1840610 349
1840620 350
1840630 350
1840640 350
1840650 350
1840660 350
1840670 350
1840680 350
1840690 350
1840700 350
1840710 351
1840720 351
1840730 350
1840740 351
1840750 351
1840760 351
1840770 351
1840780 352
1840790 352
1840800 353
1840810 354
1840820 354
1840830 354
1840840 355
1840850 355
1840860 355
1840870 355
1840880 355
1840890 356
1840900 356
1840910 356
1840920 357
1840930 357
1840940 357
1840950 357
1840960 358
1840970 358
1840980 358
1840990 358
1841000 358
1841010 359
1841020 359
1841030 359
1841040 359
1841050 359
1841060 359
1841070 359
1841080 359
1841090 359
1841100 358
1841110 357
1841120 357
1841130 357
1841140 355
1841150 355
1841160 354
1841170 353
1841180 353
1841190 352
1841200 350
1841210 350
1841220 350
1841230 349
1841240 349
1841250 348
1841260 347
1841270 347
1841280 347
1841290 348
1841300 348
1841310 348
1841320 350
1841330 350
1841340 352
1841350 353
1841360 353
1841370 354
1841380 355
1841390 355
1841400 357
1841410 359
1841420 359
1841430 361
1841440 362
1841450 362
1841460 363
1841470 363
1841480 363
1841490 364
1841500 364
1841510 365
1841520 365
1841530 365
1841540 365
1841550 365
1841560 365
1841570 365
1841580 365
1841590 366
1841600 366
1841610 366
1841620 366
1841630 366
1841640 366
1841650 366
1841660 366
1841670 366
1841680 366
1841690 365
1841700 365
1841710 364
1841720 363
1841730 363
1841740 362
1841750 362
1841760 362
1841770 361
1841780 361
1841790 361
1841800 361
1841810 359
1841820 359
1841830 359
1841840 359
1841850 359
1841860 358
1841870 357
1841880 357
1841890 356
1841900 354
1841910 354
1841920 352
1841930 351
1841940 351
1841950 349
1841960 346
1841970 346
1841980 342
1841990 338
1842000 338
1842010 335
1842020 331
1842030 331
1842040 327
1842050 325
1842060 325
1842070 322
1842080 320
1842090 320
1842100 318
1842110 315
1842120 315
1842130 313
1842140 311
1842150 311
1842160 309
1842170 307
1842180 307
1842190 306
1842200 304
1842210 304
1842220 303
1842230 302
1842240 302
1842250 300
1842260 299
1842270 299
1842280 297
1842290 295
1842300 293
1842310 293
1842320 291
1842330 290
1842340 290
1842350 288
1842360 286
1842370 286
1842380 284
1842390 282
1842400 282
1842410 281
1842420 279
1842430 279
1842440 278
1842450 277
1842460 277
1842470 276
1842480 274
1842490 274
1842500 273
1842510 273
1842520 273
1842530 273
1842540 275
1842550 275
1842560 274
1842570 271
1842580 271
1842590 271
1842600 270
1842610 270
1842620 270
1842630 269
1842640 269
1842650 269
1842660 269
1842670 269
1842680 270
1842690 272
1842700 272
1842710 273
1842720 274
1842730 274
1842740 273
1842750 273
1842760 273
1842770 272
1842780 271
1842790 271
1842800 270
1842810 270
1842820 270
1842830 269
1842840 269
1842850 269
1842860 269
1842870 268
1842880 268
1842890 268
1842900 267
1842910 267
1842920 267
1842930 266
1842940 266
1842950 264
1842960 263
1842970 263
1842980 262
1842990 261
1843000 261
1843010 259
1843020 258
1843030 258
1843040 257
1843050 256
1843060 256
1843070 256
1843080 256
1843090 256
1843100 256
1843110 256
1843120 256
1843130 256
1843140 256
1843150 257
1843160 257
1843170 258
1843180 259
1843190 259
1843200 261
1843210 264
1843220 264
1843230 266
1843240 268
1843250 269
1843260 270
1843270 272
1843280 272
1843290 273
1843300 273
1843310 273
1843320 274
1843330 274
1843340 274
1843350 274
1843360 274
1843370 274
1843380 274
1843390 273
1843400 273
1843410 272
1843420 272
1843430 272
1843440 272
1843450 270
1843460 270
1843470 269
1843480 268
1843490 268
1843500 267
1843510 266
1843520 266
1843530 265
1843540 264
1843550 264
1843560 263
1843570 262
1843580 262
1843590 262
1843600 261
1843610 261
1843620 261
1843630 261
1843640 261
1843650 260
1843660 260
1843670 260
1843680 261
1843690 261
1843700 261
1843710 261
1843720 261
1843730 261
1843740 261
1843750 262
1843760 262
1843770 262
1843780 262
1843790 262
1843800 262
1843810 263
1843820 263
1843830 263
1843840 263
1843850 263
1843860 264
1843870 264
1843880 264
1843890 264
1843900 265
1843910 265
1843920 265
1843930 265
1843940 265
1843950 265
1843960 266
1843970 266
1843980 266
1843990 266
1844000 267
1844010 267
1844020 267
1844030 267
1844040 267
1844050 268
1844060 268
1844070 268
1844080 268
1844090 269
1844100 269
1844110 269
1844120 269
1844130 269
1844140 269
1844150 269
1844160 269
1844170 269
1844180 270
1844190 270
1844200 270
1844210 272
1844220 272
1844230 272
1844240 272
1844250 272
1844260 272
1844270 272
1844280 272
1844290 272
1844300 272
1844310 272
1844320 272
1844330 274
1844340 274
1844350 275
1844360 275
1844370 275
1844380 274
1844390 274
1844400 274
1844410 274
1844420 274
1844430 274
1844440 274
1844450 274
1844460 274
1844470 274
1844480 274
1844490 274
1844500 274
1844510 275
1844520 275
1844530 276
1844540 276
1844550 276
1844560 277
1844570 278
1844580 278
1844590 279
1844600 279
1844610 279
1844620 279
1844630 279
1844640 279
1844650 280
1844660 281
1844670 282
1844680 282
1844690 283
1844700 284
1844710 284
1844720 285
1844730 286
1844740 286
1844750 287
1844760 288
1844770 288
1844780 289
1844790 290
1844800 290
1844810 291
1844820 293
1844830 293
1844840 294
1844850 295
1844860 295
1844870 296
1844880 297
1844890 297
1844900 298
1844910 299
1844920 299
1844930 301
1844940 302
1844950 302
1844960 304
1844970 306
1844980 306
1844990 308
1845000 309
1845010 309
1845020 310
1845030 312
1845040 312
1845050 314
1845060 316
1845070 316
1845080 317
1845090 318
1845100 318
1845110 319
1845120 320
1845130 320
1845140 321
1845150 321
1845160 321
1845170 320
1845180 320
1845190 320
1845200 321
1845210 321
1845220 321
1845230 321
1845240 320
1845250 320
1845260 320
1845270 319
1845280 319
1845290 318
1845300 317
1845310 317
1845320 317
1845330 316
1845340 316
1845350 315
1845360 315
1845370 315
1845380 315
1845390 315
1845400 314
1845410 314
1845420 313
1845430 313
1845440 313
1845450 313
1845460 313
1845470 313
1845480 313
1845490 313
1845500 313
1845510 312
1845520 312
1845530 312
1845540 313
1845550 312
1845560 312
1845570 312
1845580 312
1845590 312
1845600 312
1845610 311
1845620 311
1845630 311
1845640 312
1845650 312
1845660 312
1845670 313
1845680 313
1845690 314
1845700 315
1845710 315
1845720 315
1845730 316
1845740 316
1845750 316
1845760 318
1845770 318
1845780 319
1845790 320
1845800 320
1845810 320
1845820 321
1845830 321
1845840 322
1845850 323
1845860 323
1845870 324
1845880 325
1845890 325
1845900 326
1845910 327
1845920 327
1845930 327
1845940 328
1845950 328
1845960 329
1845970 331
1845980 331
1845990 332
1846000 333
1846010 333
1846020 334
1846030 335
1846040 335
1846050 336
1846060 337
1846070 337
1846080 338
1846090 339
1846100 339
1846110 340
1846120 342
1846130 342
1846140 343
1846150 345
1846160 345
1846170 346
1846180 347
1846190 347
1846200 347
1846210 347
1846220 347
1846230 347
1846240 347
1846250 347
1846260 347
1846270 348
1846280 348
1846290 348
1846300 348
1846310 348
1846320 348
1846330 349
1846340 349
1846350 349
1846360 350
1846370 351
1846380 351
1846390 352
1846400 353
1846410 353
1846420 355
1846430 356
1846440 356
1846450 357
1846460 359
1846470 360
1846480 361
1846490 363
1846500 363
1846510 365
1846520 367
1846530 367
1846540 369
1846550 372
1846560 372
1846570 375
1846580 378
1846590 378
1846600 381
1846610 383
1846620 383
1846630 384
1846640 383
1846650 383
1846660 382
1846670 380
1846680 380
1846690 379
1846700 377
1846710 377
1846720 376
1846730 374
1846740 374
1846750 372
1846760 371
1846770 371
1846780 368
1846790 366
1846800 366
1846810 364
1846820 362
1846830 360
1846840 357
1846850 354
1846860 354
1846870 352
1846880 350
1846890 350
1846900 348
1846910 345
1846920 345
1846930 342
1846940 340
1846950 340
1846960 338
1846970 336
1846980 336
1846990 333
1847000 332
1847010 332
1847020 331
1847030 329
1847040 328
1847050 328
1847060 327
1847070 327
1847080 327
1847090 325
1847100 323
1847110 323
1847120 321
1847130 319
1847140 319
1847150 317
1847160 315
1847170 315
1847180 309
1847190 307
1847200 307
1847210 306
1847220 304
1847230 304
1847240 303
1847250 303
1847260 303
1847270 302
1847280 301
1847290 301
1847300 300
1847310 299
1847320 299
1847330 298
1847340 297
1847350 297
1847360 296
1847370 295
1847380 295
1847390 294
1847400 293
1847410 293
1847420 293
1847430 293
1847440 293
1847450 294
1847460 295
1847470 295
1847480 297
1847490 300
1847500 300
1847510 304
1847520 307
1847530 307
1847540 312
1847550 314
1847560 314
1847570 315
1847580 316
1847590 316
1847600 317
1847610 318
1847620 318
1847630 316
1847640 314
1847650 314
1847660 312
1847670 309
1847680 309
1847690 306
1847700 304
1847710 304
1847720 302
1847730 303
1847740 303
1847750 306
1847760 310
1847770 310
1847780 313
1847790 316
1847800 316
1847810 318
1847820 318
1847830 319
1847840 319
1847850 320
1847860 321
1847870 321
1847880 321
1847890 324
1847900 324
1847910 324
1847920 325
1847930 325
1847940 325
1847950 326
1847960 326
1847970 327
1847980 327
1847990 327
1848000 328
1848010 328
1848020 328
1848030 329
1848040 329
1848050 329
1848060 329
1848070 329
1848080 329
1848090 328
1848100 327
1848110 327
1848120 326
1848130 324
1848140 324
1848150 322
1848160 320
1848170 320
1848180 318
1848190 316
1848200 316
1848210 314
1848220 311
1848230 311
1848240 308
1848250 303
1848260 303
1848270 300
1848280 297
1848290 297
1848300 294
1848310 291
1848320 291
1848330 289
1848340 287
1848350 287
1848360 284
1848370 282
1848380 282
1848390 280
1848400 278
1848410 278
1848420 277
1848430 275
1848440 275
1848450 273
1848460 272
1848470 272
1848480 271
1848490 270
1848500 270
1848510 270
1848520 271
1848530 271
1848540 273
1848550 275
1848560 275
1848570 276
1848580 278
1848590 278
1848600 282
1848610 284
1848620 286
1848630 286
1848640 288
1848650 289
1848660 289
1848670 290
1848680 290
1848690 290
1848700 290
1848710 289
1848720 289
1848730 287
1848740 286
1848750 286
1848760 285
1848770 283
1848780 283
1848790 281
1848800 279
1848810 279
1848820 277
1848830 276
1848840 276
1848850 273
1848860 271
1848870 271
1848880 269
1848890 267
1848900 267
1848910 265
1848920 263
1848930 263
1848940 262
1848950 259
1848960 259
1848970 258
1848980 256
1848990 256
1849000 255
1849010 254
1849020 254
1849030 252
1849040 250
1849050 250
1849060 249
1849070 247
1849080 247
1849090 246
1849100 245
1849110 245
1849120 243
1849130 242
1849140 242
1849150 240
1849160 239
1849170 239
1849180 238
1849190 237
1849200 237
1849210 236
1849220 235
1849230 235
1849240 233
1849250 231
1849260 231
1849270 231
1849280 232
1849290 232
1849300 233
1849310 235
1849320 235
1849330 236
1849340 237
1849350 237
1849360 238
1849370 240
1849380 240
1849390 242
1849400 244
1849410 245
1849420 245
1849430 247
1849440 247
1849450 247
1849460 247
1849470 246
1849480 246
1849490 244
1849500 241
1849510 241
1849520 237
1849530 234
1849540 234
1849550 230
1849560 228
1849570 228
1849580 228
1849590 231
1849600 231
1849610 237
1849620 243
1849630 243
1849640 248
1849650 253
1849660 252
1849670 256
1849680 258
1849690 258
1849700 260
1849710 262
1849720 262
1849730 264
1849740 265
1849750 265
1849760 266
1849770 266
1849780 266
1849790 267
1849800 268
1849810 268
1849820 268
1849830 269
1849840 269
1849850 270
1849860 271
1849870 271
1849880 271
1849890 272
1849900 272
1849910 273
1849920 273
1849930 273
1849940 274
1849950 274
1849960 274
1849970 274
1849980 275
1849990 275
1850000 275
1850010 276
1850020 276
1850030 276
1850040 276
1850050 276
1850060 277
1850070 277
1850080 277
1850090 277
1850100 278
1850110 278
1850120 278
1850130 278
1850140 278
1850150 279
1850160 280
1850170 280
1850180 280
1850190 280
1850200 281
1850210 281
1850220 282
1850230 282
1850240 282
1850250 283
1850260 284
1850270 284
1850280 285
1850290 286
1850300 286
1850310 286
1850320 287
1850330 287
1850340 288
1850350 289
1850360 289
1850370 291
1850380 292
1850390 292
1850400 294
1850410 295
1850420 295
1850430 296
1850440 296
1850450 296
1850460 297
1850470 297
1850480 297
1850490 297
1850500 298
1850510 298
1850520 298
1850530 298
1850540 298
1850550 298
1850560 297
1850570 297
1850580 297
1850590 296
1850600 296
1850610 296
1850620 295
1850630 295
1850640 294
1850650 293
1850660 293
1850670 293
1850680 292
1850690 292
1850700 291
1850710 290
1850720 290
1850730 289
1850740 288
1850750 288
1850760 287
1850770 286
1850780 286
1850790 285
1850800 284
1850810 284
1850820 283
1850830 282
1850840 282
1850850 280
1850860 279
1850870 279
1850880 277
1850890 276
1850900 276
1850910 274
1850920 272
1850930 272
1850940 270
1850950 269
1850960 269
1850970 267
1850980 265
1850990 265
1851000 263
1851010 260
1851020 257
1851030 257
1851040 254
1851050 250
1851060 250
1851070 244
1851080 240
1851090 240
1851100 235
1851110 231
1851120 231
1851130 228
1851140 224
1851150 224
1851160 220
1851170 217
1851180 217
1851190 214
1851200 212
1851210 212
1851220 209
1851230 207
1851240 207
1851250 206
1851260 205
1851270 205
1851280 205
1851290 205
1851300 205
1851310 206
1851320 207
1851330 207
1851340 208
1851350 212
1851360 212
1851370 215
1851380 218
1851390 218
1851400 223
1851410 228
1851420 231
1851430 235
1851440 238
1851450 238
1851460 242
1851470 245
1851480 245
1851490 246
1851500 247
1851510 247
1851520 248
1851530 250
1851540 250
1851550 252
1851560 254
1851570 254
1851580 256
1851590 257
1851600 257
1851610 259
1851620 260
1851630 260
1851640 260
1851650 260
1851660 260
1851670 260
1851680 259
1851690 259
1851700 257
1851710 255
1851720 255
1851730 253
1851740 250
1851750 250
1851760 247
1851770 243
1851780 243
1851790 241
1851800 238
1851810 235
1851820 235
1851830 233
1851840 231
1851850 231
1851860 228
1851870 225
1851880 225
1851890 222
1851900 220
1851910 220
1851920 216
1851930 213
1851940 213
1851950 211
1851960 208
1851970 208
1851980 205
1851990 203
1852000 203
1852010 201
1852020 198
1852030 198
1852040 196
1852050 194
1852060 194
1852070 192
1852080 190
1852090 190
1852100 186
1852110 183
1852120 182
1852130 178
1852140 175
1852150 175
1852160 173
1852170 172
1852180 172
1852190 172
1852200 172
1852210 172
1852220 172
1852230 171
1852240 171
1852250 171
1852260 170
1852270 170
1852280 171
1852290 171
1852300 171
1852310 171
1852320 171
1852330 171
1852340 172
1852350 173
1852360 173
1852370 174
1852380 175
1852390 175
1852400 178
1852410 179
1852420 179
1852430 179
1852440 180
1852450 180
1852460 181
1852470 186
1852480 186
1852490 186
1852500 185
1852510 185
1852520 186
1852530 187
1852540 187
1852550 190
1852560 192
1852570 192
1852580 193
1852590 192
1852600 183
1852610 183
1852620 177
1852630 175
1852640 175
1852650 175
1852660 176
1852670 176
1852680 176
1852690 175
1852700 175
1852710 175
1852720 174
1852730 174
1852740 173
1852750 171
1852760 171
1852770 169
1852780 167
1852790 167
1852800 166
1852810 165
1852820 166
1852830 164
1852840 164
1852850 164
1852860 163
1852870 162
1852880 162
1852890 162
1852900 161
1852910 161
1852920 160
1852930 160
1852940 160
1852950 159
1852960 159
1852970 159
1852980 158
1852990 157
1853000 157
1853010 157
1853020 156
1853030 156
1853040 155
1853050 155
1853060 155
1853070 154
1853080 154
1853090 154
1853100 153
1853110 153
1853120 153
1853130 152
1853140 152
1853150 152
1853160 152
1853170 152
1853180 152
1853190 151
1853200 151
1853210 151
1853220 150
1853230 150
1853240 150
1853250 150
1853260 149
1853270 149
1853280 149
1853290 149
1853300 149
1853310 149
1853320 148
1853330 148
1853340 148
1853350 148
1853360 148
1853370 148
1853380 147
1853390 147
1853400 147
1853410 147
1853420 147
1853430 147
1853440 146
1853450 146
1853460 146
1853470 145
1853480 145
1853490 145
1853500 145
1853510 144
1853520 145
1853530 144
1853540 144
1853550 144
1853560 144
1853570 143
1853580 143
1853590 143
1853600 143
1853610 143
1853620 142
1853630 142
1853640 142
1853650 142
1853660 142
1853670 142
1853680 142
1853690 141
1853700 141
1853710 141
1853720 140
1853730 140
1853740 140
1853750 140
1853760 140
1853770 139
1853780 139
1853790 139
1853800 139
1853810 138
1853820 138
1853830 138
1853840 137
1853850 137
1853860 137
1853870 136
1853880 136
1853890 136
1853900 135
1853910 135
1853920 135
1853930 134
1853940 134
1853950 134
1853960 134
1853970 134
1853980 133
1853990 133
1854000 133
1854010 133
1854020 133
1854030 133
1854040 132
1854050 132
1854060 132
1854070 132
1854080 132
1854090 132
1854100 132
1854110 132
1854120 132
1854130 132
1854140 131
1854150 131
1854160 131
1854170 131
1854180 131
1854190 131
1854200 131
1854210 131
1854220 131
1854230 131
1854240 131
1854250 131
1854260 130
1854270 130
1854280 130
1854290 130
1854300 130
1854310 130
1854320 130
1854330 130
1854340 130
1854350 130
1854360 130
1854370 130
1854380 130
1854390 129
1854400 129
1854410 129
1854420 129
1854430 129
1854440 128
1854450 128
1854460 128
1854470 128
1854480 128
1854490 128
1854500 127
1854510 127
1854520 127
1854530 127
1854540 127
1854550 127
1854560 127
1854570 126
1854580 126
1854590 126
1854600 126
1854610 126
1854620 126
1854630 126
1854640 126
1854650 126
1854660 126
1854670 126
1854680 125
1854690 125
1854700 125
1854710 125
1854720 125
1854730 125
1854740 125
1854750 124
1854760 124
1854770 124
1854780 124
1854790 124
1854800 124
1854810 124
1854820 124
1854830 124
1854840 124
1854850 124
1854860 123
1854870 123
1854880 123
1854890 123
1854900 123
1854910 123
1854920 123
1854930 123
1854940 123
1854950 123
1854960 123
1854970 123
1854980 122
1854990 122
1855000 122
1855010 122
1855020 122
1855030 122
1855040 122
1855050 122
1855060 122
1855070 122
1855080 122
1855090 122
1855100 122
1855110 122
1855120 121
1855130 121
1855140 121
1855150 121
1855160 121
1855170 121
1855180 121
1855190 121
1855200 121
1855210 121
1855220 121
1855230 121
1855240 120
1855250 120
1855260 120
1855270 120
1855280 120
1855290 120
1855300 120
1855310 120
1855320 120
1855330 120
1855340 120
1855350 120
1855360 120
1855370 120
1855380 120
1855390 120
1855400 120
1855410 120
1855420 120
1855430 120
1855440 119
1855450 119
1855460 119
1855470 119
1855480 119
1855490 119
1855500 120
1855510 119
1855520 119
1855530 119
1855540 119
1855550 119
1855560 119
1855570 119
1855580 119
1855590 119
1855600 119
1855610 119
1855620 119
1855630 119
1855640 119
1855650 119
1855660 119
1855670 119
1855680 119
1855690 119
1855700 119
1855710 120
1855720 120
1855730 120
1855740 120
1855750 120
1855760 120
1855770 120
1855780 120
1855790 120
1855800 120
1855810 120
1855820 120
1855830 120
1855840 118
1855850 118
1855860 118
1855870 118
1855880 118
1855890 118
1855900 118
1855910 118
1855920 118
1855930 119
1855940 119
1855950 119
1855960 119
1855970 119
1855980 119
1855990 119
1856000 119
1856010 119
1856020 119
1856030 119
1856040 119
1856050 119
1856060 119
1856070 119
1856080 118
1856090 118
1856100 118
1856110 118
1856120 118
1856130 118
1856140 118
1856150 118
1856160 118
1856170 118
1856180 118
1856190 118
1856200 118
1856210 118
1856220 118
1856230 118
1856240 118
1856250 118
1856260 118
1856270 117
1856280 117
1856290 117
1856300 117
1856310 117
1856320 117
1856330 117
1856340 117
1856350 117
1856360 117
1856370 117
1856380 117
1856390 117
1856400 117
1856410 117
1856420 117
1856430 117
1856440 117
1856450 117
1856460 117
1856470 117
1856480 117
1856490 117
1856500 117
1856510 117
1856520 117
1856530 117
1856540 117
1856550 117
1856560 117
1856570 117
1856580 117
1856590 117
1856600 117
1856610 117
1856620 117
1856630 116
1856640 116
1856650 116
1856660 116
1856670 116
1856680 116
1856690 116
1856700 116
1856710 116
1856720 116
1856730 116
1856740 116
1856750 116
1856760 116
1856770 116
1856780 116
1856790 116
1856800 116
1856810 116
1856820 116
1856830 116
1856840 116
1856850 116
1856860 116
1856870 116
1856880 116
1856890 116
1856900 116
1856910 116
1856920 116
1856930 116
1856940 116
1856950 116
1856960 116
1856970 116
1856980 116
1856990 116
1857000 116
1857010 116
1857020 116
1857030 116
1857040 116
1857050 116
1857060 116
1857070 116
1857080 116
1857090 116
1857100 116
1857110 116
1857120 116
1857130 116
1857140 116
1857150 116
1857160 116
1857170 116
1857180 116
1857190 116
1857200 116
1857210 116
1857220 116
1857230 116
1857240 116
1857250 116
1857260 116
1857270 116
1857280 116
1857290 116
1857300 116
1857310 116
1857320 116
1857330 116
1857340 116
1857350 116
1857360 116
1857370 116
1857380 116
1857390 116
1857400 116
1857410 116
1857420 116
1857430 116
1857440 116
1857450 116
1857460 116
1857470 116
1857480 116
1857490 116
1857500 116
1857510 116
1857520 115
1857530 115
1857540 116
1857550 115
1857560 115
1857570 115
1857580 115
1857590 115
1857600 115
1857610 115
1857620 115
1857630 115
1857640 115
1857650 115
1857660 115
1857670 116
1857680 116
1857690 115
1857700 115
1857710 115
1857720 115
1857730 115
1857740 115
1857750 115
1857760 115
1857770 115
1857780 116
1857790 116
1857800 116
1857810 115
1857820 115
1857830 115
1857840 115
1857850 115
1857860 115
1857870 115
1857880 115
1857890 115
1857900 115
1857910 115
1857920 115
1857930 115
1857940 115
1857950 115
1857960 115
1857970 115
1857980 115
1857990 115
1858000 115
1858010 115
1858020 115
1858030 116
1858040 115
1858050 115
1858060 115
1858070 115
1858080 115
1858090 115
1858100 115
1858110 115
1858120 115
1858130 115
1858140 115
1858150 115
1858160 115
1858170 115
1858180 115
1858190 115
1858200 115
1858210 115
1858220 115
1858230 115
1858240 115
1858250 115
1858260 115
1858270 115
1858280 115
1858290 115
1858300 115
1858310 115
1858320 115
1858330 115
1858340 115
1858350 115
1858360 115
1858370 115
1858380 115
1858390 115
1858400 115
1858410 115
1858420 115
1858430 115
1858440 115
1858450 115
1858460 115
1858470 115
1858480 115
1858490 115
1858500 115
1858510 115
1858520 115
1858530 115
1858540 115
1858550 115
1858560 115
1858570 115
1858580 115
1858590 115
1858600 115
1858610 115
1858620 115
1858630 115
1858640 115
1858650 115
1858660 115
1858670 115
1858680 115
1858690 115
1858700 115
1858710 115
1858720 115
1858730 115
1858740 115
1858750 115
1858760 115
1858770 115
1858780 115
1858790 115
1858800 115
1858810 115
1858820 115
1858830 115
1858840 115
1858850 115
1858860 115
1858870 115
1858880 115
1858890 115
1858900 115
1858910 115
1858920 115
1858930 115
1858940 115
1858950 115
1858960 115
1858970 115
1858980 115
1858990 115
1859000 115
1859010 115
1859020 115
1859030 115
1859040 115
1859050 115
1859060 115
1859070 115
1859080 115
1859090 115
1859100 115
1859110 115
1859120 115
1859130 115
1859140 115
1859150 115
1859160 115
1859170 115
1859180 115
1859190 115
1859200 115
1859210 115
1859220 115
1859230 115
1859240 115
1859250 115
1859260 115
1859270 115
1859280 115
1859290 115
1859300 115
1859310 115
1859320 115
1859330 115
1859340 115
1859350 115
1859360 115
1859370 115
1859380 115
1859390 115
1859400 115
1859410 115
1859420 115
1859430 115
1859440 115
1859450 115
1859460 115
1859470 115
1859480 115
1859490 115
1859500 115
1859510 115
1859520 115
1859530 115
1859540 115
1859550 115
1859560 115
1859570 115
1859580 115
1859590 115
1859600 115
1859610 115
1859620 115
1859630 115
1859640 115
1859650 115
1859660 115
1859670 115
1859680 115
1859690 115
1859700 115
1859710 115
1859720 115
1859730 115
1859740 115
1859750 115
1859760 115
1859770 115
1859780 115
1859790 115
1859800 115
1859810 115
1859820 115
1859830 115
1859840 115
1859850 115
1859860 115
1859870 115
1859880 115
1859890 115
1859900 115
1859910 115
1859920 115
1859930 115
1859940 115
1859950 115
1859960 115
1859970 115
1859980 115
1859990 115
