1840000 255
1840010 255
1840020 254
1840030 254
1840040 254
1840050 253
1840060 253
1840070 253
1840080 253
1840090 252
1840100 252
1840110 252
1840120 251
1840130 251
1840140 250
1840150 249
1840160 249
1840170 248
1840180 248
1840190 248
1840200 248
1840210 247
1840220 247
1840230 246
1840240 246
1840250 246
1840260 245
1840270 244
1840280 244
1840290 244
1840300 243
1840310 243
1840320 242
1840330 241
1840340 241
1840350 241
1840360 240
1840370 240
1840380 240
1840390 239
1840400 239
1840410 238
1840420 238
1840430 238
1840440 238
1840450 237
1840460 237
1840470 237
1840480 237
1840490 237
1840500 237
1840510 236
1840520 236
1840530 236
1840540 236
1840550 236
1840560 236
1840570 235
1840580 235
1840590 235
1840600 235
1840610 235
1840620 234
1840630 234
1840640 234
1840650 234
1840660 234
1840670 234
1840680 235
1840690 235
1840700 235
1840710 235
1840720 236
1840730 236
1840740 236
1840750 237
1840760 237
1840770 237
1840780 238
1840790 239
1840800 239
1840810 240
1840820 241
1840830 241
1840840 242
1840850 242
1840860 242
1840870 242
1840880 242
1840890 242
1840900 243
1840910 243
1840920 243
1840930 243
1840940 243
1840950 243
1840960 244
1840970 244
1840980 244
1840990 244
1841000 244
1841010 244
1841020 244
1841030 243
1841040 243
1841050 243
1841060 243
1841070 243
1841080 242
1841090 242
1841100 242
1841110 242
1841120 241
1841130 241
1841140 241
1841150 241
1841160 241
1841170 240
1841180 240
1841190 240
1841200 240
1841210 240
1841220 240
1841230 240
1841240 240
1841250 240
1841260 240
1841270 240
1841280 240
1841290 239
1841300 239
1841310 239
1841320 239
1841330 239
1841340 239
1841350 239
1841360 239
1841370 239
1841380 238
1841390 238
1841400 238
1841410 238
1841420 237
1841430 237
1841440 236
1841450 236
1841460 236
1841470 235
1841480 235
1841490 235
1841500 234
1841510 234
1841520 234
1841530 234
1841540 233
1841550 233
1841560 233
1841570 232
1841580 232
1841590 232
1841600 231
1841610 231
1841620 231
1841630 230
1841640 229
1841650 229
1841660 229
1841670 228
1841680 228
1841690 227
1841700 227
1841710 227
1841720 226
1841730 225
1841740 225
1841750 225
1841760 224
1841770 224
1841780 224
1841790 223
1841800 223
1841810 222
1841820 222
1841830 222
1841840 222
1841850 222
1841860 222
1841870 222
1841880 222
1841890 222
1841900 222
1841910 222
1841920 222
1841930 221
1841940 221
1841950 221
1841960 221
1841970 221
1841980 221
1841990 221
1842000 221
1842010 221
1842020 221
1842030 221
1842040 221
1842050 220
1842060 220
1842070 220
1842080 221
1842090 221
1842100 221
1842110 220
1842120 220
1842130 220
1842140 220
1842150 220
1842160 220
1842170 220
1842180 219
1842190 219
1842200 219
1842210 219
1842220 219
1842230 219
1842240 219
1842250 219
1842260 219
1842270 220
1842280 220
1842290 220
1842300 220
1842310 220
1842320 220
1842330 220
1842340 220
1842350 220
1842360 220
1842370 220
1842380 220
1842390 221
1842400 221
1842410 221
1842420 221
1842430 221
1842440 221
1842450 221
1842460 221
1842470 221
1842480 221
1842490 222
1842500 222
1842510 222
1842520 222
1842530 222
1842540 223
1842550 222
1842560 222
1842570 222
1842580 222
1842590 222
1842600 222
1842610 222
1842620 222
1842630 222
1842640 222
1842650 222
1842660 222
1842670 222
1842680 222
1842690 223
1842700 223
1842710 223
1842720 224
1842730 225
1842740 225
1842750 226
1842760 227
1842770 227
1842780 227
1842790 228
1842800 228
1842810 229
1842820 230
1842830 230
1842840 231
1842850 231
1842860 231
1842870 231
1842880 232
1842890 232
1842900 232
1842910 232
1842920 232
1842930 232
1842940 233
1842950 233
1842960 233
1842970 234
1842980 234
1842990 234
1843000 235
1843010 235
1843020 235
1843030 236
1843040 236
1843050 237
1843060 237
1843070 237
1843080 237
1843090 238
1843100 238
1843110 239
1843120 241
1843130 241
1843140 242
1843150 242
1843160 243
1843170 243
1843180 244
1843190 245
1843200 245
1843210 246
1843220 247
1843230 247
1843240 247
1843250 248
1843260 248
1843270 249
1843280 250
1843290 250
1843300 251
1843310 252
1843320 252
1843330 252
1843340 253
1843350 253
1843360 253
1843370 254
1843380 254
1843390 254
1843400 254
1843410 254
1843420 254
1843430 254
1843440 254
1843450 254
1843460 254
1843470 254
1843480 254
1843490 253
1843500 253
1843510 252
1843520 251
1843530 251
1843540 251
1843550 250
1843560 250
1843570 249
1843580 248
1843590 248
1843600 247
1843610 247
1843620 247
1843630 246
1843640 245
1843650 245
1843660 245
1843670 244
1843680 244
1843690 244
1843700 243
1843710 243
1843720 243
1843730 243
1843740 243
1843750 242
1843760 242
1843770 242
1843780 242
1843790 242
1843800 242
1843810 241
1843820 241
1843830 241
1843840 241
1843850 241
1843860 241
1843870 241
1843880 241
1843890 241
1843900 241
1843910 241
1843920 241
1843930 241
1843940 240
1843950 240
1843960 240
1843970 240
1843980 240
1843990 240
1844000 240
1844010 240
1844020 240
1844030 240
1844040 240
1844050 240
1844060 240
1844070 241
1844080 241
1844090 241
1844100 242
1844110 242
1844120 242
1844130 243
1844140 243
1844150 243
1844160 243
1844170 243
1844180 243
1844190 243
1844200 243
1844210 243
1844220 243
1844230 243
1844240 243
1844250 243
1844260 243
1844270 242
1844280 242
1844290 242
1844300 242
1844310 242
1844320 242
1844330 241
1844340 242
1844350 242
1844360 241
1844370 242
1844380 242
1844390 243
1844400 243
1844410 243
1844420 243
1844430 244
1844440 244
1844450 244
1844460 245
1844470 245
1844480 245
1844490 246
1844500 246
1844510 247
1844520 247
1844530 247
1844540 247
1844550 248
1844560 248
1844570 248
1844580 249
1844590 249
1844600 249
1844610 249
1844620 249
1844630 250
1844640 250
1844650 250
1844660 251
1844670 251
1844680 251
1844690 252
1844700 252
1844710 252
1844720 253
1844730 253
1844740 253
1844750 253
1844760 254
1844770 254
1844780 254
1844790 255
1844800 255
1844810 255
1844820 256
1844830 256
1844840 256
1844850 256
1844860 257
1844870 257
1844880 257
1844890 258
1844900 258
1844910 258
1844920 258
1844930 258
1844940 259
1844950 259
1844960 259
1844970 260
1844980 260
1844990 260
1845000 261
1845010 262
1845020 262
1845030 262
1845040 262
1845050 262
1845060 263
1845070 263
1845080 263
1845090 264
1845100 264
1845110 264
1845120 265
1845130 265
1845140 265
1845150 266
1845160 267
1845170 267
1845180 267
1845190 268
1845200 268
1845210 268
1845220 269
1845230 269
1845240 270
1845250 270
1845260 270
1845270 271
1845280 272
1845290 272
1845300 273
1845310 274
1845320 274
1845330 276
1845340 278
1845350 278
1845360 279
1845370 283
1845380 283
1845390 284
1845400 285
1845410 285
1845420 286
1845430 287
1845440 287
1845450 288
1845460 289
1845470 289
1845480 290
1845490 292
1845500 292
1845510 293
1845520 294
1845530 294
1845540 296
1845550 297
1845560 297
1845570 298
1845580 299
1845590 299
1845600 301
1845610 303
1845620 305
1845630 305
1845640 307
1845650 309
1845660 309
1845670 311
1845680 312
1845690 312
1845700 313
1845710 314
1845720 315
1845730 316
1845740 316
1845750 316
1845760 317
1845770 318
1845780 318
1845790 319
1845800 320
1845810 320
1845820 321
1845830 322
1845840 322
1845850 323
1845860 324
1845870 324
1845880 324
1845890 325
1845900 325
1845910 326
1845920 327
1845930 327
1845940 327
1845950 328
1845960 328
1845970 329
1845980 329
1845990 329
1846000 330
1846010 331
1846020 331
1846030 331
1846040 331
1846050 331
1846060 332
1846070 332
1846080 333
1846090 333
1846100 333
1846110 333
1846120 333
1846130 334
1846140 334
1846150 334
1846160 334
1846170 334
1846180 335
1846190 335
1846200 335
1846210 336
1846220 336
1846230 336
1846240 337
1846250 338
1846260 338
1846270 338
1846280 339
1846290 339
1846300 340
1846310 340
1846320 340
1846330 341
1846340 342
1846350 342
1846360 343
1846370 344
1846380 344
1846390 344
1846400 345
1846410 345
1846420 345
1846430 345
1846440 346
1846450 346
1846460 346
1846470 346
1846480 346
1846490 346
1846500 346
1846510 346
1846520 346
1846530 345
1846540 345
1846550 345
1846560 345
1846570 345
1846580 345
1846590 345
1846600 345
1846610 345
1846620 345
1846630 345
1846640 346
1846650 345
1846660 345
1846670 346
1846680 345
1846690 345
1846700 345
1846710 345
1846720 345
1846730 344
1846740 343
1846750 343
1846760 343
1846770 343
1846780 343
1846790 342
1846800 343
1846810 343
1846820 344
1846830 344
1846840 344
1846850 343
1846860 342
1846870 342
1846880 340
1846890 338
1846900 338
1846910 335
1846920 332
1846930 332
1846940 330
1846950 327
1846960 327
1846970 325
1846980 324
1846990 324
1847000 321
1847010 321
1847020 321
1847030 324
1847040 329
1847050 329
1847060 332
1847070 336
1847080 336
1847090 340
1847100 345
1847110 345
1847120 350
1847130 354
1847140 354
1847150 357
1847160 359
1847170 359
1847180 361
1847190 362
1847200 362
1847210 362
1847220 361
1847230 361
1847240 360
1847250 359
1847260 358
1847270 358
1847280 358
1847290 357
1847300 357
1847310 356
1847320 355
1847330 355
1847340 354
1847350 354
1847360 354
1847370 354
1847380 353
1847390 353
1847400 354
1847410 354
1847420 354
1847430 354
1847440 354
1847450 354
1847460 353
1847470 352
1847480 352
1847490 352
1847500 350
1847510 350
1847520 349
1847530 349
1847540 349
1847550 350
1847560 351
1847570 351
1847580 352
1847590 354
1847600 354
1847610 355
1847620 357
1847630 357
1847640 358
1847650 358
1847660 358
1847670 359
1847680 360
1847690 360
1847700 360
1847710 360
1847720 360
1847730 360
1847740 360
1847750 360
1847760 360
1847770 360
1847780 360
1847790 360
1847800 361
1847810 361
1847820 361
1847830 361
1847840 361
1847850 361
1847860 360
1847870 360
1847880 360
1847890 360
1847900 360
1847910 360
1847920 360
1847930 360
1847940 360
1847950 360
1847960 360
1847970 360
1847980 360
1847990 360
1848000 360
1848010 360
1848020 360
1848030 361
1848040 362
1848050 362
1848060 362
1848070 362
1848080 362
1848090 362
1848100 361
1848110 361
1848120 361
1848130 361
1848140 360
1848150 360
1848160 360
1848170 360
1848180 360
1848190 360
1848200 360
1848210 360
1848220 360
1848230 360
1848240 360
1848250 360
1848260 361
1848270 361
1848280 362
1848290 362
1848300 362
1848310 363
1848320 364
1848330 364
1848340 364
1848350 365
1848360 365
1848370 364
1848380 364
1848390 364
1848400 363
1848410 362
1848420 362
1848430 361
1848440 360
1848450 360
1848460 359
1848470 358
1848480 358
1848490 357
1848500 357
1848510 357
1848520 356
1848530 355
1848540 355
1848550 355
1848560 355
1848570 356
1848580 356
1848590 357
1848600 357
1848610 357
1848620 357
1848630 357
1848640 357
1848650 356
1848660 356
1848670 356
1848680 356
1848690 356
1848700 356
1848710 356
1848720 356
1848730 356
1848740 356
1848750 356
1848760 356
1848770 355
1848780 355
1848790 355
1848800 355
1848810 355
1848820 354
1848830 352
1848840 352
1848850 351
1848860 350
1848870 350
1848880 349
1848890 348
1848900 347
1848910 347
1848920 346
1848930 347
1848940 347
1848950 348
1848960 350
1848970 350
1848980 350
1848990 351
1849000 351
1849010 350
1849020 349
1849030 349
1849040 348
1849050 347
1849060 347
1849070 346
1849080 346
1849090 346
1849100 346
1849110 347
1849120 347
1849130 347
1849140 348
1849150 348
1849160 348
1849170 349
1849180 349
1849190 349
1849200 350
1849210 350
1849220 350
1849230 349
1849240 349
1849250 349
1849260 348
1849270 346
1849280 345
1849290 344
1849300 344
1849310 343
1849320 343
1849330 343
1849340 342
1849350 341
1849360 341
1849370 339
1849380 338
1849390 338
1849400 337
1849410 336
1849420 336
1849430 335
1849440 333
1849450 333
1849460 331
1849470 329
1849480 329
1849490 327
1849500 326
1849510 326
1849520 325
1849530 324
1849540 324
1849550 323
1849560 321
1849570 321
1849580 318
1849590 314
1849600 314
1849610 311
1849620 308
1849630 305
1849640 301
1849650 297
1849660 297
1849670 294
1849680 291
1849690 291
1849700 287
1849710 284
1849720 285
1849730 285
1849740 286
1849750 287
1849760 287
1849770 288
1849780 289
1849790 289
1849800 292
1849810 294
1849820 294
1849830 296
1849840 299
1849850 299
1849860 302
1849870 303
1849880 303
1849890 304
1849900 304
1849910 304
1849920 305
1849930 305
1849940 305
1849950 305
1849960 305
1849970 305
1849980 308
1849990 307
1850000 307
1850010 307
1850020 306
1850030 306
1850040 306
1850050 305
1850060 305
1850070 304
1850080 303
1850090 303
1850100 302
1850110 300
1850120 300
1850130 298
1850140 296
1850150 296
1850160 294
1850170 293
1850180 293
1850190 293
1850200 294
1850210 294
1850220 293
1850230 292
1850240 292
1850250 294
1850260 294
1850270 294
1850280 294
1850290 296
1850300 296
1850310 297
1850320 298
1850330 299
1850340 300
1850350 301
1850360 301
1850370 302
1850380 304
1850390 304
1850400 305
1850410 306
1850420 306
1850430 308
1850440 309
1850450 309
1850460 310
1850470 311
1850480 311
1850490 311
1850500 311
1850510 311
1850520 310
1850530 310
1850540 309
1850550 309
1850560 308
1850570 308
1850580 308
1850590 307
1850600 306
1850610 306
1850620 306
1850630 305
1850640 305
1850650 304
1850660 303
1850670 303
1850680 302
1850690 300
1850700 300
1850710 299
1850720 298
1850730 298
1850740 297
1850750 295
1850760 295
1850770 293
1850780 292
1850790 292
1850800 290
1850810 288
1850820 288
1850830 285
1850840 282
1850850 282
1850860 278
1850870 275
1850880 275
1850890 271
1850900 269
1850910 269
1850920 267
1850930 264
1850940 264
1850950 261
1850960 257
1850970 257
1850980 254
1850990 250
1851000 250
1851010 244
1851020 241
1851030 241
1851040 246
1851050 250
1851060 250
1851070 253
1851080 255
1851090 255
1851100 258
1851110 261
1851120 261
1851130 265
1851140 268
1851150 268
1851160 272
1851170 275
1851180 275
1851190 279
1851200 281
1851210 281
1851220 283
1851230 286
1851240 286
1851250 288
1851260 289
1851270 289
1851280 288
1851290 287
1851300 287
1851310 285
1851320 282
1851330 282
1851340 279
1851350 275
1851360 271
1851370 271
1851380 269
1851390 264
1851400 264
1851410 262
1851420 262
1851430 262
1851440 265
1851450 268
1851460 268
1851470 269
1851480 270
1851490 270
1851500 271
1851510 272
1851520 272
1851530 274
1851540 275
1851550 275
1851560 277
1851570 277
1851580 277
1851590 279
1851600 279
1851610 279
1851620 281
1851630 283
1851640 283
1851650 285
1851660 289
1851670 289
1851680 292
1851690 295
1851700 295
1851710 298
1851720 300
1851730 300
1851740 301
1851750 297
1851760 297
1851770 293
1851780 289
1851790 289
1851800 283
1851810 278
1851820 278
1851830 274
1851840 270
1851850 270
1851860 266
1851870 262
1851880 262
1851890 257
1851900 252
1851910 252
1851920 248
1851930 244
1851940 244
1851950 240
1851960 236
1851970 236
1851980 232
1851990 228
1852000 228
1852010 224
1852020 219
1852030 219
1852040 218
1852050 222
1852060 222
1852070 228
1852080 235
1852090 234
1852100 240
1852110 247
1852120 247
1852130 253
1852140 259
1852150 259
1852160 264
1852170 269
1852180 274
1852190 274
1852200 278
1852210 283
1852220 283
1852230 287
1852240 292
1852250 292
1852260 296
1852270 299
1852280 299
1852290 302
1852300 305
1852310 305
1852320 306
1852330 307
1852340 307
1852350 308
1852360 309
1852370 309
1852380 309
1852390 310
1852400 310
1852410 310
1852420 309
1852430 309
1852440 310
1852450 310
1852460 310
1852470 309
1852480 309
1852490 309
1852500 308
1852510 309
1852520 309
1852530 308
1852540 308
1852550 308
1852560 308
1852570 308
1852580 308
1852590 308
1852600 307
1852610 307
1852620 308
1852630 309
1852640 309
1852650 308
1852660 307
1852670 307
1852680 306
1852690 306
1852700 306
1852710 305
1852720 304
1852730 304
1852740 303
1852750 302
1852760 302
1852770 301
1852780 301
1852790 301
1852800 301
1852810 301
1852820 301
1852830 300
1852840 301
1852850 301
1852860 301
1852870 301
1852880 301
1852890 301
1852900 300
1852910 300
1852920 300
1852930 300
1852940 300
1852950 300
1852960 300
1852970 300
1852980 300
1852990 301
1853000 301
1853010 301
1853020 302
1853030 303
1853040 303
1853050 304
1853060 305
1853070 305
1853080 305
1853090 305
1853100 305
1853110 305
1853120 305
1853130 305
1853140 307
1853150 306
1853160 306
1853170 305
1853180 305
1853190 305
1853200 304
1853210 302
1853220 302
1853230 299
1853240 297
1853250 297
1853260 296
1853270 295
1853280 295
1853290 293
1853300 292
1853310 292
1853320 289
1853330 288
1853340 288
1853350 286
1853360 285
1853370 285
1853380 284
1853390 282
1853400 282
1853410 281
1853420 280
1853430 280
1853440 279
1853450 278
1853460 278
1853470 277
1853480 275
1853490 275
1853500 272
1853510 269
1853520 269
1853530 266
1853540 264
1853550 264
1853560 261
1853570 258
1853580 258
1853590 256
1853600 254
1853610 254
1853620 252
1853630 249
1853640 249
1853650 247
1853660 244
1853670 244
1853680 242
1853690 240
1853700 240
1853710 237
1853720 235
1853730 235
1853740 233
1853750 231
1853760 231
1853770 228
1853780 225
1853790 225
1853800 220
1853810 216
1853820 216
1853830 213
1853840 210
1853850 207
1853860 207
1853870 204
1853880 199
1853890 199
1853900 198
1853910 196
1853920 196
1853930 196
1853940 195
1853950 195
1853960 195
1853970 196
1853980 196
1853990 196
1854000 195
1854010 195
1854020 194
1854030 193
1854040 193
1854050 191
1854060 189
1854070 189
1854080 188
1854090 186
1854100 186
1854110 185
1854120 183
1854130 183
1854140 181
1854150 180
1854160 180
1854170 179
1854180 178
1854190 179
1854200 178
1854210 178
1854220 178
1854230 177
1854240 176
1854250 176
1854260 176
1854270 175
1854280 175
1854290 175
1854300 174
1854310 174
1854320 174
1854330 174
1854340 174
1854350 173
1854360 173
1854370 173
1854380 172
1854390 172
1854400 172
1854410 172
1854420 171
1854430 171
1854440 171
1854450 171
1854460 171
1854470 170
1854480 169
1854490 169
1854500 169
1854510 169
1854520 169
1854530 169
1854540 169
1854550 169
1854560 169
1854570 168
1854580 168
1854590 167
1854600 165
1854610 165
1854620 163
1854630 162
1854640 162
1854650 162
1854660 162
1854670 161
1854680 161
1854690 161
1854700 160
1854710 160
1854720 160
1854730 159
1854740 159
1854750 159
1854760 158
1854770 158
1854780 157
1854790 157
1854800 157
1854810 156
1854820 156
1854830 156
1854840 155
1854850 155
1854860 155
1854870 153
1854880 152
1854890 153
1854900 153
1854910 152
1854920 152
1854930 152
1854940 152
1854950 152
1854960 152
1854970 152
1854980 152
1854990 152
1855000 152
1855010 152
1855020 152
1855030 153
1855040 153
1855050 154
1855060 154
1855070 154
1855080 155
1855090 155
1855100 155
1855110 155
1855120 155
1855130 155
1855140 155
1855150 155
1855160 155
1855170 155
1855180 155
1855190 155
1855200 155
1855210 155
1855220 155
1855230 155
1855240 155
1855250 155
1855260 155
1855270 155
1855280 155
1855290 155
1855300 155
1855310 155
1855320 154
1855330 154
1855340 154
1855350 154
1855360 154
1855370 154
1855380 154
1855390 154
1855400 154
1855410 153
1855420 153
1855430 153
1855440 153
1855450 153
1855460 153
1855470 153
1855480 153
1855490 153
1855500 153
1855510 152
1855520 152
1855530 152
1855540 152
1855550 152
1855560 152
1855570 151
1855580 151
1855590 151
1855600 151
1855610 150
1855620 150
1855630 150
1855640 150
1855650 150
1855660 150
1855670 150
1855680 150
1855690 149
1855700 149
1855710 149
1855720 148
1855730 148
1855740 148
1855750 148
1855760 147
1855770 147
1855780 147
1855790 146
1855800 146
1855810 146
1855820 146
1855830 146
1855840 145
1855850 145
1855860 145
1855870 145
1855880 145
1855890 145
1855900 145
1855910 145
1855920 145
1855930 145
1855940 145
1855950 145
1855960 145
1855970 145
1855980 145
1855990 145
1856000 145
1856010 145
1856020 144
1856030 144
1856040 144
1856050 144
1856060 144
1856070 144
1856080 144
1856090 144
1856100 144
1856110 143
1856120 144
1856130 144
1856140 144
1856150 143
1856160 143
1856170 143
1856180 143
1856190 143
1856200 143
1856210 142
1856220 142
1856230 142
1856240 142
1856250 142
1856260 141
1856270 141
1856280 141
1856290 141
1856300 141
1856310 141
1856320 141
1856330 141
1856340 141
1856350 141
1856360 141
1856370 141
1856380 141
1856390 141
1856400 142
1856410 142
1856420 142
1856430 142
1856440 142
1856450 142
1856460 142
1856470 142
1856480 142
1856490 142
1856500 142
1856510 141
1856520 141
1856530 141
1856540 141
1856550 141
1856560 141
1856570 141
1856580 140
1856590 140
1856600 140
1856610 140
1856620 140
1856630 139
1856640 139
1856650 139
1856660 139
1856670 139
1856680 139
1856690 139
1856700 139
1856710 139
1856720 139
1856730 138
1856740 138
1856750 138
1856760 138
1856770 138
1856780 138
1856790 138
1856800 138
1856810 138
1856820 138
1856830 138
1856840 138
1856850 138
1856860 138
1856870 138
1856880 138
1856890 138
1856900 138
1856910 138
1856920 138
1856930 138
1856940 138
1856950 138
1856960 137
1856970 138
1856980 138
1856990 137
1857000 137
1857010 137
1857020 137
1857030 137
1857040 137
1857050 137
1857060 137
1857070 137
1857080 137
1857090 136
1857100 136
1857110 136
1857120 136
1857130 136
1857140 136
1857150 136
1857160 136
1857170 136
1857180 136
1857190 136
1857200 136
1857210 135
1857220 135
1857230 135
1857240 135
1857250 135
1857260 135
1857270 135
1857280 135
1857290 135
1857300 135
1857310 135
1857320 135
1857330 135
1857340 136
1857350 136
1857360 136
1857370 137
1857380 137
1857390 137
1857400 137
1857410 137
1857420 137
1857430 137
1857440 137
1857450 137
1857460 136
1857470 136
1857480 136
1857490 136
1857500 136
1857510 135
1857520 134
1857530 134
1857540 134
1857550 133
1857560 133
1857570 133
1857580 133
1857590 133
1857600 132
1857610 132
1857620 132
1857630 132
1857640 132
1857650 132
1857660 132
1857670 132
1857680 132
1857690 132
1857700 132
1857710 132
1857720 131
1857730 131
1857740 131
1857750 131
1857760 131
1857770 131
1857780 131
1857790 131
1857800 131
1857810 131
1857820 131
1857830 131
1857840 131
1857850 131
1857860 131
1857870 131
1857880 131
1857890 131
1857900 131
1857910 130
1857920 130
1857930 130
1857940 130
1857950 130
1857960 130
1857970 130
1857980 129
1857990 129
1858000 129
1858010 129
1858020 129
1858030 129
1858040 129
1858050 129
1858060 129
1858070 129
1858080 129
1858090 129
1858100 128
1858110 128
1858120 128
1858130 128
1858140 128
1858150 128
1858160 128
1858170 128
1858180 128
1858190 128
1858200 128
1858210 127
1858220 127
1858230 127
1858240 127
1858250 127
1858260 127
1858270 127
1858280 127
1858290 127
1858300 127
1858310 127
1858320 127
1858330 127
1858340 127
1858350 127
1858360 127
1858370 128
1858380 128
1858390 128
1858400 128
1858410 128
1858420 127
1858430 127
1858440 127
1858450 127
1858460 128
1858470 128
1858480 128
1858490 128
1858500 128
1858510 128
1858520 127
1858530 127
1858540 127
1858550 127
1858560 127
1858570 127
1858580 127
1858590 127
1858600 127
1858610 127
1858620 127
1858630 127
1858640 127
1858650 127
1858660 126
1858670 126
1858680 126
1858690 125
1858700 123
1858710 123
1858720 122
1858730 122
1858740 122
1858750 121
1858760 121
1858770 121
1858780 121
1858790 121
1858800 121
1858810 121
1858820 121
1858830 121
1858840 121
1858850 121
1858860 121
1858870 121
1858880 120
1858890 120
1858900 120
1858910 120
1858920 119
1858930 119
1858940 119
1858950 119
1858960 119
1858970 119
1858980 120
1858990 120
1859000 120
1859010 120
1859020 120
1859030 120
1859040 120
1859050 120
1859060 119
1859070 119
1859080 119
1859090 120
1859100 119
1859110 119
1859120 119
1859130 118
1859140 118
1859150 118
1859160 118
1859170 118
1859180 118
1859190 118
1859200 118
1859210 117
1859220 117
1859230 117
1859240 118
1859250 118
1859260 118
1859270 118
1859280 117
1859290 117
1859300 117
1859310 117
1859320 117
1859330 117
1859340 117
1859350 117
1859360 117
1859370 117
1859380 117
1859390 117
1859400 117
1859410 117
1859420 116
1859430 117
1859440 117
1859450 116
1859460 117
1859470 117
1859480 116
1859490 116
1859500 116
1859510 117
1859520 117
1859530 117
1859540 116
1859550 116
1859560 116
1859570 116
1859580 116
1859590 116
1859600 116
1859610 116
1859620 116
1859630 116
1859640 116
1859650 116
1859660 116
1859670 116
1859680 116
1859690 116
1859700 116
1859710 116
1859720 116
1859730 116
1859740 116
1859750 116
1859760 116
1859770 116
1859780 116
1859790 116
1859800 116
1859810 116
1859820 116
1859830 116
1859840 116
1859850 116
1859860 116
1859870 116
1859880 116
1859890 116
1859900 116
1859910 116
1859920 116
1859930 116
1859940 116
1859950 116
1859960 116
1859970 116
1859980 116
1859990 116
