1840000 196
1840010 196
1840020 196
1840030 196
1840040 196
1840050 196
1840060 196
1840070 196
1840080 196
1840090 196
1840100 196
1840110 196
1840120 196
1840130 196
1840140 196
1840150 196
1840160 196
1840170 196
1840180 196
1840190 196
1840200 196
1840210 196
1840220 196
1840230 196
1840240 196
1840250 196
1840260 196
1840270 196
1840280 196
1840290 196
1840300 196
1840310 196
1840320 196
1840330 196
1840340 196
1840350 196
1840360 196
1840370 196
1840380 196
1840390 197
1840400 196
1840410 196
1840420 196
1840430 196
1840440 196
1840450 197
1840460 197
1840470 197
1840480 197
1840490 197
1840500 197
1840510 197
1840520 197
1840530 197
1840540 197
1840550 197
1840560 197
1840570 197
1840580 198
1840590 198
1840600 198
1840610 198
1840620 198
1840630 198
1840640 198
1840650 198
1840660 198
1840670 198
1840680 198
1840690 198
1840700 198
1840710 198
1840720 198
1840730 198
1840740 198
1840750 198
1840760 198
1840770 198
1840780 198
1840790 198
1840800 199
1840810 199
1840820 199
1840830 199
1840840 199
1840850 199
1840860 199
1840870 199
1840880 199
1840890 199
1840900 199
1840910 199
1840920 199
1840930 199
1840940 199
1840950 200
1840960 200
1840970 200
1840980 200
1840990 200
1841000 200
1841010 201
1841020 201
1841030 201
1841040 201
1841050 201
1841060 202
1841070 202
1841080 202
1841090 202
1841100 203
1841110 203
1841120 203
1841130 204
1841140 204
1841150 204
1841160 205
1841170 205
1841180 205
1841190 206
1841200 206
1841210 207
1841220 208
1841230 208
1841240 208
1841250 209
1841260 209
1841270 209
1841280 210
1841290 210
1841300 210
1841310 210
1841320 210
1841330 210
1841340 210
1841350 210
1841360 211
1841370 211
1841380 211
1841390 211
1841400 211
1841410 211
1841420 211
1841430 211
1841440 211
1841450 211
1841460 211
1841470 211
1841480 211
1841490 211
1841500 211
1841510 211
1841520 211
1841530 211
1841540 211
1841550 211
1841560 211
1841570 211
1841580 211
1841590 211
1841600 211
1841610 211
1841620 211
1841630 211
1841640 210
1841650 210
1841660 210
1841670 210
1841680 210
1841690 210
1841700 210
1841710 210
1841720 210
1841730 210
1841740 210
1841750 210
1841760 209
1841770 209
1841780 209
1841790 209
1841800 210
1841810 210
1841820 210
1841830 210
1841840 210
1841850 210
1841860 210
1841870 210
1841880 210
1841890 210
1841900 210
1841910 209
1841920 209
1841930 209
1841940 209
1841950 209
1841960 209
1841970 208
1841980 208
1841990 208
1842000 207
1842010 207
1842020 207
1842030 206
1842040 206
1842050 206
1842060 205
1842070 204
1842080 204
1842090 204
1842100 203
1842110 203
1842120 203
1842130 202
1842140 202
1842150 202
1842160 202
1842170 202
1842180 202
1842190 202
1842200 202
1842210 201
1842220 201
1842230 201
1842240 201
1842250 201
1842260 201
1842270 201
1842280 200
1842290 200
1842300 200
1842310 200
1842320 201
1842330 201
1842340 201
1842350 202
1842360 202
1842370 203
1842380 204
1842390 204
1842400 204
1842410 204
1842420 204
1842430 205
1842440 204
1842450 204
1842460 204
1842470 204
1842480 204
1842490 204
1842500 203
1842510 203
1842520 202
1842530 201
1842540 201
1842550 201
1842560 201
1842570 201
1842580 201
1842590 201
1842600 201
1842610 201
1842620 201
1842630 201
1842640 201
1842650 201
1842660 201
1842670 201
1842680 202
1842690 202
1842700 202
1842710 202
1842720 202
1842730 202
1842740 202
1842750 202
1842760 202
1842770 202
1842780 202
1842790 202
1842800 202
1842810 202
1842820 202
1842830 202
1842840 202
1842850 203
1842860 203
1842870 203
1842880 203
1842890 203
1842900 203
1842910 203
1842920 203
1842930 203
1842940 203
1842950 203
1842960 203
1842970 203
1842980 203
1842990 203
1843000 204
1843010 204
1843020 204
1843030 204
1843040 204
1843050 204
1843060 204
1843070 205
1843080 205
1843090 205
1843100 205
1843110 206
1843120 206
1843130 206
1843140 207
1843150 207
1843160 207
1843170 208
1843180 208
1843190 208
1843200 208
1843210 208
1843220 208
1843230 209
1843240 209
1843250 209
1843260 209
1843270 209
1843280 209
1843290 209
1843300 209
1843310 209
1843320 209
1843330 209
1843340 210
1843350 210
1843360 210
1843370 210
1843380 210
1843390 210
1843400 210
1843410 211
1843420 211
1843430 211
1843440 212
1843450 212
1843460 212
1843470 213
1843480 213
1843490 213
1843500 214
1843510 214
1843520 214
1843530 215
1843540 215
1843550 215
1843560 215
1843570 215
1843580 215
1843590 215
1843600 215
1843610 216
1843620 216
1843630 216
1843640 216
1843650 217
1843660 217
1843670 217
1843680 217
1843690 217
1843700 218
1843710 218
1843720 218
1843730 218
1843740 219
1843750 219
1843760 219
1843770 219
1843780 219
1843790 219
1843800 220
1843810 220
1843820 220
1843830 221
1843840 221
1843850 221
1843860 221
1843870 221
1843880 221
1843890 221
1843900 221
1843910 222
1843920 222
1843930 222
1843940 222
1843950 222
1843960 222
1843970 222
1843980 222
1843990 222
1844000 222
1844010 222
1844020 222
1844030 222
1844040 221
1844050 221
1844060 221
1844070 221
1844080 221
1844090 221
1844100 221
1844110 222
1844120 222
1844130 222
1844140 222
1844150 222
1844160 222
1844170 222
1844180 222
1844190 223
1844200 223
1844210 223
1844220 223
1844230 223
1844240 223
1844250 222
1844260 222
1844270 222
1844280 222
1844290 222
1844300 222
1844310 222
1844320 222
1844330 222
1844340 222
1844350 222
1844360 222
1844370 222
1844380 222
1844390 222
1844400 221
1844410 221
1844420 221
1844430 221
1844440 221
1844450 221
1844460 220
1844470 220
1844480 220
1844490 220
1844500 221
1844510 221
1844520 221
1844530 221
1844540 221
1844550 221
1844560 220
1844570 220
1844580 220
1844590 223
1844600 223
1844610 223
1844620 223
1844630 223
1844640 223
1844650 224
1844660 224
1844670 224
1844680 225
1844690 225
1844700 225
1844710 226
1844720 226
1844730 226
1844740 226
1844750 226
1844760 226
1844770 227
1844780 227
1844790 227
1844800 227
1844810 227
1844820 227
1844830 227
1844840 227
1844850 227
1844860 227
1844870 228
1844880 228
1844890 228
1844900 228
1844910 228
1844920 229
1844930 229
1844940 229
1844950 229
1844960 230
1844970 230
1844980 230
1844990 231
1845000 231
1845010 231
1845020 231
1845030 231
1845040 232
1845050 232
1845060 232
1845070 232
1845080 232
1845090 232
1845100 232
1845110 232
1845120 232
1845130 233
1845140 233
1845150 233
1845160 233
1845170 233
1845180 233
1845190 234
1845200 234
1845210 234
1845220 235
1845230 236
1845240 236
1845250 236
1845260 236
1845270 236
1845280 237
1845290 238
1845300 238
1845310 239
1845320 240
1845330 240
1845340 240
1845350 240
1845360 240
1845370 240
1845380 240
1845390 240
1845400 241
1845410 241
1845420 241
1845430 242
1845440 243
1845450 243
1845460 243
1845470 244
1845480 244
1845490 244
1845500 245
1845510 245
1845520 245
1845530 245
1845540 245
1845550 246
1845560 246
1845570 246
1845580 246
1845590 246
1845600 246
1845610 247
1845620 248
1845630 248
1845640 248
1845650 249
1845660 249
1845670 249
1845680 250
1845690 250
1845700 251
1845710 251
1845720 252
1845730 252
1845740 252
1845750 253
1845760 253
1845770 254
1845780 254
1845790 254
1845800 255
1845810 256
1845820 256
1845830 257
1845840 258
1845850 258
1845860 260
1845870 261
1845880 261
1845890 262
1845900 264
1845910 264
1845920 265
1845930 266
1845940 266
1845950 268
1845960 269
1845970 269
1845980 270
1845990 272
1846000 272
1846010 273
1846020 275
1846030 275
1846040 276
1846050 277
1846060 277
1846070 279
1846080 280
1846090 280
1846100 282
1846110 282
1846120 282
1846130 282
1846140 281
1846150 281
1846160 281
1846170 283
1846180 283
1846190 285
1846200 286
1846210 286
1846220 285
1846230 285
1846240 285
1846250 286
1846260 288
1846270 288
1846280 289
1846290 290
1846300 290
1846310 291
1846320 292
1846330 292
1846340 293
1846350 295
1846360 295
1846370 296
1846380 298
1846390 298
1846400 299
1846410 298
1846420 298
1846430 299
1846440 300
1846450 300
1846460 301
1846470 305
1846480 305
1846490 310
1846500 309
1846510 309
1846520 310
1846530 311
1846540 311
1846550 313
1846560 313
1846570 314
1846580 314
1846590 316
1846600 318
1846610 318
1846620 319
1846630 320
1846640 320
1846650 320
1846660 320
1846670 320
1846680 321
1846690 322
1846700 322
1846710 323
1846720 324
1846730 324
1846740 324
1846750 324
1846760 324
1846770 324
1846780 325
1846790 325
1846800 325
1846810 326
1846820 326
1846830 326
1846840 327
1846850 327
1846860 328
1846870 329
1846880 329
1846890 330
1846900 332
1846910 332
1846920 334
1846930 335
1846940 335
1846950 333
1846960 331
1846970 331
1846980 328
1846990 327
1847000 327
1847010 326
1847020 325
1847030 325
1847040 324
1847050 324
1847060 324
1847070 325
1847080 326
1847090 326
1847100 327
1847110 329
1847120 329
1847130 330
1847140 331
1847150 331
1847160 333
1847170 335
1847180 335
1847190 337
1847200 339
1847210 339
1847220 341
1847230 343
1847240 343
1847250 344
1847260 345
1847270 345
1847280 346
1847290 347
1847300 347
1847310 350
1847320 351
1847330 351
1847340 352
1847350 352
1847360 352
1847370 353
1847380 354
1847390 354
1847400 355
1847410 355
1847420 355
1847430 356
1847440 357
1847450 358
1847460 358
1847470 359
1847480 360
1847490 360
1847500 360
1847510 361
1847520 361
1847530 362
1847540 363
1847550 363
1847560 364
1847570 364
1847580 364
1847590 364
1847600 364
1847610 364
1847620 364
1847630 364
1847640 364
1847650 364
1847660 364
1847670 365
1847680 365
1847690 366
1847700 366
1847710 367
1847720 368
1847730 368
1847740 369
1847750 370
1847760 370
1847770 369
1847780 368
1847790 368
1847800 367
1847810 367
1847820 367
1847830 367
1847840 368
1847850 368
1847860 370
1847870 372
1847880 372
1847890 373
1847900 375
1847910 375
1847920 376
1847930 377
1847940 377
1847950 378
1847960 380
1847970 380
1847980 381
1847990 382
1848000 382
1848010 383
1848020 384
1848030 384
1848040 385
1848050 386
1848060 386
1848070 386
1848080 386
1848090 386
1848100 386
1848110 385
1848120 385
1848130 384
1848140 383
1848150 383
1848160 382
1848170 381
1848180 381
1848190 379
1848200 378
1848210 378
1848220 377
1848230 377
1848240 377
1848250 378
1848260 379
1848270 379
1848280 381
1848290 381
1848300 382
1848310 382
1848320 382
1848330 383
1848340 383
1848350 383
1848360 385
1848370 385
1848380 387
1848390 387
1848400 387
1848410 387
1848420 387
1848430 387
1848440 386
1848450 386
1848460 386
1848470 385
1848480 386
1848490 386
1848500 386
1848510 385
1848520 385
1848530 385
1848540 385
1848550 385
1848560 385
1848570 384
1848580 384
1848590 384
1848600 384
1848610 384
1848620 385
1848630 386
1848640 386
1848650 386
1848660 387
1848670 387
1848680 389
1848690 390
1848700 390
1848710 391
1848720 392
1848730 394
1848740 394
1848750 395
1848760 395
1848770 395
1848780 396
1848790 396
1848800 397
1848810 398
1848820 398
1848830 399
1848840 399
1848850 399
1848860 400
1848870 401
1848880 401
1848890 402
1848900 402
1848910 402
1848920 403
1848930 403
1848940 403
1848950 403
1848960 404
1848970 404
1848980 404
1848990 404
1849000 404
1849010 404
1849020 405
1849030 405
1849040 405
1849050 405
1849060 405
1849070 406
1849080 407
1849090 408
1849100 409
1849110 410
1849120 410
1849130 410
1849140 411
1849150 411
1849160 412
1849170 413
1849180 414
1849190 414
1849200 416
1849210 417
1849220 417
1849230 419
1849240 421
1849250 421
1849260 423
1849270 425
1849280 425
1849290 426
1849300 428
1849310 428
1849320 430
1849330 431
1849340 431
1849350 430
1849360 429
1849370 429
1849380 428
1849390 427
1849400 427
1849410 425
1849420 424
1849430 424
1849440 423
1849450 422
1849460 422
1849470 422
1849480 421
1849490 421
1849500 421
1849510 420
1849520 420
1849530 419
1849540 419
1849550 419
1849560 417
1849570 416
1849580 416
1849590 414
1849600 412
1849610 412
1849620 410
1849630 408
1849640 408
1849650 406
1849660 404
1849670 404
1849680 402
1849690 400
1849700 400
1849710 398
1849720 395
1849730 395
1849740 392
1849750 390
1849760 390
1849770 389
1849780 388
1849790 387
1849800 385
1849810 385
1849820 385
1849830 385
1849840 385
1849850 385
1849860 385
1849870 385
1849880 385
1849890 386
1849900 386
1849910 386
1849920 386
1849930 386
1849940 386
1849950 386
1849960 386
1849970 386
1849980 385
1849990 385
1850000 385
1850010 384
1850020 384
1850030 384
1850040 383
1850050 383
1850060 383
1850070 383
1850080 383
1850090 382
1850100 382
1850110 381
1850120 380
1850130 380
1850140 379
1850150 378
1850160 378
1850170 377
1850180 376
1850190 376
1850200 374
1850210 372
1850220 372
1850230 371
1850240 369
1850250 369
1850260 367
1850270 366
1850280 366
1850290 364
1850300 362
1850310 362
1850320 361
1850330 360
1850340 360
1850350 360
1850360 361
1850370 361
1850380 362
1850390 363
1850400 363
1850410 363
1850420 364
1850430 364
1850440 365
1850450 365
1850460 365
1850470 366
1850480 367
1850490 367
1850500 365
1850510 364
1850520 364
1850530 363
1850540 361
1850550 361
1850560 359
1850570 356
1850580 356
1850590 353
1850600 350
1850610 350
1850620 346
1850630 349
1850640 349
1850650 351
1850660 353
1850670 353
1850680 355
1850690 356
1850700 356
1850710 358
1850720 359
1850730 359
1850740 360
1850750 362
1850760 362
1850770 363
1850780 364
1850790 364
1850800 364
1850810 365
1850820 365
1850830 367
1850840 368
1850850 368
1850860 369
1850870 370
1850880 370
1850890 371
1850900 372
1850910 372
1850920 372
1850930 372
1850940 372
1850950 372
1850960 371
1850970 371
1850980 371
1850990 371
1851000 370
1851010 370
1851020 369
1851030 368
1851040 368
1851050 368
1851060 367
1851070 367
1851080 366
1851090 366
1851100 366
1851110 365
1851120 364
1851130 364
1851140 364
1851150 363
1851160 363
1851170 362
1851180 362
1851190 362
1851200 361
1851210 360
1851220 360
1851230 359
1851240 358
1851250 358
1851260 357
1851270 356
1851280 356
1851290 355
1851300 355
1851310 355
1851320 354
1851330 352
1851340 352
1851350 351
1851360 349
1851370 349
1851380 347
1851390 346
1851400 346
1851410 347
1851420 351
1851430 351
1851440 353
1851450 354
1851460 354
1851470 356
1851480 358
1851490 358
1851500 361
1851510 362
1851520 362
1851530 364
1851540 365
1851550 365
1851560 366
1851570 367
1851580 367
1851590 368
1851600 369
1851610 369
1851620 369
1851630 369
1851640 369
1851650 370
1851660 370
1851670 370
1851680 370
1851690 371
1851700 371
1851710 371
1851720 372
1851730 372
1851740 373
1851750 373
1851760 373
1851770 372
1851780 371
1851790 370
1851800 370
1851810 370
1851820 369
1851830 369
1851840 368
1851850 367
1851860 367
1851870 366
1851880 365
1851890 365
1851900 364
1851910 362
1851920 362
1851930 361
1851940 360
1851950 360
1851960 359
1851970 358
1851980 358
1851990 357
1852000 357
1852010 357
1852020 356
1852030 355
1852040 355
1852050 354
1852060 353
1852070 353
1852080 352
1852090 351
1852100 351
1852110 351
1852120 350
1852130 350
1852140 349
1852150 349
1852160 349
1852170 348
1852180 348
1852190 348
1852200 347
1852210 346
1852220 346
1852230 345
1852240 345
1852250 345
1852260 342
1852270 342
1852280 342
1852290 343
1852300 343
1852310 343
1852320 344
1852330 345
1852340 345
1852350 346
1852360 346
1852370 346
1852380 346
1852390 345
1852400 345
1852410 344
1852420 343
1852430 343
1852440 342
1852450 341
1852460 341
1852470 340
1852480 340
1852490 340
1852500 339
1852510 339
1852520 339
1852530 338
1852540 338
1852550 338
1852560 337
1852570 337
1852580 337
1852590 336
1852600 336
1852610 337
1852620 336
1852630 336
1852640 336
1852650 335
1852660 335
1852670 334
1852680 334
1852690 334
1852700 334
1852710 334
1852720 333
1852730 333
1852740 333
1852750 332
1852760 331
1852770 331
1852780 330
1852790 328
1852800 328
1852810 327
1852820 326
1852830 326
1852840 325
1852850 324
1852860 324
1852870 323
1852880 323
1852890 323
1852900 323
1852910 323
1852920 323
1852930 323
1852940 323
1852950 323
1852960 324
1852970 324
1852980 324
1852990 323
1853000 323
1853010 323
1853020 322
1853030 321
1853040 321
1853050 321
1853060 320
1853070 320
1853080 319
1853090 319
1853100 319
1853110 319
1853120 318
1853130 318
1853140 318
1853150 317
1853160 317
1853170 317
1853180 316
1853190 316
1853200 316
1853210 316
1853220 316
1853230 315
1853240 315
1853250 315
1853260 315
1853270 315
1853280 315
1853290 315
1853300 315
1853310 316
1853320 316
1853330 317
1853340 317
1853350 317
1853360 317
1853370 317
1853380 318
1853390 318
1853400 318
1853410 319
1853420 319
1853430 319
1853440 319
1853450 320
1853460 320
1853470 320
1853480 321
1853490 321
1853500 321
1853510 321
1853520 321
1853530 321
1853540 321
1853550 321
1853560 321
1853570 321
1853580 321
1853590 321
1853600 321
1853610 320
1853620 320
1853630 319
1853640 318
1853650 318
1853660 315
1853670 313
1853680 313
1853690 311
1853700 308
1853710 308
1853720 305
1853730 302
1853740 302
1853750 298
1853760 294
1853770 294
1853780 289
1853790 286
1853800 286
1853810 283
1853820 280
1853830 280
1853840 277
1853850 275
1853860 275
1853870 273
1853880 267
1853890 267
1853900 264
1853910 263
1853920 263
1853930 262
1853940 261
1853950 261
1853960 264
1853970 269
1853980 269
1853990 271
1854000 274
1854010 279
1854020 281
1854030 284
1854040 284
1854050 287
1854060 289
1854070 289
1854080 290
1854090 291
1854100 291
1854110 289
1854120 285
1854130 285
1854140 280
1854150 276
1854160 276
1854170 273
1854180 269
1854190 269
1854200 267
1854210 272
1854220 272
1854230 275
1854240 278
1854250 278
1854260 281
1854270 286
1854280 286
1854290 291
1854300 296
1854310 296
1854320 300
1854330 304
1854340 304
1854350 307
1854360 309
1854370 309
1854380 311
1854390 313
1854400 311
1854410 311
1854420 309
1854430 306
1854440 306
1854450 303
1854460 299
1854470 299
1854480 296
1854490 292
1854500 292
1854510 288
1854520 283
1854530 283
1854540 279
1854550 275
1854560 275
1854570 271
1854580 267
1854590 267
1854600 263
1854610 259
1854620 259
1854630 255
1854640 253
1854650 253
1854660 249
1854670 243
1854680 243
1854690 238
1854700 237
1854710 237
1854720 241
1854730 245
1854740 245
1854750 248
1854760 249
1854770 249
1854780 252
1854790 254
1854800 254
1854810 257
1854820 259
1854830 259
1854840 259
1854850 260
1854860 260
1854870 260
1854880 260
1854890 260
1854900 260
1854910 260
1854920 260
1854930 261
1854940 260
1854950 260
1854960 262
1854970 264
1854980 264
1854990 267
1855000 268
1855010 268
1855020 269
1855030 271
1855040 271
1855050 276
1855060 278
1855070 278
1855080 278
1855090 277
1855100 277
1855110 278
1855120 277
1855130 277
1855140 278
1855150 279
1855160 279
1855170 280
1855180 281
1855190 281
1855200 282
1855210 283
1855220 283
1855230 283
1855240 284
1855250 284
1855260 284
1855270 283
1855280 282
1855290 282
1855300 280
1855310 278
1855320 278
1855330 275
1855340 271
1855350 271
1855360 267
1855370 262
1855380 262
1855390 259
1855400 252
1855410 252
1855420 248
1855430 244
1855440 244
1855450 240
1855460 235
1855470 235
1855480 231
1855490 226
1855500 226
1855510 222
1855520 218
1855530 218
1855540 214
1855550 208
1855560 208
1855570 202
1855580 201
1855590 201
1855600 200
1855610 200
1855620 200
1855630 201
1855640 205
1855650 205
1855660 210
1855670 216
1855680 216
1855690 220
1855700 226
1855710 226
1855720 230
1855730 233
1855740 233
1855750 237
1855760 239
1855770 239
1855780 241
1855790 244
1855800 244
1855810 247
1855820 250
1855830 250
1855840 254
1855850 257
1855860 257
1855870 260
1855880 264
1855890 264
1855900 269
1855910 274
1855920 274
1855930 277
1855940 279
1855950 279
1855960 282
1855970 284
1855980 284
1855990 285
1856000 288
1856010 288
1856020 289
1856030 290
1856040 290
1856050 291
1856060 291
1856070 291
1856080 292
1856090 293
1856100 293
1856110 292
1856120 291
1856130 291
1856140 290
1856150 290
1856160 289
1856170 289
1856180 289
1856190 288
1856200 288
1856210 287
1856220 286
1856230 286
1856240 285
1856250 284
1856260 284
1856270 283
1856280 282
1856290 282
1856300 282
1856310 281
1856320 281
1856330 279
1856340 278
1856350 278
1856360 277
1856370 276
1856380 276
1856390 275
1856400 274
1856410 274
1856420 273
1856430 272
1856440 272
1856450 271
1856460 270
1856470 270
1856480 269
1856490 268
1856500 268
1856510 267
1856520 266
1856530 266
1856540 267
1856550 268
1856560 268
1856570 270
1856580 273
1856590 273
1856600 275
1856610 277
1856620 277
1856630 278
1856640 279
1856650 279
1856660 279
1856670 280
1856680 280
1856690 281
1856700 282
1856710 282
1856720 282
1856730 284
1856740 284
1856750 285
1856760 287
1856770 287
1856780 289
1856790 291
1856800 291
1856810 293
1856820 295
1856830 295
1856840 296
1856850 295
1856860 295
1856870 294
1856880 292
1856890 292
1856900 290
1856910 288
1856920 288
1856930 286
1856940 284
1856950 284
1856960 282
1856970 280
1856980 280
1856990 279
1857000 278
1857010 278
1857020 276
1857030 275
1857040 274
1857050 274
1857060 272
1857070 272
1857080 272
1857090 272
1857100 272
1857110 272
1857120 273
1857130 275
1857140 275
1857150 275
1857160 275
1857170 275
1857180 274
1857190 273
1857200 273
1857210 272
1857220 271
1857230 271
1857240 270
1857250 268
1857260 268
1857270 267
1857280 266
1857290 266
1857300 265
1857310 265
1857320 265
1857330 264
1857340 263
1857350 263
1857360 262
1857370 261
1857380 261
1857390 260
1857400 259
1857410 259
1857420 256
1857430 254
1857440 254
1857450 253
1857460 252
1857470 252
1857480 251
1857490 250
1857500 250
1857510 248
1857520 246
1857530 246
1857540 243
1857550 241
1857560 241
1857570 240
1857580 239
1857590 239
1857600 237
1857610 236
1857620 236
1857630 235
1857640 234
1857650 234
1857660 232
1857670 230
1857680 230
1857690 229
1857700 227
1857710 227
1857720 225
1857730 223
1857740 223
1857750 221
1857760 219
1857770 219
1857780 217
1857790 215
1857800 215
1857810 214
1857820 212
1857830 212
1857840 211
1857850 210
1857860 210
1857870 207
1857880 206
1857890 206
1857900 206
1857910 201
1857920 197
1857930 197
1857940 196
1857950 196
1857960 196
1857970 195
1857980 194
1857990 194
1858000 193
1858010 192
1858020 192
1858030 192
1858040 192
1858050 192
1858060 191
1858070 191
1858080 191
1858090 191
1858100 192
1858110 192
1858120 193
1858130 194
1858140 194
1858150 196
1858160 197
1858170 198
1858180 197
1858190 196
1858200 196
1858210 195
1858220 195
1858230 195
1858240 194
1858250 194
1858260 194
1858270 193
1858280 192
1858290 192
1858300 191
1858310 190
1858320 190
1858330 189
1858340 188
1858350 188
1858360 187
1858370 186
1858380 186
1858390 185
1858400 185
1858410 185
1858420 184
1858430 183
1858440 183
1858450 182
1858460 181
1858470 181
1858480 180
1858490 178
1858500 178
1858510 178
1858520 178
1858530 178
1858540 178
1858550 178
1858560 178
1858570 179
1858580 180
1858590 180
1858600 180
1858610 180
1858620 180
1858630 180
1858640 180
1858650 180
1858660 179
1858670 178
1858680 178
1858690 178
1858700 177
1858710 177
1858720 176
1858730 175
1858740 175
1858750 175
1858760 174
1858770 174
1858780 173
1858790 173
1858800 172
1858810 172
1858820 172
1858830 171
1858840 171
1858850 170
1858860 169
1858870 169
1858880 169
1858890 168
1858900 168
1858910 167
1858920 167
1858930 167
1858940 166
1858950 166
1858960 166
1858970 165
1858980 164
1858990 164
1859000 163
1859010 163
1859020 163
1859030 162
1859040 162
1859050 162
1859060 161
1859070 161
1859080 161
1859090 161
1859100 160
1859110 160
1859120 160
1859130 160
1859140 160
1859150 160
1859160 159
1859170 159
1859180 159
1859190 159
1859200 159
1859210 159
1859220 159
1859230 159
1859240 158
1859250 158
1859260 158
1859270 158
1859280 158
1859290 158
1859300 157
1859310 157
1859320 157
1859330 156
1859340 156
1859350 156
1859360 156
1859370 156
1859380 156
1859390 156
1859400 156
1859410 156
1859420 155
1859430 154
1859440 154
1859450 153
1859460 153
1859470 153
1859480 152
1859490 152
1859500 152
1859510 152
1859520 151
1859530 151
1859540 151
1859550 151
1859560 151
1859570 150
1859580 150
1859590 150
1859600 150
1859610 149
1859620 149
1859630 149
1859640 148
1859650 148
1859660 148
1859670 148
1859680 147
1859690 147
1859700 147
1859710 147
1859720 147
1859730 147
1859740 146
1859750 146
1859760 146
1859770 145
1859780 145
1859790 145
1859800 145
1859810 145
1859820 144
1859830 144
1859840 144
1859850 143
1859860 143
1859870 143
1859880 142
1859890 142
1859900 142
1859910 141
1859920 141
1859930 141
1859940 141
1859950 140
1859960 140
1859970 140
1859980 140
1859990 140
