1840000 196
1840010 196
1840020 196
1840030 196
1840040 196
1840050 196
1840060 196
1840070 197
1840080 197
1840090 197
1840100 197
1840110 197
1840120 197
1840130 197
1840140 197
1840150 197
1840160 197
1840170 197
1840180 197
1840190 197
1840200 197
1840210 197
1840220 197
1840230 197
1840240 197
1840250 197
1840260 197
1840270 197
1840280 197
1840290 197
1840300 197
1840310 197
1840320 197
1840330 197
1840340 197
1840350 197
1840360 197
1840370 197
1840380 197
1840390 197
1840400 197
1840410 197
1840420 197
1840430 197
1840440 196
1840450 198
1840460 198
1840470 197
1840480 197
1840490 197
1840500 197
1840510 198
1840520 198
1840530 198
1840540 198
1840550 198
1840560 199
1840570 199
1840580 199
1840590 199
1840600 199
1840610 199
1840620 199
1840630 199
1840640 199
1840650 199
1840660 199
1840670 199
1840680 199
1840690 200
1840700 200
1840710 200
1840720 200
1840730 200
1840740 200
1840750 200
1840760 200
1840770 200
1840780 200
1840790 200
1840800 200
1840810 200
1840820 200
1840830 200
1840840 200
1840850 200
1840860 201
1840870 201
1840880 201
1840890 201
1840900 201
1840910 201
1840920 201
1840930 201
1840940 201
1840950 201
1840960 201
1840970 201
1840980 201
1840990 201
1841000 201
1841010 201
1841020 201
1841030 201
1841040 201
1841050 201
1841060 201
1841070 202
1841080 202
1841090 202
1841100 202
1841110 203
1841120 203
1841130 203
1841140 203
1841150 203
1841160 203
1841170 204
1841180 204
1841190 204
1841200 205
1841210 205
1841220 205
1841230 205
1841240 206
1841250 206
1841260 207
1841270 207
1841280 207
1841290 208
1841300 208
1841310 208
1841320 209
1841330 210
1841340 210
1841350 210
1841360 211
1841370 211
1841380 211
1841390 212
1841400 212
1841410 212
1841420 212
1841430 212
1841440 212
1841450 212
1841460 212
1841470 212
1841480 212
1841490 212
1841500 212
1841510 212
1841520 212
1841530 211
1841540 211
1841550 211
1841560 211
1841570 211
1841580 211
1841590 211
1841600 211
1841610 211
1841620 211
1841630 211
1841640 211
1841650 211
1841660 211
1841670 211
1841680 211
1841690 211
1841700 211
1841710 210
1841720 210
1841730 210
1841740 210
1841750 210
1841760 210
1841770 210
1841780 210
1841790 210
1841800 210
1841810 210
1841820 210
1841830 209
1841840 209
1841850 209
1841860 209
1841870 208
1841880 208
1841890 208
1841900 208
1841910 208
1841920 207
1841930 207
1841940 207
1841950 206
1841960 206
1841970 206
1841980 206
1841990 206
1842000 206
1842010 205
1842020 205
1842030 205
1842040 205
1842050 205
1842060 205
1842070 205
1842080 205
1842090 205
1842100 205
1842110 205
1842120 205
1842130 205
1842140 205
1842150 205
1842160 205
1842170 204
1842180 204
1842190 204
1842200 204
1842210 203
1842220 203
1842230 203
1842240 203
1842250 203
1842260 203
1842270 204
1842280 204
1842290 204
1842300 204
1842310 204
1842320 204
1842330 204
1842340 204
1842350 204
1842360 203
1842370 203
1842380 203
1842390 203
1842400 203
1842410 203
1842420 203
1842430 203
1842440 203
1842450 203
1842460 203
1842470 203
1842480 203
1842490 203
1842500 202
1842510 202
1842520 202
1842530 202
1842540 202
1842550 202
1842560 201
1842570 202
1842580 202
1842590 202
1842600 202
1842610 202
1842620 202
1842630 202
1842640 202
1842650 203
1842660 203
1842670 203
1842680 203
1842690 203
1842700 203
1842710 203
1842720 203
1842730 203
1842740 203
1842750 203
1842760 203
1842770 203
1842780 203
1842790 203
1842800 203
1842810 203
1842820 203
1842830 203
1842840 204
1842850 204
1842860 203
1842870 204
1842880 204
1842890 204
1842900 204
1842910 204
1842920 204
1842930 204
1842940 204
1842950 204
1842960 204
1842970 205
1842980 205
1842990 205
1843000 205
1843010 205
1843020 205
1843030 205
1843040 205
1843050 206
1843060 206
1843070 206
1843080 206
1843090 207
1843100 207
1843110 207
1843120 208
1843130 208
1843140 208
1843150 208
1843160 208
1843170 209
1843180 209
1843190 209
1843200 209
1843210 210
1843220 210
1843230 210
1843240 211
1843250 211
1843260 211
1843270 211
1843280 211
1843290 212
1843300 212
1843310 212
1843320 212
1843330 213
1843340 213
1843350 213
1843360 213
1843370 213
1843380 213
1843390 214
1843400 214
1843410 214
1843420 214
1843430 214
1843440 215
1843450 215
1843460 215
1843470 215
1843480 216
1843490 216
1843500 216
1843510 216
1843520 216
1843530 216
1843540 216
1843550 216
1843560 217
1843570 217
1843580 217
1843590 217
1843600 217
1843610 217
1843620 217
1843630 218
1843640 218
1843650 218
1843660 218
1843670 218
1843680 219
1843690 219
1843700 219
1843710 219
1843720 219
1843730 219
1843740 219
1843750 220
1843760 220
1843770 220
1843780 220
1843790 220
1843800 221
1843810 221
1843820 221
1843830 222
1843840 222
1843850 222
1843860 222
1843870 222
1843880 222
1843890 222
1843900 222
1843910 222
1843920 222
1843930 222
1843940 222
1843950 222
1843960 222
1843970 222
1843980 222
1843990 222
1844000 222
1844010 222
1844020 222
1844030 222
1844040 222
1844050 222
1844060 222
1844070 222
1844080 222
1844090 222
1844100 222
1844110 222
1844120 222
1844130 222
1844140 222
1844150 222
1844160 222
1844170 222
1844180 222
1844190 222
1844200 222
1844210 222
1844220 222
1844230 221
1844240 221
1844250 221
1844260 222
1844270 222
1844280 222
1844290 222
1844300 222
1844310 222
1844320 222
1844330 222
1844340 222
1844350 222
1844360 222
1844370 222
1844380 223
1844390 223
1844400 223
1844410 224
1844420 224
1844430 224
1844440 225
1844450 226
1844460 226
1844470 226
1844480 226
1844490 226
1844500 225
1844510 224
1844520 224
1844530 225
1844540 226
1844550 226
1844560 226
1844570 226
1844580 226
1844590 226
1844600 226
1844610 226
1844620 227
1844630 227
1844640 227
1844650 227
1844660 227
1844670 227
1844680 228
1844690 228
1844700 228
1844710 228
1844720 229
1844730 230
1844740 230
1844750 230
1844760 231
1844770 231
1844780 231
1844790 231
1844800 231
1844810 231
1844820 232
1844830 232
1844840 232
1844850 232
1844860 232
1844870 232
1844880 232
1844890 232
1844900 232
1844910 233
1844920 233
1844930 233
1844940 233
1844950 233
1844960 233
1844970 233
1844980 233
1844990 234
1845000 234
1845010 234
1845020 234
1845030 234
1845040 234
1845050 235
1845060 235
1845070 235
1845080 236
1845090 236
1845100 236
1845110 236
1845120 237
1845130 237
1845140 237
1845150 237
1845160 237
1845170 238
1845180 238
1845190 238
1845200 238
1845210 239
1845220 239
1845230 239
1845240 239
1845250 239
1845260 240
1845270 240
1845280 240
1845290 241
1845300 241
1845310 241
1845320 241
1845330 242
1845340 242
1845350 242
1845360 243
1845370 243
1845380 243
1845390 244
1845400 244
1845410 244
1845420 245
1845430 245
1845440 246
1845450 246
1845460 246
1845470 247
1845480 248
1845490 248
1845500 248
1845510 249
1845520 249
1845530 249
1845540 250
1845550 250
1845560 250
1845570 250
1845580 251
1845590 251
1845600 251
1845610 252
1845620 252
1845630 252
1845640 252
1845650 252
1845660 252
1845670 253
1845680 253
1845690 253
1845700 253
1845710 253
1845720 253
1845730 253
1845740 253
1845750 252
1845760 252
1845770 252
1845780 254
1845790 254
1845800 254
1845810 255
1845820 255
1845830 255
1845840 256
1845850 257
1845860 257
1845870 258
1845880 260
1845890 260
1845900 261
1845910 263
1845920 263
1845930 264
1845940 266
1845950 266
1845960 267
1845970 269
1845980 269
1845990 270
1846000 272
1846010 272
1846020 273
1846030 274
1846040 274
1846050 275
1846060 277
1846070 277
1846080 279
1846090 281
1846100 281
1846110 283
1846120 284
1846130 284
1846140 286
1846150 288
1846160 288
1846170 289
1846180 291
1846190 291
1846200 292
1846210 294
1846220 294
1846230 297
1846240 299
1846250 299
1846260 300
1846270 300
1846280 300
1846290 300
1846300 301
1846310 301
1846320 302
1846330 303
1846340 303
1846350 304
1846360 307
1846370 307
1846380 308
1846390 309
1846400 309
1846410 309
1846420 308
1846430 306
1846440 306
1846450 306
1846460 307
1846470 307
1846480 310
1846490 311
1846500 311
1846510 311
1846520 312
1846530 312
1846540 313
1846550 314
1846560 314
1846570 315
1846580 317
1846590 317
1846600 318
1846610 319
1846620 319
1846630 321
1846640 322
1846650 322
1846660 323
1846670 322
1846680 322
1846690 321
1846700 319
1846710 319
1846720 317
1846730 317
1846740 317
1846750 315
1846760 315
1846770 315
1846780 314
1846790 311
1846800 311
1846810 309
1846820 311
1846830 311
1846840 314
1846850 317
1846860 317
1846870 320
1846880 323
1846890 323
1846900 325
1846910 326
1846920 326
1846930 327
1846940 328
1846950 328
1846960 329
1846970 330
1846980 330
1846990 332
1847000 335
1847010 335
1847020 338
1847030 342
1847040 342
1847050 346
1847060 349
1847070 349
1847080 351
1847090 350
1847100 350
1847110 350
1847120 349
1847130 349
1847140 347
1847150 346
1847160 346
1847170 346
1847180 346
1847190 346
1847200 346
1847210 346
1847220 346
1847230 345
1847240 345
1847250 345
1847260 343
1847270 341
1847280 337
1847290 337
1847300 336
1847310 337
1847320 337
1847330 338
1847340 338
1847350 338
1847360 340
1847370 342
1847380 342
1847390 344
1847400 347
1847410 347
1847420 348
1847430 349
1847440 351
1847450 352
1847460 354
1847470 354
1847480 355
1847490 355
1847500 355
1847510 355
1847520 355
1847530 355
1847540 355
1847550 355
1847560 355
1847570 355
1847580 356
1847590 356
1847600 356
1847610 356
1847620 356
1847630 355
1847640 354
1847650 354
1847660 354
1847670 355
1847680 355
1847690 356
1847700 356
1847710 356
1847720 357
1847730 358
1847740 358
1847750 358
1847760 359
1847770 359
1847780 359
1847790 358
1847800 359
1847810 359
1847820 358
1847830 358
1847840 360
1847850 362
1847860 362
1847870 364
1847880 364
1847890 364
1847900 365
1847910 365
1847920 365
1847930 366
1847940 366
1847950 366
1847960 367
1847970 368
1847980 368
1847990 368
1848000 369
1848010 369
1848020 369
1848030 370
1848040 370
1848050 370
1848060 370
1848070 370
1848080 370
1848090 371
1848100 371
1848110 371
1848120 371
1848130 371
1848140 371
1848150 373
1848160 373
1848170 373
1848180 373
1848190 372
1848200 372
1848210 371
1848220 370
1848230 370
1848240 370
1848250 371
1848260 371
1848270 374
1848280 376
1848290 376
1848300 378
1848310 379
1848320 379
1848330 380
1848340 380
1848350 380
1848360 380
1848370 380
1848380 380
1848390 380
1848400 378
1848410 378
1848420 376
1848430 374
1848440 374
1848450 372
1848460 373
1848470 373
1848480 374
1848490 377
1848500 377
1848510 378
1848520 382
1848530 382
1848540 385
1848550 388
1848560 388
1848570 390
1848580 392
1848590 392
1848600 394
1848610 395
1848620 395
1848630 396
1848640 397
1848650 397
1848660 397
1848670 396
1848680 396
1848690 395
1848700 395
1848710 395
1848720 394
1848730 393
1848740 393
1848750 392
1848760 391
1848770 391
1848780 390
1848790 390
1848800 390
1848810 389
1848820 389
1848830 389
1848840 389
1848850 388
1848860 386
1848870 387
1848880 389
1848890 389
1848900 389
1848910 390
1848920 390
1848930 390
1848940 391
1848950 391
1848960 391
1848970 392
1848980 392
1848990 393
1849000 394
1849010 395
1849020 395
1849030 396
1849040 397
1849050 397
1849060 399
1849070 400
1849080 400
1849090 401
1849100 402
1849110 402
1849120 403
1849130 404
1849140 404
1849150 406
1849160 407
1849170 407
1849180 408
1849190 410
1849200 410
1849210 412
1849220 413
1849230 413
1849240 414
1849250 415
1849260 415
1849270 416
1849280 418
1849290 418
1849300 419
1849310 419
1849320 419
1849330 420
1849340 421
1849350 421
1849360 423
1849370 424
1849380 424
1849390 424
1849400 425
1849410 425
1849420 426
1849430 427
1849440 427
1849450 428
1849460 429
1849470 429
1849480 429
1849490 429
1849500 429
1849510 429
1849520 428
1849530 428
1849540 427
1849550 425
1849560 425
1849570 422
1849580 420
1849590 420
1849600 419
1849610 418
1849620 418
1849630 416
1849640 415
1849650 415
1849660 413
1849670 412
1849680 412
1849690 410
1849700 408
1849710 408
1849720 406
1849730 404
1849740 404
1849750 402
1849760 400
1849770 400
1849780 399
1849790 397
1849800 397
1849810 395
1849820 393
1849830 393
1849840 391
1849850 389
1849860 389
1849870 387
1849880 386
1849890 384
1849900 384
1849910 383
1849920 380
1849930 380
1849940 379
1849950 378
1849960 378
1849970 377
1849980 375
1849990 375
1850000 373
1850010 371
1850020 371
1850030 370
1850040 368
1850050 368
1850060 366
1850070 362
1850080 362
1850090 359
1850100 362
1850110 362
1850120 364
1850130 365
1850140 365
1850150 366
1850160 366
1850170 366
1850180 366
1850190 365
1850200 365
1850210 364
1850220 364
1850230 364
1850240 364
1850250 364
1850260 364
1850270 365
1850280 364
1850290 364
1850300 364
1850310 364
1850320 364
1850330 363
1850340 363
1850350 363
1850360 362
1850370 360
1850380 360
1850390 359
1850400 357
1850410 357
1850420 354
1850430 351
1850440 351
1850450 349
1850460 351
1850470 351
1850480 353
1850490 356
1850500 356
1850510 358
1850520 360
1850530 360
1850540 361
1850550 363
1850560 363
1850570 363
1850580 361
1850590 361
1850600 360
1850610 358
1850620 358
1850630 356
1850640 354
1850650 354
1850660 352
1850670 350
1850680 350
1850690 347
1850700 343
1850710 343
1850720 339
1850730 341
1850740 341
1850750 343
1850760 345
1850770 348
1850780 348
1850790 350
1850800 352
1850810 352
1850820 353
1850830 355
1850840 355
1850850 357
1850860 359
1850870 359
1850880 361
1850890 364
1850900 364
1850910 365
1850920 366
1850930 366
1850940 367
1850950 368
1850960 368
1850970 369
1850980 370
1850990 370
1851000 370
1851010 370
1851020 370
1851030 370
1851040 370
1851050 370
1851060 370
1851070 371
1851080 371
1851090 371
1851100 371
1851110 371
1851120 370
1851130 370
1851140 370
1851150 370
1851160 369
1851170 369
1851180 369
1851190 369
1851200 369
1851210 369
1851220 369
1851230 369
1851240 369
1851250 368
1851260 368
1851270 367
1851280 366
1851290 366
1851300 365
1851310 364
1851320 364
1851330 360
1851340 359
1851350 359
1851360 357
1851370 355
1851380 355
1851390 352
1851400 351
1851410 351
1851420 349
1851430 348
1851440 348
1851450 345
1851460 340
1851470 340
1851480 338
1851490 338
1851500 338
1851510 338
1851520 341
1851530 341
1851540 343
1851550 344
1851560 344
1851570 346
1851580 348
1851590 348
1851600 350
1851610 351
1851620 352
1851630 352
1851640 354
1851650 355
1851660 355
1851670 356
1851680 358
1851690 358
1851700 359
1851710 359
1851720 359
1851730 359
1851740 360
1851750 360
1851760 361
1851770 361
1851780 361
1851790 362
1851800 363
1851810 363
1851820 363
1851830 363
1851840 363
1851850 364
1851860 363
1851870 363
1851880 363
1851890 363
1851900 363
1851910 363
1851920 363
1851930 363
1851940 363
1851950 363
1851960 363
1851970 363
1851980 362
1851990 362
1852000 361
1852010 360
1852020 360
1852030 358
1852040 357
1852050 357
1852060 356
1852070 355
1852080 355
1852090 353
1852100 352
1852110 352
1852120 351
1852130 350
1852140 350
1852150 349
1852160 348
1852170 348
1852180 347
1852190 346
1852200 346
1852210 345
1852220 345
1852230 345
1852240 344
1852250 343
1852260 343
1852270 342
1852280 341
1852290 341
1852300 340
1852310 339
1852320 339
1852330 337
1852340 335
1852350 335
1852360 334
1852370 335
1852380 337
1852390 338
1852400 339
1852410 339
1852420 338
1852430 338
1852440 338
1852450 338
1852460 337
1852470 337
1852480 337
1852490 336
1852500 335
1852510 335
1852520 334
1852530 334
1852540 334
1852550 333
1852560 332
1852570 332
1852580 331
1852590 329
1852600 329
1852610 328
1852620 328
1852630 328
1852640 327
1852650 326
1852660 326
1852670 325
1852680 325
1852690 325
1852700 325
1852710 324
1852720 324
1852730 324
1852740 324
1852750 324
1852760 323
1852770 322
1852780 322
1852790 322
1852800 321
1852810 321
1852820 320
1852830 320
1852840 320
1852850 319
1852860 318
1852870 318
1852880 318
1852890 317
1852900 317
1852910 316
1852920 315
1852930 315
1852940 314
1852950 313
1852960 313
1852970 312
1852980 311
1852990 311
1853000 311
1853010 311
1853020 311
1853030 310
1853040 310
1853050 310
1853060 310
1853070 310
1853080 311
1853090 311
1853100 310
1853110 310
1853120 310
1853130 310
1853140 310
1853150 310
1853160 310
1853170 310
1853180 310
1853190 310
1853200 310
1853210 309
1853220 309
1853230 309
1853240 309
1853250 308
1853260 308
1853270 308
1853280 307
1853290 307
1853300 307
1853310 307
1853320 307
1853330 307
1853340 307
1853350 308
1853360 308
1853370 308
1853380 309
1853390 309
1853400 310
1853410 310
1853420 310
1853430 312
1853440 312
1853450 312
1853460 313
1853470 313
1853480 313
1853490 314
1853500 314
1853510 314
1853520 315
1853530 315
1853540 315
1853550 315
1853560 316
1853570 316
1853580 316
1853590 316
1853600 316
1853610 316
1853620 317
1853630 317
1853640 317
1853650 317
1853660 317
1853670 317
1853680 316
1853690 316
1853700 315
1853710 315
1853720 315
1853730 314
1853740 313
1853750 313
1853760 312
1853770 311
1853780 310
1853790 308
1853800 307
1853810 307
1853820 305
1853830 303
1853840 303
1853850 302
1853860 300
1853870 300
1853880 297
1853890 294
1853900 294
1853910 291
1853920 288
1853930 288
1853940 285
1853950 282
1853960 282
1853970 278
1853980 275
1853990 275
1854000 271
1854010 268
1854020 268
1854030 263
1854040 256
1854050 256
1854060 254
1854070 254
1854080 254
1854090 255
1854100 259
1854110 259
1854120 265
1854130 272
1854140 272
1854150 276
1854160 275
1854170 275
1854180 272
1854190 267
1854200 267
1854210 264
1854220 258
1854230 261
1854240 261
1854250 264
1854260 268
1854270 268
1854280 272
1854290 277
1854300 277
1854310 282
1854320 287
1854330 287
1854340 291
1854350 294
1854360 294
1854370 297
1854380 300
1854390 300
1854400 302
1854410 304
1854420 304
1854430 306
1854440 307
1854450 307
1854460 308
1854470 309
1854480 311
1854490 311
1854500 311
1854510 311
1854520 309
1854530 308
1854540 308
1854550 306
1854560 303
1854570 303
1854580 301
1854590 298
1854600 298
1854610 295
1854620 293
1854630 293
1854640 289
1854650 286
1854660 286
1854670 283
1854680 280
1854690 280
1854700 277
1854710 273
1854720 273
1854730 269
1854740 267
1854750 267
1854760 264
1854770 261
1854780 261
1854790 257
1854800 253
1854810 253
1854820 249
1854830 241
1854840 241
1854850 238
1854860 234
1854870 234
1854880 231
1854890 228
1854900 228
1854910 229
1854920 230
1854930 230
1854940 231
1854950 232
1854960 232
1854970 236
1854980 238
1854990 238
1855000 239
1855010 240
1855020 240
1855030 240
1855040 241
1855050 241
1855060 241
1855070 242
1855080 242
1855090 242
1855100 242
1855110 244
1855120 244
1855130 245
1855140 246
1855150 246
1855160 246
1855170 246
1855180 250
1855190 250
1855200 251
1855210 251
1855220 252
1855230 253
1855240 253
1855250 254
1855260 255
1855270 255
1855280 255
1855290 256
1855300 256
1855310 256
1855320 256
1855330 256
1855340 257
1855350 258
1855360 258
1855370 259
1855380 259
1855390 259
1855400 259
1855410 259
1855420 259
1855430 258
1855440 256
1855450 256
1855460 253
1855470 250
1855480 250
1855490 246
1855500 241
1855510 241
1855520 236
1855530 232
1855540 232
1855550 228
1855560 223
1855570 223
1855580 218
1855590 214
1855600 214
1855610 210
1855620 204
1855630 204
1855640 199
1855650 198
1855660 198
1855670 196
1855680 197
1855690 197
1855700 200
1855710 204
1855720 204
1855730 207
1855740 212
1855750 212
1855760 217
1855770 221
1855780 221
1855790 224
1855800 227
1855810 227
1855820 228
1855830 230
1855840 230
1855850 231
1855860 233
1855870 236
1855880 238
1855890 242
1855900 242
1855910 245
1855920 247
1855930 247
1855940 250
1855950 253
1855960 253
1855970 256
1855980 259
1855990 262
1856000 262
1856010 264
1856020 267
1856030 267
1856040 269
1856050 270
1856060 270
1856070 271
1856080 272
1856090 272
1856100 272
1856110 273
1856120 273
1856130 273
1856140 273
1856150 273
1856160 273
1856170 273
1856180 273
1856190 273
1856200 274
1856210 274
1856220 276
1856230 276
1856240 276
1856250 276
1856260 277
1856270 277
1856280 277
1856290 279
1856300 279
1856310 279
1856320 278
1856330 278
1856340 277
1856350 276
1856360 276
1856370 275
1856380 274
1856390 274
1856400 273
1856410 272
1856420 272
1856430 271
1856440 269
1856450 269
1856460 268
1856470 267
1856480 267
1856490 265
1856500 265
1856510 265
1856520 264
1856530 262
1856540 262
1856550 261
1856560 260
1856570 260
1856580 258
1856590 258
1856600 258
1856610 259
1856620 260
1856630 260
1856640 262
1856650 264
1856660 264
1856670 266
1856680 269
1856690 269
1856700 271
1856710 273
1856720 273
1856730 274
1856740 275
1856750 275
1856760 276
1856770 275
1856780 275
1856790 274
1856800 274
1856810 274
1856820 274
1856830 273
1856840 273
1856850 273
1856860 273
1856870 272
1856880 272
1856890 271
1856900 270
1856910 272
1856920 272
1856930 271
1856940 271
1856950 271
1856960 270
1856970 270
1856980 270
1856990 269
1857000 269
1857010 268
1857020 268
1857030 268
1857040 267
1857050 265
1857060 265
1857070 264
1857080 263
1857090 263
1857100 261
1857110 260
1857120 260
1857130 258
1857140 256
1857150 256
1857160 254
1857170 253
1857180 253
1857190 252
1857200 252
1857210 252
1857220 251
1857230 250
1857240 250
1857250 249
1857260 250
1857270 250
1857280 249
1857290 249
1857300 249
1857310 248
1857320 247
1857330 247
1857340 246
1857350 245
1857360 245
1857370 245
1857380 244
1857390 244
1857400 243
1857410 242
1857420 242
1857430 242
1857440 241
1857450 241
1857460 240
1857470 239
1857480 239
1857490 238
1857500 237
1857510 237
1857520 236
1857530 235
1857540 235
1857550 234
1857560 233
1857570 233
1857580 233
1857590 232
1857600 233
1857610 232
1857620 231
1857630 231
1857640 231
1857650 230
1857660 230
1857670 228
1857680 226
1857690 226
1857700 224
1857710 221
1857720 219
1857730 219
1857740 218
1857750 218
1857760 218
1857770 217
1857780 217
1857790 217
1857800 216
1857810 215
1857820 215
1857830 215
1857840 213
1857850 213
1857860 213
1857870 212
1857880 212
1857890 211
1857900 210
1857910 210
1857920 209
1857930 208
1857940 208
1857950 208
1857960 206
1857970 206
1857980 205
1857990 204
1858000 204
1858010 203
1858020 202
1858030 202
1858040 201
1858050 200
1858060 200
1858070 199
1858080 197
1858090 197
1858100 195
1858110 194
1858120 194
1858130 192
1858140 190
1858150 190
1858160 190
1858170 189
1858180 189
1858190 187
1858200 185
1858210 185
1858220 184
1858230 183
1858240 183
1858250 182
1858260 182
1858270 182
1858280 181
1858290 181
1858300 181
1858310 180
1858320 180
1858330 180
1858340 179
1858350 179
1858360 179
1858370 179
1858380 178
1858390 178
1858400 178
1858410 178
1858420 178
1858430 179
1858440 180
1858450 180
1858460 180
1858470 181
1858480 181
1858490 180
1858500 180
1858510 180
1858520 180
1858530 179
1858540 179
1858550 179
1858560 179
1858570 179
1858580 178
1858590 177
1858600 176
1858610 176
1858620 174
1858630 171
1858640 170
1858650 169
1858660 169
1858670 169
1858680 170
1858690 170
1858700 170
1858710 171
1858720 172
1858730 172
1858740 172
1858750 172
1858760 172
1858770 171
1858780 171
1858790 171
1858800 170
1858810 170
1858820 170
1858830 169
1858840 168
1858850 168
1858860 168
1858870 167
1858880 167
1858890 166
1858900 166
1858910 166
1858920 165
1858930 165
1858940 165
1858950 164
1858960 163
1858970 163
1858980 162
1858990 162
1859000 162
1859010 161
1859020 160
1859030 160
1859040 160
1859050 159
1859060 159
1859070 159
1859080 159
1859090 159
1859100 158
1859110 158
1859120 158
1859130 158
1859140 157
1859150 157
1859160 157
1859170 156
1859180 156
1859190 156
1859200 156
1859210 156
1859220 155
1859230 155
1859240 155
1859250 155
1859260 154
1859270 154
1859280 154
1859290 154
1859300 154
1859310 153
1859320 153
1859330 153
1859340 153
1859350 152
1859360 152
1859370 152
1859380 152
1859390 152
1859400 152
1859410 152
1859420 152
1859430 152
1859440 150
1859450 150
1859460 149
1859470 149
1859480 148
1859490 148
1859500 148
1859510 148
1859520 148
1859530 147
1859540 147
1859550 147
1859560 147
1859570 147
1859580 147
1859590 146
1859600 146
1859610 146
1859620 146
1859630 146
1859640 146
1859650 145
1859660 145
1859670 145
1859680 145
1859690 145
1859700 145
1859710 144
1859720 144
1859730 144
1859740 143
1859750 143
1859760 143
1859770 143
1859780 142
1859790 142
1859800 142
1859810 142
1859820 142
1859830 142
1859840 142
1859850 142
1859860 142
1859870 142
1859880 142
1859890 140
1859900 139
1859910 139
1859920 139
1859930 139
1859940 139
1859950 138
1859960 138
1859970 138
1859980 138
1859990 137
