1840000 196
1840010 197
1840020 197
1840030 197
1840040 197
1840050 197
1840060 197
1840070 197
1840080 197
1840090 197
1840100 197
1840110 197
1840120 197
1840130 197
1840140 197
1840150 197
1840160 197
1840170 197
1840180 197
1840190 197
1840200 197
1840210 197
1840220 197
1840230 197
1840240 197
1840250 197
1840260 197
1840270 197
1840280 197
1840290 197
1840300 197
1840310 197
1840320 197
1840330 197
1840340 197
1840350 197
1840360 197
1840370 197
1840380 197
1840390 197
1840400 197
1840410 197
1840420 197
1840430 197
1840440 197
1840450 197
1840460 197
1840470 198
1840480 197
1840490 197
1840500 197
1840510 198
1840520 198
1840530 198
1840540 198
1840550 198
1840560 199
1840570 199
1840580 199
1840590 199
1840600 199
1840610 199
1840620 200
1840630 200
1840640 200
1840650 200
1840660 200
1840670 200
1840680 200
1840690 200
1840700 200
1840710 200
1840720 200
1840730 200
1840740 200
1840750 200
1840760 200
1840770 200
1840780 200
1840790 200
1840800 200
1840810 201
1840820 201
1840830 201
1840840 201
1840850 201
1840860 201
1840870 201
1840880 201
1840890 201
1840900 201
1840910 201
1840920 201
1840930 201
1840940 201
1840950 201
1840960 201
1840970 201
1840980 201
1840990 201
1841000 201
1841010 201
1841020 202
1841030 202
1841040 202
1841050 202
1841060 202
1841070 202
1841080 202
1841090 203
1841100 203
1841110 203
1841120 203
1841130 203
1841140 203
1841150 203
1841160 203
1841170 203
1841180 204
1841190 204
1841200 204
1841210 205
1841220 205
1841230 205
1841240 206
1841250 206
1841260 206
1841270 207
1841280 207
1841290 208
1841300 208
1841310 208
1841320 209
1841330 209
1841340 209
1841350 210
1841360 211
1841370 211
1841380 211
1841390 211
1841400 211
1841410 212
1841420 212
1841430 212
1841440 212
1841450 212
1841460 212
1841470 212
1841480 212
1841490 212
1841500 212
1841510 212
1841520 212
1841530 212
1841540 212
1841550 212
1841560 211
1841570 211
1841580 211
1841590 211
1841600 211
1841610 211
1841620 211
1841630 211
1841640 211
1841650 211
1841660 211
1841670 211
1841680 211
1841690 211
1841700 211
1841710 211
1841720 211
1841730 211
1841740 210
1841750 210
1841760 210
1841770 210
1841780 210
1841790 210
1841800 210
1841810 210
1841820 210
1841830 209
1841840 209
1841850 209
1841860 209
1841870 208
1841880 208
1841890 208
1841900 207
1841910 207
1841920 207
1841930 207
1841940 206
1841950 206
1841960 206
1841970 206
1841980 206
1841990 205
1842000 205
1842010 205
1842020 205
1842030 205
1842040 205
1842050 205
1842060 205
1842070 205
1842080 205
1842090 205
1842100 205
1842110 205
1842120 205
1842130 205
1842140 205
1842150 205
1842160 205
1842170 205
1842180 204
1842190 204
1842200 204
1842210 204
1842220 204
1842230 204
1842240 204
1842250 204
1842260 204
1842270 204
1842280 204
1842290 204
1842300 204
1842310 204
1842320 204
1842330 204
1842340 204
1842350 204
1842360 203
1842370 203
1842380 203
1842390 203
1842400 203
1842410 203
1842420 203
1842430 203
1842440 203
1842450 203
1842460 203
1842470 203
1842480 202
1842490 202
1842500 202
1842510 202
1842520 202
1842530 202
1842540 202
1842550 202
1842560 202
1842570 202
1842580 202
1842590 202
1842600 202
1842610 202
1842620 202
1842630 203
1842640 203
1842650 203
1842660 204
1842670 204
1842680 204
1842690 204
1842700 204
1842710 204
1842720 204
1842730 204
1842740 205
1842750 205
1842760 204
1842770 204
1842780 204
1842790 204
1842800 203
1842810 204
1842820 204
1842830 204
1842840 204
1842850 204
1842860 204
1842870 204
1842880 204
1842890 204
1842900 204
1842910 204
1842920 204
1842930 204
1842940 204
1842950 204
1842960 204
1842970 205
1842980 205
1842990 205
1843000 205
1843010 205
1843020 205
1843030 205
1843040 205
1843050 206
1843060 206
1843070 206
1843080 207
1843090 207
1843100 207
1843110 208
1843120 208
1843130 208
1843140 208
1843150 209
1843160 209
1843170 209
1843180 210
1843190 210
1843200 210
1843210 210
1843220 210
1843230 210
1843240 211
1843250 211
1843260 211
1843270 212
1843280 212
1843290 212
1843300 212
1843310 212
1843320 213
1843330 213
1843340 213
1843350 213
1843360 214
1843370 214
1843380 214
1843390 214
1843400 214
1843410 215
1843420 215
1843430 215
1843440 215
1843450 216
1843460 216
1843470 216
1843480 216
1843490 216
1843500 217
1843510 217
1843520 217
1843530 217
1843540 217
1843550 217
1843560 217
1843570 217
1843580 217
1843590 217
1843600 218
1843610 218
1843620 218
1843630 218
1843640 219
1843650 219
1843660 219
1843670 219
1843680 219
1843690 219
1843700 220
1843710 220
1843720 220
1843730 220
1843740 220
1843750 220
1843760 220
1843770 220
1843780 221
1843790 221
1843800 221
1843810 222
1843820 222
1843830 222
1843840 222
1843850 223
1843860 223
1843870 223
1843880 222
1843890 222
1843900 222
1843910 222
1843920 222
1843930 222
1843940 222
1843950 222
1843960 221
1843970 221
1843980 221
1843990 221
1844000 221
1844010 221
1844020 221
1844030 221
1844040 221
1844050 222
1844060 222
1844070 222
1844080 222
1844090 222
1844100 222
1844110 222
1844120 222
1844130 222
1844140 222
1844150 222
1844160 222
1844170 222
1844180 222
1844190 222
1844200 222
1844210 222
1844220 222
1844230 222
1844240 222
1844250 222
1844260 221
1844270 221
1844280 221
1844290 222
1844300 222
1844310 222
1844320 222
1844330 223
1844340 223
1844350 223
1844360 223
1844370 223
1844380 224
1844390 224
1844400 224
1844410 225
1844420 226
1844430 226
1844440 226
1844450 226
1844460 226
1844470 226
1844480 226
1844490 226
1844500 226
1844510 226
1844520 226
1844530 226
1844540 226
1844550 226
1844560 226
1844570 227
1844580 227
1844590 226
1844600 227
1844610 227
1844620 227
1844630 227
1844640 228
1844650 228
1844660 228
1844670 228
1844680 228
1844690 228
1844700 229
1844710 229
1844720 229
1844730 230
1844740 230
1844750 231
1844760 231
1844770 231
1844780 231
1844790 232
1844800 232
1844810 232
1844820 232
1844830 232
1844840 232
1844850 233
1844860 233
1844870 233
1844880 233
1844890 233
1844900 233
1844910 233
1844920 233
1844930 234
1844940 234
1844950 233
1844960 234
1844970 234
1844980 234
1844990 234
1845000 235
1845010 235
1845020 235
1845030 235
1845040 235
1845050 235
1845060 236
1845070 236
1845080 236
1845090 236
1845100 236
1845110 237
1845120 237
1845130 237
1845140 237
1845150 238
1845160 238
1845170 238
1845180 238
1845190 238
1845200 239
1845210 239
1845220 239
1845230 240
1845240 240
1845250 240
1845260 240
1845270 241
1845280 241
1845290 241
1845300 242
1845310 241
1845320 242
1845330 242
1845340 243
1845350 243
1845360 243
1845370 244
1845380 244
1845390 244
1845400 245
1845410 245
1845420 246
1845430 246
1845440 246
1845450 247
1845460 247
1845470 247
1845480 248
1845490 248
1845500 248
1845510 249
1845520 250
1845530 250
1845540 250
1845550 251
1845560 251
1845570 251
1845580 252
1845590 252
1845600 252
1845610 252
1845620 252
1845630 253
1845640 253
1845650 253
1845660 253
1845670 253
1845680 253
1845690 254
1845700 254
1845710 254
1845720 254
1845730 254
1845740 254
1845750 255
1845760 255
1845770 255
1845780 255
1845790 255
1845800 255
1845810 256
1845820 255
1845830 255
1845840 255
1845850 256
1845860 256
1845870 258
1845880 258
1845890 258
1845900 260
1845910 261
1845920 261
1845930 263
1845940 265
1845950 265
1845960 267
1845970 268
1845980 268
1845990 269
1846000 271
1846010 271
1846020 272
1846030 274
1846040 274
1846050 274
1846060 275
1846070 275
1846080 277
1846090 279
1846100 279
1846110 280
1846120 282
1846130 282
1846140 284
1846150 286
1846160 286
1846170 287
1846180 288
1846190 288
1846200 290
1846210 291
1846220 293
1846230 293
1846240 295
1846250 297
1846260 297
1846270 299
1846280 300
1846290 300
1846300 301
1846310 301
1846320 301
1846330 302
1846340 303
1846350 303
1846360 305
1846370 307
1846380 308
1846390 310
1846400 311
1846410 311
1846420 311
1846430 310
1846440 310
1846450 308
1846460 308
1846470 308
1846480 309
1846490 310
1846500 310
1846510 311
1846520 312
1846530 312
1846540 313
1846550 314
1846560 314
1846570 315
1846580 315
1846590 315
1846600 317
1846610 321
1846620 321
1846630 322
1846640 322
1846650 322
1846660 322
1846670 321
1846680 321
1846690 320
1846700 317
1846710 317
1846720 315
1846730 315
1846740 315
1846750 313
1846760 311
1846770 311
1846780 309
1846790 308
1846800 308
1846810 309
1846820 313
1846830 313
1846840 317
1846850 322
1846860 322
1846870 327
1846880 332
1846890 332
1846900 335
1846910 337
1846920 337
1846930 339
1846940 340
1846950 340
1846960 341
1846970 341
1846980 341
1846990 342
1847000 344
1847010 344
1847020 346
1847030 349
1847040 349
1847050 352
1847060 354
1847070 356
1847080 356
1847090 355
1847100 355
1847110 355
1847120 354
1847130 353
1847140 353
1847150 352
1847160 352
1847170 352
1847180 351
1847190 351
1847200 351
1847210 350
1847220 349
1847230 349
1847240 348
1847250 346
1847260 346
1847270 343
1847280 341
1847290 341
1847300 338
1847310 337
1847320 337
1847330 337
1847340 338
1847350 338
1847360 340
1847370 340
1847380 340
1847390 341
1847400 342
1847410 342
1847420 343
1847430 344
1847440 347
1847450 347
1847460 348
1847470 348
1847480 349
1847490 350
1847500 350
1847510 351
1847520 351
1847530 351
1847540 352
1847550 352
1847560 352
1847570 352
1847580 354
1847590 354
1847600 354
1847610 354
1847620 354
1847630 354
1847640 353
1847650 353
1847660 353
1847670 353
1847680 353
1847690 354
1847700 355
1847710 355
1847720 356
1847730 357
1847740 357
1847750 357
1847760 357
1847770 357
1847780 357
1847790 357
1847800 357
1847810 357
1847820 357
1847830 357
1847840 358
1847850 360
1847860 360
1847870 361
1847880 361
1847890 361
1847900 362
1847910 362
1847920 362
1847930 363
1847940 363
1847950 364
1847960 364
1847970 365
1847980 365
1847990 365
1848000 366
1848010 366
1848020 366
1848030 367
1848040 367
1848050 367
1848060 367
1848070 368
1848080 368
1848090 368
1848100 368
1848110 368
1848120 369
1848130 370
1848140 370
1848150 372
1848160 373
1848170 373
1848180 373
1848190 372
1848200 372
1848210 370
1848220 369
1848230 369
1848240 369
1848250 370
1848260 370
1848270 372
1848280 375
1848290 375
1848300 377
1848310 378
1848320 378
1848330 378
1848340 378
1848350 378
1848360 378
1848370 378
1848380 378
1848390 377
1848400 375
1848410 375
1848420 373
1848430 372
1848440 372
1848450 371
1848460 374
1848470 374
1848480 378
1848490 381
1848500 381
1848510 382
1848520 385
1848530 385
1848540 389
1848550 392
1848560 392
1848570 394
1848580 395
1848590 395
1848600 396
1848610 397
1848620 397
1848630 398
1848640 399
1848650 399
1848660 399
1848670 399
1848680 399
1848690 399
1848700 398
1848710 398
1848720 398
1848730 397
1848740 397
1848750 396
1848760 395
1848770 395
1848780 395
1848790 395
1848800 394
1848810 394
1848820 393
1848830 393
1848840 393
1848850 392
1848860 390
1848870 390
1848880 389
1848890 388
1848900 388
1848910 387
1848920 388
1848930 388
1848940 389
1848950 390
1848960 390
1848970 391
1848980 392
1848990 392
1849000 393
1849010 393
1849020 393
1849030 395
1849040 396
1849050 396
1849060 397
1849070 398
1849080 398
1849090 399
1849100 401
1849110 401
1849120 401
1849130 402
1849140 402
1849150 404
1849160 405
1849170 405
1849180 407
1849190 408
1849200 408
1849210 409
1849220 412
1849230 412
1849240 413
1849250 414
1849260 414
1849270 415
1849280 416
1849290 416
1849300 417
1849310 418
1849320 418
1849330 420
1849340 421
1849350 421
1849360 423
1849370 424
1849380 424
1849390 425
1849400 426
1849410 426
1849420 427
1849430 428
1849440 428
1849450 429
1849460 430
1849470 430
1849480 430
1849490 431
1849500 431
1849510 431
1849520 430
1849530 430
1849540 430
1849550 429
1849560 429
1849570 426
1849580 425
1849590 425
1849600 424
1849610 423
1849620 423
1849630 421
1849640 419
1849650 419
1849660 417
1849670 415
1849680 413
1849690 413
1849700 412
1849710 410
1849720 410
1849730 408
1849740 406
1849750 406
1849760 403
1849770 402
1849780 402
1849790 400
1849800 398
1849810 398
1849820 396
1849830 394
1849840 394
1849850 392
1849860 390
1849870 390
1849880 389
1849890 387
1849900 387
1849910 386
1849920 383
1849930 383
1849940 382
1849950 381
1849960 381
1849970 380
1849980 379
1849990 379
1850000 377
1850010 375
1850020 375
1850030 373
1850040 371
1850050 371
1850060 369
1850070 366
1850080 366
1850090 363
1850100 358
1850110 358
1850120 357
1850130 358
1850140 358
1850150 358
1850160 357
1850170 357
1850180 356
1850190 356
1850200 356
1850210 356
1850220 356
1850230 356
1850240 357
1850250 357
1850260 357
1850270 357
1850280 359
1850290 359
1850300 359
1850310 360
1850320 360
1850330 360
1850340 360
1850350 360
1850360 360
1850370 359
1850380 359
1850390 358
1850400 357
1850410 357
1850420 355
1850430 353
1850440 353
1850450 349
1850460 346
1850470 346
1850480 350
1850490 352
1850500 352
1850510 355
1850520 357
1850530 359
1850540 359
1850550 361
1850560 362
1850570 362
1850580 362
1850590 361
1850600 361
1850610 360
1850620 358
1850630 357
1850640 356
1850650 354
1850660 354
1850670 352
1850680 350
1850690 350
1850700 347
1850710 343
1850720 343
1850730 340
1850740 338
1850750 338
1850760 341
1850770 344
1850780 344
1850790 346
1850800 348
1850810 348
1850820 351
1850830 353
1850840 353
1850850 356
1850860 357
1850870 357
1850880 359
1850890 361
1850900 361
1850910 362
1850920 363
1850930 363
1850940 365
1850950 366
1850960 366
1850970 367
1850980 368
1850990 368
1851000 369
1851010 369
1851020 369
1851030 369
1851040 369
1851050 369
1851060 370
1851070 370
1851080 370
1851090 370
1851100 371
1851110 371
1851120 371
1851130 371
1851140 371
1851150 371
1851160 372
1851170 372
1851180 372
1851190 372
1851200 372
1851210 373
1851220 372
1851230 372
1851240 372
1851250 372
1851260 372
1851270 371
1851280 370
1851290 370
1851300 369
1851310 367
1851320 367
1851330 363
1851340 361
1851350 361
1851360 360
1851370 357
1851380 357
1851390 356
1851400 354
1851410 352
1851420 352
1851430 351
1851440 349
1851450 349
1851460 346
1851470 344
1851480 344
1851490 342
1851500 338
1851510 338
1851520 335
1851530 334
1851540 334
1851550 338
1851560 339
1851570 339
1851580 342
1851590 343
1851600 343
1851610 344
1851620 346
1851630 346
1851640 349
1851650 351
1851660 351
1851670 353
1851680 355
1851690 355
1851700 355
1851710 356
1851720 356
1851730 356
1851740 357
1851750 357
1851760 357
1851770 358
1851780 358
1851790 358
1851800 359
1851810 359
1851820 359
1851830 360
1851840 360
1851850 361
1851860 361
1851870 361
1851880 361
1851890 361
1851900 361
1851910 361
1851920 360
1851930 360
1851940 361
1851950 361
1851960 361
1851970 361
1851980 360
1851990 360
1852000 360
1852010 359
1852020 359
1852030 359
1852040 358
1852050 358
1852060 356
1852070 355
1852080 355
1852090 354
1852100 353
1852110 353
1852120 352
1852130 350
1852140 350
1852150 350
1852160 349
1852170 349
1852180 348
1852190 347
1852200 347
1852210 346
1852220 345
1852230 345
1852240 345
1852250 344
1852260 343
1852270 343
1852280 343
1852290 342
1852300 342
1852310 340
1852320 339
1852330 339
1852340 338
1852350 336
1852360 336
1852370 335
1852380 334
1852390 334
1852400 335
1852410 336
1852420 336
1852430 336
1852440 336
1852450 336
1852460 335
1852470 335
1852480 335
1852490 335
1852500 334
1852510 334
1852520 333
1852530 333
1852540 333
1852550 332
1852560 331
1852570 331
1852580 330
1852590 330
1852600 330
1852610 329
1852620 328
1852630 328
1852640 327
1852650 326
1852660 326
1852670 325
1852680 324
1852690 324
1852700 323
1852710 322
1852720 322
1852730 322
1852740 322
1852750 322
1852760 321
1852770 321
1852780 321
1852790 320
1852800 320
1852810 320
1852820 320
1852830 319
1852840 319
1852850 318
1852860 317
1852870 317
1852880 316
1852890 316
1852900 316
1852910 315
1852920 314
1852930 314
1852940 313
1852950 312
1852960 312
1852970 311
1852980 311
1852990 311
1853000 309
1853010 308
1853020 308
1853030 308
1853040 308
1853050 308
1853060 308
1853070 308
1853080 308
1853090 309
1853100 309
1853110 309
1853120 309
1853130 309
1853140 309
1853150 309
1853160 309
1853170 309
1853180 309
1853190 309
1853200 308
1853210 308
1853220 308
1853230 308
1853240 308
1853250 308
1853260 307
1853270 307
1853280 307
1853290 306
1853300 306
1853310 305
1853320 305
1853330 305
1853340 306
1853350 306
1853360 306
1853370 307
1853380 307
1853390 307
1853400 308
1853410 309
1853420 309
1853430 310
1853440 311
1853450 311
1853460 311
1853470 312
1853480 312
1853490 313
1853500 313
1853510 313
1853520 314
1853530 314
1853540 314
1853550 314
1853560 314
1853570 314
1853580 315
1853590 315
1853600 315
1853610 316
1853620 316
1853630 316
1853640 316
1853650 316
1853660 316
1853670 316
1853680 315
1853690 315
1853700 314
1853710 314
1853720 314
1853730 313
1853740 313
1853750 313
1853760 312
1853770 312
1853780 311
1853790 310
1853800 309
1853810 309
1853820 307
1853830 306
1853840 306
1853850 304
1853860 302
1853870 302
1853880 301
1853890 299
1853900 299
1853910 296
1853920 293
1853930 293
1853940 290
1853950 287
1853960 287
1853970 283
1853980 280
1853990 280
1854000 277
1854010 273
1854020 269
1854030 269
1854040 265
1854050 260
1854060 260
1854070 255
1854080 253
1854090 253
1854100 252
1854110 255
1854120 255
1854130 265
1854140 268
1854150 268
1854160 269
1854170 268
1854180 268
1854190 266
1854200 262
1854210 262
1854220 259
1854230 256
1854240 256
1854250 261
1854260 264
1854270 264
1854280 268
1854290 273
1854300 273
1854310 278
1854320 283
1854330 283
1854340 287
1854350 290
1854360 290
1854370 293
1854380 295
1854390 295
1854400 297
1854410 299
1854420 299
1854430 301
1854440 302
1854450 302
1854460 304
1854470 305
1854480 307
1854490 309
1854500 309
1854510 309
1854520 310
1854530 309
1854540 309
1854550 308
1854560 306
1854570 306
1854580 304
1854590 302
1854600 302
1854610 300
1854620 298
1854630 298
1854640 296
1854650 293
1854660 293
1854670 291
1854680 289
1854690 289
1854700 286
1854710 282
1854720 282
1854730 279
1854740 276
1854750 276
1854760 274
1854770 270
1854780 270
1854790 266
1854800 260
1854810 260
1854820 256
1854830 249
1854840 249
1854850 245
1854860 242
1854870 242
1854880 239
1854890 235
1854900 230
1854910 230
1854920 227
1854930 226
1854940 226
1854950 226
1854960 226
1854970 226
1854980 229
1854990 233
1855000 233
1855010 234
1855020 235
1855030 235
1855040 235
1855050 236
1855060 236
1855070 237
1855080 237
1855090 237
1855100 237
1855110 237
1855120 237
1855130 238
1855140 237
1855150 237
1855160 240
1855170 240
1855180 243
1855190 243
1855200 244
1855210 244
1855220 245
1855230 246
1855240 246
1855250 246
1855260 246
1855270 246
1855280 248
1855290 248
1855300 248
1855310 249
1855320 249
1855330 249
1855340 251
1855350 252
1855360 252
1855370 253
1855380 254
1855390 254
1855400 255
1855410 255
1855420 255
1855430 255
1855440 254
1855450 254
1855460 252
1855470 251
1855480 251
1855490 247
1855500 243
1855510 243
1855520 238
1855530 233
1855540 233
1855550 229
1855560 225
1855570 225
1855580 220
1855590 215
1855600 215
1855610 212
1855620 207
1855630 207
1855640 201
1855650 198
1855660 198
1855670 197
1855680 196
1855690 196
1855700 195
1855710 199
1855720 199
1855730 202
1855740 205
1855750 209
1855760 209
1855770 213
1855780 216
1855790 216
1855800 219
1855810 221
1855820 221
1855830 223
1855840 226
1855850 226
1855860 228
1855870 232
1855880 232
1855890 235
1855900 238
1855910 238
1855920 240
1855930 243
1855940 243
1855950 246
1855960 249
1855970 249
1855980 253
1855990 256
1856000 256
1856010 258
1856020 261
1856030 261
1856040 263
1856050 266
1856060 266
1856070 268
1856080 270
1856090 270
1856100 271
1856110 271
1856120 271
1856130 271
1856140 270
1856150 270
1856160 270
1856170 270
1856180 270
1856190 270
1856200 271
1856210 271
1856220 273
1856230 273
1856240 273
1856250 274
1856260 275
1856270 275
1856280 275
1856290 276
1856300 276
1856310 277
1856320 277
1856330 277
1856340 277
1856350 276
1856360 276
1856370 276
1856380 276
1856390 276
1856400 276
1856410 275
1856420 275
1856430 274
1856440 272
1856450 272
1856460 271
1856470 269
1856480 269
1856490 268
1856500 266
1856510 266
1856520 265
1856530 264
1856540 264
1856550 263
1856560 262
1856570 260
1856580 259
1856590 258
1856600 258
1856610 257
1856620 256
1856630 257
1856640 257
1856650 258
1856660 260
1856670 260
1856680 262
1856690 263
1856700 263
1856710 266
1856720 268
1856730 268
1856740 270
1856750 273
1856760 273
1856770 275
1856780 276
1856790 276
1856800 275
1856810 273
1856820 273
1856830 272
1856840 271
1856850 271
1856860 270
1856870 270
1856880 270
1856890 269
1856900 268
1856910 269
1856920 268
1856930 268
1856940 268
1856950 267
1856960 266
1856970 266
1856980 265
1856990 265
1857000 265
1857010 264
1857020 264
1857030 264
1857040 263
1857050 262
1857060 262
1857070 261
1857080 260
1857090 260
1857100 259
1857110 257
1857120 257
1857130 256
1857140 254
1857150 254
1857160 253
1857170 251
1857180 251
1857190 249
1857200 248
1857210 248
1857220 247
1857230 247
1857240 247
1857250 245
1857260 246
1857270 246
1857280 245
1857290 245
1857300 245
1857310 244
1857320 243
1857330 243
1857340 243
1857350 242
1857360 242
1857370 241
1857380 240
1857390 240
1857400 239
1857410 239
1857420 239
1857430 238
1857440 237
1857450 237
1857460 237
1857470 236
1857480 236
1857490 235
1857500 235
1857510 234
1857520 234
1857530 233
1857540 232
1857550 232
1857560 232
1857570 231
1857580 231
1857590 231
1857600 231
1857610 231
1857620 230
1857630 229
1857640 229
1857650 229
1857660 228
1857670 228
1857680 227
1857690 225
1857700 225
1857710 221
1857720 216
1857730 216
1857740 215
1857750 215
1857760 215
1857770 216
1857780 215
1857790 215
1857800 214
1857810 214
1857820 214
1857830 214
1857840 213
1857850 213
1857860 213
1857870 212
1857880 212
1857890 211
1857900 210
1857910 210
1857920 209
1857930 207
1857940 207
1857950 207
1857960 206
1857970 206
1857980 204
1857990 204
1858000 204
1858010 203
1858020 202
1858030 202
1858040 201
1858050 200
1858060 200
1858070 199
1858080 198
1858090 198
1858100 197
1858110 196
1858120 196
1858130 195
1858140 192
1858150 192
1858160 192
1858170 192
1858180 192
1858190 191
1858200 189
1858210 189
1858220 187
1858230 186
1858240 186
1858250 185
1858260 184
1858270 184
1858280 182
1858290 181
1858300 181
1858310 180
1858320 179
1858330 179
1858340 179
1858350 178
1858360 178
1858370 177
1858380 177
1858390 176
1858400 176
1858410 176
1858420 176
1858430 176
1858440 175
1858450 175
1858460 175
1858470 175
1858480 175
1858490 175
1858500 175
1858510 176
1858520 176
1858530 176
1858540 176
1858550 176
1858560 177
1858570 176
1858580 176
1858590 176
1858600 175
1858610 175
1858620 175
1858630 174
1858640 173
1858650 171
1858660 169
1858670 169
1858680 168
1858690 167
1858700 167
1858710 168
1858720 169
1858730 169
1858740 171
1858750 171
1858760 171
1858770 170
1858780 170
1858790 170
1858800 170
1858810 169
1858820 169
1858830 168
1858840 168
1858850 168
1858860 167
1858870 166
1858880 166
1858890 166
1858900 165
1858910 165
1858920 165
1858930 164
1858940 164
1858950 163
1858960 162
1858970 162
1858980 162
1858990 161
1859000 161
1859010 160
1859020 160
1859030 160
1859040 160
1859050 159
1859060 159
1859070 159
1859080 158
1859090 158
1859100 158
1859110 157
1859120 157
1859130 157
1859140 156
1859150 156
1859160 156
1859170 156
1859180 156
1859190 155
1859200 155
1859210 155
1859220 155
1859230 154
1859240 154
1859250 154
1859260 154
1859270 153
1859280 153
1859290 153
1859300 153
1859310 153
1859320 152
1859330 152
1859340 152
1859350 152
1859360 152
1859370 152
1859380 152
1859390 152
1859400 152
1859410 152
1859420 150
1859430 150
1859440 149
1859450 149
1859460 149
1859470 148
1859480 148
1859490 148
1859500 148
1859510 147
1859520 147
1859530 147
1859540 146
1859550 146
1859560 146
1859570 146
1859580 146
1859590 146
1859600 145
1859610 145
1859620 145
1859630 145
1859640 145
1859650 145
1859660 144
1859670 145
1859680 145
1859690 144
1859700 144
1859710 144
1859720 143
1859730 143
1859740 143
1859750 142
1859760 142
1859770 142
1859780 142
1859790 142
1859800 142
1859810 142
1859820 142
1859830 142
1859840 141
1859850 141
1859860 140
1859870 140
1859880 140
1859890 139
1859900 139
1859910 139
1859920 139
1859930 139
1859940 139
1859950 138
1859960 138
1859970 138
1859980 137
1859990 137
