1840000 197
1840010 197
1840020 197
1840030 197
1840040 197
1840050 197
1840060 197
1840070 197
1840080 197
1840090 197
1840100 197
1840110 197
1840120 197
1840130 197
1840140 197
1840150 197
1840160 197
1840170 197
1840180 197
1840190 197
1840200 197
1840210 197
1840220 197
1840230 197
1840240 197
1840250 197
1840260 197
1840270 197
1840280 197
1840290 197
1840300 197
1840310 197
1840320 197
1840330 197
1840340 197
1840350 197
1840360 197
1840370 197
1840380 197
1840390 197
1840400 197
1840410 197
1840420 197
1840430 197
1840440 197
1840450 198
1840460 198
1840470 198
1840480 198
1840490 198
1840500 198
1840510 198
1840520 198
1840530 198
1840540 198
1840550 198
1840560 198
1840570 198
1840580 199
1840590 199
1840600 199
1840610 200
1840620 200
1840630 200
1840640 200
1840650 200
1840660 201
1840670 201
1840680 201
1840690 201
1840700 201
1840710 201
1840720 202
1840730 202
1840740 202
1840750 202
1840760 202
1840770 202
1840780 202
1840790 202
1840800 202
1840810 202
1840820 202
1840830 202
1840840 203
1840850 203
1840860 203
1840870 203
1840880 203
1840890 203
1840900 203
1840910 203
1840920 203
1840930 203
1840940 203
1840950 203
1840960 203
1840970 203
1840980 203
1840990 203
1841000 203
1841010 203
1841020 203
1841030 203
1841040 203
1841050 203
1841060 203
1841070 203
1841080 203
1841090 203
1841100 203
1841110 203
1841120 203
1841130 203
1841140 203
1841150 203
1841160 203
1841170 203
1841180 204
1841190 204
1841200 204
1841210 204
1841220 205
1841230 205
1841240 205
1841250 206
1841260 206
1841270 207
1841280 207
1841290 207
1841300 208
1841310 209
1841320 209
1841330 209
1841340 210
1841350 210
1841360 210
1841370 211
1841380 211
1841390 211
1841400 212
1841410 212
1841420 212
1841430 212
1841440 212
1841450 213
1841460 213
1841470 213
1841480 213
1841490 213
1841500 213
1841510 213
1841520 213
1841530 213
1841540 212
1841550 212
1841560 212
1841570 212
1841580 212
1841590 212
1841600 212
1841610 212
1841620 212
1841630 212
1841640 212
1841650 212
1841660 211
1841670 211
1841680 211
1841690 211
1841700 211
1841710 211
1841720 211
1841730 211
1841740 211
1841750 210
1841760 210
1841770 210
1841780 210
1841790 209
1841800 209
1841810 209
1841820 209
1841830 209
1841840 208
1841850 208
1841860 208
1841870 208
1841880 208
1841890 208
1841900 207
1841910 207
1841920 207
1841930 207
1841940 207
1841950 207
1841960 206
1841970 206
1841980 206
1841990 206
1842000 206
1842010 206
1842020 206
1842030 205
1842040 205
1842050 205
1842060 205
1842070 205
1842080 205
1842090 205
1842100 205
1842110 205
1842120 204
1842130 204
1842140 204
1842150 204
1842160 204
1842170 204
1842180 203
1842190 203
1842200 203
1842210 204
1842220 204
1842230 204
1842240 204
1842250 204
1842260 204
1842270 204
1842280 204
1842290 204
1842300 204
1842310 204
1842320 204
1842330 205
1842340 205
1842350 205
1842360 205
1842370 204
1842380 204
1842390 203
1842400 203
1842410 203
1842420 203
1842430 203
1842440 203
1842450 203
1842460 203
1842470 203
1842480 203
1842490 203
1842500 203
1842510 203
1842520 203
1842530 203
1842540 203
1842550 203
1842560 203
1842570 203
1842580 203
1842590 203
1842600 203
1842610 203
1842620 203
1842630 204
1842640 205
1842650 205
1842660 205
1842670 205
1842680 205
1842690 205
1842700 205
1842710 205
1842720 205
1842730 205
1842740 205
1842750 205
1842760 205
1842770 205
1842780 205
1842790 205
1842800 205
1842810 205
1842820 205
1842830 205
1842840 205
1842850 205
1842860 205
1842870 205
1842880 205
1842890 205
1842900 205
1842910 205
1842920 205
1842930 205
1842940 205
1842950 206
1842960 206
1842970 206
1842980 206
1842990 206
1843000 206
1843010 206
1843020 206
1843030 207
1843040 207
1843050 207
1843060 207
1843070 208
1843080 208
1843090 208
1843100 209
1843110 209
1843120 209
1843130 210
1843140 210
1843150 210
1843160 210
1843170 210
1843180 211
1843190 211
1843200 211
1843210 212
1843220 213
1843230 213
1843240 214
1843250 214
1843260 214
1843270 214
1843280 214
1843290 214
1843300 214
1843310 215
1843320 215
1843330 215
1843340 215
1843350 215
1843360 215
1843370 216
1843380 216
1843390 216
1843400 216
1843410 216
1843420 217
1843430 217
1843440 217
1843450 218
1843460 218
1843470 218
1843480 219
1843490 219
1843500 219
1843510 219
1843520 219
1843530 219
1843540 220
1843550 220
1843560 220
1843570 220
1843580 221
1843590 221
1843600 221
1843610 221
1843620 221
1843630 220
1843640 220
1843650 220
1843660 220
1843670 221
1843680 221
1843690 221
1843700 221
1843710 221
1843720 221
1843730 221
1843740 221
1843750 221
1843760 221
1843770 221
1843780 221
1843790 221
1843800 221
1843810 221
1843820 221
1843830 221
1843840 221
1843850 221
1843860 221
1843870 221
1843880 221
1843890 221
1843900 221
1843910 221
1843920 221
1843930 221
1843940 222
1843950 222
1843960 222
1843970 222
1843980 222
1843990 222
1844000 222
1844010 222
1844020 222
1844030 222
1844040 223
1844050 223
1844060 223
1844070 223
1844080 223
1844090 223
1844100 224
1844110 224
1844120 224
1844130 224
1844140 224
1844150 224
1844160 223
1844170 223
1844180 223
1844190 223
1844200 223
1844210 223
1844220 223
1844230 223
1844240 223
1844250 223
1844260 223
1844270 224
1844280 225
1844290 225
1844300 225
1844310 226
1844320 226
1844330 226
1844340 226
1844350 226
1844360 226
1844370 226
1844380 226
1844390 226
1844400 226
1844410 226
1844420 226
1844430 226
1844440 226
1844450 226
1844460 226
1844470 226
1844480 226
1844490 227
1844500 227
1844510 227
1844520 227
1844530 227
1844540 228
1844550 228
1844560 229
1844570 229
1844580 229
1844590 230
1844600 230
1844610 230
1844620 230
1844630 230
1844640 230
1844650 231
1844660 231
1844670 231
1844680 231
1844690 231
1844700 231
1844710 232
1844720 232
1844730 232
1844740 232
1844750 232
1844760 233
1844770 233
1844780 233
1844790 234
1844800 234
1844810 234
1844820 234
1844830 234
1844840 234
1844850 235
1844860 235
1844870 235
1844880 235
1844890 236
1844900 236
1844910 236
1844920 236
1844930 236
1844940 236
1844950 236
1844960 236
1844970 237
1844980 237
1844990 237
1845000 237
1845010 237
1845020 237
1845030 237
1845040 237
1845050 237
1845060 238
1845070 238
1845080 238
1845090 238
1845100 238
1845110 238
1845120 238
1845130 239
1845140 239
1845150 239
1845160 239
1845170 239
1845180 240
1845190 240
1845200 240
1845210 240
1845220 241
1845230 241
1845240 241
1845250 241
1845260 241
1845270 242
1845280 242
1845290 242
1845300 243
1845310 243
1845320 243
1845330 244
1845340 244
1845350 244
1845360 245
1845370 246
1845380 246
1845390 246
1845400 247
1845410 249
1845420 249
1845430 249
1845440 250
1845450 250
1845460 250
1845470 251
1845480 251
1845490 252
1845500 252
1845510 252
1845520 253
1845530 254
1845540 254
1845550 254
1845560 255
1845570 255
1845580 256
1845590 256
1845600 256
1845610 256
1845620 256
1845630 256
1845640 257
1845650 256
1845660 256
1845670 257
1845680 257
1845690 257
1845700 257
1845710 257
1845720 257
1845730 257
1845740 258
1845750 258
1845760 258
1845770 258
1845780 258
1845790 258
1845800 259
1845810 259
1845820 259
1845830 259
1845840 259
1845850 260
1845860 260
1845870 260
1845880 260
1845890 260
1845900 260
1845910 259
1845920 259
1845930 259
1845940 260
1845950 261
1845960 261
1845970 262
1845980 263
1845990 263
1846000 264
1846010 265
1846020 265
1846030 266
1846040 268
1846050 268
1846060 271
1846070 273
1846080 273
1846090 274
1846100 276
1846110 276
1846120 277
1846130 279
1846140 279
1846150 281
1846160 282
1846170 282
1846180 283
1846190 284
1846200 284
1846210 285
1846220 285
1846230 285
1846240 286
1846250 288
1846260 288
1846270 289
1846280 290
1846290 291
1846300 291
1846310 293
1846320 295
1846330 295
1846340 296
1846350 297
1846360 297
1846370 297
1846380 299
1846390 299
1846400 300
1846410 301
1846420 301
1846430 302
1846440 303
1846450 303
1846460 304
1846470 305
1846480 305
1846490 306
1846500 308
1846510 308
1846520 309
1846530 310
1846540 310
1846550 312
1846560 314
1846570 314
1846580 316
1846590 317
1846600 317
1846610 318
1846620 318
1846630 318
1846640 318
1846650 318
1846660 318
1846670 317
1846680 315
1846690 315
1846700 313
1846710 310
1846720 310
1846730 307
1846740 305
1846750 305
1846760 303
1846770 303
1846780 303
1846790 307
1846800 312
1846810 312
1846820 317
1846830 322
1846840 322
1846850 326
1846860 332
1846870 332
1846880 334
1846890 337
1846900 337
1846910 339
1846920 342
1846930 342
1846940 346
1846950 348
1846960 348
1846970 351
1846980 354
1846990 354
1847000 356
1847010 358
1847020 358
1847030 359
1847040 361
1847050 361
1847060 362
1847070 364
1847080 364
1847090 365
1847100 366
1847110 366
1847120 367
1847130 367
1847140 368
1847150 368
1847160 367
1847170 367
1847180 367
1847190 366
1847200 365
1847210 364
1847220 363
1847230 361
1847240 361
1847250 360
1847260 359
1847270 359
1847280 357
1847290 356
1847300 356
1847310 354
1847320 353
1847330 353
1847340 352
1847350 352
1847360 352
1847370 351
1847380 350
1847390 350
1847400 349
1847410 348
1847420 348
1847430 347
1847440 346
1847450 346
1847460 346
1847470 346
1847480 346
1847490 345
1847500 344
1847510 344
1847520 344
1847530 343
1847540 343
1847550 343
1847560 343
1847570 343
1847580 343
1847590 344
1847600 344
1847610 344
1847620 344
1847630 344
1847640 344
1847650 344
1847660 344
1847670 345
1847680 345
1847690 345
1847700 346
1847710 347
1847720 347
1847730 348
1847740 349
1847750 349
1847760 350
1847770 350
1847780 350
1847790 350
1847800 350
1847810 350
1847820 350
1847830 351
1847840 351
1847850 351
1847860 352
1847870 352
1847880 352
1847890 353
1847900 353
1847910 353
1847920 354
1847930 354
1847940 354
1847950 355
1847960 355
1847970 355
1847980 355
1847990 356
1848000 356
1848010 356
1848020 356
1848030 356
1848040 357
1848050 357
1848060 357
1848070 358
1848080 359
1848090 359
1848100 360
1848110 360
1848120 360
1848130 361
1848140 361
1848150 361
1848160 362
1848170 362
1848180 362
1848190 362
1848200 363
1848210 363
1848220 363
1848230 362
1848240 362
1848250 362
1848260 364
1848270 364
1848280 366
1848290 367
1848300 367
1848310 367
1848320 368
1848330 368
1848340 368
1848350 367
1848360 367
1848370 367
1848380 366
1848390 366
1848400 367
1848410 370
1848420 370
1848430 372
1848440 374
1848450 374
1848460 375
1848470 376
1848480 376
1848490 377
1848500 378
1848510 378
1848520 380
1848530 382
1848540 382
1848550 384
1848560 387
1848570 387
1848580 389
1848590 392
1848600 392
1848610 394
1848620 397
1848630 398
1848640 400
1848650 401
1848660 401
1848670 403
1848680 405
1848690 405
1848700 406
1848710 406
1848720 406
1848730 406
1848740 405
1848750 405
1848760 405
1848770 404
1848780 404
1848790 404
1848800 403
1848810 403
1848820 403
1848830 402
1848840 402
1848850 402
1848860 401
1848870 401
1848880 401
1848890 400
1848900 400
1848910 400
1848920 399
1848930 398
1848940 398
1848950 397
1848960 396
1848970 396
1848980 395
1848990 393
1849000 393
1849010 393
1849020 392
1849030 392
1849040 393
1849050 393
1849060 393
1849070 395
1849080 395
1849090 395
1849100 396
1849110 397
1849120 397
1849130 398
1849140 400
1849150 400
1849160 400
1849170 401
1849180 401
1849190 403
1849200 404
1849210 404
1849220 405
1849230 407
1849240 407
1849250 409
1849260 411
1849270 411
1849280 413
1849290 415
1849300 415
1849310 417
1849320 418
1849330 418
1849340 420
1849350 422
1849360 422
1849370 423
1849380 425
1849390 425
1849400 426
1849410 427
1849420 427
1849430 429
1849440 430
1849450 430
1849460 432
1849470 434
1849480 434
1849490 436
1849500 438
1849510 438
1849520 440
1849530 441
1849540 441
1849550 442
1849560 442
1849570 442
1849580 441
1849590 438
1849600 438
1849610 436
1849620 434
1849630 434
1849640 432
1849650 430
1849660 430
1849670 428
1849680 427
1849690 426
1849700 424
1849710 421
1849720 419
1849730 419
1849740 417
1849750 415
1849760 415
1849770 413
1849780 411
1849790 411
1849800 409
1849810 407
1849820 407
1849830 405
1849840 402
1849850 402
1849860 400
1849870 398
1849880 398
1849890 396
1849900 394
1849910 394
1849920 392
1849930 390
1849940 390
1849950 388
1849960 386
1849970 386
1849980 384
1849990 383
1850000 383
1850010 382
1850020 382
1850030 382
1850040 382
1850050 381
1850060 381
1850070 381
1850080 379
1850090 379
1850100 379
1850110 378
1850120 378
1850130 376
1850140 375
1850150 375
1850160 375
1850170 374
1850180 374
1850190 374
1850200 374
1850210 374
1850220 373
1850230 372
1850240 372
1850250 370
1850260 368
1850270 368
1850280 366
1850290 364
1850300 364
1850310 362
1850320 361
1850330 361
1850340 359
1850350 358
1850360 358
1850370 356
1850380 354
1850390 354
1850400 348
1850410 347
1850420 347
1850430 343
1850440 340
1850450 340
1850460 339
1850470 339
1850480 339
1850490 337
1850500 337
1850510 337
1850520 340
1850530 342
1850540 342
1850550 344
1850560 346
1850570 346
1850580 347
1850590 349
1850600 349
1850610 349
1850620 350
1850630 351
1850640 351
1850650 352
1850660 352
1850670 352
1850680 352
1850690 351
1850700 351
1850710 349
1850720 348
1850730 348
1850740 346
1850750 342
1850760 342
1850770 339
1850780 334
1850790 334
1850800 332
1850810 337
1850820 337
1850830 340
1850840 342
1850850 342
1850860 344
1850870 346
1850880 346
1850890 349
1850900 351
1850910 351
1850920 354
1850930 356
1850940 356
1850950 359
1850960 361
1850970 361
1850980 362
1850990 364
1851000 364
1851010 365
1851020 366
1851030 366
1851040 367
1851050 368
1851060 368
1851070 369
1851080 370
1851090 370
1851100 372
1851110 373
1851120 373
1851130 374
1851140 376
1851150 376
1851160 376
1851170 377
1851180 377
1851190 378
1851200 378
1851210 378
1851220 378
1851230 377
1851240 377
1851250 377
1851260 376
1851270 376
1851280 376
1851290 375
1851300 375
1851310 374
1851320 373
1851330 373
1851340 372
1851350 371
1851360 371
1851370 369
1851380 368
1851390 368
1851400 366
1851410 364
1851420 364
1851430 363
1851440 362
1851450 360
1851460 359
1851470 357
1851480 355
1851490 355
1851500 353
1851510 350
1851520 350
1851530 345
1851540 343
1851550 343
1851560 340
1851570 338
1851580 338
1851590 336
1851600 333
1851610 333
1851620 329
1851630 327
1851640 327
1851650 331
1851660 334
1851670 334
1851680 338
1851690 340
1851700 340
1851710 340
1851720 341
1851730 341
1851740 342
1851750 343
1851760 343
1851770 345
1851780 346
1851790 346
1851800 347
1851810 349
1851820 349
1851830 350
1851840 350
1851850 350
1851860 351
1851870 351
1851880 351
1851890 352
1851900 352
1851910 352
1851920 352
1851930 353
1851940 353
1851950 352
1851960 352
1851970 352
1851980 352
1851990 352
1852000 352
1852010 352
1852020 352
1852030 352
1852040 351
1852050 351
1852060 351
1852070 351
1852080 351
1852090 351
1852100 351
1852110 350
1852120 350
1852130 349
1852140 349
1852150 349
1852160 349
1852170 348
1852180 348
1852190 347
1852200 347
1852210 347
1852220 346
1852230 345
1852240 345
1852250 344
1852260 343
1852270 343
1852280 342
1852290 342
1852300 342
1852310 341
1852320 340
1852330 339
1852340 339
1852350 338
1852360 337
1852370 337
1852380 336
1852390 335
1852400 335
1852410 334
1852420 333
1852430 333
1852440 332
1852450 331
1852460 331
1852470 330
1852480 329
1852490 329
1852500 328
1852510 326
1852520 326
1852530 325
1852540 325
1852550 325
1852560 325
1852570 326
1852580 326
1852590 326
1852600 326
1852610 326
1852620 327
1852630 328
1852640 328
1852650 328
1852660 327
1852670 327
1852680 326
1852690 326
1852700 326
1852710 325
1852720 325
1852730 325
1852740 324
1852750 324
1852760 324
1852770 323
1852780 322
1852790 322
1852800 321
1852810 321
1852820 321
1852830 320
1852840 319
1852850 319
1852860 318
1852870 318
1852880 318
1852890 317
1852900 316
1852910 316
1852920 315
1852930 314
1852940 314
1852950 312
1852960 311
1852970 311
1852980 309
1852990 307
1853000 307
1853010 306
1853020 305
1853030 305
1853040 305
1853050 304
1853060 304
1853070 303
1853080 301
1853090 301
1853100 300
1853110 300
1853120 300
1853130 301
1853140 302
1853150 302
1853160 302
1853170 302
1853180 303
1853190 303
1853200 303
1853210 304
1853220 304
1853230 305
1853240 306
1853250 306
1853260 306
1853270 306
1853280 306
1853290 305
1853300 304
1853310 304
1853320 304
1853330 303
1853340 303
1853350 302
1853360 302
1853370 302
1853380 301
1853390 301
1853400 301
1853410 301
1853420 302
1853430 302
1853440 303
1853450 303
1853460 303
1853470 304
1853480 304
1853490 304
1853500 305
1853510 306
1853520 306
1853530 307
1853540 307
1853550 307
1853560 309
1853570 310
1853580 310
1853590 310
1853600 311
1853610 311
1853620 311
1853630 312
1853640 312
1853650 313
1853660 313
1853670 313
1853680 314
1853690 314
1853700 314
1853710 314
1853720 314
1853730 314
1853740 314
1853750 314
1853760 314
1853770 313
1853780 313
1853790 313
1853800 312
1853810 311
1853820 311
1853830 310
1853840 309
1853850 309
1853860 308
1853870 307
1853880 307
1853890 305
1853900 304
1853910 303
1853920 301
1853930 299
1853940 299
1853950 297
1853960 295
1853970 295
1853980 293
1853990 290
1854000 290
1854010 287
1854020 284
1854030 284
1854040 280
1854050 277
1854060 274
1854070 274
1854080 271
1854090 268
1854100 268
1854110 266
1854120 263
1854130 263
1854140 261
1854150 258
1854160 258
1854170 256
1854180 253
1854190 253
1854200 249
1854210 247
1854220 247
1854230 245
1854240 246
1854250 246
1854260 250
1854270 251
1854280 251
1854290 253
1854300 254
1854310 254
1854320 256
1854330 257
1854340 257
1854350 259
1854360 260
1854370 260
1854380 262
1854390 265
1854400 265
1854410 268
1854420 270
1854430 270
1854440 272
1854450 274
1854460 274
1854470 275
1854480 277
1854490 277
1854500 280
1854510 283
1854520 283
1854530 286
1854540 289
1854550 289
1854560 292
1854570 295
1854580 295
1854590 299
1854600 305
1854610 305
1854620 306
1854630 307
1854640 307
1854650 305
1854660 304
1854670 304
1854680 301
1854690 298
1854700 298
1854710 295
1854720 292
1854730 292
1854740 289
1854750 286
1854760 286
1854770 283
1854780 280
1854790 280
1854800 277
1854810 274
1854820 274
1854830 271
1854840 267
1854850 267
1854860 264
1854870 260
1854880 260
1854890 255
1854900 251
1854910 251
1854920 246
1854930 243
1854940 241
1854950 239
1854960 237
1854970 235
1854980 235
1854990 233
1855000 231
1855010 231
1855020 229
1855030 225
1855040 225
1855050 222
1855060 220
1855070 220
1855080 220
1855090 220
1855100 220
1855110 220
1855120 220
1855130 220
1855140 220
1855150 221
1855160 221
1855170 221
1855180 222
1855190 222
1855200 223
1855210 223
1855220 223
1855230 223
1855240 223
1855250 223
1855260 223
1855270 222
1855280 222
1855290 223
1855300 227
1855310 227
1855320 228
1855330 229
1855340 229
1855350 230
1855360 231
1855370 231
1855380 232
1855390 234
1855400 234
1855410 235
1855420 237
1855430 237
1855440 238
1855450 240
1855460 240
1855470 242
1855480 243
1855490 243
1855500 244
1855510 244
1855520 244
1855530 245
1855540 242
1855550 242
1855560 236
1855570 231
1855580 231
1855590 226
1855600 221
1855610 221
1855620 217
1855630 212
1855640 212
1855650 207
1855660 201
1855670 201
1855680 195
1855690 193
1855700 193
1855710 193
1855720 194
1855730 194
1855740 193
1855750 193
1855760 193
1855770 193
1855780 195
1855790 197
1855800 197
1855810 199
1855820 202
1855830 202
1855840 204
1855850 208
1855860 208
1855870 212
1855880 216
1855890 216
1855900 218
1855910 221
1855920 221
1855930 223
1855940 225
1855950 225
1855960 227
1855970 228
1855980 228
1855990 230
1856000 235
1856010 235
1856020 237
1856030 240
1856040 240
1856050 242
1856060 244
1856070 244
1856080 246
1856090 248
1856100 248
1856110 249
1856120 250
1856130 250
1856140 250
1856150 250
1856160 250
1856170 250
1856180 252
1856190 252
1856200 255
1856210 258
1856220 258
1856230 261
1856240 264
1856250 264
1856260 268
1856270 271
1856280 271
1856290 274
1856300 275
1856310 275
1856320 275
1856330 275
1856340 274
1856350 273
1856360 271
1856370 271
1856380 269
1856390 267
1856400 267
1856410 267
1856420 267
1856430 267
1856440 268
1856450 270
1856460 270
1856470 270
1856480 270
1856490 270
1856500 270
1856510 271
1856520 271
1856530 270
1856540 270
1856550 270
1856560 268
1856570 266
1856580 266
1856590 265
1856600 264
1856610 264
1856620 263
1856630 262
1856640 262
1856650 262
1856660 260
1856670 257
1856680 257
1856690 251
1856700 248
1856710 248
1856720 247
1856730 249
1856740 249
1856750 252
1856760 254
1856770 254
1856780 256
1856790 259
1856800 259
1856810 262
1856820 263
1856830 263
1856840 264
1856850 265
1856860 265
1856870 265
1856880 264
1856890 264
1856900 262
1856910 260
1856920 260
1856930 258
1856940 257
1856950 257
1856960 255
1856970 253
1856980 253
1856990 252
1857000 250
1857010 250
1857020 249
1857030 248
1857040 250
1857050 249
1857060 248
1857070 248
1857080 247
1857090 247
1857100 247
1857110 246
1857120 244
1857130 244
1857140 243
1857150 241
1857160 241
1857170 240
1857180 239
1857190 239
1857200 237
1857210 236
1857220 236
1857230 235
1857240 234
1857250 234
1857260 233
1857270 232
1857280 232
1857290 231
1857300 230
1857310 230
1857320 229
1857330 228
1857340 228
1857350 227
1857360 227
1857370 227
1857380 228
1857390 227
1857400 227
1857410 227
1857420 227
1857430 227
1857440 227
1857450 228
1857460 228
1857470 228
1857480 228
1857490 228
1857500 228
1857510 228
1857520 228
1857530 228
1857540 228
1857550 228
1857560 228
1857570 228
1857580 228
1857590 228
1857600 227
1857610 227
1857620 227
1857630 226
1857640 226
1857650 226
1857660 225
1857670 224
1857680 224
1857690 223
1857700 222
1857710 222
1857720 220
1857730 218
1857740 218
1857750 215
1857760 212
1857770 212
1857780 210
1857790 209
1857800 209
1857810 209
1857820 209
1857830 209
1857840 209
1857850 208
1857860 208
1857870 208
1857880 207
1857890 207
1857900 206
1857910 205
1857920 205
1857930 204
1857940 203
1857950 203
1857960 203
1857970 202
1857980 202
1857990 202
1858000 201
1858010 201
1858020 198
1858030 197
1858040 197
1858050 196
1858060 195
1858070 197
1858080 195
1858090 195
1858100 195
1858110 194
1858120 194
1858130 194
1858140 193
1858150 192
1858160 192
1858170 191
1858180 190
1858190 190
1858200 189
1858210 189
1858220 189
1858230 188
1858240 188
1858250 188
1858260 187
1858270 185
1858280 185
1858290 185
1858300 184
1858310 184
1858320 183
1858330 183
1858340 183
1858350 182
1858360 182
1858370 182
1858380 182
1858390 181
1858400 181
1858410 181
1858420 180
1858430 180
1858440 180
1858450 179
1858460 179
1858470 179
1858480 178
1858490 178
1858500 178
1858510 176
1858520 175
1858530 175
1858540 173
1858550 171
1858560 171
1858570 169
1858580 168
1858590 168
1858600 167
1858610 166
1858620 166
1858630 166
1858640 165
1858650 165
1858660 164
1858670 164
1858680 164
1858690 164
1858700 164
1858710 164
1858720 163
1858730 163
1858740 163
1858750 162
1858760 163
1858770 163
1858780 163
1858790 164
1858800 164
1858810 166
1858820 166
1858830 166
1858840 166
1858850 165
1858860 165
1858870 164
1858880 164
1858890 164
1858900 163
1858910 162
1858920 162
1858930 162
1858940 161
1858950 161
1858960 161
1858970 161
1858980 161
1858990 160
1859000 160
1859010 160
1859020 160
1859030 159
1859040 159
1859050 158
1859060 157
1859070 157
1859080 156
1859090 155
1859100 155
1859110 155
1859120 155
1859130 155
1859140 154
1859150 154
1859160 154
1859170 154
1859180 153
1859190 153
1859200 153
1859210 153
1859220 153
1859230 152
1859240 152
1859250 152
1859260 152
1859270 151
1859280 151
1859290 151
1859300 151
1859310 150
1859320 150
1859330 150
1859340 150
1859350 150
1859360 149
1859370 148
1859380 148
1859390 148
1859400 147
1859410 147
1859420 147
1859430 147
1859440 147
1859450 147
1859460 146
1859470 146
1859480 146
1859490 146
1859500 146
1859510 146
1859520 145
1859530 145
1859540 145
1859550 145
1859560 145
1859570 144
1859580 144
1859590 144
1859600 144
1859610 143
1859620 143
1859630 143
1859640 143
1859650 143
1859660 143
1859670 142
1859680 142
1859690 142
1859700 142
1859710 142
1859720 142
1859730 141
1859740 141
1859750 140
1859760 140
1859770 140
1859780 140
1859790 139
1859800 139
1859810 139
1859820 139
1859830 139
1859840 138
1859850 138
1859860 138
1859870 138
1859880 138
1859890 138
1859900 137
1859910 137
1859920 137
1859930 137
1859940 137
1859950 137
1859960 137
1859970 137
1859980 137
1859990 136
