1840000 197
1840010 197
1840020 197
1840030 197
1840040 197
1840050 197
1840060 197
1840070 197
1840080 197
1840090 197
1840100 197
1840110 197
1840120 197
1840130 197
1840140 197
1840150 198
1840160 198
1840170 198
1840180 197
1840190 197
1840200 197
1840210 197
1840220 197
1840230 197
1840240 197
1840250 197
1840260 197
1840270 197
1840280 197
1840290 197
1840300 197
1840310 197
1840320 197
1840330 197
1840340 197
1840350 197
1840360 198
1840370 198
1840380 198
1840390 198
1840400 197
1840410 197
1840420 198
1840430 198
1840440 198
1840450 198
1840460 198
1840470 198
1840480 197
1840490 198
1840500 198
1840510 198
1840520 198
1840530 198
1840540 198
1840550 198
1840560 198
1840570 198
1840580 199
1840590 199
1840600 199
1840610 199
1840620 199
1840630 200
1840640 200
1840650 200
1840660 200
1840670 201
1840680 201
1840690 201
1840700 201
1840710 201
1840720 202
1840730 202
1840740 202
1840750 202
1840760 202
1840770 202
1840780 202
1840790 202
1840800 202
1840810 203
1840820 203
1840830 203
1840840 203
1840850 203
1840860 203
1840870 203
1840880 203
1840890 203
1840900 203
1840910 204
1840920 204
1840930 204
1840940 204
1840950 204
1840960 204
1840970 204
1840980 204
1840990 204
1841000 204
1841010 204
1841020 204
1841030 204
1841040 204
1841050 204
1841060 204
1841070 204
1841080 204
1841090 204
1841100 204
1841110 204
1841120 204
1841130 204
1841140 204
1841150 204
1841160 204
1841170 204
1841180 204
1841190 204
1841200 204
1841210 205
1841220 205
1841230 205
1841240 205
1841250 206
1841260 206
1841270 207
1841280 207
1841290 207
1841300 208
1841310 209
1841320 209
1841330 209
1841340 210
1841350 210
1841360 210
1841370 211
1841380 211
1841390 211
1841400 212
1841410 212
1841420 212
1841430 213
1841440 213
1841450 213
1841460 213
1841470 213
1841480 213
1841490 213
1841500 213
1841510 213
1841520 213
1841530 213
1841540 213
1841550 212
1841560 212
1841570 212
1841580 212
1841590 212
1841600 212
1841610 212
1841620 212
1841630 212
1841640 212
1841650 212
1841660 211
1841670 211
1841680 211
1841690 211
1841700 211
1841710 211
1841720 210
1841730 210
1841740 210
1841750 210
1841760 210
1841770 209
1841780 209
1841790 209
1841800 209
1841810 209
1841820 208
1841830 208
1841840 208
1841850 208
1841860 207
1841870 207
1841880 207
1841890 207
1841900 207
1841910 207
1841920 206
1841930 206
1841940 206
1841950 206
1841960 206
1841970 206
1841980 206
1841990 206
1842000 206
1842010 206
1842020 206
1842030 206
1842040 206
1842050 206
1842060 206
1842070 206
1842080 206
1842090 205
1842100 205
1842110 205
1842120 205
1842130 205
1842140 205
1842150 204
1842160 204
1842170 204
1842180 204
1842190 204
1842200 204
1842210 204
1842220 204
1842230 204
1842240 205
1842250 204
1842260 204
1842270 204
1842280 204
1842290 204
1842300 205
1842310 205
1842320 205
1842330 205
1842340 205
1842350 205
1842360 205
1842370 204
1842380 204
1842390 203
1842400 203
1842410 203
1842420 203
1842430 203
1842440 203
1842450 203
1842460 203
1842470 203
1842480 203
1842490 203
1842500 203
1842510 203
1842520 203
1842530 203
1842540 204
1842550 203
1842560 203
1842570 204
1842580 204
1842590 204
1842600 204
1842610 204
1842620 204
1842630 204
1842640 204
1842650 205
1842660 205
1842670 205
1842680 205
1842690 205
1842700 205
1842710 205
1842720 205
1842730 205
1842740 205
1842750 205
1842760 205
1842770 205
1842780 205
1842790 205
1842800 205
1842810 205
1842820 205
1842830 206
1842840 206
1842850 206
1842860 206
1842870 206
1842880 206
1842890 206
1842900 206
1842910 206
1842920 206
1842930 206
1842940 206
1842950 206
1842960 206
1842970 206
1842980 207
1842990 207
1843000 207
1843010 207
1843020 207
1843030 207
1843040 208
1843050 208
1843060 208
1843070 208
1843080 208
1843090 209
1843100 209
1843110 209
1843120 210
1843130 210
1843140 210
1843150 211
1843160 211
1843170 211
1843180 211
1843190 212
1843200 212
1843210 212
1843220 213
1843230 213
1843240 213
1843250 214
1843260 214
1843270 214
1843280 215
1843290 215
1843300 215
1843310 215
1843320 215
1843330 215
1843340 216
1843350 216
1843360 216
1843370 216
1843380 216
1843390 216
1843400 217
1843410 217
1843420 217
1843430 218
1843440 218
1843450 218
1843460 219
1843470 220
1843480 220
1843490 220
1843500 220
1843510 220
1843520 220
1843530 221
1843540 221
1843550 221
1843560 221
1843570 221
1843580 221
1843590 221
1843600 221
1843610 221
1843620 221
1843630 221
1843640 221
1843650 221
1843660 221
1843670 221
1843680 221
1843690 221
1843700 220
1843710 220
1843720 220
1843730 220
1843740 221
1843750 221
1843760 220
1843770 221
1843780 221
1843790 221
1843800 221
1843810 221
1843820 221
1843830 221
1843840 221
1843850 221
1843860 221
1843870 221
1843880 221
1843890 221
1843900 221
1843910 221
1843920 222
1843930 222
1843940 222
1843950 222
1843960 222
1843970 223
1843980 223
1843990 223
1844000 223
1844010 223
1844020 223
1844030 223
1844040 223
1844050 223
1844060 223
1844070 223
1844080 223
1844090 224
1844100 224
1844110 224
1844120 224
1844130 224
1844140 224
1844150 223
1844160 223
1844170 223
1844180 223
1844190 223
1844200 223
1844210 223
1844220 223
1844230 223
1844240 223
1844250 224
1844260 224
1844270 224
1844280 224
1844290 224
1844300 225
1844310 225
1844320 225
1844330 225
1844340 225
1844350 226
1844360 226
1844370 226
1844380 226
1844390 226
1844400 226
1844410 226
1844420 226
1844430 226
1844440 226
1844450 226
1844460 227
1844470 227
1844480 227
1844490 227
1844500 227
1844510 227
1844520 228
1844530 228
1844540 228
1844550 229
1844560 229
1844570 229
1844580 230
1844590 230
1844600 230
1844610 230
1844620 230
1844630 230
1844640 231
1844650 231
1844660 231
1844670 232
1844680 232
1844690 232
1844700 232
1844710 232
1844720 232
1844730 233
1844740 233
1844750 233
1844760 233
1844770 234
1844780 234
1844790 234
1844800 234
1844810 234
1844820 235
1844830 235
1844840 235
1844850 235
1844860 236
1844870 236
1844880 236
1844890 236
1844900 236
1844910 236
1844920 237
1844930 237
1844940 237
1844950 237
1844960 237
1844970 237
1844980 237
1844990 237
1845000 238
1845010 238
1845020 238
1845030 238
1845040 238
1845050 238
1845060 238
1845070 238
1845080 238
1845090 238
1845100 239
1845110 239
1845120 239
1845130 239
1845140 239
1845150 239
1845160 240
1845170 240
1845180 240
1845190 240
1845200 241
1845210 241
1845220 241
1845230 241
1845240 241
1845250 242
1845260 243
1845270 243
1845280 243
1845290 243
1845300 243
1845310 244
1845320 244
1845330 244
1845340 245
1845350 245
1845360 245
1845370 246
1845380 247
1845390 247
1845400 248
1845410 249
1845420 249
1845430 249
1845440 250
1845450 250
1845460 251
1845470 252
1845480 252
1845490 253
1845500 253
1845510 253
1845520 254
1845530 255
1845540 255
1845550 256
1845560 258
1845570 258
1845580 259
1845590 259
1845600 259
1845610 259
1845620 258
1845630 258
1845640 258
1845650 258
1845660 258
1845670 258
1845680 258
1845690 258
1845700 258
1845710 258
1845720 258
1845730 259
1845740 259
1845750 259
1845760 259
1845770 260
1845780 260
1845790 259
1845800 260
1845810 260
1845820 260
1845830 260
1845840 260
1845850 260
1845860 261
1845870 261
1845880 261
1845890 261
1845900 261
1845910 261
1845920 260
1845930 260
1845940 260
1845950 262
1845960 262
1845970 262
1845980 263
1845990 263
1846000 263
1846010 264
1846020 264
1846030 265
1846040 266
1846050 267
1846060 267
1846070 269
1846080 270
1846090 270
1846100 272
1846110 274
1846120 274
1846130 275
1846140 277
1846150 278
1846160 280
1846170 281
1846180 281
1846190 282
1846200 283
1846210 283
1846220 284
1846230 285
1846240 285
1846250 286
1846260 287
1846270 287
1846280 288
1846290 289
1846300 289
1846310 290
1846320 291
1846330 291
1846340 292
1846350 293
1846360 293
1846370 294
1846380 295
1846390 295
1846400 297
1846410 298
1846420 298
1846430 300
1846440 301
1846450 301
1846460 303
1846470 304
1846480 304
1846490 306
1846500 307
1846510 307
1846520 308
1846530 309
1846540 309
1846550 310
1846560 311
1846570 311
1846580 312
1846590 314
1846600 314
1846610 315
1846620 315
1846630 315
1846640 316
1846650 316
1846660 316
1846670 315
1846680 313
1846690 313
1846700 311
1846710 309
1846720 309
1846730 306
1846740 303
1846750 303
1846760 302
1846770 302
1846780 302
1846790 305
1846800 309
1846810 309
1846820 314
1846830 318
1846840 318
1846850 322
1846860 328
1846870 328
1846880 331
1846890 335
1846900 335
1846910 338
1846920 341
1846930 344
1846940 344
1846950 346
1846960 348
1846970 348
1846980 350
1846990 352
1847000 352
1847010 354
1847020 356
1847030 356
1847040 358
1847050 360
1847060 360
1847070 361
1847080 363
1847090 363
1847100 364
1847110 365
1847120 365
1847130 366
1847140 367
1847150 367
1847160 368
1847170 368
1847180 368
1847190 368
1847200 368
1847210 368
1847220 366
1847230 365
1847240 365
1847250 364
1847260 363
1847270 363
1847280 363
1847290 361
1847300 361
1847310 360
1847320 359
1847330 359
1847340 358
1847350 357
1847360 357
1847370 356
1847380 355
1847390 355
1847400 354
1847410 353
1847420 353
1847430 353
1847440 352
1847450 352
1847460 351
1847470 351
1847480 351
1847490 349
1847500 349
1847510 349
1847520 349
1847530 349
1847540 349
1847550 349
1847560 348
1847570 346
1847580 346
1847590 346
1847600 346
1847610 345
1847620 345
1847630 345
1847640 346
1847650 347
1847660 347
1847670 347
1847680 346
1847690 346
1847700 346
1847710 346
1847720 346
1847730 346
1847740 346
1847750 346
1847760 347
1847770 348
1847780 349
1847790 349
1847800 349
1847810 349
1847820 349
1847830 350
1847840 350
1847850 350
1847860 350
1847870 351
1847880 351
1847890 351
1847900 351
1847910 351
1847920 351
1847930 352
1847940 352
1847950 353
1847960 353
1847970 353
1847980 353
1847990 354
1848000 354
1848010 354
1848020 354
1848030 354
1848040 355
1848050 355
1848060 355
1848070 356
1848080 356
1848090 356
1848100 356
1848110 357
1848120 357
1848130 358
1848140 358
1848150 358
1848160 359
1848170 359
1848180 359
1848190 360
1848200 360
1848210 360
1848220 361
1848230 361
1848240 361
1848250 362
1848260 363
1848270 363
1848280 363
1848290 364
1848300 364
1848310 364
1848320 364
1848330 364
1848340 364
1848350 365
1848360 365
1848370 366
1848380 369
1848390 369
1848400 372
1848410 375
1848420 375
1848430 378
1848440 380
1848450 380
1848460 381
1848470 381
1848480 381
1848490 381
1848500 381
1848510 381
1848520 381
1848530 381
1848540 381
1848550 382
1848560 384
1848570 384
1848580 387
1848590 389
1848600 389
1848610 392
1848620 394
1848630 396
1848640 398
1848650 400
1848660 402
1848670 402
1848680 404
1848690 405
1848700 405
1848710 406
1848720 407
1848730 407
1848740 407
1848750 407
1848760 407
1848770 406
1848780 406
1848790 406
1848800 405
1848810 405
1848820 405
1848830 404
1848840 403
1848850 403
1848860 403
1848870 403
1848880 403
1848890 403
1848900 402
1848910 402
1848920 401
1848930 400
1848940 400
1848950 399
1848960 399
1848970 399
1848980 398
1848990 396
1849000 396
1849010 395
1849020 394
1849030 394
1849040 394
1849050 394
1849060 394
1849070 395
1849080 396
1849090 396
1849100 396
1849110 397
1849120 397
1849130 398
1849140 399
1849150 399
1849160 400
1849170 400
1849180 400
1849190 402
1849200 403
1849210 403
1849220 405
1849230 406
1849240 406
1849250 408
1849260 410
1849270 410
1849280 412
1849290 414
1849300 414
1849310 415
1849320 416
1849330 416
1849340 419
1849350 420
1849360 420
1849370 421
1849380 422
1849390 422
1849400 424
1849410 425
1849420 425
1849430 427
1849440 429
1849450 429
1849460 431
1849470 433
1849480 433
1849490 434
1849500 436
1849510 437
1849520 437
1849530 439
1849540 440
1849550 440
1849560 441
1849570 440
1849580 440
1849590 439
1849600 437
1849610 437
1849620 435
1849630 433
1849640 433
1849650 431
1849660 429
1849670 429
1849680 428
1849690 426
1849700 426
1849710 424
1849720 421
1849730 421
1849740 419
1849750 417
1849760 417
1849770 415
1849780 413
1849790 413
1849800 411
1849810 409
1849820 409
1849830 407
1849840 404
1849850 404
1849860 402
1849870 399
1849880 399
1849890 397
1849900 395
1849910 395
1849920 393
1849930 391
1849940 391
1849950 389
1849960 388
1849970 388
1849980 387
1849990 386
1850000 386
1850010 386
1850020 386
1850030 386
1850040 386
1850050 385
1850060 385
1850070 384
1850080 384
1850090 384
1850100 383
1850110 383
1850120 383
1850130 382
1850140 381
1850150 381
1850160 380
1850170 379
1850180 379
1850190 378
1850200 378
1850210 378
1850220 377
1850230 376
1850240 376
1850250 375
1850260 374
1850270 374
1850280 372
1850290 371
1850300 371
1850310 369
1850320 368
1850330 368
1850340 367
1850350 365
1850360 364
1850370 364
1850380 362
1850390 360
1850400 356
1850410 354
1850420 352
1850430 352
1850440 350
1850450 347
1850460 347
1850470 345
1850480 343
1850490 343
1850500 340
1850510 337
1850520 337
1850530 335
1850540 336
1850550 336
1850560 338
1850570 340
1850580 340
1850590 342
1850600 343
1850610 343
1850620 345
1850630 346
1850640 346
1850650 347
1850660 349
1850670 349
1850680 350
1850690 350
1850700 350
1850710 349
1850720 348
1850730 348
1850740 346
1850750 344
1850760 344
1850770 340
1850780 336
1850790 336
1850800 331
1850810 334
1850820 334
1850830 338
1850840 341
1850850 341
1850860 343
1850870 345
1850880 345
1850890 348
1850900 350
1850910 350
1850920 352
1850930 355
1850940 355
1850950 357
1850960 359
1850970 359
1850980 360
1850990 362
1851000 362
1851010 363
1851020 364
1851030 364
1851040 366
1851050 368
1851060 368
1851070 368
1851080 368
1851090 368
1851100 369
1851110 371
1851120 371
1851130 372
1851140 373
1851150 373
1851160 373
1851170 373
1851180 373
1851190 373
1851200 373
1851210 373
1851220 373
1851230 373
1851240 373
1851250 373
1851260 373
1851270 373
1851280 373
1851290 373
1851300 373
1851310 373
1851320 373
1851330 371
1851340 371
1851350 370
1851360 369
1851370 369
1851380 367
1851390 366
1851400 366
1851410 365
1851420 364
1851430 364
1851440 363
1851450 362
1851460 361
1851470 359
1851480 357
1851490 357
1851500 355
1851510 351
1851520 351
1851530 348
1851540 346
1851550 346
1851560 343
1851570 339
1851580 339
1851590 337
1851600 335
1851610 335
1851620 331
1851630 327
1851640 327
1851650 327
1851660 330
1851670 330
1851680 334
1851690 335
1851700 335
1851710 335
1851720 336
1851730 336
1851740 338
1851750 339
1851760 339
1851770 341
1851780 342
1851790 342
1851800 344
1851810 346
1851820 346
1851830 347
1851840 348
1851850 348
1851860 349
1851870 349
1851880 349
1851890 350
1851900 350
1851910 350
1851920 351
1851930 351
1851940 351
1851950 351
1851960 351
1851970 351
1851980 351
1851990 351
1852000 351
1852010 350
1852020 350
1852030 350
1852040 350
1852050 350
1852060 350
1852070 350
1852080 350
1852090 350
1852100 350
1852110 350
1852120 349
1852130 349
1852140 348
1852150 348
1852160 348
1852170 347
1852180 347
1852190 347
1852200 346
1852210 346
1852220 346
1852230 344
1852240 344
1852250 344
1852260 343
1852270 342
1852280 342
1852290 342
1852300 341
1852310 341
1852320 340
1852330 339
1852340 339
1852350 338
1852360 338
1852370 338
1852380 337
1852390 336
1852400 336
1852410 335
1852420 334
1852430 334
1852440 333
1852450 333
1852460 333
1852470 332
1852480 331
1852490 331
1852500 331
1852510 329
1852520 329
1852530 328
1852540 327
1852550 327
1852560 325
1852570 324
1852580 324
1852590 323
1852600 323
1852610 323
1852620 324
1852630 325
1852640 325
1852650 326
1852660 327
1852670 327
1852680 328
1852690 327
1852700 327
1852710 327
1852720 326
1852730 326
1852740 325
1852750 324
1852760 324
1852770 323
1852780 322
1852790 322
1852800 321
1852810 320
1852820 320
1852830 319
1852840 319
1852850 319
1852860 318
1852870 318
1852880 318
1852890 317
1852900 316
1852910 316
1852920 315
1852930 314
1852940 314
1852950 313
1852960 312
1852970 310
1852980 310
1852990 309
1853000 307
1853010 307
1853020 306
1853030 305
1853040 305
1853050 304
1853060 303
1853070 303
1853080 302
1853090 302
1853100 302
1853110 301
1853120 300
1853130 300
1853140 299
1853150 300
1853160 300
1853170 300
1853180 301
1853190 301
1853200 301
1853210 303
1853220 303
1853230 304
1853240 304
1853250 304
1853260 305
1853270 305
1853280 305
1853290 305
1853300 304
1853310 304
1853320 304
1853330 303
1853340 303
1853350 302
1853360 301
1853370 301
1853380 300
1853390 300
1853400 300
1853410 299
1853420 300
1853430 300
1853440 300
1853450 301
1853460 301
1853470 302
1853480 302
1853490 302
1853500 303
1853510 304
1853520 304
1853530 305
1853540 305
1853550 305
1853560 307
1853570 308
1853580 308
1853590 309
1853600 309
1853610 309
1853620 310
1853630 311
1853640 311
1853650 311
1853660 312
1853670 312
1853680 313
1853690 313
1853700 313
1853710 313
1853720 313
1853730 313
1853740 313
1853750 314
1853760 314
1853770 314
1853780 314
1853790 314
1853800 313
1853810 313
1853820 313
1853830 312
1853840 311
1853850 310
1853860 310
1853870 309
1853880 308
1853890 308
1853900 307
1853910 304
1853920 304
1853930 302
1853940 300
1853950 300
1853960 298
1853970 296
1853980 296
1853990 294
1854000 291
1854010 291
1854020 288
1854030 285
1854040 285
1854050 281
1854060 279
1854070 279
1854080 276
1854090 273
1854100 273
1854110 270
1854120 268
1854130 268
1854140 266
1854150 263
1854160 263
1854170 260
1854180 259
1854190 259
1854200 257
1854210 254
1854220 254
1854230 252
1854240 249
1854250 249
1854260 245
1854270 245
1854280 245
1854290 244
1854300 244
1854310 244
1854320 246
1854330 246
1854340 246
1854350 249
1854360 251
1854370 251
1854380 252
1854390 253
1854400 253
1854410 256
1854420 258
1854430 258
1854440 260
1854450 262
1854460 262
1854470 264
1854480 267
1854490 267
1854500 271
1854510 273
1854520 273
1854530 276
1854540 280
1854550 280
1854560 282
1854570 286
1854580 286
1854590 290
1854600 293
1854610 297
1854620 300
1854630 302
1854640 302
1854650 303
1854660 303
1854670 303
1854680 302
1854690 299
1854700 297
1854710 297
1854720 294
1854730 291
1854740 291
1854750 288
1854760 285
1854770 285
1854780 282
1854790 280
1854800 280
1854810 276
1854820 272
1854830 272
1854840 268
1854850 264
1854860 264
1854870 260
1854880 257
1854890 257
1854900 254
1854910 251
1854920 251
1854930 248
1854940 245
1854950 243
1854960 241
1854970 239
1854980 239
1854990 237
1855000 235
1855010 235
1855020 233
1855030 231
1855040 231
1855050 229
1855060 227
1855070 227
1855080 224
1855090 220
1855100 220
1855110 218
1855120 217
1855130 217
1855140 216
1855150 217
1855160 217
1855170 217
1855180 217
1855190 217
1855200 218
1855210 218
1855220 218
1855230 219
1855240 219
1855250 219
1855260 219
1855270 219
1855280 219
1855290 219
1855300 221
1855310 221
1855320 222
1855330 223
1855340 223
1855350 224
1855360 225
1855370 225
1855380 226
1855390 227
1855400 227
1855410 229
1855420 230
1855430 230
1855440 231
1855450 234
1855460 234
1855470 235
1855480 237
1855490 237
1855500 239
1855510 239
1855520 239
1855530 240
1855540 239
1855550 239
1855560 237
1855570 234
1855580 230
1855590 230
1855600 225
1855610 221
1855620 221
1855630 216
1855640 211
1855650 210
1855660 207
1855670 203
1855680 203
1855690 196
1855700 194
1855710 194
1855720 192
1855730 193
1855740 193
1855750 193
1855760 192
1855770 192
1855780 192
1855790 193
1855800 193
1855810 195
1855820 197
1855830 197
1855840 199
1855850 202
1855860 202
1855870 206
1855880 209
1855890 209
1855900 211
1855910 215
1855920 215
1855930 216
1855940 219
1855950 219
1855960 221
1855970 223
1855980 223
1855990 224
1856000 229
1856010 229
1856020 231
1856030 233
1856040 233
1856050 235
1856060 237
1856070 237
1856080 239
1856090 241
1856100 241
1856110 242
1856120 242
1856130 242
1856140 241
1856150 242
1856160 242
1856170 244
1856180 247
1856190 247
1856200 249
1856210 252
1856220 252
1856230 255
1856240 260
1856250 260
1856260 262
1856270 266
1856280 266
1856290 269
1856300 271
1856310 271
1856320 275
1856330 277
1856340 275
1856350 274
1856360 272
1856370 272
1856380 270
1856390 268
1856400 268
1856410 266
1856420 265
1856430 265
1856440 265
1856450 265
1856460 265
1856470 265
1856480 265
1856490 265
1856500 265
1856510 266
1856520 266
1856530 266
1856540 267
1856550 267
1856560 267
1856570 268
1856580 268
1856590 268
1856600 267
1856610 265
1856620 265
1856630 263
1856640 262
1856650 262
1856660 261
1856670 258
1856680 258
1856690 253
1856700 249
1856710 249
1856720 246
1856730 244
1856740 244
1856750 244
1856760 245
1856770 245
1856780 247
1856790 250
1856800 250
1856810 253
1856820 254
1856830 254
1856840 255
1856850 256
1856860 256
1856870 257
1856880 257
1856890 257
1856900 257
1856910 257
1856920 257
1856930 255
1856940 253
1856950 253
1856960 252
1856970 250
1856980 250
1856990 248
1857000 247
1857010 247
1857020 246
1857030 245
1857040 246
1857050 245
1857060 244
1857070 244
1857080 244
1857090 243
1857100 243
1857110 242
1857120 241
1857130 241
1857140 239
1857150 238
1857160 238
1857170 237
1857180 236
1857190 236
1857200 235
1857210 234
1857220 234
1857230 233
1857240 232
1857250 232
1857260 231
1857270 229
1857280 229
1857290 228
1857300 227
1857310 226
1857320 226
1857330 225
1857340 224
1857350 224
1857360 223
1857370 223
1857380 224
1857390 224
1857400 224
1857410 224
1857420 224
1857430 225
1857440 225
1857450 225
1857460 225
1857470 225
1857480 226
1857490 226
1857500 226
1857510 226
1857520 226
1857530 226
1857540 226
1857550 225
1857560 225
1857570 225
1857580 225
1857590 225
1857600 224
1857610 224
1857620 224
1857630 224
1857640 223
1857650 223
1857660 223
1857670 222
1857680 222
1857690 222
1857700 221
1857710 221
1857720 220
1857730 218
1857740 218
1857750 216
1857760 213
1857770 213
1857780 210
1857790 209
1857800 209
1857810 209
1857820 209
1857830 209
1857840 208
1857850 207
1857860 207
1857870 206
1857880 205
1857890 205
1857900 204
1857910 204
1857920 204
1857930 203
1857940 203
1857950 203
1857960 201
1857970 198
1857980 198
1857990 197
1858000 197
1858010 197
1858020 196
1858030 196
1858040 196
1858050 195
1858060 194
1858070 195
1858080 194
1858090 194
1858100 194
1858110 193
1858120 192
1858130 192
1858140 192
1858150 191
1858160 191
1858170 191
1858180 189
1858190 189
1858200 189
1858210 188
1858220 187
1858230 187
1858240 186
1858250 186
1858260 186
1858270 185
1858280 185
1858290 185
1858300 184
1858310 183
1858320 183
1858330 182
1858340 182
1858350 182
1858360 181
1858370 181
1858380 181
1858390 181
1858400 180
1858410 180
1858420 180
1858430 179
1858440 179
1858450 179
1858460 179
1858470 179
1858480 178
1858490 178
1858500 178
1858510 177
1858520 176
1858530 176
1858540 176
1858550 175
1858560 175
1858570 174
1858580 173
1858590 173
1858600 171
1858610 169
1858620 169
1858630 167
1858640 166
1858650 166
1858660 165
1858670 164
1858680 164
1858690 164
1858700 163
1858710 163
1858720 162
1858730 162
1858740 162
1858750 162
1858760 162
1858770 162
1858780 162
1858790 162
1858800 162
1858810 163
1858820 165
1858830 165
1858840 165
1858850 164
1858860 164
1858870 163
1858880 163
1858890 163
1858900 162
1858910 162
1858920 162
1858930 161
1858940 161
1858950 161
1858960 161
1858970 161
1858980 161
1858990 160
1859000 160
1859010 160
1859020 159
1859030 158
1859040 158
1859050 157
1859060 156
1859070 156
1859080 156
1859090 155
1859100 155
1859110 155
1859120 154
1859130 154
1859140 154
1859150 154
1859160 153
1859170 153
1859180 153
1859190 153
1859200 153
1859210 152
1859220 152
1859230 152
1859240 152
1859250 151
1859260 151
1859270 151
1859280 150
1859290 150
1859300 150
1859310 150
1859320 150
1859330 150
1859340 149
1859350 149
1859360 147
1859370 147
1859380 147
1859390 147
1859400 147
1859410 147
1859420 146
1859430 146
1859440 146
1859450 146
1859460 146
1859470 146
1859480 145
1859490 145
1859500 145
1859510 145
1859520 145
1859530 145
1859540 145
1859550 144
1859560 144
1859570 144
1859580 144
1859590 144
1859600 143
1859610 143
1859620 143
1859630 143
1859640 143
1859650 143
1859660 142
1859670 142
1859680 142
1859690 142
1859700 141
1859710 141
1859720 140
1859730 140
1859740 140
1859750 140
1859760 139
1859770 139
1859780 139
1859790 139
1859800 139
1859810 139
1859820 138
1859830 138
1859840 138
1859850 138
1859860 138
1859870 138
1859880 137
1859890 137
1859900 137
1859910 137
1859920 136
1859930 136
1859940 136
1859950 136
1859960 136
1859970 136
1859980 136
1859990 136
