1840000 188
1840010 188
1840020 188
1840030 188
1840040 188
1840050 188
1840060 188
1840070 188
1840080 188
1840090 188
1840100 188
1840110 188
1840120 188
1840130 188
1840140 188
1840150 188
1840160 188
1840170 188
1840180 188
1840190 188
1840200 188
1840210 188
1840220 188
1840230 188
1840240 188
1840250 188
1840260 188
1840270 188
1840280 188
1840290 188
1840300 188
1840310 188
1840320 188
1840330 188
1840340 188
1840350 188
1840360 188
1840370 188
1840380 187
1840390 187
1840400 187
1840410 187
1840420 187
1840430 187
1840440 187
1840450 187
1840460 187
1840470 187
1840480 187
1840490 187
1840500 187
1840510 187
1840520 187
1840530 187
1840540 187
1840550 187
1840560 187
1840570 187
1840580 187
1840590 187
1840600 187
1840610 187
1840620 187
1840630 187
1840640 187
1840650 187
1840660 187
1840670 187
1840680 187
1840690 187
1840700 187
1840710 187
1840720 187
1840730 187
1840740 188
1840750 187
1840760 188
1840770 188
1840780 188
1840790 188
1840800 188
1840810 188
1840820 188
1840830 188
1840840 188
1840850 188
1840860 188
1840870 188
1840880 188
1840890 188
1840900 188
1840910 188
1840920 188
1840930 188
1840940 189
1840950 189
1840960 189
1840970 189
1840980 189
1840990 189
1841000 189
1841010 189
1841020 190
1841030 190
1841040 190
1841050 190
1841060 190
1841070 190
1841080 191
1841090 191
1841100 191
1841110 191
1841120 192
1841130 192
1841140 192
1841150 192
1841160 192
1841170 193
1841180 193
1841190 193
1841200 194
1841210 194
1841220 194
1841230 195
1841240 195
1841250 195
1841260 196
1841270 196
1841280 197
1841290 197
1841300 197
1841310 198
1841320 198
1841330 198
1841340 199
1841350 199
1841360 199
1841370 200
1841380 200
1841390 201
1841400 201
1841410 201
1841420 201
1841430 201
1841440 201
1841450 201
1841460 201
1841470 201
1841480 201
1841490 201
1841500 201
1841510 201
1841520 200
1841530 200
1841540 200
1841550 200
1841560 200
1841570 200
1841580 199
1841590 199
1841600 199
1841610 199
1841620 199
1841630 198
1841640 198
1841650 198
1841660 197
1841670 197
1841680 197
1841690 196
1841700 196
1841710 196
1841720 196
1841730 196
1841740 196
1841750 195
1841760 195
1841770 195
1841780 195
1841790 195
1841800 195
1841810 195
1841820 195
1841830 195
1841840 195
1841850 195
1841860 195
1841870 195
1841880 194
1841890 194
1841900 194
1841910 194
1841920 194
1841930 194
1841940 194
1841950 194
1841960 194
1841970 194
1841980 194
1841990 194
1842000 193
1842010 193
1842020 193
1842030 193
1842040 193
1842050 193
1842060 193
1842070 193
1842080 193
1842090 193
1842100 193
1842110 193
1842120 193
1842130 193
1842140 193
1842150 193
1842160 193
1842170 193
1842180 194
1842190 193
1842200 193
1842210 193
1842220 193
1842230 193
1842240 193
1842250 193
1842260 193
1842270 193
1842280 193
1842290 193
1842300 193
1842310 193
1842320 193
1842330 193
1842340 194
1842350 194
1842360 194
1842370 194
1842380 194
1842390 194
1842400 194
1842410 194
1842420 194
1842430 194
1842440 194
1842450 194
1842460 194
1842470 194
1842480 194
1842490 194
1842500 194
1842510 194
1842520 194
1842530 194
1842540 194
1842550 194
1842560 194
1842570 194
1842580 194
1842590 194
1842600 194
1842610 195
1842620 195
1842630 195
1842640 195
1842650 195
1842660 195
1842670 195
1842680 195
1842690 196
1842700 196
1842710 196
1842720 196
1842730 196
1842740 196
1842750 196
1842760 196
1842770 196
1842780 196
1842790 196
1842800 196
1842810 196
1842820 196
1842830 196
1842840 196
1842850 196
1842860 196
1842870 196
1842880 197
1842890 197
1842900 197
1842910 197
1842920 197
1842930 197
1842940 197
1842950 197
1842960 197
1842970 197
1842980 197
1842990 197
1843000 197
1843010 197
1843020 197
1843030 197
1843040 197
1843050 197
1843060 197
1843070 197
1843080 197
1843090 197
1843100 197
1843110 197
1843120 197
1843130 198
1843140 198
1843150 198
1843160 198
1843170 198
1843180 198
1843190 198
1843200 198
1843210 198
1843220 198
1843230 198
1843240 198
1843250 198
1843260 198
1843270 198
1843280 198
1843290 198
1843300 198
1843310 199
1843320 199
1843330 199
1843340 199
1843350 199
1843360 199
1843370 199
1843380 199
1843390 199
1843400 199
1843410 199
1843420 199
1843430 199
1843440 199
1843450 199
1843460 199
1843470 199
1843480 199
1843490 199
1843500 199
1843510 199
1843520 199
1843530 199
1843540 199
1843550 199
1843560 199
1843570 199
1843580 199
1843590 199
1843600 199
1843610 199
1843620 199
1843630 199
1843640 199
1843650 199
1843660 199
1843670 199
1843680 199
1843690 199
1843700 199
1843710 199
1843720 199
1843730 199
1843740 199
1843750 199
1843760 199
1843770 199
1843780 199
1843790 199
1843800 199
1843810 199
1843820 199
1843830 199
1843840 200
1843850 200
1843860 200
1843870 200
1843880 200
1843890 200
1843900 200
1843910 200
1843920 200
1843930 200
1843940 200
1843950 200
1843960 200
1843970 200
1843980 199
1843990 199
1844000 200
1844010 200
1844020 200
1844030 200
1844040 200
1844050 200
1844060 200
1844070 200
1844080 200
1844090 201
1844100 201
1844110 201
1844120 201
1844130 201
1844140 201
1844150 202
1844160 202
1844170 202
1844180 202
1844190 203
1844200 203
1844210 203
1844220 203
1844230 203
1844240 204
1844250 204
1844260 204
1844270 204
1844280 205
1844290 205
1844300 205
1844310 205
1844320 205
1844330 206
1844340 206
1844350 206
1844360 207
1844370 207
1844380 207
1844390 207
1844400 207
1844410 207
1844420 207
1844430 207
1844440 207
1844450 208
1844460 208
1844470 208
1844480 208
1844490 209
1844500 209
1844510 209
1844520 209
1844530 209
1844540 210
1844550 210
1844560 210
1844570 210
1844580 210
1844590 210
1844600 210
1844610 210
1844620 210
1844630 210
1844640 211
1844650 211
1844660 211
1844670 211
1844680 211
1844690 211
1844700 211
1844710 211
1844720 211
1844730 211
1844740 211
1844750 211
1844760 212
1844770 212
1844780 212
1844790 212
1844800 212
1844810 212
1844820 212
1844830 212
1844840 213
1844850 213
1844860 213
1844870 213
1844880 213
1844890 213
1844900 213
1844910 213
1844920 214
1844930 214
1844940 214
1844950 215
1844960 215
1844970 215
1844980 215
1844990 215
1845000 215
1845010 215
1845020 215
1845030 216
1845040 216
1845050 216
1845060 217
1845070 217
1845080 217
1845090 217
1845100 217
1845110 217
1845120 218
1845130 218
1845140 218
1845150 218
1845160 219
1845170 219
1845180 220
1845190 220
1845200 220
1845210 220
1845220 220
1845230 220
1845240 221
1845250 221
1845260 221
1845270 222
1845280 222
1845290 222
1845300 222
1845310 223
1845320 223
1845330 223
1845340 223
1845350 223
1845360 224
1845370 224
1845380 224
1845390 225
1845400 226
1845410 225
1845420 225
1845430 226
1845440 226
1845450 226
1845460 226
1845470 226
1845480 227
1845490 227
1845500 227
1845510 228
1845520 228
1845530 228
1845540 228
1845550 228
1845560 228
1845570 228
1845580 229
1845590 229
1845600 229
1845610 229
1845620 229
1845630 229
1845640 229
1845650 229
1845660 231
1845670 231
1845680 231
1845690 231
1845700 231
1845710 231
1845720 231
1845730 232
1845740 232
1845750 232
1845760 233
1845770 233
1845780 233
1845790 234
1845800 236
1845810 236
1845820 237
1845830 238
1845840 238
1845850 239
1845860 241
1845870 241
1845880 243
1845890 245
1845900 245
1845910 245
1845920 246
1845930 246
1845940 248
1845950 249
1845960 249
1845970 250
1845980 251
1845990 251
1846000 252
1846010 253
1846020 253
1846030 254
1846040 256
1846050 256
1846060 257
1846070 258
1846080 258
1846090 260
1846100 261
1846110 261
1846120 264
1846130 267
1846140 267
1846150 268
1846160 269
1846170 269
1846180 273
1846190 277
1846200 277
1846210 280
1846220 282
1846230 282
1846240 282
1846250 283
1846260 283
1846270 284
1846280 286
1846290 286
1846300 287
1846310 288
1846320 288
1846330 288
1846340 288
1846350 288
1846360 289
1846370 290
1846380 290
1846390 291
1846400 291
1846410 291
1846420 292
1846430 293
1846440 293
1846450 293
1846460 293
1846470 293
1846480 295
1846490 295
1846500 295
1846510 296
1846520 297
1846530 297
1846540 298
1846550 299
1846560 299
1846570 300
1846580 302
1846590 302
1846600 303
1846610 305
1846620 305
1846630 305
1846640 306
1846650 306
1846660 306
1846670 306
1846680 306
1846690 306
1846700 307
1846710 307
1846720 307
1846730 309
1846740 310
1846750 310
1846760 311
1846770 312
1846780 312
1846790 313
1846800 314
1846810 314
1846820 314
1846830 315
1846840 316
1846850 317
1846860 318
1846870 318
1846880 319
1846890 321
1846900 321
1846910 322
1846920 323
1846930 323
1846940 324
1846950 325
1846960 325
1846970 326
1846980 326
1846990 326
1847000 326
1847010 327
1847020 327
1847030 328
1847040 329
1847050 329
1847060 331
1847070 332
1847080 332
1847090 333
1847100 334
1847110 334
1847120 335
1847130 336
1847140 336
1847150 337
1847160 338
1847170 338
1847180 339
1847190 342
1847200 342
1847210 344
1847220 346
1847230 346
1847240 346
1847250 347
1847260 347
1847270 348
1847280 348
1847290 348
1847300 348
1847310 348
1847320 348
1847330 348
1847340 347
1847350 347
1847360 347
1847370 346
1847380 346
1847390 346
1847400 346
1847410 346
1847420 346
1847430 346
1847440 346
1847450 347
1847460 348
1847470 348
1847480 348
1847490 348
1847500 348
1847510 346
1847520 344
1847530 344
1847540 342
1847550 336
1847560 336
1847570 335
1847580 333
1847590 331
1847600 331
1847610 330
1847620 329
1847630 329
1847640 329
1847650 328
1847660 328
1847670 328
1847680 327
1847690 327
1847700 327
1847710 328
1847720 328
1847730 330
1847740 332
1847750 332
1847760 335
1847770 338
1847780 338
1847790 340
1847800 343
1847810 343
1847820 345
1847830 348
1847840 348
1847850 350
1847860 352
1847870 352
1847880 354
1847890 357
1847900 357
1847910 360
1847920 361
1847930 361
1847940 363
1847950 364
1847960 364
1847970 366
1847980 367
1847990 367
1848000 368
1848010 369
1848020 369
1848030 370
1848040 371
1848050 371
1848060 372
1848070 373
1848080 373
1848090 373
1848100 373
1848110 373
1848120 372
1848130 371
1848140 371
1848150 370
1848160 369
1848170 369
1848180 368
1848190 367
1848200 367
1848210 366
1848220 364
1848230 364
1848240 363
1848250 362
1848260 359
1848270 359
1848280 359
1848290 359
1848300 359
1848310 358
1848320 358
1848330 357
1848340 356
1848350 356
1848360 355
1848370 353
1848380 353
1848390 351
1848400 349
1848410 349
1848420 346
1848430 343
1848440 343
1848450 340
1848460 338
1848470 338
1848480 335
1848490 332
1848500 328
1848510 328
1848520 327
1848530 327
1848540 327
1848550 330
1848560 334
1848570 334
1848580 337
1848590 340
1848600 340
1848610 344
1848620 348
1848630 348
1848640 350
1848650 353
1848660 353
1848670 356
1848680 358
1848690 358
1848700 360
1848710 362
1848720 362
1848730 364
1848740 366
1848750 366
1848760 368
1848770 369
1848780 369
1848790 371
1848800 372
1848810 372
1848820 374
1848830 375
1848840 375
1848850 377
1848860 378
1848870 378
1848880 379
1848890 381
1848900 381
1848910 382
1848920 383
1848930 383
1848940 384
1848950 386
1848960 386
1848970 387
1848980 388
1848990 388
1849000 388
1849010 388
1849020 388
1849030 389
1849040 389
1849050 389
1849060 389
1849070 389
1849080 389
1849090 389
1849100 389
1849110 389
1849120 388
1849130 387
1849140 387
1849150 385
1849160 384
1849170 384
1849180 382
1849190 381
1849200 381
1849210 380
1849220 379
1849230 379
1849240 378
1849250 377
1849260 377
1849270 376
1849280 375
1849290 375
1849300 374
1849310 374
1849320 372
1849330 372
1849340 372
1849350 372
1849360 372
1849370 374
1849380 374
1849390 375
1849400 376
1849410 377
1849420 377
1849430 378
1849440 378
1849450 378
1849460 379
1849470 379
1849480 379
1849490 379
1849500 378
1849510 378
1849520 376
1849530 375
1849540 375
1849550 374
1849560 372
1849570 372
1849580 371
1849590 369
1849600 369
1849610 368
1849620 367
1849630 367
1849640 365
1849650 364
1849660 364
1849670 363
1849680 359
1849690 359
1849700 358
1849710 356
1849720 356
1849730 354
1849740 353
1849750 353
1849760 353
1849770 353
1849780 353
1849790 354
1849800 354
1849810 354
1849820 353
1849830 353
1849840 353
1849850 353
1849860 354
1849870 354
1849880 354
1849890 354
1849900 354
1849910 356
1849920 357
1849930 357
1849940 359
1849950 361
1849960 361
1849970 362
1849980 364
1849990 364
1850000 364
1850010 365
1850020 365
1850030 367
1850040 369
1850050 369
1850060 371
1850070 373
1850080 373
1850090 375
1850100 376
1850110 376
1850120 377
1850130 378
1850140 378
1850150 379
1850160 379
1850170 379
1850180 379
1850190 380
1850200 380
1850210 380
1850220 381
1850230 381
1850240 381
1850250 381
1850260 381
1850270 381
1850280 382
1850290 382
1850300 382
1850310 382
1850320 382
1850330 382
1850340 382
1850350 383
1850360 383
1850370 383
1850380 384
1850390 384
1850400 385
1850410 385
1850420 385
1850430 386
1850440 385
1850450 385
1850460 385
1850470 386
1850480 386
1850490 387
1850500 388
1850510 388
1850520 389
1850530 389
1850540 389
1850550 389
1850560 390
1850570 390
1850580 390
1850590 390
1850600 390
1850610 390
1850620 390
1850630 390
1850640 390
1850650 389
1850660 389
1850670 389
1850680 389
1850690 389
1850700 389
1850710 389
1850720 389
1850730 390
1850740 391
1850750 391
1850760 391
1850770 391
1850780 391
1850790 390
1850800 390
1850810 390
1850820 391
1850830 391
1850840 391
1850850 391
1850860 391
1850870 391
1850880 391
1850890 391
1850900 391
1850910 391
1850920 391
1850930 391
1850940 392
1850950 392
1850960 392
1850970 391
1850980 392
1850990 392
1851000 392
1851010 391
1851020 391
1851030 391
1851040 389
1851050 389
1851060 388
1851070 390
1851080 390
1851090 389
1851100 390
1851110 390
1851120 393
1851130 394
1851140 394
1851150 395
1851160 395
1851170 395
1851180 396
1851190 396
1851200 397
1851210 397
1851220 397
1851230 398
1851240 398
1851250 398
1851260 399
1851270 399
1851280 399
1851290 399
1851300 399
1851310 400
1851320 400
1851330 400
1851340 400
1851350 400
1851360 400
1851370 400
1851380 400
1851390 400
1851400 399
1851410 399
1851420 399
1851430 398
1851440 397
1851450 397
1851460 396
1851470 396
1851480 396
1851490 395
1851500 394
1851510 394
1851520 393
1851530 391
1851540 391
1851550 390
1851560 389
1851570 389
1851580 388
1851590 387
1851600 387
1851610 385
1851620 382
1851630 382
1851640 380
1851650 379
1851660 379
1851670 380
1851680 381
1851690 381
1851700 382
1851710 382
1851720 382
1851730 382
1851740 382
1851750 382
1851760 382
1851770 382
1851780 382
1851790 383
1851800 383
1851810 383
1851820 383
1851830 383
1851840 383
1851850 384
1851860 383
1851870 383
1851880 383
1851890 384
1851900 384
1851910 384
1851920 384
1851930 384
1851940 384
1851950 384
1851960 384
1851970 385
1851980 385
1851990 385
1852000 385
1852010 385
1852020 385
1852030 385
1852040 386
1852050 386
1852060 386
1852070 385
1852080 385
1852090 384
1852100 382
1852110 377
1852120 377
1852130 374
1852140 380
1852150 380
1852160 382
1852170 384
1852180 384
1852190 386
1852200 388
1852210 388
1852220 389
1852230 390
1852240 390
1852250 391
1852260 392
1852270 392
1852280 393
1852290 393
1852300 393
1852310 394
1852320 395
1852330 395
1852340 395
1852350 394
1852360 394
1852370 393
1852380 391
1852390 391
1852400 390
1852410 389
1852420 389
1852430 389
1852440 389
1852450 389
1852460 389
1852470 389
1852480 389
1852490 391
1852500 392
1852510 392
1852520 393
1852530 394
1852540 394
1852550 395
1852560 396
1852570 396
1852580 397
1852590 397
1852600 397
1852610 398
1852620 398
1852630 398
1852640 397
1852650 397
1852660 397
1852670 396
1852680 394
1852690 394
1852700 393
1852710 392
1852720 392
1852730 391
1852740 389
1852750 389
1852760 388
1852770 387
1852780 387
1852790 385
1852800 384
1852810 384
1852820 383
1852830 382
1852840 381
1852850 380
1852860 378
1852870 378
1852880 377
1852890 376
1852900 376
1852910 376
1852920 375
1852930 375
1852940 374
1852950 373
1852960 373
1852970 372
1852980 371
1852990 371
1853000 370
1853010 369
1853020 368
1853030 368
1853040 367
1853050 366
1853060 366
1853070 365
1853080 364
1853090 364
1853100 362
1853110 361
1853120 361
1853130 360
1853140 358
1853150 358
1853160 357
1853170 356
1853180 356
1853190 352
1853200 350
1853210 350
1853220 349
1853230 347
1853240 347
1853250 344
1853260 342
1853270 342
1853280 340
1853290 335
1853300 335
1853310 331
1853320 329
1853330 329
1853340 329
1853350 327
1853360 327
1853370 328
1853380 329
1853390 329
1853400 329
1853410 326
1853420 326
1853430 327
1853440 329
1853450 329
1853460 330
1853470 331
1853480 331
1853490 332
1853500 333
1853510 333
1853520 332
1853530 333
1853540 336
1853550 338
1853560 339
1853570 339
1853580 340
1853590 342
1853600 342
1853610 343
1853620 344
1853630 344
1853640 344
1853650 345
1853660 345
1853670 346
1853680 347
1853690 347
1853700 347
1853710 348
1853720 348
1853730 348
1853740 349
1853750 349
1853760 349
1853770 350
1853780 350
1853790 351
1853800 352
1853810 352
1853820 352
1853830 353
1853840 353
1853850 353
1853860 353
1853870 353
1853880 352
1853890 351
1853900 351
1853910 350
1853920 349
1853930 348
1853940 348
1853950 347
1853960 346
1853970 346
1853980 344
1853990 343
1854000 343
1854010 342
1854020 340
1854030 340
1854040 338
1854050 337
1854060 337
1854070 335
1854080 333
1854090 333
1854100 332
1854110 330
1854120 330
1854130 329
1854140 328
1854150 328
1854160 327
1854170 326
1854180 326
1854190 325
1854200 323
1854210 323
1854220 321
1854230 320
1854240 316
1854250 315
1854260 316
1854270 316
1854280 315
1854290 316
1854300 316
1854310 315
1854320 315
1854330 315
1854340 314
1854350 310
1854360 310
1854370 311
1854380 313
1854390 313
1854400 315
1854410 317
1854420 317
1854430 319
1854440 322
1854450 322
1854460 326
1854470 328
1854480 328
1854490 330
1854500 332
1854510 332
1854520 333
1854530 334
1854540 334
1854550 335
1854560 336
1854570 336
1854580 336
1854590 338
1854600 338
1854610 338
1854620 338
1854630 338
1854640 338
1854650 338
1854660 338
1854670 338
1854680 338
1854690 338
1854700 338
1854710 337
1854720 337
1854730 337
1854740 336
1854750 336
1854760 336
1854770 335
1854780 335
1854790 334
1854800 333
1854810 333
1854820 332
1854830 331
1854840 330
1854850 330
1854860 329
1854870 328
1854880 328
1854890 326
1854900 325
1854910 325
1854920 323
1854930 321
1854940 320
1854950 318
1854960 316
1854970 316
1854980 314
1854990 312
1855000 312
1855010 309
1855020 306
1855030 306
1855040 301
1855050 296
1855060 296
1855070 292
1855080 290
1855090 290
1855100 293
1855110 297
1855120 297
1855130 300
1855140 303
1855150 303
1855160 305
1855170 308
1855180 308
1855190 310
1855200 312
1855210 312
1855220 313
1855230 315
1855240 315
1855250 318
1855260 319
1855270 319
1855280 323
1855290 323
1855300 323
1855310 323
1855320 323
1855330 323
1855340 321
1855350 317
1855360 317
1855370 313
1855380 307
1855390 307
1855400 304
1855410 301
1855420 301
1855430 297
1855440 292
1855450 292
1855460 287
1855470 282
1855480 282
1855490 279
1855500 273
1855510 273
1855520 266
1855530 265
1855540 265
1855550 266
1855560 266
1855570 266
1855580 270
1855590 275
1855600 275
1855610 278
1855620 282
1855630 285
1855640 289
1855650 294
1855660 294
1855670 298
1855680 302
1855690 302
1855700 305
1855710 308
1855720 308
1855730 312
1855740 315
1855750 320
1855760 320
1855770 323
1855780 326
1855790 326
1855800 329
1855810 330
1855820 330
1855830 333
1855840 335
1855850 335
1855860 336
1855870 338
1855880 338
1855890 339
1855900 339
1855910 339
1855920 340
1855930 340
1855940 340
1855950 340
1855960 340
1855970 340
1855980 339
1855990 339
1856000 339
1856010 338
1856020 338
1856030 338
1856040 337
1856050 336
1856060 336
1856070 336
1856080 335
1856090 335
1856100 334
1856110 333
1856120 333
1856130 333
1856140 332
1856150 332
1856160 331
1856170 330
1856180 330
1856190 330
1856200 329
1856210 329
1856220 328
1856230 327
1856240 327
1856250 327
1856260 327
1856270 327
1856280 327
1856290 327
1856300 327
1856310 327
1856320 326
1856330 326
1856340 325
1856350 325
1856360 325
1856370 324
1856380 324
1856390 324
1856400 323
1856410 323
1856420 323
1856430 324
1856440 324
1856450 324
1856460 325
1856470 325
1856480 325
1856490 325
1856500 325
1856510 325
1856520 324
1856530 324
1856540 324
1856550 324
1856560 324
1856570 324
1856580 325
1856590 325
1856600 325
1856610 325
1856620 325
1856630 325
1856640 325
1856650 325
1856660 325
1856670 325
1856680 325
1856690 325
1856700 325
1856710 325
1856720 325
1856730 325
1856740 325
1856750 325
1856760 325
1856770 326
1856780 326
1856790 326
1856800 326
1856810 327
1856820 327
1856830 327
1856840 328
1856850 328
1856860 328
1856870 327
1856880 327
1856890 326
1856900 325
1856910 325
1856920 324
1856930 324
1856940 324
1856950 323
1856960 323
1856970 323
1856980 322
1856990 322
1857000 322
1857010 322
1857020 323
1857030 323
1857040 324
1857050 325
1857060 325
1857070 325
1857080 326
1857090 326
1857100 327
1857110 328
1857120 328
1857130 329
1857140 330
1857150 330
1857160 331
1857170 332
1857180 332
1857190 332
1857200 333
1857210 333
1857220 333
1857230 333
1857240 333
1857250 333
1857260 333
1857270 333
1857280 332
1857290 332
1857300 332
1857310 331
1857320 330
1857330 330
1857340 329
1857350 329
1857360 329
1857370 329
1857380 329
1857390 329
1857400 328
1857410 327
1857420 327
1857430 326
1857440 325
1857450 325
1857460 323
1857470 322
1857480 322
1857490 322
1857500 321
1857510 321
1857520 318
1857530 315
1857540 315
1857550 311
1857560 307
1857570 302
1857580 302
1857590 297
1857600 292
1857610 292
1857620 288
1857630 285
1857640 285
1857650 281
1857660 279
1857670 279
1857680 276
1857690 273
1857700 273
1857710 266
1857720 262
1857730 262
1857740 259
1857750 257
1857760 257
1857770 256
1857780 254
1857790 254
1857800 253
1857810 249
1857820 249
1857830 251
1857840 253
1857850 253
1857860 255
1857870 259
1857880 259
1857890 261
1857900 267
1857910 267
1857920 272
1857930 277
1857940 277
1857950 281
1857960 286
1857970 286
1857980 290
1857990 295
1858000 295
1858010 300
1858020 304
1858030 304
1858040 307
1858050 309
1858060 313
1858070 314
1858080 314
1858090 314
1858100 313
1858110 311
1858120 311
1858130 309
1858140 308
1858150 308
1858160 308
1858170 308
1858180 308
1858190 307
1858200 308
1858210 308
1858220 308
1858230 309
1858240 309
1858250 310
1858260 310
1858270 310
1858280 310
1858290 309
1858300 309
1858310 308
1858320 306
1858330 306
1858340 305
1858350 303
1858360 303
1858370 301
1858380 300
1858390 300
1858400 298
1858410 296
1858420 296
1858430 295
1858440 293
1858450 293
1858460 292
1858470 290
1858480 289
1858490 289
1858500 288
1858510 286
1858520 286
1858530 285
1858540 284
1858550 284
1858560 283
1858570 282
1858580 282
1858590 281
1858600 281
1858610 281
1858620 281
1858630 281
1858640 281
1858650 280
1858660 281
1858670 281
1858680 281
1858690 282
1858700 282
1858710 283
1858720 283
1858730 283
1858740 284
1858750 285
1858760 285
1858770 286
1858780 288
1858790 288
1858800 289
1858810 290
1858820 290
1858830 291
1858840 290
1858850 290
1858860 288
1858870 286
1858880 286
1858890 284
1858900 282
1858910 282
1858920 280
1858930 278
1858940 278
1858950 276
1858960 273
1858970 273
1858980 271
1858990 269
1859000 269
1859010 267
1859020 265
1859030 265
1859040 263
1859050 260
1859060 260
1859070 257
1859080 254
1859090 250
1859100 245
1859110 242
1859120 242
1859130 239
1859140 235
1859150 235
1859160 231
1859170 228
1859180 228
1859190 224
1859200 221
1859210 221
1859220 218
1859230 216
1859240 216
1859250 213
1859260 211
1859270 211
1859280 210
1859290 209
1859300 209
1859310 207
1859320 205
1859330 205
1859340 205
1859350 206
1859360 206
1859370 207
1859380 208
1859390 208
1859400 209
1859410 210
1859420 211
1859430 211
1859440 213
1859450 214
1859460 214
1859470 214
1859480 214
1859490 214
1859500 213
1859510 213
1859520 213
1859530 213
1859540 212
1859550 212
1859560 212
1859570 211
1859580 211
1859590 210
1859600 210
1859610 210
1859620 209
1859630 209
1859640 209
1859650 208
1859660 208
1859670 208
1859680 208
1859690 207
1859700 207
1859710 207
1859720 205
1859730 205
1859740 204
1859750 203
1859760 203
1859770 203
1859780 203
1859790 203
1859800 202
1859810 201
1859820 201
1859830 201
1859840 201
1859850 201
1859860 202
1859870 204
1859880 204
1859890 207
1859900 209
1859910 209
1859920 209
1859930 208
1859940 208
1859950 208
1859960 208
1859970 208
1859980 207
1859990 207
