1840000 186
1840010 186
1840020 186
1840030 186
1840040 186
1840050 186
1840060 186
1840070 186
1840080 186
1840090 186
1840100 186
1840110 187
1840120 187
1840130 186
1840140 186
1840150 186
1840160 186
1840170 186
1840180 186
1840190 186
1840200 186
1840210 186
1840220 186
1840230 186
1840240 186
1840250 186
1840260 186
1840270 186
1840280 186
1840290 186
1840300 186
1840310 186
1840320 186
1840330 186
1840340 186
1840350 186
1840360 186
1840370 186
1840380 186
1840390 186
1840400 186
1840410 186
1840420 186
1840430 186
1840440 186
1840450 186
1840460 186
1840470 186
1840480 186
1840490 186
1840500 186
1840510 186
1840520 186
1840530 186
1840540 186
1840550 186
1840560 186
1840570 186
1840580 186
1840590 186
1840600 186
1840610 186
1840620 186
1840630 186
1840640 186
1840650 186
1840660 186
1840670 186
1840680 186
1840690 186
1840700 186
1840710 186
1840720 186
1840730 186
1840740 186
1840750 186
1840760 186
1840770 187
1840780 187
1840790 187
1840800 187
1840810 187
1840820 187
1840830 187
1840840 187
1840850 187
1840860 187
1840870 187
1840880 187
1840890 187
1840900 187
1840910 187
1840920 188
1840930 188
1840940 188
1840950 188
1840960 188
1840970 188
1840980 187
1840990 188
1841000 188
1841010 188
1841020 188
1841030 188
1841040 188
1841050 188
1841060 188
1841070 188
1841080 188
1841090 188
1841100 188
1841110 188
1841120 188
1841130 188
1841140 188
1841150 188
1841160 188
1841170 188
1841180 188
1841190 188
1841200 188
1841210 188
1841220 188
1841230 188
1841240 188
1841250 188
1841260 188
1841270 188
1841280 188
1841290 188
1841300 188
1841310 188
1841320 188
1841330 187
1841340 187
1841350 187
1841360 188
1841370 188
1841380 188
1841390 188
1841400 188
1841410 188
1841420 188
1841430 188
1841440 188
1841450 188
1841460 188
1841470 188
1841480 189
1841490 189
1841500 189
1841510 189
1841520 189
1841530 189
1841540 189
1841550 189
1841560 189
1841570 189
1841580 189
1841590 189
1841600 189
1841610 189
1841620 189
1841630 189
1841640 189
1841650 189
1841660 189
1841670 189
1841680 189
1841690 189
1841700 189
1841710 189
1841720 189
1841730 189
1841740 189
1841750 189
1841760 189
1841770 189
1841780 189
1841790 189
1841800 189
1841810 189
1841820 189
1841830 189
1841840 189
1841850 189
1841860 189
1841870 189
1841880 189
1841890 189
1841900 189
1841910 189
1841920 190
1841930 189
1841940 189
1841950 189
1841960 189
1841970 189
1841980 190
1841990 190
1842000 190
1842010 190
1842020 190
1842030 190
1842040 190
1842050 190
1842060 190
1842070 190
1842080 191
1842090 191
1842100 191
1842110 191
1842120 191
1842130 191
1842140 192
1842150 192
1842160 192
1842170 192
1842180 192
1842190 192
1842200 192
1842210 192
1842220 192
1842230 192
1842240 192
1842250 192
1842260 192
1842270 191
1842280 191
1842290 191
1842300 191
1842310 191
1842320 191
1842330 191
1842340 191
1842350 191
1842360 191
1842370 191
1842380 191
1842390 191
1842400 191
1842410 191
1842420 191
1842430 191
1842440 191
1842450 191
1842460 191
1842470 191
1842480 191
1842490 191
1842500 191
1842510 191
1842520 191
1842530 191
1842540 191
1842550 191
1842560 190
1842570 190
1842580 190
1842590 190
1842600 190
1842610 190
1842620 189
1842630 189
1842640 189
1842650 189
1842660 189
1842670 189
1842680 189
1842690 189
1842700 189
1842710 189
1842720 189
1842730 189
1842740 189
1842750 189
1842760 189
1842770 189
1842780 189
1842790 189
1842800 189
1842810 189
1842820 189
1842830 190
1842840 190
1842850 190
1842860 190
1842870 190
1842880 190
1842890 190
1842900 190
1842910 190
1842920 190
1842930 190
1842940 190
1842950 189
1842960 189
1842970 189
1842980 189
1842990 189
1843000 189
1843010 189
1843020 189
1843030 189
1843040 189
1843050 189
1843060 189
1843070 189
1843080 189
1843090 189
1843100 189
1843110 189
1843120 189
1843130 189
1843140 189
1843150 190
1843160 190
1843170 190
1843180 190
1843190 190
1843200 190
1843210 190
1843220 190
1843230 190
1843240 190
1843250 190
1843260 191
1843270 191
1843280 191
1843290 191
1843300 191
1843310 191
1843320 191
1843330 191
1843340 191
1843350 191
1843360 191
1843370 191
1843380 191
1843390 191
1843400 191
1843410 191
1843420 191
1843430 191
1843440 191
1843450 191
1843460 191
1843470 191
1843480 191
1843490 191
1843500 191
1843510 191
1843520 191
1843530 191
1843540 191
1843550 191
1843560 191
1843570 191
1843580 191
1843590 191
1843600 191
1843610 191
1843620 191
1843630 191
1843640 191
1843650 192
1843660 192
1843670 192
1843680 192
1843690 192
1843700 192
1843710 192
1843720 192
1843730 192
1843740 192
1843750 192
1843760 192
1843770 193
1843780 193
1843790 193
1843800 193
1843810 193
1843820 193
1843830 194
1843840 194
1843850 194
1843860 194
1843870 194
1843880 194
1843890 194
1843900 194
1843910 194
1843920 194
1843930 193
1843940 194
1843950 194
1843960 194
1843970 194
1843980 194
1843990 194
1844000 194
1844010 194
1844020 194
1844030 194
1844040 194
1844050 195
1844060 195
1844070 195
1844080 195
1844090 195
1844100 195
1844110 195
1844120 195
1844130 195
1844140 195
1844150 195
1844160 195
1844170 195
1844180 195
1844190 195
1844200 196
1844210 196
1844220 196
1844230 196
1844240 196
1844250 196
1844260 196
1844270 197
1844280 197
1844290 197
1844300 197
1844310 197
1844320 197
1844330 197
1844340 197
1844350 197
1844360 197
1844370 197
1844380 198
1844390 198
1844400 198
1844410 198
1844420 198
1844430 198
1844440 198
1844450 198
1844460 198
1844470 199
1844480 199
1844490 199
1844500 199
1844510 200
1844520 200
1844530 200
1844540 200
1844550 200
1844560 200
1844570 200
1844580 200
1844590 201
1844600 201
1844610 201
1844620 201
1844630 201
1844640 201
1844650 201
1844660 201
1844670 201
1844680 202
1844690 202
1844700 202
1844710 203
1844720 203
1844730 203
1844740 203
1844750 203
1844760 203
1844770 203
1844780 203
1844790 203
1844800 203
1844810 204
1844820 204
1844830 204
1844840 204
1844850 204
1844860 204
1844870 205
1844880 205
1844890 205
1844900 205
1844910 205
1844920 205
1844930 205
1844940 205
1844950 205
1844960 206
1844970 206
1844980 206
1844990 206
1845000 207
1845010 207
1845020 207
1845030 207
1845040 207
1845050 208
1845060 208
1845070 208
1845080 209
1845090 209
1845100 209
1845110 209
1845120 209
1845130 209
1845140 210
1845150 210
1845160 210
1845170 210
1845180 211
1845190 211
1845200 211
1845210 212
1845220 212
1845230 212
1845240 212
1845250 212
1845260 212
1845270 213
1845280 213
1845290 213
1845300 213
1845310 213
1845320 213
1845330 214
1845340 214
1845350 214
1845360 214
1845370 214
1845380 215
1845390 215
1845400 215
1845410 216
1845420 216
1845430 216
1845440 216
1845450 216
1845460 216
1845470 217
1845480 217
1845490 217
1845500 217
1845510 217
1845520 217
1845530 218
1845540 218
1845550 218
1845560 218
1845570 219
1845580 219
1845590 219
1845600 219
1845610 219
1845620 220
1845630 220
1845640 220
1845650 221
1845660 222
1845670 222
1845680 222
1845690 223
1845700 223
1845710 223
1845720 223
1845730 224
1845740 224
1845750 224
1845760 225
1845770 225
1845780 225
1845790 226
1845800 226
1845810 226
1845820 227
1845830 227
1845840 227
1845850 227
1845860 227
1845870 228
1845880 228
1845890 228
1845900 229
1845910 229
1845920 229
1845930 230
1845940 230
1845950 230
1845960 230
1845970 231
1845980 231
1845990 231
1846000 232
1846010 232
1846020 232
1846030 233
1846040 233
1846050 233
1846060 233
1846070 233
1846080 234
1846090 234
1846100 234
1846110 234
1846120 235
1846130 235
1846140 235
1846150 236
1846160 236
1846170 236
1846180 236
1846190 236
1846200 237
1846210 237
1846220 237
1846230 238
1846240 239
1846250 239
1846260 240
1846270 241
1846280 241
1846290 241
1846300 242
1846310 242
1846320 243
1846330 244
1846340 244
1846350 245
1846360 246
1846370 246
1846380 247
1846390 247
1846400 247
1846410 248
1846420 249
1846430 249
1846440 250
1846450 251
1846460 251
1846470 251
1846480 252
1846490 252
1846500 252
1846510 253
1846520 253
1846530 253
1846540 254
1846550 254
1846560 255
1846570 255
1846580 255
1846590 256
1846600 256
1846610 257
1846620 257
1846630 257
1846640 258
1846650 258
1846660 258
1846670 258
1846680 258
1846690 258
1846700 259
1846710 259
1846720 260
1846730 261
1846740 261
1846750 262
1846760 262
1846770 262
1846780 262
1846790 262
1846800 262
1846810 262
1846820 263
1846830 263
1846840 264
1846850 264
1846860 264
1846870 265
1846880 266
1846890 266
1846900 267
1846910 267
1846920 267
1846930 268
1846940 269
1846950 269
1846960 271
1846970 274
1846980 274
1846990 277
1847000 278
1847010 278
1847020 280
1847030 282
1847040 282
1847050 284
1847060 285
1847070 285
1847080 286
1847090 287
1847100 287
1847110 289
1847120 291
1847130 291
1847140 293
1847150 295
1847160 295
1847170 295
1847180 296
1847190 296
1847200 297
1847210 298
1847220 298
1847230 299
1847240 297
1847250 297
1847260 296
1847270 295
1847280 295
1847290 294
1847300 294
1847310 294
1847320 294
1847330 294
1847340 294
1847350 294
1847360 294
1847370 294
1847380 294
1847390 295
1847400 295
1847410 296
1847420 297
1847430 297
1847440 298
1847450 298
1847460 298
1847470 298
1847480 298
1847490 298
1847500 297
1847510 296
1847520 295
1847530 295
1847540 294
1847550 292
1847560 292
1847570 291
1847580 290
1847590 290
1847600 284
1847610 281
1847620 281
1847630 282
1847640 285
1847650 285
1847660 288
1847670 292
1847680 292
1847690 296
1847700 299
1847710 299
1847720 302
1847730 305
1847740 305
1847750 308
1847760 309
1847770 309
1847780 311
1847790 313
1847800 313
1847810 317
1847820 320
1847830 320
1847840 323
1847850 327
1847860 327
1847870 329
1847880 331
1847890 331
1847900 333
1847910 334
1847920 334
1847930 334
1847940 334
1847950 334
1847960 334
1847970 333
1847980 333
1847990 332
1848000 331
1848010 331
1848020 329
1848030 328
1848040 328
1848050 326
1848060 324
1848070 324
1848080 323
1848090 322
1848100 322
1848110 321
1848120 321
1848130 321
1848140 320
1848150 320
1848160 320
1848170 320
1848180 321
1848190 321
1848200 321
1848210 321
1848220 321
1848230 321
1848240 322
1848250 322
1848260 321
1848270 322
1848280 322
1848290 322
1848300 323
1848310 323
1848320 323
1848330 324
1848340 324
1848350 324
1848360 324
1848370 324
1848380 324
1848390 324
1848400 324
1848410 325
1848420 325
1848430 325
1848440 325
1848450 325
1848460 325
1848470 325
1848480 325
1848490 325
1848500 325
1848510 324
1848520 323
1848530 323
1848540 322
1848550 321
1848560 321
1848570 320
1848580 319
1848590 319
1848600 318
1848610 317
1848620 317
1848630 316
1848640 316
1848650 316
1848660 313
1848670 312
1848680 312
1848690 309
1848700 306
1848710 306
1848720 302
1848730 296
1848740 296
1848750 293
1848760 292
1848770 292
1848780 291
1848790 291
1848800 291
1848810 293
1848820 299
1848830 299
1848840 307
1848850 312
1848860 312
1848870 316
1848880 319
1848890 319
1848900 321
1848910 322
1848920 322
1848930 322
1848940 325
1848950 325
1848960 329
1848970 333
1848980 333
1848990 336
1849000 339
1849010 339
1849020 343
1849030 347
1849040 347
1849050 350
1849060 353
1849070 353
1849080 355
1849090 357
1849100 357
1849110 359
1849120 361
1849130 361
1849140 363
1849150 364
1849160 364
1849170 365
1849180 365
1849190 365
1849200 364
1849210 363
1849220 363
1849230 361
1849240 360
1849250 360
1849260 358
1849270 356
1849280 356
1849290 354
1849300 352
1849310 352
1849320 350
1849330 348
1849340 348
1849350 346
1849360 343
1849370 341
1849380 339
1849390 337
1849400 335
1849410 335
1849420 332
1849430 331
1849440 331
1849450 331
1849460 329
1849470 329
1849480 328
1849490 326
1849500 326
1849510 323
1849520 321
1849530 321
1849540 326
1849550 331
1849560 331
1849570 335
1849580 339
1849590 339
1849600 343
1849610 347
1849620 347
1849630 351
1849640 354
1849650 354
1849660 357
1849670 360
1849680 360
1849690 362
1849700 364
1849710 364
1849720 366
1849730 368
1849740 368
1849750 370
1849760 372
1849770 372
1849780 374
1849790 375
1849800 375
1849810 377
1849820 379
1849830 379
1849840 381
1849850 382
1849860 382
1849870 384
1849880 386
1849890 386
1849900 387
1849910 389
1849920 389
1849930 390
1849940 392
1849950 392
1849960 393
1849970 394
1849980 394
1849990 395
1850000 396
1850010 396
1850020 397
1850030 398
1850040 398
1850050 399
1850060 400
1850070 400
1850080 402
1850090 403
1850100 403
1850110 403
1850120 404
1850130 404
1850140 404
1850150 405
1850160 405
1850170 405
1850180 405
1850190 405
1850200 405
1850210 406
1850220 406
1850230 406
1850240 406
1850250 406
1850260 406
1850270 406
1850280 406
1850290 406
1850300 406
1850310 406
1850320 406
1850330 405
1850340 405
1850350 405
1850360 405
1850370 405
1850380 405
1850390 405
1850400 405
1850410 405
1850420 405
1850430 405
1850440 405
1850450 406
1850460 406
1850470 406
1850480 407
1850490 408
1850500 408
1850510 409
1850520 410
1850530 410
1850540 411
1850550 412
1850560 412
1850570 413
1850580 414
1850590 414
1850600 414
1850610 415
1850620 415
1850630 415
1850640 416
1850650 416
1850660 416
1850670 415
1850680 415
1850690 414
1850700 414
1850710 414
1850720 413
1850730 412
1850740 412
1850750 411
1850760 410
1850770 410
1850780 407
1850790 406
1850800 406
1850810 405
1850820 404
1850830 404
1850840 403
1850850 403
1850860 403
1850870 402
1850880 402
1850890 402
1850900 402
1850910 404
1850920 404
1850930 406
1850940 407
1850950 407
1850960 410
1850970 413
1850980 413
1850990 415
1851000 417
1851010 417
1851020 419
1851030 420
1851040 420
1851050 422
1851060 423
1851070 423
1851080 425
1851090 426
1851100 426
1851110 427
1851120 428
1851130 428
1851140 426
1851150 425
1851160 425
1851170 424
1851180 423
1851190 423
1851200 422
1851210 421
1851220 421
1851230 420
1851240 419
1851250 419
1851260 419
1851270 418
1851280 417
1851290 417
1851300 416
1851310 416
1851320 416
1851330 415
1851340 414
1851350 414
1851360 413
1851370 413
1851380 413
1851390 412
1851400 412
1851410 412
1851420 412
1851430 411
1851440 411
1851450 411
1851460 412
1851470 412
1851480 412
1851490 410
1851500 410
1851510 410
1851520 410
1851530 410
1851540 410
1851550 410
1851560 410
1851570 409
1851580 409
1851590 409
1851600 409
1851610 409
1851620 409
1851630 408
1851640 408
1851650 408
1851660 408
1851670 408
1851680 408
1851690 408
1851700 408
1851710 408
1851720 408
1851730 408
1851740 408
1851750 408
1851760 408
1851770 408
1851780 408
1851790 408
1851800 408
1851810 408
1851820 408
1851830 408
1851840 409
1851850 409
1851860 409
1851870 409
1851880 409
1851890 409
1851900 409
1851910 409
1851920 409
1851930 408
1851940 408
1851950 408
1851960 408
1851970 407
1851980 407
1851990 407
1852000 407
1852010 407
1852020 406
1852030 406
1852040 406
1852050 405
1852060 405
1852070 405
1852080 404
1852090 404
1852100 404
1852110 403
1852120 403
1852130 403
1852140 402
1852150 402
1852160 402
1852170 401
1852180 401
1852190 400
1852200 400
1852210 400
1852220 399
1852230 399
1852240 398
1852250 398
1852260 398
1852270 397
1852280 396
1852290 396
1852300 395
1852310 395
1852320 395
1852330 394
1852340 393
1852350 393
1852360 393
1852370 392
1852380 392
1852390 391
1852400 392
1852410 392
1852420 393
1852430 394
1852440 394
1852450 395
1852460 396
1852470 396
1852480 397
1852490 398
1852500 398
1852510 398
1852520 398
1852530 398
1852540 399
1852550 400
1852560 400
1852570 401
1852580 401
1852590 401
1852600 400
1852610 399
1852620 399
1852630 398
1852640 397
1852650 397
1852660 397
1852670 397
1852680 397
1852690 396
1852700 396
1852710 396
1852720 396
1852730 395
1852740 395
1852750 394
1852760 394
1852770 394
1852780 393
1852790 392
1852800 392
1852810 392
1852820 391
1852830 391
1852840 391
1852850 390
1852860 390
1852870 390
1852880 389
1852890 389
1852900 389
1852910 389
1852920 389
1852930 388
1852940 388
1852950 388
1852960 388
1852970 388
1852980 388
1852990 388
1853000 388
1853010 388
1853020 388
1853030 388
1853040 388
1853050 388
1853060 389
1853070 389
1853080 389
1853090 389
1853100 389
1853110 389
1853120 389
1853130 389
1853140 389
1853150 389
1853160 389
1853170 389
1853180 389
1853190 389
1853200 389
1853210 390
1853220 390
1853230 390
1853240 390
1853250 391
1853260 391
1853270 391
1853280 392
1853290 392
1853300 393
1853310 393
1853320 393
1853330 392
1853340 392
1853350 392
1853360 392
1853370 393
1853380 393
1853390 393
1853400 394
1853410 394
1853420 394
1853430 394
1853440 394
1853450 394
1853460 393
1853470 393
1853480 393
1853490 393
1853500 393
1853510 393
1853520 392
1853530 392
1853540 392
1853550 392
1853560 392
1853570 391
1853580 391
1853590 391
1853600 391
1853610 391
1853620 391
1853630 390
1853640 389
1853650 389
1853660 389
1853670 388
1853680 388
1853690 388
1853700 387
1853710 387
1853720 387
1853730 386
1853740 386
1853750 386
1853760 385
1853770 385
1853780 385
1853790 384
1853800 384
1853810 384
1853820 383
1853830 383
1853840 383
1853850 383
1853860 383
1853870 382
1853880 381
1853890 381
1853900 380
1853910 380
1853920 380
1853930 380
1853940 381
1853950 381
1853960 381
1853970 380
1853980 380
1853990 380
1854000 379
1854010 379
1854020 379
1854030 378
1854040 378
1854050 378
1854060 377
1854070 377
1854080 377
1854090 376
1854100 375
1854110 375
1854120 375
1854130 374
1854140 374
1854150 373
1854160 372
1854170 372
1854180 371
1854190 370
1854200 370
1854210 369
1854220 368
1854230 368
1854240 367
1854250 365
1854260 365
1854270 364
1854280 363
1854290 363
1854300 362
1854310 361
1854320 361
1854330 359
1854340 358
1854350 358
1854360 356
1854370 355
1854380 355
1854390 353
1854400 350
1854410 350
1854420 351
1854430 352
1854440 352
1854450 352
1854460 352
1854470 352
1854480 353
1854490 353
1854500 353
1854510 354
1854520 355
1854530 355
1854540 356
1854550 357
1854560 357
1854570 358
1854580 359
1854590 359
1854600 360
1854610 360
1854620 360
1854630 360
1854640 361
1854650 361
1854660 361
1854670 361
1854680 361
1854690 361
1854700 361
1854710 361
1854720 362
1854730 362
1854740 362
1854750 362
1854760 362
1854770 362
1854780 362
1854790 362
1854800 362
1854810 361
1854820 360
1854830 360
1854840 359
1854850 358
1854860 358
1854870 357
1854880 356
1854890 356
1854900 355
1854910 354
1854920 354
1854930 353
1854940 352
1854950 352
1854960 351
1854970 350
1854980 348
1854990 348
1855000 346
1855010 345
1855020 345
1855030 343
1855040 342
1855050 342
1855060 341
1855070 339
1855080 339
1855090 337
1855100 334
1855110 334
1855120 332
1855130 329
1855140 329
1855150 326
1855160 321
1855170 321
1855180 321
1855190 325
1855200 325
1855210 331
1855220 334
1855230 334
1855240 337
1855250 339
1855260 339
1855270 342
1855280 344
1855290 344
1855300 346
1855310 346
1855320 346
1855330 346
1855340 346
1855350 346
1855360 345
1855370 344
1855380 344
1855390 343
1855400 343
1855410 343
1855420 342
1855430 341
1855440 341
1855450 338
1855460 337
1855470 337
1855480 335
1855490 332
1855500 332
1855510 329
1855520 328
1855530 328
1855540 331
1855550 332
1855560 332
1855570 333
1855580 334
1855590 334
1855600 337
1855610 340
1855620 340
1855630 343
1855640 347
1855650 347
1855660 350
1855670 354
1855680 352
1855690 355
1855700 356
1855710 356
1855720 357
1855730 357
1855740 357
1855750 358
1855760 359
1855770 359
1855780 359
1855790 359
1855800 359
1855810 359
1855820 359
1855830 359
1855840 359
1855850 360
1855860 360
1855870 360
1855880 360
1855890 360
1855900 360
1855910 359
1855920 359
1855930 359
1855940 358
1855950 358
1855960 358
1855970 357
1855980 356
1855990 356
1856000 355
1856010 355
1856020 355
1856030 353
1856040 353
1856050 353
1856060 352
1856070 351
1856080 351
1856090 351
1856100 350
1856110 350
1856120 350
1856130 349
1856140 349
1856150 349
1856160 349
1856170 349
1856180 349
1856190 348
1856200 348
1856210 348
1856220 348
1856230 348
1856240 347
1856250 347
1856260 347
1856270 347
1856280 347
1856290 347
1856300 347
1856310 347
1856320 347
1856330 346
1856340 346
1856350 346
1856360 346
1856370 345
1856380 346
1856390 345
1856400 345
1856410 345
1856420 345
1856430 345
1856440 345
1856450 345
1856460 345
1856470 345
1856480 345
1856490 345
1856500 345
1856510 346
1856520 346
1856530 346
1856540 346
1856550 345
1856560 345
1856570 345
1856580 344
1856590 344
1856600 344
1856610 344
1856620 344
1856630 343
1856640 343
1856650 343
1856660 343
1856670 342
1856680 342
1856690 342
1856700 342
1856710 342
1856720 341
1856730 341
1856740 341
1856750 341
1856760 341
1856770 341
1856780 341
1856790 341
1856800 341
1856810 341
1856820 341
1856830 340
1856840 340
1856850 340
1856860 340
1856870 340
1856880 340
1856890 340
1856900 340
1856910 339
1856920 339
1856930 339
1856940 339
1856950 339
1856960 339
1856970 339
1856980 339
1856990 339
1857000 339
1857010 339
1857020 339
1857030 339
1857040 339
1857050 339
1857060 339
1857070 339
1857080 339
1857090 339
1857100 339
1857110 339
1857120 339
1857130 339
1857140 339
1857150 339
1857160 339
1857170 339
1857180 339
1857190 339
1857200 339
1857210 340
1857220 340
1857230 340
1857240 340
1857250 341
1857260 341
1857270 341
1857280 342
1857290 342
1857300 342
1857310 343
1857320 343
1857330 344
1857340 344
1857350 344
1857360 344
1857370 344
1857380 344
1857390 345
1857400 345
1857410 345
1857420 346
1857430 346
1857440 346
1857450 346
1857460 345
1857470 345
1857480 344
1857490 343
1857500 343
1857510 343
1857520 342
1857530 342
1857540 341
1857550 341
1857560 341
1857570 340
1857580 340
1857590 340
1857600 340
1857610 339
1857620 339
1857630 338
1857640 337
1857650 337
1857660 336
1857670 335
1857680 335
1857690 333
1857700 333
1857710 333
1857720 331
1857730 329
1857740 329
1857750 327
1857760 320
1857770 319
1857780 319
1857790 317
1857800 313
1857810 313
1857820 308
1857830 305
1857840 305
1857850 301
1857860 296
1857870 296
1857880 293
1857890 288
1857900 288
1857910 281
1857920 279
1857930 279
1857940 281
1857950 285
1857960 285
1857970 288
1857980 295
1857990 295
1858000 299
1858010 304
1858020 304
1858030 305
1858040 307
1858050 307
1858060 309
1858070 312
1858080 312
1858090 314
1858100 316
1858110 319
1858120 321
1858130 323
1858140 323
1858150 325
1858160 327
1858170 327
1858180 327
1858190 328
1858200 328
1858210 329
1858220 330
1858230 330
1858240 330
1858250 331
1858260 331
1858270 332
1858280 332
1858290 332
1858300 331
1858310 331
1858320 331
1858330 330
1858340 329
1858350 329
1858360 328
1858370 327
1858380 327
1858390 326
1858400 325
1858410 325
1858420 324
1858430 323
1858440 323
1858450 320
1858460 319
1858470 319
1858480 318
1858490 317
1858500 317
1858510 316
1858520 316
1858530 316
1858540 315
1858550 315
1858560 315
1858570 314
1858580 314
1858590 314
1858600 314
1858610 315
1858620 315
1858630 315
1858640 315
1858650 315
1858660 315
1858670 316
1858680 316
1858690 317
1858700 318
1858710 320
1858720 320
1858730 321
1858740 322
1858750 322
1858760 322
1858770 321
1858780 321
1858790 320
1858800 319
1858810 319
1858820 318
1858830 318
1858840 318
1858850 318
1858860 318
1858870 318
1858880 317
1858890 317
1858900 317
1858910 317
1858920 317
1858930 317
1858940 317
1858950 317
1858960 317
1858970 316
1858980 316
1858990 316
1859000 314
1859010 314
1859020 314
1859030 313
1859040 311
1859050 311
1859060 310
1859070 309
1859080 309
1859090 308
1859100 307
1859110 307
1859120 305
1859130 304
1859140 305
1859150 304
1859160 302
1859170 302
1859180 301
1859190 300
1859200 300
1859210 299
1859220 298
1859230 298
1859240 297
1859250 296
1859260 296
1859270 296
1859280 295
1859290 295
1859300 295
1859310 294
1859320 294
1859330 294
1859340 293
1859350 293
1859360 293
1859370 292
1859380 292
1859390 292
1859400 291
1859410 291
1859420 291
1859430 290
1859440 290
1859450 289
1859460 288
1859470 288
1859480 287
1859490 288
1859500 288
1859510 287
1859520 286
1859530 286
1859540 285
1859550 284
1859560 284
1859570 283
1859580 282
1859590 282
1859600 281
1859610 280
1859620 280
1859630 279
1859640 277
1859650 276
1859660 276
1859670 275
1859680 273
1859690 273
1859700 271
1859710 269
1859720 269
1859730 266
1859740 264
1859750 264
1859760 262
1859770 260
1859780 260
1859790 257
1859800 254
1859810 254
1859820 252
1859830 246
1859840 246
1859850 244
1859860 241
1859870 241
1859880 238
1859890 235
1859900 235
1859910 232
1859920 228
1859930 228
1859940 228
1859950 228
1859960 228
1859970 229
1859980 230
1859990 230
