1840000 186
1840010 186
1840020 186
1840030 186
1840040 186
1840050 186
1840060 186
1840070 186
1840080 186
1840090 186
1840100 186
1840110 186
1840120 186
1840130 187
1840140 187
1840150 187
1840160 187
1840170 187
1840180 186
1840190 186
1840200 186
1840210 186
1840220 186
1840230 186
1840240 186
1840250 186
1840260 186
1840270 186
1840280 186
1840290 186
1840300 186
1840310 186
1840320 186
1840330 186
1840340 186
1840350 186
1840360 186
1840370 186
1840380 186
1840390 186
1840400 186
1840410 186
1840420 186
1840430 186
1840440 186
1840450 186
1840460 187
1840470 187
1840480 187
1840490 187
1840500 187
1840510 187
1840520 187
1840530 187
1840540 187
1840550 187
1840560 187
1840570 187
1840580 188
1840590 188
1840600 188
1840610 188
1840620 188
1840630 188
1840640 188
1840650 188
1840660 189
1840670 189
1840680 189
1840690 189
1840700 190
1840710 190
1840720 190
1840730 190
1840740 190
1840750 191
1840760 191
1840770 191
1840780 191
1840790 192
1840800 192
1840810 192
1840820 193
1840830 193
1840840 193
1840850 193
1840860 193
1840870 194
1840880 194
1840890 194
1840900 195
1840910 195
1840920 195
1840930 196
1840940 197
1840950 198
1840960 198
1840970 198
1840980 199
1840990 199
1841000 199
1841010 199
1841020 199
1841030 199
1841040 199
1841050 199
1841060 198
1841070 198
1841080 198
1841090 197
1841100 196
1841110 196
1841120 196
1841130 195
1841140 195
1841150 195
1841160 194
1841170 194
1841180 194
1841190 193
1841200 193
1841210 193
1841220 192
1841230 192
1841240 192
1841250 192
1841260 192
1841270 192
1841280 192
1841290 192
1841300 191
1841310 191
1841320 191
1841330 191
1841340 191
1841350 191
1841360 191
1841370 191
1841380 191
1841390 191
1841400 191
1841410 191
1841420 190
1841430 190
1841440 190
1841450 190
1841460 190
1841470 190
1841480 190
1841490 190
1841500 190
1841510 190
1841520 190
1841530 190
1841540 190
1841550 190
1841560 190
1841570 190
1841580 190
1841590 190
1841600 189
1841610 189
1841620 189
1841630 189
1841640 189
1841650 189
1841660 189
1841670 189
1841680 189
1841690 189
1841700 189
1841710 189
1841720 190
1841730 190
1841740 190
1841750 190
1841760 190
1841770 190
1841780 190
1841790 190
1841800 190
1841810 190
1841820 190
1841830 190
1841840 190
1841850 190
1841860 190
1841870 190
1841880 190
1841890 190
1841900 190
1841910 191
1841920 191
1841930 191
1841940 191
1841950 191
1841960 191
1841970 191
1841980 191
1841990 191
1842000 191
1842010 191
1842020 191
1842030 191
1842040 191
1842050 191
1842060 191
1842070 191
1842080 191
1842090 191
1842100 191
1842110 191
1842120 190
1842130 190
1842140 190
1842150 190
1842160 190
1842170 190
1842180 190
1842190 190
1842200 190
1842210 190
1842220 190
1842230 190
1842240 190
1842250 190
1842260 190
1842270 190
1842280 190
1842290 190
1842300 190
1842310 190
1842320 190
1842330 190
1842340 190
1842350 190
1842360 191
1842370 191
1842380 191
1842390 191
1842400 191
1842410 191
1842420 191
1842430 191
1842440 191
1842450 191
1842460 191
1842470 191
1842480 191
1842490 191
1842500 191
1842510 191
1842520 191
1842530 191
1842540 191
1842550 191
1842560 191
1842570 191
1842580 191
1842590 191
1842600 191
1842610 191
1842620 191
1842630 191
1842640 191
1842650 191
1842660 191
1842670 191
1842680 191
1842690 191
1842700 191
1842710 191
1842720 191
1842730 192
1842740 191
1842750 191
1842760 192
1842770 192
1842780 192
1842790 192
1842800 192
1842810 192
1842820 192
1842830 192
1842840 192
1842850 192
1842860 192
1842870 192
1842880 192
1842890 192
1842900 192
1842910 193
1842920 193
1842930 193
1842940 193
1842950 193
1842960 193
1842970 193
1842980 193
1842990 193
1843000 193
1843010 193
1843020 193
1843030 193
1843040 193
1843050 193
1843060 193
1843070 193
1843080 193
1843090 193
1843100 193
1843110 193
1843120 193
1843130 193
1843140 193
1843150 193
1843160 193
1843170 193
1843180 193
1843190 193
1843200 193
1843210 193
1843220 193
1843230 193
1843240 193
1843250 193
1843260 193
1843270 193
1843280 193
1843290 193
1843300 193
1843310 193
1843320 193
1843330 193
1843340 193
1843350 193
1843360 193
1843370 193
1843380 193
1843390 193
1843400 193
1843410 193
1843420 193
1843430 193
1843440 193
1843450 193
1843460 193
1843470 193
1843480 193
1843490 193
1843500 193
1843510 193
1843520 193
1843530 193
1843540 193
1843550 193
1843560 193
1843570 193
1843580 194
1843590 194
1843600 194
1843610 194
1843620 194
1843630 194
1843640 194
1843650 194
1843660 194
1843670 194
1843680 194
1843690 194
1843700 194
1843710 194
1843720 194
1843730 194
1843740 195
1843750 195
1843760 195
1843770 195
1843780 195
1843790 195
1843800 195
1843810 195
1843820 196
1843830 196
1843840 196
1843850 196
1843860 196
1843870 196
1843880 196
1843890 196
1843900 196
1843910 195
1843920 196
1843930 196
1843940 196
1843950 196
1843960 196
1843970 196
1843980 196
1843990 196
1844000 196
1844010 196
1844020 196
1844030 196
1844040 197
1844050 197
1844060 197
1844070 197
1844080 197
1844090 197
1844100 197
1844110 197
1844120 197
1844130 198
1844140 198
1844150 198
1844160 198
1844170 198
1844180 198
1844190 198
1844200 198
1844210 198
1844220 198
1844230 198
1844240 198
1844250 199
1844260 199
1844270 199
1844280 199
1844290 199
1844300 199
1844310 199
1844320 199
1844330 199
1844340 200
1844350 200
1844360 200
1844370 200
1844380 200
1844390 200
1844400 200
1844410 200
1844420 200
1844430 201
1844440 201
1844450 201
1844460 201
1844470 201
1844480 201
1844490 201
1844500 201
1844510 201
1844520 202
1844530 202
1844540 202
1844550 202
1844560 202
1844570 203
1844580 203
1844590 203
1844600 203
1844610 203
1844620 203
1844630 203
1844640 203
1844650 203
1844660 203
1844670 203
1844680 203
1844690 203
1844700 204
1844710 204
1844720 204
1844730 204
1844740 204
1844750 204
1844760 204
1844770 204
1844780 204
1844790 205
1844800 205
1844810 205
1844820 205
1844830 205
1844840 205
1844850 205
1844860 206
1844870 206
1844880 206
1844890 206
1844900 206
1844910 206
1844920 206
1844930 206
1844940 206
1844950 206
1844960 206
1844970 207
1844980 207
1844990 207
1845000 207
1845010 207
1845020 207
1845030 207
1845040 208
1845050 208
1845060 208
1845070 208
1845080 208
1845090 208
1845100 209
1845110 209
1845120 209
1845130 209
1845140 209
1845150 209
1845160 210
1845170 210
1845180 210
1845190 210
1845200 210
1845210 210
1845220 211
1845230 211
1845240 211
1845250 211
1845260 211
1845270 211
1845280 212
1845290 212
1845300 212
1845310 212
1845320 212
1845330 213
1845340 213
1845350 213
1845360 214
1845370 214
1845380 214
1845390 214
1845400 214
1845410 214
1845420 215
1845430 216
1845440 216
1845450 216
1845460 216
1845470 216
1845480 217
1845490 217
1845500 217
1845510 217
1845520 218
1845530 219
1845540 219
1845550 219
1845560 219
1845570 219
1845580 219
1845590 220
1845600 220
1845610 220
1845620 221
1845630 221
1845640 221
1845650 222
1845660 222
1845670 222
1845680 222
1845690 222
1845700 223
1845710 223
1845720 223
1845730 224
1845740 224
1845750 224
1845760 225
1845770 225
1845780 225
1845790 225
1845800 226
1845810 226
1845820 227
1845830 228
1845840 228
1845850 229
1845860 230
1845870 230
1845880 231
1845890 232
1845900 232
1845910 233
1845920 234
1845930 234
1845940 235
1845950 235
1845960 235
1845970 235
1845980 241
1845990 241
1846000 247
1846010 249
1846020 249
1846030 251
1846040 252
1846050 252
1846060 254
1846070 255
1846080 255
1846090 256
1846100 257
1846110 257
1846120 258
1846130 259
1846140 259
1846150 260
1846160 260
1846170 260
1846180 260
1846190 260
1846200 260
1846210 259
1846220 258
1846230 258
1846240 257
1846250 257
1846260 257
1846270 257
1846280 258
1846290 258
1846300 257
1846310 258
1846320 257
1846330 258
1846340 258
1846350 258
1846360 259
1846370 260
1846380 260
1846390 262
1846400 265
1846410 265
1846420 267
1846430 270
1846440 271
1846450 271
1846460 273
1846470 275
1846480 275
1846490 278
1846500 281
1846510 281
1846520 285
1846530 288
1846540 288
1846550 292
1846560 295
1846570 295
1846580 297
1846590 298
1846600 298
1846610 300
1846620 301
1846630 301
1846640 304
1846650 306
1846660 306
1846670 309
1846680 311
1846690 311
1846700 313
1846710 315
1846720 315
1846730 317
1846740 319
1846750 319
1846760 320
1846770 321
1846780 321
1846790 322
1846800 324
1846810 324
1846820 327
1846830 329
1846840 329
1846850 328
1846860 327
1846870 327
1846880 324
1846890 322
1846900 322
1846910 321
1846920 320
1846930 320
1846940 318
1846950 317
1846960 317
1846970 316
1846980 315
1846990 315
1847000 315
1847010 315
1847020 315
1847030 314
1847040 311
1847050 311
1847060 309
1847070 306
1847080 306
1847090 304
1847100 302
1847110 302
1847120 299
1847130 297
1847140 297
1847150 294
1847160 292
1847170 292
1847180 289
1847190 288
1847200 288
1847210 287
1847220 287
1847230 287
1847240 291
1847250 295
1847260 295
1847270 299
1847280 303
1847290 303
1847300 306
1847310 308
1847320 308
1847330 309
1847340 310
1847350 310
1847360 310
1847370 310
1847380 310
1847390 309
1847400 310
1847410 311
1847420 311
1847430 312
1847440 312
1847450 312
1847460 313
1847470 315
1847480 315
1847490 316
1847500 318
1847510 318
1847520 319
1847530 321
1847540 321
1847550 323
1847560 325
1847570 325
1847580 327
1847590 328
1847600 328
1847610 329
1847620 329
1847630 329
1847640 329
1847650 328
1847660 328
1847670 328
1847680 327
1847690 327
1847700 325
1847710 324
1847720 324
1847730 323
1847740 325
1847750 325
1847760 328
1847770 331
1847780 331
1847790 332
1847800 333
1847810 333
1847820 334
1847830 335
1847840 335
1847850 336
1847860 336
1847870 336
1847880 336
1847890 335
1847900 335
1847910 334
1847920 333
1847930 333
1847940 332
1847950 331
1847960 331
1847970 330
1847980 329
1847990 329
1848000 328
1848010 326
1848020 326
1848030 325
1848040 325
1848050 325
1848060 325
1848070 324
1848080 324
1848090 325
1848100 325
1848110 325
1848120 326
1848130 328
1848140 328
1848150 329
1848160 331
1848170 331
1848180 332
1848190 334
1848200 334
1848210 336
1848220 337
1848230 337
1848240 339
1848250 341
1848260 342
1848270 342
1848280 343
1848290 343
1848300 343
1848310 342
1848320 342
1848330 342
1848340 341
1848350 341
1848360 341
1848370 340
1848380 339
1848390 339
1848400 339
1848410 338
1848420 338
1848430 337
1848440 335
1848450 335
1848460 333
1848470 332
1848480 332
1848490 330
1848500 329
1848510 329
1848520 327
1848530 326
1848540 326
1848550 324
1848560 322
1848570 322
1848580 320
1848590 318
1848600 318
1848610 317
1848620 316
1848630 316
1848640 315
1848650 314
1848660 314
1848670 313
1848680 313
1848690 313
1848700 312
1848710 311
1848720 311
1848730 308
1848740 306
1848750 306
1848760 305
1848770 307
1848780 307
1848790 310
1848800 312
1848810 311
1848820 315
1848830 320
1848840 320
1848850 325
1848860 328
1848870 328
1848880 328
1848890 327
1848900 327
1848910 324
1848920 320
1848930 320
1848940 314
1848950 310
1848960 310
1848970 310
1848980 311
1848990 311
1849000 313
1849010 316
1849020 316
1849030 318
1849040 321
1849050 321
1849060 323
1849070 326
1849080 326
1849090 328
1849100 330
1849110 330
1849120 331
1849130 333
1849140 333
1849150 335
1849160 341
1849170 343
1849180 343
1849190 343
1849200 343
1849210 343
1849220 344
1849230 345
1849240 345
1849250 347
1849260 349
1849270 349
1849280 352
1849290 355
1849300 355
1849310 358
1849320 361
1849330 361
1849340 365
1849350 368
1849360 368
1849370 370
1849380 372
1849390 372
1849400 374
1849410 375
1849420 375
1849430 376
1849440 377
1849450 377
1849460 378
1849470 380
1849480 380
1849490 381
1849500 382
1849510 382
1849520 385
1849530 386
1849540 386
1849550 387
1849560 387
1849570 387
1849580 388
1849590 389
1849600 389
1849610 389
1849620 390
1849630 390
1849640 390
1849650 390
1849660 390
1849670 391
1849680 391
1849690 391
1849700 392
1849710 393
1849720 393
1849730 393
1849740 394
1849750 394
1849760 395
1849770 396
1849780 396
1849790 396
1849800 397
1849810 397
1849820 398
1849830 398
1849840 398
1849850 398
1849860 398
1849870 397
1849880 397
1849890 396
1849900 396
1849910 396
1849920 395
1849930 395
1849940 395
1849950 394
1849960 394
1849970 393
1849980 392
1849990 392
1850000 391
1850010 391
1850020 391
1850030 390
1850040 390
1850050 390
1850060 390
1850070 391
1850080 391
1850090 391
1850100 391
1850110 391
1850120 391
1850130 390
1850140 390
1850150 390
1850160 389
1850170 389
1850180 389
1850190 390
1850200 392
1850210 392
1850220 395
1850230 397
1850240 397
1850250 399
1850260 402
1850270 402
1850280 403
1850290 405
1850300 405
1850310 407
1850320 408
1850330 408
1850340 410
1850350 411
1850360 411
1850370 412
1850380 412
1850390 412
1850400 411
1850410 410
1850420 410
1850430 409
1850440 409
1850450 409
1850460 408
1850470 408
1850480 408
1850490 408
1850500 408
1850510 408
1850520 408
1850530 408
1850540 408
1850550 408
1850560 408
1850570 408
1850580 409
1850590 410
1850600 410
1850610 411
1850620 411
1850630 411
1850640 412
1850650 413
1850660 413
1850670 414
1850680 414
1850690 414
1850700 414
1850710 415
1850720 415
1850730 415
1850740 416
1850750 416
1850760 416
1850770 416
1850780 416
1850790 417
1850800 417
1850810 417
1850820 417
1850830 418
1850840 418
1850850 418
1850860 418
1850870 418
1850880 418
1850890 418
1850900 418
1850910 418
1850920 418
1850930 419
1850940 418
1850950 418
1850960 418
1850970 418
1850980 418
1850990 418
1851000 418
1851010 418
1851020 418
1851030 418
1851040 418
1851050 418
1851060 418
1851070 419
1851080 420
1851090 420
1851100 420
1851110 420
1851120 420
1851130 420
1851140 420
1851150 420
1851160 420
1851170 421
1851180 421
1851190 421
1851200 421
1851210 421
1851220 421
1851230 421
1851240 421
1851250 421
1851260 421
1851270 421
1851280 422
1851290 422
1851300 422
1851310 421
1851320 421
1851330 421
1851340 421
1851350 421
1851360 421
1851370 421
1851380 421
1851390 421
1851400 420
1851410 420
1851420 420
1851430 419
1851440 419
1851450 419
1851460 418
1851470 418
1851480 418
1851490 417
1851500 417
1851510 417
1851520 416
1851530 416
1851540 416
1851550 415
1851560 414
1851570 414
1851580 414
1851590 413
1851600 413
1851610 413
1851620 412
1851630 412
1851640 411
1851650 411
1851660 411
1851670 411
1851680 411
1851690 411
1851700 411
1851710 411
1851720 411
1851730 410
1851740 409
1851750 409
1851760 409
1851770 408
1851780 408
1851790 408
1851800 407
1851810 407
1851820 406
1851830 406
1851840 406
1851850 405
1851860 404
1851870 404
1851880 403
1851890 402
1851900 402
1851910 401
1851920 399
1851930 398
1851940 398
1851950 397
1851960 396
1851970 396
1851980 393
1851990 392
1852000 392
1852010 390
1852020 389
1852030 389
1852040 383
1852050 381
1852060 381
1852070 381
1852080 385
1852090 385
1852100 387
1852110 388
1852120 388
1852130 388
1852140 389
1852150 389
1852160 389
1852170 389
1852180 389
1852190 389
1852200 390
1852210 390
1852220 390
1852230 391
1852240 391
1852250 391
1852260 391
1852270 391
1852280 391
1852290 390
1852300 390
1852310 391
1852320 391
1852330 391
1852340 392
1852350 392
1852360 392
1852370 392
1852380 393
1852390 393
1852400 393
1852410 392
1852420 392
1852430 392
1852440 391
1852450 391
1852460 389
1852470 388
1852480 388
1852490 387
1852500 386
1852510 386
1852520 385
1852530 387
1852540 387
1852550 388
1852560 387
1852570 387
1852580 387
1852590 386
1852600 386
1852610 386
1852620 386
1852630 386
1852640 386
1852650 386
1852660 386
1852670 387
1852680 388
1852690 389
1852700 391
1852710 391
1852720 391
1852730 391
1852740 391
1852750 391
1852760 391
1852770 391
1852780 391
1852790 391
1852800 392
1852810 392
1852820 392
1852830 391
1852840 391
1852850 391
1852860 391
1852870 391
1852880 391
1852890 391
1852900 390
1852910 390
1852920 390
1852930 390
1852940 390
1852950 390
1852960 390
1852970 390
1852980 389
1852990 389
1853000 389
1853010 387
1853020 387
1853030 387
1853040 386
1853050 385
1853060 385
1853070 385
1853080 384
1853090 384
1853100 383
1853110 383
1853120 383
1853130 382
1853140 382
1853150 382
1853160 383
1853170 384
1853180 384
1853190 385
1853200 386
1853210 386
1853220 387
1853230 387
1853240 387
1853250 387
1853260 388
1853270 388
1853280 388
1853290 387
1853300 387
1853310 387
1853320 386
1853330 386
1853340 386
1853350 386
1853360 386
1853370 387
1853380 387
1853390 386
1853400 386
1853410 386
1853420 386
1853430 387
1853440 386
1853450 386
1853460 385
1853470 384
1853480 384
1853490 383
1853500 383
1853510 383
1853520 383
1853530 383
1853540 383
1853550 383
1853560 384
1853570 384
1853580 385
1853590 386
1853600 386
1853610 388
1853620 387
1853630 387
1853640 385
1853650 384
1853660 384
1853670 382
1853680 380
1853690 380
1853700 377
1853710 374
1853720 374
1853730 371
1853740 367
1853750 367
1853760 365
1853770 361
1853780 359
1853790 359
1853800 360
1853810 359
1853820 359
1853830 361
1853840 362
1853850 362
1853860 362
1853870 362
1853880 362
1853890 362
1853900 363
1853910 363
1853920 363
1853930 363
1853940 363
1853950 363
1853960 363
1853970 363
1853980 363
1853990 363
1854000 363
1854010 363
1854020 363
1854030 363
1854040 363
1854050 362
1854060 362
1854070 362
1854080 362
1854090 363
1854100 362
1854110 361
1854120 361
1854130 360
1854140 360
1854150 360
1854160 360
1854170 359
1854180 359
1854190 358
1854200 357
1854210 357
1854220 356
1854230 356
1854240 356
1854250 355
1854260 354
1854270 354
1854280 353
1854290 352
1854300 352
1854310 351
1854320 349
1854330 349
1854340 348
1854350 347
1854360 347
1854370 346
1854380 345
1854390 345
1854400 343
1854410 342
1854420 342
1854430 341
1854440 340
1854450 340
1854460 340
1854470 339
1854480 339
1854490 338
1854500 338
1854510 338
1854520 337
1854530 336
1854540 336
1854550 334
1854560 332
1854570 332
1854580 329
1854590 324
1854600 324
1854610 321
1854620 323
1854630 323
1854640 325
1854650 327
1854660 327
1854670 328
1854680 330
1854690 331
1854700 331
1854710 333
1854720 334
1854730 334
1854740 335
1854750 337
1854760 337
1854770 338
1854780 339
1854790 339
1854800 340
1854810 340
1854820 340
1854830 341
1854840 341
1854850 341
1854860 342
1854870 342
1854880 342
1854890 342
1854900 342
1854910 342
1854920 342
1854930 342
1854940 342
1854950 342
1854960 342
1854970 342
1854980 341
1854990 340
1855000 340
1855010 339
1855020 338
1855030 338
1855040 337
1855050 335
1855060 335
1855070 334
1855080 333
1855090 333
1855100 332
1855110 331
1855120 331
1855130 329
1855140 327
1855150 327
1855160 324
1855170 324
1855180 324
1855190 323
1855200 322
1855210 322
1855220 322
1855230 322
1855240 322
1855250 321
1855260 320
1855270 320
1855280 320
1855290 318
1855300 318
1855310 317
1855320 317
1855330 317
1855340 317
1855350 316
1855360 316
1855370 314
1855380 311
1855390 311
1855400 307
1855410 301
1855420 301
1855430 296
1855440 291
1855450 291
1855460 292
1855470 294
1855480 296
1855490 297
1855500 298
1855510 298
1855520 299
1855530 302
1855540 302
1855550 306
1855560 311
1855570 311
1855580 315
1855590 321
1855600 321
1855610 325
1855620 330
1855630 335
1855640 335
1855650 339
1855660 343
1855670 343
1855680 345
1855690 347
1855700 347
1855710 348
1855720 349
1855730 349
1855740 350
1855750 352
1855760 352
1855770 353
1855780 354
1855790 354
1855800 356
1855810 357
1855820 357
1855830 357
1855840 358
1855850 358
1855860 357
1855870 358
1855880 358
1855890 358
1855900 359
1855910 359
1855920 359
1855930 360
1855940 360
1855950 360
1855960 361
1855970 361
1855980 360
1855990 360
1856000 360
1856010 359
1856020 358
1856030 358
1856040 357
1856050 356
1856060 356
1856070 355
1856080 354
1856090 354
1856100 353
1856110 353
1856120 353
1856130 352
1856140 351
1856150 351
1856160 351
1856170 352
1856180 352
1856190 351
1856200 351
1856210 351
1856220 350
1856230 350
1856240 350
1856250 350
1856260 349
1856270 349
1856280 349
1856290 348
1856300 348
1856310 348
1856320 348
1856330 348
1856340 348
1856350 348
1856360 348
1856370 348
1856380 348
1856390 348
1856400 348
1856410 347
1856420 347
1856430 347
1856440 347
1856450 347
1856460 347
1856470 346
1856480 346
1856490 346
1856500 345
1856510 345
1856520 345
1856530 344
1856540 343
1856550 343
1856560 343
1856570 342
1856580 342
1856590 341
1856600 341
1856610 341
1856620 341
1856630 340
1856640 340
1856650 340
1856660 340
1856670 340
1856680 340
1856690 340
1856700 340
1856710 340
1856720 340
1856730 340
1856740 340
1856750 341
1856760 341
1856770 341
1856780 340
1856790 340
1856800 340
1856810 340
1856820 340
1856830 341
1856840 342
1856850 342
1856860 342
1856870 344
1856880 344
1856890 344
1856900 343
1856910 343
1856920 343
1856930 342
1856940 342
1856950 341
1856960 340
1856970 340
1856980 339
1856990 339
1857000 339
1857010 338
1857020 337
1857030 337
1857040 337
1857050 336
1857060 336
1857070 335
1857080 334
1857090 334
1857100 333
1857110 333
1857120 333
1857130 332
1857140 331
1857150 331
1857160 330
1857170 330
1857180 330
1857190 329
1857200 329
1857210 329
1857220 329
1857230 329
1857240 329
1857250 328
1857260 328
1857270 328
1857280 328
1857290 328
1857300 328
1857310 327
1857320 326
1857330 326
1857340 326
1857350 325
1857360 325
1857370 324
1857380 323
1857390 323
1857400 322
1857410 321
1857420 321
1857430 320
1857440 318
1857450 318
1857460 317
1857470 314
1857480 313
1857490 313
1857500 311
1857510 314
1857520 314
1857530 316
1857540 317
1857550 317
1857560 319
1857570 319
1857580 319
1857590 320
1857600 323
1857610 323
1857620 325
1857630 326
1857640 326
1857650 327
1857660 327
1857670 327
1857680 328
1857690 329
1857700 329
1857710 330
1857720 331
1857730 331
1857740 331
1857750 332
1857760 332
1857770 332
1857780 331
1857790 331
1857800 331
1857810 331
1857820 331
1857830 331
1857840 331
1857850 331
1857860 331
1857870 331
1857880 331
1857890 331
1857900 331
1857910 331
1857920 331
1857930 331
1857940 331
1857950 330
1857960 330
1857970 330
1857980 331
1857990 331
1858000 331
1858010 331
1858020 330
1858030 330
1858040 329
1858050 325
1858060 325
1858070 321
1858080 317
1858090 317
1858100 313
1858110 310
1858120 310
1858130 308
1858140 306
1858150 306
1858160 303
1858170 300
1858180 300
1858190 295
1858200 292
1858210 292
1858220 288
1858230 285
1858240 285
1858250 281
1858260 275
1858270 275
1858280 270
1858290 264
1858300 264
1858310 259
1858320 254
1858330 254
1858340 253
1858350 256
1858360 256
1858370 258
1858380 262
1858390 267
1858400 267
1858410 273
1858420 279
1858430 279
1858440 286
1858450 293
1858460 293
1858470 299
1858480 306
1858490 306
1858500 311
1858510 314
1858520 314
1858530 314
1858540 313
1858550 313
1858560 313
1858570 312
1858580 312
1858590 310
1858600 309
1858610 309
1858620 307
1858630 305
1858640 305
1858650 304
1858660 302
1858670 302
1858680 300
1858690 298
1858700 298
1858710 297
1858720 297
1858730 297
1858740 296
1858750 295
1858760 295
1858770 294
1858780 293
1858790 293
1858800 293
1858810 291
1858820 291
1858830 290
1858840 289
1858850 289
1858860 288
1858870 286
1858880 286
1858890 284
1858900 283
1858910 283
1858920 281
1858930 279
1858940 278
1858950 276
1858960 274
1858970 274
1858980 272
1858990 271
1859000 271
1859010 271
1859020 272
1859030 272
1859040 273
1859050 274
1859060 274
1859070 274
1859080 275
1859090 275
1859100 276
1859110 277
1859120 277
1859130 278
1859140 279
1859150 279
1859160 280
1859170 283
1859180 283
1859190 285
1859200 287
1859210 287
1859220 288
1859230 287
1859240 287
1859250 285
1859260 283
1859270 283
1859280 282
1859290 280
1859300 280
1859310 279
1859320 277
1859330 276
1859340 276
1859350 274
1859360 273
1859370 273
1859380 272
1859390 271
1859400 271
1859410 270
1859420 269
1859430 269
1859440 267
1859450 266
1859460 266
1859470 265
1859480 264
1859490 264
1859500 263
1859510 261
1859520 261
1859530 259
1859540 257
1859550 257
1859560 254
1859570 252
1859580 252
1859590 250
1859600 249
1859610 249
1859620 247
1859630 244
1859640 244
1859650 243
1859660 241
1859670 241
1859680 239
1859690 238
1859700 238
1859710 236
1859720 235
1859730 235
1859740 233
1859750 231
1859760 231
1859770 231
1859780 231
1859790 231
1859800 231
1859810 230
1859820 230
1859830 230
1859840 229
1859850 229
1859860 229
1859870 229
1859880 229
1859890 228
1859900 228
1859910 228
1859920 228
1859930 227
1859940 227
1859950 226
1859960 226
1859970 227
1859980 226
1859990 225
