1840000 186
1840010 186
1840020 186
1840030 186
1840040 186
1840050 186
1840060 186
1840070 186
1840080 186
1840090 186
1840100 186
1840110 186
1840120 186
1840130 186
1840140 186
1840150 186
1840160 186
1840170 186
1840180 186
1840190 186
1840200 186
1840210 186
1840220 186
1840230 186
1840240 186
1840250 186
1840260 186
1840270 186
1840280 186
1840290 186
1840300 186
1840310 186
1840320 186
1840330 186
1840340 186
1840350 186
1840360 186
1840370 186
1840380 187
1840390 187
1840400 187
1840410 187
1840420 187
1840430 187
1840440 187
1840450 187
1840460 188
1840470 188
1840480 188
1840490 189
1840500 189
1840510 189
1840520 189
1840530 190
1840540 190
1840550 190
1840560 191
1840570 191
1840580 191
1840590 191
1840600 191
1840610 192
1840620 192
1840630 192
1840640 193
1840650 194
1840660 194
1840670 194
1840680 194
1840690 195
1840700 195
1840710 195
1840720 194
1840730 194
1840740 194
1840750 194
1840760 194
1840770 194
1840780 194
1840790 194
1840800 193
1840810 193
1840820 193
1840830 193
1840840 192
1840850 192
1840860 192
1840870 192
1840880 192
1840890 192
1840900 192
1840910 192
1840920 191
1840930 190
1840940 190
1840950 190
1840960 190
1840970 190
1840980 190
1840990 190
1841000 190
1841010 190
1841020 190
1841030 190
1841040 189
1841050 189
1841060 189
1841070 189
1841080 189
1841090 189
1841100 189
1841110 189
1841120 189
1841130 189
1841140 189
1841150 189
1841160 189
1841170 189
1841180 189
1841190 189
1841200 189
1841210 189
1841220 189
1841230 189
1841240 189
1841250 189
1841260 189
1841270 189
1841280 189
1841290 189
1841300 189
1841310 189
1841320 189
1841330 189
1841340 190
1841350 189
1841360 189
1841370 189
1841380 189
1841390 189
1841400 189
1841410 189
1841420 189
1841430 189
1841440 189
1841450 189
1841460 189
1841470 189
1841480 189
1841490 189
1841500 189
1841510 189
1841520 189
1841530 189
1841540 189
1841550 189
1841560 189
1841570 189
1841580 189
1841590 189
1841600 189
1841610 189
1841620 189
1841630 190
1841640 190
1841650 190
1841660 190
1841670 190
1841680 190
1841690 190
1841700 190
1841710 190
1841720 190
1841730 190
1841740 190
1841750 190
1841760 190
1841770 190
1841780 190
1841790 190
1841800 190
1841810 190
1841820 190
1841830 190
1841840 190
1841850 190
1841860 190
1841870 190
1841880 190
1841890 190
1841900 190
1841910 190
1841920 190
1841930 190
1841940 190
1841950 190
1841960 190
1841970 190
1841980 190
1841990 190
1842000 190
1842010 190
1842020 190
1842030 190
1842040 190
1842050 190
1842060 190
1842070 190
1842080 190
1842090 190
1842100 190
1842110 190
1842120 190
1842130 190
1842140 190
1842150 190
1842160 190
1842170 190
1842180 190
1842190 190
1842200 190
1842210 190
1842220 190
1842230 190
1842240 190
1842250 190
1842260 190
1842270 190
1842280 190
1842290 190
1842300 190
1842310 190
1842320 190
1842330 190
1842340 190
1842350 191
1842360 191
1842370 191
1842380 191
1842390 191
1842400 191
1842410 191
1842420 191
1842430 191
1842440 191
1842450 191
1842460 191
1842470 191
1842480 191
1842490 191
1842500 191
1842510 191
1842520 191
1842530 191
1842540 191
1842550 191
1842560 191
1842570 191
1842580 191
1842590 191
1842600 191
1842610 191
1842620 191
1842630 190
1842640 190
1842650 190
1842660 190
1842670 190
1842680 190
1842690 190
1842700 190
1842710 190
1842720 190
1842730 190
1842740 190
1842750 190
1842760 190
1842770 191
1842780 191
1842790 191
1842800 191
1842810 191
1842820 191
1842830 191
1842840 191
1842850 191
1842860 191
1842870 191
1842880 191
1842890 191
1842900 191
1842910 191
1842920 191
1842930 191
1842940 191
1842950 191
1842960 191
1842970 191
1842980 191
1842990 192
1843000 192
1843010 192
1843020 191
1843030 191
1843040 192
1843050 191
1843060 191
1843070 191
1843080 191
1843090 191
1843100 191
1843110 191
1843120 191
1843130 191
1843140 191
1843150 191
1843160 191
1843170 192
1843180 192
1843190 191
1843200 191
1843210 191
1843220 191
1843230 192
1843240 192
1843250 192
1843260 192
1843270 192
1843280 192
1843290 192
1843300 192
1843310 192
1843320 192
1843330 192
1843340 192
1843350 192
1843360 192
1843370 192
1843380 192
1843390 192
1843400 192
1843410 192
1843420 192
1843430 192
1843440 192
1843450 192
1843460 192
1843470 192
1843480 192
1843490 192
1843500 192
1843510 192
1843520 192
1843530 192
1843540 192
1843550 192
1843560 192
1843570 192
1843580 192
1843590 193
1843600 193
1843610 193
1843620 193
1843630 193
1843640 193
1843650 193
1843660 193
1843670 193
1843680 193
1843690 193
1843700 193
1843710 193
1843720 193
1843730 193
1843740 193
1843750 193
1843760 193
1843770 193
1843780 193
1843790 193
1843800 193
1843810 194
1843820 194
1843830 194
1843840 194
1843850 194
1843860 194
1843870 194
1843880 194
1843890 194
1843900 195
1843910 195
1843920 194
1843930 194
1843940 194
1843950 195
1843960 195
1843970 195
1843980 195
1843990 195
1844000 195
1844010 195
1844020 195
1844030 195
1844040 195
1844050 195
1844060 195
1844070 195
1844080 195
1844090 195
1844100 196
1844110 196
1844120 196
1844130 196
1844140 196
1844150 196
1844160 196
1844170 197
1844180 197
1844190 197
1844200 197
1844210 197
1844220 197
1844230 197
1844240 197
1844250 198
1844260 198
1844270 198
1844280 198
1844290 198
1844300 198
1844310 198
1844320 198
1844330 198
1844340 198
1844350 199
1844360 199
1844370 199
1844380 199
1844390 199
1844400 199
1844410 199
1844420 199
1844430 199
1844440 200
1844450 200
1844460 200
1844470 200
1844480 200
1844490 200
1844500 200
1844510 200
1844520 200
1844530 200
1844540 200
1844550 200
1844560 200
1844570 200
1844580 200
1844590 201
1844600 201
1844610 201
1844620 201
1844630 201
1844640 201
1844650 201
1844660 201
1844670 201
1844680 201
1844690 202
1844700 202
1844710 202
1844720 202
1844730 202
1844740 202
1844750 202
1844760 202
1844770 202
1844780 203
1844790 203
1844800 203
1844810 204
1844820 204
1844830 205
1844840 204
1844850 204
1844860 204
1844870 204
1844880 204
1844890 205
1844900 205
1844910 205
1844920 205
1844930 206
1844940 206
1844950 206
1844960 207
1844970 207
1844980 207
1844990 207
1845000 207
1845010 207
1845020 207
1845030 207
1845040 208
1845050 208
1845060 208
1845070 208
1845080 208
1845090 208
1845100 209
1845110 209
1845120 209
1845130 210
1845140 210
1845150 210
1845160 210
1845170 210
1845180 210
1845190 211
1845200 211
1845210 211
1845220 211
1845230 211
1845240 211
1845250 212
1845260 212
1845270 212
1845280 212
1845290 212
1845300 213
1845310 213
1845320 213
1845330 213
1845340 213
1845350 213
1845360 214
1845370 214
1845380 214
1845390 214
1845400 214
1845410 215
1845420 215
1845430 215
1845440 215
1845450 216
1845460 216
1845470 216
1845480 216
1845490 216
1845500 217
1845510 217
1845520 217
1845530 218
1845540 218
1845550 218
1845560 218
1845570 220
1845580 220
1845590 220
1845600 221
1845610 221
1845620 221
1845630 222
1845640 222
1845650 222
1845660 223
1845670 223
1845680 223
1845690 223
1845700 223
1845710 224
1845720 224
1845730 224
1845740 225
1845750 225
1845760 225
1845770 226
1845780 227
1845790 227
1845800 228
1845810 229
1845820 229
1845830 229
1845840 230
1845850 230
1845860 231
1845870 231
1845880 231
1845890 232
1845900 232
1845910 232
1845920 233
1845930 234
1845940 234
1845950 235
1845960 235
1845970 235
1845980 236
1845990 237
1846000 237
1846010 237
1846020 238
1846030 238
1846040 239
1846050 240
1846060 240
1846070 240
1846080 241
1846090 241
1846100 241
1846110 243
1846120 243
1846130 243
1846140 244
1846150 244
1846160 245
1846170 246
1846180 246
1846190 247
1846200 248
1846210 248
1846220 248
1846230 249
1846240 252
1846250 252
1846260 254
1846270 255
1846280 255
1846290 255
1846300 256
1846310 256
1846320 256
1846330 257
1846340 257
1846350 258
1846360 259
1846370 259
1846380 260
1846390 261
1846400 261
1846410 263
1846420 265
1846430 265
1846440 267
1846450 270
1846460 270
1846470 271
1846480 275
1846490 275
1846500 278
1846510 280
1846520 280
1846530 283
1846540 285
1846550 285
1846560 287
1846570 290
1846580 290
1846590 292
1846600 295
1846610 295
1846620 298
1846630 301
1846640 301
1846650 304
1846660 307
1846670 307
1846680 309
1846690 313
1846700 313
1846710 316
1846720 318
1846730 318
1846740 320
1846750 322
1846760 322
1846770 321
1846780 320
1846790 320
1846800 317
1846810 315
1846820 315
1846830 312
1846840 310
1846850 310
1846860 308
1846870 306
1846880 306
1846890 306
1846900 305
1846910 305
1846920 305
1846930 303
1846940 303
1846950 302
1846960 301
1846970 301
1846980 300
1846990 297
1847000 297
1847010 295
1847020 292
1847030 292
1847040 290
1847050 288
1847060 288
1847070 287
1847080 285
1847090 285
1847100 284
1847110 283
1847120 282
1847130 282
1847140 280
1847150 279
1847160 279
1847170 279
1847180 280
1847190 280
1847200 281
1847210 282
1847220 282
1847230 284
1847240 288
1847250 288
1847260 290
1847270 293
1847280 293
1847290 295
1847300 297
1847310 297
1847320 299
1847330 301
1847340 301
1847350 303
1847360 305
1847370 305
1847380 307
1847390 308
1847400 308
1847410 309
1847420 310
1847430 310
1847440 311
1847450 312
1847460 312
1847470 313
1847480 314
1847490 314
1847500 315
1847510 315
1847520 315
1847530 316
1847540 316
1847550 316
1847560 316
1847570 316
1847580 316
1847590 316
1847600 315
1847610 315
1847620 315
1847630 314
1847640 314
1847650 314
1847660 313
1847670 313
1847680 312
1847690 312
1847700 312
1847710 309
1847720 308
1847730 307
1847740 307
1847750 310
1847760 310
1847770 310
1847780 311
1847790 311
1847800 311
1847810 310
1847820 310
1847830 310
1847840 309
1847850 309
1847860 310
1847870 311
1847880 311
1847890 313
1847900 314
1847910 314
1847920 315
1847930 316
1847940 316
1847950 318
1847960 319
1847970 319
1847980 320
1847990 322
1848000 322
1848010 324
1848020 325
1848030 325
1848040 326
1848050 328
1848060 329
1848070 329
1848080 331
1848090 332
1848100 332
1848110 334
1848120 335
1848130 335
1848140 336
1848150 337
1848160 337
1848170 338
1848180 338
1848190 338
1848200 338
1848210 338
1848220 338
1848230 338
1848240 337
1848250 337
1848260 337
1848270 337
1848280 337
1848290 337
1848300 336
1848310 336
1848320 336
1848330 336
1848340 336
1848350 336
1848360 336
1848370 336
1848380 336
1848390 336
1848400 336
1848410 336
1848420 335
1848430 335
1848440 336
1848450 336
1848460 336
1848470 335
1848480 335
1848490 335
1848500 334
1848510 334
1848520 334
1848530 333
1848540 332
1848550 332
1848560 331
1848570 330
1848580 330
1848590 328
1848600 326
1848610 326
1848620 323
1848630 320
1848640 320
1848650 316
1848660 313
1848670 313
1848680 309
1848690 303
1848700 303
1848710 300
1848720 300
1848730 300
1848740 300
1848750 300
1848760 300
1848770 299
1848780 301
1848790 301
1848800 303
1848810 305
1848820 305
1848830 308
1848840 312
1848850 312
1848860 316
1848870 319
1848880 319
1848890 322
1848900 325
1848910 325
1848920 328
1848930 332
1848940 332
1848950 335
1848960 338
1848970 341
1848980 341
1848990 345
1849000 347
1849010 347
1849020 350
1849030 352
1849040 352
1849050 355
1849060 357
1849070 357
1849080 359
1849090 361
1849100 361
1849110 363
1849120 365
1849130 365
1849140 366
1849150 368
1849160 368
1849170 370
1849180 371
1849190 371
1849200 373
1849210 374
1849220 374
1849230 376
1849240 377
1849250 377
1849260 379
1849270 381
1849280 381
1849290 382
1849300 384
1849310 384
1849320 385
1849330 387
1849340 387
1849350 388
1849360 389
1849370 389
1849380 390
1849390 390
1849400 390
1849410 391
1849420 391
1849430 391
1849440 390
1849450 390
1849460 390
1849470 389
1849480 389
1849490 389
1849500 388
1849510 385
1849520 385
1849530 384
1849540 383
1849550 383
1849560 382
1849570 381
1849580 381
1849590 380
1849600 379
1849610 379
1849620 379
1849630 378
1849640 378
1849650 377
1849660 376
1849670 376
1849680 375
1849690 375
1849700 375
1849710 374
1849720 373
1849730 373
1849740 372
1849750 371
1849760 371
1849770 370
1849780 369
1849790 369
1849800 368
1849810 367
1849820 367
1849830 366
1849840 365
1849850 365
1849860 362
1849870 361
1849880 361
1849890 361
1849900 360
1849910 359
1849920 359
1849930 357
1849940 359
1849950 359
1849960 362
1849970 364
1849980 364
1849990 367
1850000 369
1850010 369
1850020 372
1850030 376
1850040 376
1850050 379
1850060 381
1850070 381
1850080 382
1850090 384
1850100 384
1850110 385
1850120 387
1850130 387
1850140 388
1850150 389
1850160 389
1850170 391
1850180 392
1850190 392
1850200 393
1850210 395
1850220 395
1850230 395
1850240 395
1850250 395
1850260 396
1850270 397
1850280 397
1850290 397
1850300 398
1850310 398
1850320 399
1850330 400
1850340 400
1850350 401
1850360 402
1850370 402
1850380 403
1850390 404
1850400 404
1850410 405
1850420 406
1850430 406
1850440 407
1850450 408
1850460 408
1850470 410
1850480 411
1850490 411
1850500 412
1850510 413
1850520 413
1850530 415
1850540 416
1850550 416
1850560 417
1850570 419
1850580 419
1850590 421
1850600 422
1850610 422
1850620 424
1850630 424
1850640 424
1850650 425
1850660 426
1850670 426
1850680 426
1850690 426
1850700 426
1850710 427
1850720 427
1850730 427
1850740 427
1850750 427
1850760 427
1850770 428
1850780 428
1850790 428
1850800 428
1850810 428
1850820 428
1850830 428
1850840 428
1850850 428
1850860 428
1850870 428
1850880 428
1850890 428
1850900 428
1850910 428
1850920 427
1850930 427
1850940 427
1850950 427
1850960 426
1850970 426
1850980 426
1850990 426
1851000 426
1851010 426
1851020 426
1851030 426
1851040 426
1851050 427
1851060 427
1851070 427
1851080 428
1851090 429
1851100 429
1851110 429
1851120 430
1851130 430
1851140 431
1851150 431
1851160 431
1851170 431
1851180 431
1851190 431
1851200 431
1851210 431
1851220 431
1851230 431
1851240 430
1851250 430
1851260 430
1851270 429
1851280 429
1851290 428
1851300 428
1851310 428
1851320 427
1851330 426
1851340 426
1851350 426
1851360 425
1851370 425
1851380 425
1851390 424
1851400 424
1851410 423
1851420 423
1851430 423
1851440 422
1851450 421
1851460 421
1851470 420
1851480 419
1851490 419
1851500 418
1851510 417
1851520 417
1851530 416
1851540 415
1851550 415
1851560 414
1851570 413
1851580 413
1851590 412
1851600 411
1851610 411
1851620 410
1851630 409
1851640 409
1851650 408
1851660 407
1851670 407
1851680 406
1851690 405
1851700 405
1851710 404
1851720 403
1851730 402
1851740 402
1851750 401
1851760 400
1851770 400
1851780 398
1851790 396
1851800 396
1851810 397
1851820 398
1851830 398
1851840 398
1851850 395
1851860 395
1851870 394
1851880 397
1851890 397
1851900 398
1851910 399
1851920 399
1851930 399
1851940 399
1851950 399
1851960 399
1851970 400
1851980 400
1851990 400
1852000 401
1852010 401
1852020 401
1852030 401
1852040 401
1852050 401
1852060 401
1852070 401
1852080 401
1852090 401
1852100 401
1852110 401
1852120 401
1852130 401
1852140 400
1852150 400
1852160 400
1852170 400
1852180 399
1852190 399
1852200 399
1852210 398
1852220 398
1852230 398
1852240 397
1852250 397
1852260 397
1852270 396
1852280 396
1852290 396
1852300 396
1852310 396
1852320 395
1852330 395
1852340 395
1852350 394
1852360 394
1852370 394
1852380 394
1852390 394
1852400 394
1852410 394
1852420 394
1852430 394
1852440 394
1852450 394
1852460 394
1852470 394
1852480 395
1852490 395
1852500 395
1852510 396
1852520 396
1852530 396
1852540 396
1852550 396
1852560 396
1852570 397
1852580 397
1852590 397
1852600 397
1852610 397
1852620 397
1852630 396
1852640 396
1852650 396
1852660 395
1852670 395
1852680 395
1852690 394
1852700 394
1852710 394
1852720 394
1852730 393
1852740 393
1852750 393
1852760 393
1852770 393
1852780 392
1852790 392
1852800 392
1852810 391
1852820 391
1852830 391
1852840 390
1852850 390
1852860 390
1852870 390
1852880 389
1852890 389
1852900 389
1852910 389
1852920 389
1852930 390
1852940 390
1852950 390
1852960 390
1852970 390
1852980 390
1852990 391
1853000 390
1853010 390
1853020 390
1853030 390
1853040 390
1853050 391
1853060 391
1853070 391
1853080 391
1853090 390
1853100 390
1853110 389
1853120 388
1853130 388
1853140 388
1853150 387
1853160 387
1853170 387
1853180 386
1853190 386
1853200 386
1853210 386
1853220 386
1853230 386
1853240 386
1853250 386
1853260 386
1853270 385
1853280 385
1853290 385
1853300 385
1853310 385
1853320 385
1853330 385
1853340 385
1853350 385
1853360 385
1853370 386
1853380 386
1853390 385
1853400 385
1853410 385
1853420 384
1853430 384
1853440 384
1853450 384
1853460 384
1853470 384
1853480 383
1853490 383
1853500 383
1853510 383
1853520 383
1853530 383
1853540 383
1853550 383
1853560 383
1853570 383
1853580 383
1853590 383
1853600 383
1853610 383
1853620 383
1853630 383
1853640 383
1853650 383
1853660 383
1853670 383
1853680 383
1853690 384
1853700 385
1853710 385
1853720 387
1853730 387
1853740 387
1853750 387
1853760 387
1853770 387
1853780 388
1853790 388
1853800 388
1853810 388
1853820 387
1853830 387
1853840 386
1853850 385
1853860 385
1853870 384
1853880 383
1853890 383
1853900 382
1853910 381
1853920 381
1853930 380
1853940 379
1853950 379
1853960 377
1853970 376
1853980 376
1853990 375
1854000 374
1854010 374
1854020 372
1854030 371
1854040 371
1854050 369
1854060 368
1854070 367
1854080 366
1854090 364
1854100 364
1854110 362
1854120 361
1854130 361
1854140 360
1854150 358
1854160 358
1854170 357
1854180 355
1854190 355
1854200 354
1854210 352
1854220 352
1854230 349
1854240 345
1854250 345
1854260 344
1854270 347
1854280 347
1854290 348
1854300 348
1854310 348
1854320 348
1854330 348
1854340 348
1854350 348
1854360 348
1854370 348
1854380 348
1854390 348
1854400 348
1854410 348
1854420 348
1854430 348
1854440 347
1854450 345
1854460 345
1854470 343
1854480 340
1854490 340
1854500 335
1854510 338
1854520 342
1854530 342
1854540 344
1854550 345
1854560 345
1854570 346
1854580 346
1854590 346
1854600 347
1854610 347
1854620 347
1854630 348
1854640 348
1854650 348
1854660 348
1854670 348
1854680 348
1854690 348
1854700 348
1854710 348
1854720 348
1854730 347
1854740 347
1854750 347
1854760 347
1854770 347
1854780 347
1854790 347
1854800 347
1854810 346
1854820 346
1854830 346
1854840 346
1854850 345
1854860 345
1854870 345
1854880 344
1854890 344
1854900 344
1854910 343
1854920 343
1854930 343
1854940 342
1854950 342
1854960 342
1854970 341
1854980 341
1854990 341
1855000 341
1855010 341
1855020 341
1855030 341
1855040 341
1855050 341
1855060 341
1855070 341
1855080 341
1855090 341
1855100 341
1855110 341
1855120 344
1855130 344
1855140 344
1855150 344
1855160 344
1855170 344
1855180 343
1855190 343
1855200 341
1855210 340
1855220 340
1855230 338
1855240 336
1855250 336
1855260 333
1855270 328
1855280 328
1855290 325
1855300 321
1855310 321
1855320 317
1855330 314
1855340 314
1855350 308
1855360 301
1855370 301
1855380 298
1855390 300
1855400 300
1855410 304
1855420 307
1855430 307
1855440 310
1855450 315
1855460 320
1855470 321
1855480 324
1855490 328
1855500 328
1855510 330
1855520 334
1855530 334
1855540 337
1855550 339
1855560 339
1855570 342
1855580 344
1855590 344
1855600 346
1855610 347
1855620 347
1855630 349
1855640 350
1855650 350
1855660 351
1855670 352
1855680 352
1855690 352
1855700 353
1855710 353
1855720 353
1855730 354
1855740 354
1855750 354
1855760 354
1855770 354
1855780 355
1855790 355
1855800 355
1855810 356
1855820 356
1855830 356
1855840 356
1855850 356
1855860 356
1855870 356
1855880 356
1855890 356
1855900 355
1855910 355
1855920 355
1855930 355
1855940 355
1855950 355
1855960 355
1855970 355
1855980 355
1855990 355
1856000 355
1856010 355
1856020 355
1856030 355
1856040 355
1856050 355
1856060 356
1856070 356
1856080 356
1856090 357
1856100 357
1856110 357
1856120 357
1856130 357
1856140 356
1856150 356
1856160 356
1856170 355
1856180 355
1856190 355
1856200 354
1856210 353
1856220 353
1856230 353
1856240 352
1856250 352
1856260 351
1856270 350
1856280 350
1856290 349
1856300 348
1856310 348
1856320 347
1856330 347
1856340 347
1856350 346
1856360 345
1856370 345
1856380 345
1856390 345
1856400 345
1856410 345
1856420 345
1856430 345
1856440 345
1856450 345
1856460 346
1856470 346
1856480 347
1856490 348
1856500 348
1856510 349
1856520 349
1856530 349
1856540 349
1856550 349
1856560 349
1856570 348
1856580 347
1856590 347
1856600 347
1856610 346
1856620 346
1856630 346
1856640 346
1856650 346
1856660 345
1856670 345
1856680 345
1856690 345
1856700 344
1856710 344
1856720 344
1856730 344
1856740 344
1856750 344
1856760 344
1856770 344
1856780 345
1856790 345
1856800 345
1856810 346
1856820 346
1856830 346
1856840 346
1856850 347
1856860 347
1856870 347
1856880 347
1856890 347
1856900 347
1856910 347
1856920 347
1856930 347
1856940 347
1856950 347
1856960 347
1856970 347
1856980 347
1856990 347
1857000 346
1857010 346
1857020 346
1857030 345
1857040 345
1857050 344
1857060 343
1857070 343
1857080 342
1857090 342
1857100 342
1857110 341
1857120 341
1857130 341
1857140 340
1857150 340
1857160 340
1857170 339
1857180 339
1857190 339
1857200 338
1857210 338
1857220 338
1857230 337
1857240 337
1857250 337
1857260 336
1857270 335
1857280 335
1857290 333
1857300 332
1857310 330
1857320 330
1857330 328
1857340 326
1857350 326
1857360 323
1857370 322
1857380 322
1857390 323
1857400 325
1857410 325
1857420 327
1857430 329
1857440 329
1857450 330
1857460 330
1857470 330
1857480 331
1857490 330
1857500 330
1857510 330
1857520 330
1857530 330
1857540 330
1857550 330
1857560 330
1857570 330
1857580 330
1857590 330
1857600 330
1857610 330
1857620 330
1857630 330
1857640 330
1857650 330
1857660 330
1857670 330
1857680 330
1857690 330
1857700 330
1857710 330
1857720 330
1857730 330
1857740 330
1857750 330
1857760 331
1857770 331
1857780 331
1857790 331
1857800 331
1857810 332
1857820 332
1857830 332
1857840 333
1857850 332
1857860 332
1857870 332
1857880 330
1857890 329
1857900 327
1857910 326
1857920 326
1857930 324
1857940 321
1857950 321
1857960 317
1857970 314
1857980 314
1857990 309
1858000 305
1858010 305
1858020 300
1858030 296
1858040 296
1858050 291
1858060 288
1858070 288
1858080 285
1858090 282
1858100 282
1858110 280
1858120 277
1858130 277
1858140 273
1858150 270
1858160 270
1858170 267
1858180 264
1858190 264
1858200 263
1858210 264
1858220 264
1858230 266
1858240 271
1858250 272
1858260 272
1858270 273
1858280 275
1858290 275
1858300 276
1858310 278
1858320 278
1858330 280
1858340 284
1858350 284
1858360 287
1858370 292
1858380 292
1858390 296
1858400 300
1858410 300
1858420 305
1858430 310
1858440 310
1858450 314
1858460 318
1858470 318
1858480 321
1858490 322
1858500 322
1858510 321
1858520 321
1858530 321
1858540 320
1858550 319
1858560 319
1858570 317
1858580 316
1858590 316
1858600 314
1858610 313
1858620 313
1858630 311
1858640 309
1858650 309
1858660 307
1858670 306
1858680 306
1858690 304
1858700 303
1858710 303
1858720 301
1858730 300
1858740 300
1858750 299
1858760 297
1858770 297
1858780 295
1858790 293
1858800 293
1858810 292
1858820 291
1858830 291
1858840 291
1858850 292
1858860 292
1858870 293
1858880 295
1858890 295
1858900 297
1858910 298
1858920 298
1858930 303
1858940 304
1858950 304
1858960 304
1858970 304
1858980 304
1858990 305
1859000 305
1859010 305
1859020 305
1859030 305
1859040 305
1859050 304
1859060 303
1859070 303
1859080 302
1859090 300
1859100 300
1859110 299
1859120 298
1859130 298
1859140 297
1859150 296
1859160 294
1859170 294
1859180 293
1859190 292
1859200 292
1859210 290
1859220 289
1859230 289
1859240 288
1859250 287
1859260 287
1859270 286
1859280 285
1859290 285
1859300 283
1859310 282
1859320 282
1859330 281
1859340 279
1859350 279
1859360 278
1859370 277
1859380 277
1859390 276
1859400 274
1859410 274
1859420 273
1859430 271
1859440 271
1859450 269
1859460 266
1859470 266
1859480 264
1859490 263
1859500 263
1859510 261
1859520 260
1859530 260
1859540 259
1859550 258
1859560 258
1859570 257
1859580 256
1859590 256
1859600 255
1859610 255
1859620 256
1859630 256
1859640 255
1859650 255
1859660 255
1859670 255
1859680 255
1859690 254
1859700 254
1859710 254
1859720 253
1859730 253
1859740 253
1859750 252
1859760 252
1859770 252
1859780 251
1859790 251
1859800 251
1859810 250
1859820 249
1859830 249
1859840 249
1859850 248
1859860 248
1859870 248
1859880 248
1859890 248
1859900 247
1859910 246
1859920 246
1859930 244
1859940 243
1859950 243
1859960 243
1859970 241
1859980 241
1859990 240
