1840000 184
1840010 184
1840020 184
1840030 184
1840040 184
1840050 184
1840060 184
1840070 184
1840080 184
1840090 184
1840100 184
1840110 183
1840120 183
1840130 183
1840140 183
1840150 183
1840160 183
1840170 184
1840180 183
1840190 183
1840200 183
1840210 183
1840220 183
1840230 183
1840240 183
1840250 183
1840260 183
1840270 183
1840280 183
1840290 183
1840300 183
1840310 183
1840320 183
1840330 183
1840340 183
1840350 183
1840360 183
1840370 183
1840380 183
1840390 183
1840400 183
1840410 183
1840420 183
1840430 183
1840440 183
1840450 183
1840460 183
1840470 183
1840480 183
1840490 183
1840500 183
1840510 183
1840520 183
1840530 183
1840540 183
1840550 183
1840560 183
1840570 183
1840580 183
1840590 183
1840600 183
1840610 184
1840620 184
1840630 184
1840640 183
1840650 183
1840660 183
1840670 183
1840680 183
1840690 183
1840700 182
1840710 182
1840720 183
1840730 184
1840740 184
1840750 184
1840760 183
1840770 183
1840780 183
1840790 183
1840800 183
1840810 183
1840820 183
1840830 183
1840840 183
1840850 184
1840860 184
1840870 184
1840880 184
1840890 184
1840900 184
1840910 184
1840920 184
1840930 185
1840940 183
1840950 183
1840960 181
1840970 182
1840980 182
1840990 184
1841000 184
1841010 184
1841020 184
1841030 184
1841040 184
1841050 184
1841060 183
1841070 183
1841080 183
1841090 183
1841100 183
1841110 183
1841120 182
1841130 182
1841140 180
1841150 182
1841160 182
1841170 184
1841180 183
1841190 183
1841200 183
1841210 183
1841220 183
1841230 183
1841240 183
1841250 183
1841260 183
1841270 183
1841280 183
1841290 183
1841300 183
1841310 183
1841320 183
1841330 183
1841340 183
1841350 183
1841360 183
1841370 183
1841380 183
1841390 183
1841400 183
1841410 183
1841420 183
1841430 183
1841440 183
1841450 183
1841460 183
1841470 183
1841480 183
1841490 183
1841500 183
1841510 183
1841520 183
1841530 183
1841540 183
1841550 183
1841560 183
1841570 182
1841580 182
1841590 182
1841600 182
1841610 182
1841620 182
1841630 182
1841640 182
1841650 182
1841660 182
1841670 183
1841680 183
1841690 183
1841700 182
1841710 182
1841720 182
1841730 182
1841740 182
1841750 182
1841760 182
1841770 182
1841780 182
1841790 182
1841800 182
1841810 182
1841820 183
1841830 183
1841840 183
1841850 183
1841860 183
1841870 183
1841880 183
1841890 183
1841900 183
1841910 183
1841920 183
1841930 183
1841940 183
1841950 183
1841960 183
1841970 183
1841980 183
1841990 183
1842000 183
1842010 183
1842020 183
1842030 183
1842040 183
1842050 183
1842060 183
1842070 183
1842080 183
1842090 183
1842100 183
1842110 183
1842120 183
1842130 183
1842140 183
1842150 183
1842160 183
1842170 183
1842180 184
1842190 184
1842200 184
1842210 184
1842220 184
1842230 184
1842240 184
1842250 184
1842260 184
1842270 184
1842280 184
1842290 184
1842300 184
1842310 184
1842320 184
1842330 184
1842340 184
1842350 184
1842360 184
1842370 184
1842380 184
1842390 184
1842400 184
1842410 184
1842420 184
1842430 184
1842440 184
1842450 184
1842460 184
1842470 184
1842480 184
1842490 184
1842500 184
1842510 184
1842520 184
1842530 184
1842540 184
1842550 184
1842560 184
1842570 184
1842580 184
1842590 184
1842600 184
1842610 184
1842620 184
1842630 184
1842640 184
1842650 184
1842660 184
1842670 184
1842680 184
1842690 184
1842700 184
1842710 184
1842720 184
1842730 184
1842740 184
1842750 184
1842760 184
1842770 184
1842780 184
1842790 184
1842800 184
1842810 184
1842820 185
1842830 185
1842840 184
1842850 185
1842860 185
1842870 184
1842880 184
1842890 184
1842900 184
1842910 184
1842920 184
1842930 184
1842940 184
1842950 184
1842960 184
1842970 184
1842980 184
1842990 184
1843000 184
1843010 184
1843020 184
1843030 184
1843040 184
1843050 184
1843060 184
1843070 184
1843080 184
1843090 184
1843100 184
1843110 184
1843120 184
1843130 184
1843140 184
1843150 184
1843160 184
1843170 184
1843180 184
1843190 184
1843200 184
1843210 184
1843220 184
1843230 184
1843240 184
1843250 184
1843260 184
1843270 184
1843280 184
1843290 184
1843300 184
1843310 184
1843320 184
1843330 184
1843340 184
1843350 184
1843360 184
1843370 184
1843380 184
1843390 184
1843400 184
1843410 184
1843420 184
1843430 184
1843440 184
1843450 184
1843460 184
1843470 184
1843480 184
1843490 184
1843500 184
1843510 184
1843520 185
1843530 185
1843540 185
1843550 185
1843560 185
1843570 185
1843580 185
1843590 185
1843600 185
1843610 185
1843620 185
1843630 185
1843640 185
1843650 185
1843660 186
1843670 185
1843680 185
1843690 185
1843700 185
1843710 185
1843720 185
1843730 186
1843740 186
1843750 186
1843760 186
1843770 186
1843780 186
1843790 186
1843800 186
1843810 186
1843820 186
1843830 186
1843840 186
1843850 186
1843860 186
1843870 186
1843880 186
1843890 186
1843900 187
1843910 187
1843920 187
1843930 187
1843940 187
1843950 187
1843960 187
1843970 187
1843980 187
1843990 187
1844000 187
1844010 187
1844020 187
1844030 187
1844040 187
1844050 187
1844060 187
1844070 187
1844080 187
1844090 187
1844100 187
1844110 187
1844120 187
1844130 187
1844140 187
1844150 188
1844160 188
1844170 188
1844180 188
1844190 188
1844200 188
1844210 188
1844220 188
1844230 188
1844240 188
1844250 188
1844260 188
1844270 188
1844280 188
1844290 188
1844300 188
1844310 188
1844320 188
1844330 188
1844340 188
1844350 189
1844360 189
1844370 189
1844380 189
1844390 189
1844400 189
1844410 189
1844420 190
1844430 190
1844440 190
1844450 190
1844460 190
1844470 190
1844480 190
1844490 191
1844500 191
1844510 191
1844520 191
1844530 191
1844540 191
1844550 191
1844560 191
1844570 191
1844580 191
1844590 191
1844600 191
1844610 191
1844620 191
1844630 192
1844640 192
1844650 192
1844660 192
1844670 192
1844680 192
1844690 193
1844700 193
1844710 193
1844720 193
1844730 193
1844740 193
1844750 193
1844760 193
1844770 193
1844780 193
1844790 193
1844800 193
1844810 193
1844820 193
1844830 193
1844840 193
1844850 194
1844860 194
1844870 193
1844880 193
1844890 193
1844900 193
1844910 194
1844920 194
1844930 194
1844940 194
1844950 194
1844960 194
1844970 194
1844980 194
1844990 194
1845000 194
1845010 194
1845020 194
1845030 194
1845040 194
1845050 194
1845060 194
1845070 194
1845080 194
1845090 195
1845100 195
1845110 195
1845120 195
1845130 195
1845140 195
1845150 195
1845160 195
1845170 195
1845180 195
1845190 195
1845200 195
1845210 195
1845220 195
1845230 196
1845240 196
1845250 196
1845260 196
1845270 196
1845280 196
1845290 196
1845300 196
1845310 196
1845320 196
1845330 196
1845340 196
1845350 196
1845360 197
1845370 197
1845380 197
1845390 197
1845400 197
1845410 197
1845420 197
1845430 197
1845440 197
1845450 197
1845460 197
1845470 197
1845480 198
1845490 198
1845500 198
1845510 198
1845520 198
1845530 198
1845540 198
1845550 198
1845560 198
1845570 198
1845580 198
1845590 198
1845600 199
1845610 199
1845620 199
1845630 199
1845640 199
1845650 199
1845660 199
1845670 200
1845680 200
1845690 200
1845700 200
1845710 200
1845720 200
1845730 200
1845740 200
1845750 201
1845760 201
1845770 201
1845780 201
1845790 201
1845800 201
1845810 201
1845820 202
1845830 202
1845840 202
1845850 202
1845860 202
1845870 202
1845880 203
1845890 203
1845900 203
1845910 203
1845920 203
1845930 203
1845940 203
1845950 203
1845960 204
1845970 204
1845980 204
1845990 204
1846000 204
1846010 204
1846020 205
1846030 205
1846040 205
1846050 205
1846060 205
1846070 205
1846080 206
1846090 206
1846100 206
1846110 206
1846120 206
1846130 206
1846140 207
1846150 207
1846160 207
1846170 207
1846180 207
1846190 207
1846200 207
1846210 207
1846220 207
1846230 207
1846240 207
1846250 207
1846260 208
1846270 208
1846280 208
1846290 208
1846300 208
1846310 209
1846320 209
1846330 209
1846340 209
1846350 209
1846360 210
1846370 210
1846380 210
1846390 210
1846400 210
1846410 210
1846420 210
1846430 210
1846440 210
1846450 211
1846460 212
1846470 212
1846480 212
1846490 212
1846500 212
1846510 213
1846520 214
1846530 214
1846540 215
1846550 216
1846560 217
1846570 217
1846580 217
1846590 217
1846600 218
1846610 219
1846620 219
1846630 221
1846640 224
1846650 224
1846660 225
1846670 226
1846680 226
1846690 227
1846700 228
1846710 228
1846720 228
1846730 227
1846740 227
1846750 226
1846760 224
1846770 224
1846780 223
1846790 226
1846800 226
1846810 227
1846820 228
1846830 228
1846840 232
1846850 236
1846860 236
1846870 238
1846880 240
1846890 240
1846900 242
1846910 247
1846920 247
1846930 248
1846940 250
1846950 250
1846960 251
1846970 251
1846980 251
1846990 252
1847000 252
1847010 252
1847020 253
1847030 253
1847040 253
1847050 254
1847060 254
1847070 254
1847080 254
1847090 254
1847100 254
1847110 254
1847120 254
1847130 254
1847140 254
1847150 254
1847160 254
1847170 254
1847180 254
1847190 254
1847200 255
1847210 255
1847220 255
1847230 255
1847240 255
1847250 255
1847260 256
1847270 258
1847280 258
1847290 258
1847300 258
1847310 259
1847320 259
1847330 259
1847340 259
1847350 259
1847360 259
1847370 256
1847380 256
1847390 258
1847400 260
1847410 260
1847420 261
1847430 261
1847440 261
1847450 261
1847460 262
1847470 262
1847480 262
1847490 263
1847500 263
1847510 263
1847520 264
1847530 264
1847540 265
1847550 266
1847560 266
1847570 267
1847580 269
1847590 269
1847600 270
1847610 270
1847620 272
1847630 273
1847640 274
1847650 274
1847660 275
1847670 275
1847680 275
1847690 276
1847700 276
1847710 276
1847720 277
1847730 278
1847740 278
1847750 278
1847760 279
1847770 279
1847780 280
1847790 281
1847800 281
1847810 281
1847820 282
1847830 282
1847840 283
1847850 284
1847860 284
1847870 284
1847880 284
1847890 284
1847900 286
1847910 288
1847920 288
1847930 288
1847940 287
1847950 287
1847960 288
1847970 289
1847980 292
1847990 295
1848000 293
1848010 293
1848020 293
1848030 294
1848040 294
1848050 293
1848060 293
1848070 293
1848080 293
1848090 294
1848100 294
1848110 294
1848120 295
1848130 295
1848140 295
1848150 295
1848160 295
1848170 295
1848180 295
1848190 295
1848200 294
1848210 293
1848220 293
1848230 293
1848240 293
1848250 292
1848260 292
1848270 292
1848280 292
1848290 292
1848300 292
1848310 291
1848320 291
1848330 293
1848340 292
1848350 292
1848360 292
1848370 292
1848380 292
1848390 292
1848400 292
1848410 292
1848420 292
1848430 291
1848440 291
1848450 290
1848460 290
1848470 290
1848480 290
1848490 290
1848500 290
1848510 290
1848520 290
1848530 290
1848540 289
1848550 288
1848560 288
1848570 287
1848580 285
1848590 285
1848600 284
1848610 283
1848620 283
1848630 281
1848640 280
1848650 280
1848660 279
1848670 277
1848680 277
1848690 277
1848700 275
1848710 275
1848720 273
1848730 272
1848740 272
1848750 270
1848760 269
1848770 269
1848780 270
1848790 271
1848800 271
1848810 270
1848820 267
1848830 267
1848840 265
1848850 265
1848860 265
1848870 265
1848880 266
1848890 266
1848900 267
1848910 271
1848920 271
1848930 275
1848940 279
1848950 279
1848960 283
1848970 285
1848980 285
1848990 286
1849000 287
1849010 287
1849020 287
1849030 287
1849040 286
1849050 287
1849060 287
1849070 287
1849080 286
1849090 286
1849100 286
1849110 285
1849120 284
1849130 284
1849140 283
1849150 283
1849160 283
1849170 283
1849180 284
1849190 285
1849200 285
1849210 287
1849220 287
1849230 287
1849240 289
1849250 290
1849260 290
1849270 291
1849280 290
1849290 290
1849300 291
1849310 292
1849320 292
1849330 291
1849340 291
1849350 291
1849360 290
1849370 291
1849380 291
1849390 291
1849400 289
1849410 289
1849420 289
1849430 288
1849440 288
1849450 287
1849460 287
1849470 287
1849480 286
1849490 286
1849500 286
1849510 285
1849520 287
1849530 287
1849540 289
1849550 292
1849560 292
1849570 295
1849580 299
1849590 299
1849600 302
1849610 305
1849620 305
1849630 307
1849640 309
1849650 309
1849660 310
1849670 311
1849680 311
1849690 311
1849700 311
1849710 311
1849720 312
1849730 313
1849740 313
1849750 316
1849760 316
1849770 316
1849780 317
1849790 318
1849800 318
1849810 319
1849820 320
1849830 320
1849840 321
1849850 322
1849860 322
1849870 322
1849880 323
1849890 323
1849900 324
1849910 324
1849920 324
1849930 325
1849940 326
1849950 326
1849960 327
1849970 327
1849980 327
1849990 328
1850000 329
1850010 329
1850020 329
1850030 330
1850040 330
1850050 330
1850060 330
1850070 330
1850080 330
1850090 331
1850100 330
1850110 330
1850120 330
1850130 330
1850140 330
1850150 330
1850160 330
1850170 330
1850180 330
1850190 330
1850200 330
1850210 330
1850220 329
1850230 329
1850240 329
1850250 328
1850260 328
1850270 327
1850280 327
1850290 327
1850300 326
1850310 326
1850320 326
1850330 325
1850340 324
1850350 324
1850360 322
1850370 321
1850380 321
1850390 323
1850400 327
1850410 327
1850420 329
1850430 330
1850440 330
1850450 332
1850460 334
1850470 334
1850480 335
1850490 336
1850500 336
1850510 338
1850520 339
1850530 339
1850540 341
1850550 343
1850560 343
1850570 345
1850580 347
1850590 347
1850600 348
1850610 350
1850620 350
1850630 352
1850640 354
1850650 354
1850660 356
1850670 358
1850680 358
1850690 360
1850700 361
1850710 361
1850720 363
1850730 364
1850740 364
1850750 365
1850760 366
1850770 366
1850780 366
1850790 366
1850800 366
1850810 364
1850820 363
1850830 363
1850840 362
1850850 360
1850860 360
1850870 359
1850880 357
1850890 357
1850900 356
1850910 354
1850920 354
1850930 352
1850940 351
1850950 351
1850960 349
1850970 347
1850980 347
1850990 345
1851000 342
1851010 342
1851020 340
1851030 338
1851040 338
1851050 336
1851060 334
1851070 334
1851080 333
1851090 331
1851100 331
1851110 330
1851120 326
1851130 327
1851140 327
1851150 332
1851160 338
1851170 338
1851180 341
1851190 344
1851200 344
1851210 347
1851220 350
1851230 350
1851240 353
1851250 355
1851260 355
1851270 358
1851280 361
1851290 361
1851300 363
1851310 365
1851320 365
1851330 368
1851340 370
1851350 370
1851360 372
1851370 374
1851380 374
1851390 376
1851400 377
1851410 377
1851420 378
1851430 379
1851440 379
1851450 379
1851460 379
1851470 379
1851480 379
1851490 379
1851500 379
1851510 378
1851520 378
1851530 378
1851540 378
1851550 378
1851560 378
1851570 379
1851580 381
1851590 381
1851600 383
1851610 384
1851620 384
1851630 386
1851640 387
1851650 387
1851660 388
1851670 389
1851680 389
1851690 390
1851700 390
1851710 390
1851720 391
1851730 391
1851740 391
1851750 392
1851760 392
1851770 392
1851780 392
1851790 392
1851800 392
1851810 393
1851820 393
1851830 393
1851840 393
1851850 393
1851860 392
1851870 392
1851880 392
1851890 392
1851900 392
1851910 393
1851920 393
1851930 393
1851940 393
1851950 393
1851960 393
1851970 393
1851980 393
1851990 393
1852000 392
1852010 392
1852020 392
1852030 392
1852040 392
1852050 392
1852060 392
1852070 392
1852080 392
1852090 391
1852100 391
1852110 391
1852120 391
1852130 391
1852140 391
1852150 390
1852160 390
1852170 390
1852180 389
1852190 388
1852200 388
1852210 388
1852220 386
1852230 386
1852240 386
1852250 385
1852260 385
1852270 384
1852280 383
1852290 383
1852300 382
1852310 381
1852320 381
1852330 380
1852340 379
1852350 379
1852360 377
1852370 375
1852380 375
1852390 373
1852400 372
1852410 372
1852420 370
1852430 368
1852440 368
1852450 365
1852460 359
1852470 359
1852480 356
1852490 356
1852500 356
1852510 355
1852520 354
1852530 354
1852540 353
1852550 351
1852560 351
1852570 356
1852580 355
1852590 355
1852600 354
1852610 353
1852620 353
1852630 352
1852640 353
1852650 353
1852660 352
1852670 350
1852680 350
1852690 346
1852700 340
1852710 340
1852720 338
1852730 339
1852740 339
1852750 344
1852760 347
1852770 347
1852780 350
1852790 353
1852800 353
1852810 355
1852820 356
1852830 356
1852840 356
1852850 357
1852860 357
1852870 358
1852880 361
1852890 361
1852900 366
1852910 368
1852920 365
1852930 367
1852940 369
1852950 369
1852960 371
1852970 372
1852980 372
1852990 374
1853000 375
1853010 375
1853020 376
1853030 377
1853040 377
1853050 377
1853060 376
1853070 375
1853080 375
1853090 374
1853100 373
1853110 373
1853120 376
1853130 378
1853140 378
1853150 380
1853160 382
1853170 382
1853180 383
1853190 385
1853200 385
1853210 386
1853220 388
1853230 388
1853240 389
1853250 390
1853260 390
1853270 391
1853280 392
1853290 392
1853300 393
1853310 394
1853320 394
1853330 394
1853340 395
1853350 395
1853360 395
1853370 396
1853380 396
1853390 396
1853400 396
1853410 396
1853420 396
1853430 396
1853440 396
1853450 396
1853460 396
1853470 396
1853480 396
1853490 395
1853500 395
1853510 395
1853520 394
1853530 394
1853540 394
1853550 394
1853560 394
1853570 393
1853580 393
1853590 393
1853600 393
1853610 393
1853620 393
1853630 393
1853640 393
1853650 393
1853660 393
1853670 393
1853680 393
1853690 393
1853700 394
1853710 394
1853720 394
1853730 394
1853740 394
1853750 394
1853760 395
1853770 395
1853780 395
1853790 396
1853800 396
1853810 396
1853820 397
1853830 397
1853840 398
1853850 398
1853860 398
1853870 399
1853880 399
1853890 399
1853900 400
1853910 400
1853920 400
1853930 401
1853940 401
1853950 401
1853960 401
1853970 402
1853980 402
1853990 402
1854000 402
1854010 402
1854020 402
1854030 402
1854040 402
1854050 402
1854060 402
1854070 402
1854080 402
1854090 402
1854100 402
1854110 402
1854120 401
1854130 401
1854140 401
1854150 400
1854160 400
1854170 400
1854180 400
1854190 400
1854200 400
1854210 400
1854220 400
1854230 400
1854240 400
1854250 400
1854260 400
1854270 399
1854280 398
1854290 398
1854300 398
1854310 397
1854320 397
1854330 397
1854340 397
1854350 397
1854360 396
1854370 396
1854380 396
1854390 396
1854400 396
1854410 396
1854420 396
1854430 397
1854440 397
1854450 396
1854460 395
1854470 395
1854480 394
1854490 394
1854500 394
1854510 393
1854520 393
1854530 393
1854540 393
1854550 393
1854560 393
1854570 393
1854580 393
1854590 393
1854600 393
1854610 393
1854620 393
1854630 393
1854640 393
1854650 393
1854660 394
1854670 395
1854680 395
1854690 395
1854700 395
1854710 395
1854720 395
1854730 395
1854740 395
1854750 395
1854760 395
1854770 395
1854780 394
1854790 394
1854800 394
1854810 393
1854820 393
1854830 393
1854840 393
1854850 392
1854860 392
1854870 392
1854880 392
1854890 392
1854900 391
1854910 391
1854920 391
1854930 391
1854940 390
1854950 390
1854960 390
1854970 390
1854980 390
1854990 390
1855000 390
1855010 390
1855020 390
1855030 390
1855040 390
1855050 390
1855060 389
1855070 389
1855080 389
1855090 389
1855100 388
1855110 388
1855120 387
1855130 387
1855140 387
1855150 387
1855160 387
1855170 387
1855180 387
1855190 387
1855200 387
1855210 387
1855220 387
1855230 387
1855240 387
1855250 387
1855260 387
1855270 387
1855280 387
1855290 387
1855300 388
1855310 388
1855320 388
1855330 388
1855340 388
1855350 388
1855360 388
1855370 388
1855380 388
1855390 388
1855400 388
1855410 388
1855420 388
1855430 388
1855440 388
1855450 388
1855460 387
1855470 387
1855480 387
1855490 387
1855500 387
1855510 387
1855520 387
1855530 387
1855540 386
1855550 386
1855560 386
1855570 386
1855580 385
1855590 385
1855600 385
1855610 385
1855620 385
1855630 384
1855640 383
1855650 383
1855660 383
1855670 382
1855680 382
1855690 382
1855700 381
1855710 381
1855720 381
1855730 380
1855740 380
1855750 380
1855760 379
1855770 379
1855780 379
1855790 378
1855800 378
1855810 377
1855820 377
1855830 377
1855840 376
1855850 375
1855860 375
1855870 375
1855880 374
1855890 374
1855900 373
1855910 372
1855920 372
1855930 372
1855940 371
1855950 371
1855960 370
1855970 369
1855980 368
1855990 368
1856000 367
1856010 367
1856020 367
1856030 366
1856040 365
1856050 365
1856060 363
1856070 360
1856080 360
1856090 359
1856100 358
1856110 358
1856120 360
1856130 362
1856140 362
1856150 362
1856160 362
1856170 362
1856180 362
1856190 362
1856200 362
1856210 362
1856220 362
1856230 362
1856240 362
1856250 363
1856260 363
1856270 363
1856280 364
1856290 364
1856300 364
1856310 364
1856320 364
1856330 364
1856340 364
1856350 364
1856360 364
1856370 364
1856380 364
1856390 364
1856400 365
1856410 365
1856420 365
1856430 365
1856440 365
1856450 365
1856460 365
1856470 365
1856480 365
1856490 365
1856500 365
1856510 366
1856520 366
1856530 366
1856540 366
1856550 366
1856560 366
1856570 367
1856580 367
1856590 367
1856600 367
1856610 367
1856620 367
1856630 367
1856640 367
1856650 367
1856660 366
1856670 366
1856680 366
1856690 366
1856700 366
1856710 366
1856720 365
1856730 365
1856740 365
1856750 366
1856760 366
1856770 366
1856780 365
1856790 365
1856800 365
1856810 365
1856820 365
1856830 365
1856840 365
1856850 364
1856860 364
1856870 364
1856880 364
1856890 364
1856900 363
1856910 363
1856920 363
1856930 363
1856940 362
1856950 362
1856960 362
1856970 362
1856980 361
1856990 361
1857000 361
1857010 361
1857020 361
1857030 360
1857040 360
1857050 360
1857060 360
1857070 359
1857080 359
1857090 359
1857100 359
1857110 359
1857120 359
1857130 359
1857140 359
1857150 359
1857160 359
1857170 359
1857180 360
1857190 360
1857200 360
1857210 359
1857220 360
1857230 360
1857240 360
1857250 360
1857260 360
1857270 359
1857280 358
1857290 358
1857300 357
1857310 357
1857320 357
1857330 356
1857340 356
1857350 356
1857360 355
1857370 355
1857380 355
1857390 355
1857400 354
1857410 354
1857420 354
1857430 354
1857440 354
1857450 354
1857460 353
1857470 353
1857480 353
1857490 352
1857500 352
1857510 352
1857520 351
1857530 351
1857540 351
1857550 352
1857560 352
1857570 351
1857580 350
1857590 350
1857600 350
1857610 349
1857620 349
1857630 349
1857640 349
1857650 349
1857660 349
1857670 349
1857680 349
1857690 349
1857700 350
1857710 350
1857720 350
1857730 350
1857740 350
1857750 350
1857760 350
1857770 350
1857780 350
1857790 350
1857800 350
1857810 350
1857820 350
1857830 350
1857840 350
1857850 349
1857860 349
1857870 349
1857880 348
1857890 348
1857900 348
1857910 347
1857920 347
1857930 347
1857940 347
1857950 347
1857960 347
1857970 346
1857980 346
1857990 346
1858000 346
1858010 346
1858020 346
1858030 346
1858040 346
1858050 346
1858060 346
1858070 346
1858080 346
1858090 346
1858100 346
1858110 346
1858120 346
1858130 345
1858140 345
1858150 345
1858160 344
1858170 344
1858180 344
1858190 343
1858200 343
1858210 342
1858220 342
1858230 342
1858240 341
1858250 341
1858260 341
1858270 340
1858280 340
1858290 340
1858300 339
1858310 338
1858320 338
1858330 338
1858340 337
1858350 337
1858360 337
1858370 336
1858380 336
1858390 336
1858400 335
1858410 335
1858420 335
1858430 335
1858440 335
1858450 334
1858460 334
1858470 334
1858480 333
1858490 333
1858500 333
1858510 333
1858520 333
1858530 333
1858540 333
1858550 332
1858560 332
1858570 332
1858580 333
1858590 333
1858600 334
1858610 335
1858620 335
1858630 335
1858640 336
1858650 336
1858660 337
1858670 337
1858680 337
1858690 337
1858700 337
1858710 337
1858720 337
1858730 336
1858740 336
1858750 336
1858760 336
1858770 336
1858780 335
1858790 335
1858800 335
1858810 335
1858820 333
1858830 333
1858840 333
1858850 332
1858860 332
1858870 332
1858880 331
1858890 331
1858900 331
1858910 331
1858920 330
1858930 330
1858940 331
1858950 331
1858960 331
1858970 331
1858980 331
1858990 331
1859000 330
1859010 331
1859020 331
1859030 332
1859040 332
1859050 332
1859060 332
1859070 332
1859080 332
1859090 331
1859100 330
1859110 330
1859120 329
1859130 328
1859140 328
1859150 327
1859160 326
1859170 325
1859180 324
1859190 322
1859200 322
1859210 319
1859220 316
1859230 316
1859240 313
1859250 310
1859260 310
1859270 307
1859280 304
1859290 304
1859300 300
1859310 297
1859320 297
1859330 293
1859340 291
1859350 291
1859360 288
1859370 284
1859380 284
1859390 287
1859400 288
1859410 288
1859420 290
1859430 291
1859440 291
1859450 292
1859460 295
1859470 295
1859480 296
1859490 298
1859500 298
1859510 303
1859520 304
1859530 304
1859540 305
1859550 306
1859560 306
1859570 306
1859580 306
1859590 306
1859600 307
1859610 306
1859620 306
1859630 306
1859640 305
1859650 305
1859660 304
1859670 303
1859680 303
1859690 301
1859700 300
1859710 300
1859720 298
1859730 297
1859740 297
1859750 296
1859760 294
1859770 294
1859780 293
1859790 292
1859800 292
1859810 290
1859820 289
1859830 289
1859840 286
1859850 284
1859860 284
1859870 282
1859880 280
1859890 279
1859900 279
1859910 279
1859920 279
1859930 279
1859940 279
1859950 280
1859960 280
1859970 280
1859980 279
1859990 279
