1840000 184
1840010 184
1840020 184
1840030 184
1840040 184
1840050 184
1840060 184
1840070 184
1840080 184
1840090 183
1840100 183
1840110 183
1840120 183
1840130 183
1840140 183
1840150 183
1840160 183
1840170 183
1840180 183
1840190 184
1840200 184
1840210 184
1840220 184
1840230 184
1840240 184
1840250 184
1840260 184
1840270 184
1840280 184
1840290 184
1840300 184
1840310 184
1840320 183
1840330 183
1840340 183
1840350 183
1840360 183
1840370 183
1840380 183
1840390 183
1840400 183
1840410 183
1840420 183
1840430 183
1840440 183
1840450 183
1840460 183
1840470 183
1840480 183
1840490 183
1840500 183
1840510 183
1840520 183
1840530 183
1840540 183
1840550 183
1840560 183
1840570 183
1840580 183
1840590 183
1840600 183
1840610 183
1840620 183
1840630 183
1840640 183
1840650 183
1840660 183
1840670 184
1840680 184
1840690 184
1840700 183
1840710 182
1840720 182
1840730 183
1840740 184
1840750 184
1840760 183
1840770 183
1840780 183
1840790 183
1840800 183
1840810 183
1840820 183
1840830 184
1840840 184
1840850 183
1840860 184
1840870 184
1840880 184
1840890 184
1840900 184
1840910 184
1840920 184
1840930 184
1840940 184
1840950 184
1840960 184
1840970 184
1840980 184
1840990 184
1841000 184
1841010 185
1841020 185
1841030 185
1841040 184
1841050 184
1841060 184
1841070 184
1841080 184
1841090 185
1841100 184
1841110 184
1841120 184
1841130 184
1841140 184
1841150 184
1841160 184
1841170 183
1841180 183
1841190 181
1841200 181
1841210 181
1841220 183
1841230 184
1841240 184
1841250 184
1841260 183
1841270 183
1841280 184
1841290 184
1841300 184
1841310 184
1841320 184
1841330 184
1841340 184
1841350 184
1841360 184
1841370 183
1841380 183
1841390 183
1841400 183
1841410 183
1841420 183
1841430 183
1841440 183
1841450 183
1841460 183
1841470 183
1841480 183
1841490 183
1841500 183
1841510 183
1841520 183
1841530 183
1841540 183
1841550 183
1841560 183
1841570 183
1841580 183
1841590 183
1841600 183
1841610 183
1841620 183
1841630 183
1841640 183
1841650 183
1841660 183
1841670 183
1841680 183
1841690 183
1841700 183
1841710 183
1841720 183
1841730 183
1841740 183
1841750 183
1841760 183
1841770 183
1841780 183
1841790 183
1841800 183
1841810 183
1841820 183
1841830 183
1841840 183
1841850 183
1841860 183
1841870 183
1841880 183
1841890 183
1841900 183
1841910 183
1841920 183
1841930 183
1841940 183
1841950 183
1841960 183
1841970 183
1841980 183
1841990 183
1842000 183
1842010 183
1842020 183
1842030 183
1842040 183
1842050 183
1842060 183
1842070 184
1842080 184
1842090 184
1842100 184
1842110 184
1842120 184
1842130 184
1842140 184
1842150 184
1842160 184
1842170 184
1842180 184
1842190 184
1842200 184
1842210 184
1842220 184
1842230 185
1842240 185
1842250 184
1842260 185
1842270 185
1842280 185
1842290 185
1842300 185
1842310 185
1842320 185
1842330 185
1842340 185
1842350 185
1842360 185
1842370 185
1842380 185
1842390 185
1842400 185
1842410 185
1842420 185
1842430 185
1842440 185
1842450 185
1842460 185
1842470 185
1842480 185
1842490 185
1842500 185
1842510 185
1842520 185
1842530 185
1842540 185
1842550 185
1842560 185
1842570 185
1842580 185
1842590 185
1842600 185
1842610 185
1842620 185
1842630 185
1842640 185
1842650 185
1842660 185
1842670 185
1842680 185
1842690 185
1842700 185
1842710 185
1842720 185
1842730 185
1842740 185
1842750 185
1842760 185
1842770 185
1842780 185
1842790 185
1842800 185
1842810 185
1842820 185
1842830 185
1842840 185
1842850 185
1842860 185
1842870 185
1842880 185
1842890 185
1842900 185
1842910 185
1842920 185
1842930 185
1842940 185
1842950 185
1842960 185
1842970 185
1842980 185
1842990 185
1843000 185
1843010 185
1843020 185
1843030 185
1843040 185
1843050 185
1843060 185
1843070 185
1843080 185
1843090 185
1843100 185
1843110 185
1843120 185
1843130 185
1843140 185
1843150 185
1843160 185
1843170 185
1843180 185
1843190 185
1843200 185
1843210 185
1843220 185
1843230 185
1843240 185
1843250 185
1843260 185
1843270 185
1843280 185
1843290 185
1843300 185
1843310 185
1843320 185
1843330 185
1843340 185
1843350 185
1843360 185
1843370 185
1843380 185
1843390 185
1843400 185
1843410 185
1843420 185
1843430 185
1843440 185
1843450 185
1843460 185
1843470 185
1843480 185
1843490 185
1843500 185
1843510 185
1843520 185
1843530 185
1843540 185
1843550 185
1843560 185
1843570 185
1843580 185
1843590 185
1843600 185
1843610 185
1843620 186
1843630 186
1843640 185
1843650 185
1843660 185
1843670 185
1843680 186
1843690 186
1843700 186
1843710 186
1843720 186
1843730 186
1843740 186
1843750 186
1843760 187
1843770 186
1843780 186
1843790 186
1843800 186
1843810 186
1843820 186
1843830 186
1843840 186
1843850 186
1843860 186
1843870 186
1843880 187
1843890 187
1843900 187
1843910 187
1843920 187
1843930 187
1843940 187
1843950 187
1843960 187
1843970 187
1843980 187
1843990 187
1844000 187
1844010 187
1844020 187
1844030 187
1844040 187
1844050 188
1844060 188
1844070 188
1844080 188
1844090 188
1844100 188
1844110 188
1844120 188
1844130 188
1844140 188
1844150 188
1844160 189
1844170 189
1844180 189
1844190 189
1844200 189
1844210 189
1844220 189
1844230 189
1844240 189
1844250 189
1844260 189
1844270 189
1844280 189
1844290 189
1844300 189
1844310 189
1844320 190
1844330 190
1844340 190
1844350 190
1844360 190
1844370 190
1844380 190
1844390 190
1844400 190
1844410 190
1844420 190
1844430 190
1844440 190
1844450 190
1844460 191
1844470 191
1844480 191
1844490 191
1844500 191
1844510 191
1844520 191
1844530 191
1844540 191
1844550 191
1844560 192
1844570 192
1844580 192
1844590 192
1844600 192
1844610 192
1844620 192
1844630 192
1844640 192
1844650 193
1844660 193
1844670 193
1844680 193
1844690 193
1844700 193
1844710 194
1844720 194
1844730 194
1844740 194
1844750 194
1844760 194
1844770 194
1844780 194
1844790 194
1844800 194
1844810 194
1844820 195
1844830 195
1844840 195
1844850 195
1844860 195
1844870 195
1844880 195
1844890 195
1844900 195
1844910 195
1844920 196
1844930 196
1844940 196
1844950 196
1844960 196
1844970 196
1844980 196
1844990 196
1845000 196
1845010 196
1845020 196
1845030 196
1845040 196
1845050 196
1845060 196
1845070 196
1845080 196
1845090 196
1845100 196
1845110 196
1845120 196
1845130 196
1845140 196
1845150 196
1845160 196
1845170 197
1845180 197
1845190 197
1845200 197
1845210 197
1845220 197
1845230 197
1845240 197
1845250 197
1845260 197
1845270 197
1845280 197
1845290 197
1845300 197
1845310 197
1845320 197
1845330 197
1845340 198
1845350 198
1845360 198
1845370 198
1845380 198
1845390 198
1845400 198
1845410 198
1845420 198
1845430 198
1845440 198
1845450 198
1845460 198
1845470 199
1845480 199
1845490 199
1845500 199
1845510 199
1845520 199
1845530 199
1845540 199
1845550 199
1845560 199
1845570 199
1845580 199
1845590 199
1845600 199
1845610 200
1845620 200
1845630 200
1845640 200
1845650 200
1845660 200
1845670 200
1845680 200
1845690 200
1845700 200
1845710 201
1845720 201
1845730 201
1845740 201
1845750 201
1845760 201
1845770 201
1845780 201
1845790 201
1845800 201
1845810 201
1845820 202
1845830 202
1845840 202
1845850 202
1845860 202
1845870 202
1845880 202
1845890 203
1845900 203
1845910 203
1845920 203
1845930 203
1845940 203
1845950 203
1845960 203
1845970 203
1845980 203
1845990 204
1846000 204
1846010 204
1846020 204
1846030 204
1846040 204
1846050 204
1846060 204
1846070 205
1846080 205
1846090 205
1846100 205
1846110 205
1846120 205
1846130 205
1846140 206
1846150 206
1846160 206
1846170 206
1846180 206
1846190 206
1846200 206
1846210 206
1846220 206
1846230 206
1846240 206
1846250 207
1846260 207
1846270 207
1846280 207
1846290 207
1846300 207
1846310 207
1846320 208
1846330 208
1846340 208
1846350 208
1846360 208
1846370 208
1846380 209
1846390 209
1846400 209
1846410 209
1846420 209
1846430 210
1846440 211
1846450 211
1846460 212
1846470 212
1846480 212
1846490 213
1846500 214
1846510 214
1846520 215
1846530 217
1846540 217
1846550 218
1846560 220
1846570 220
1846580 223
1846590 225
1846600 225
1846610 227
1846620 229
1846630 229
1846640 231
1846650 233
1846660 233
1846670 234
1846680 235
1846690 234
1846700 238
1846710 238
1846720 238
1846730 237
1846740 238
1846750 238
1846760 239
1846770 239
1846780 239
1846790 236
1846800 235
1846810 235
1846820 233
1846830 229
1846840 229
1846850 225
1846860 225
1846870 225
1846880 225
1846890 225
1846900 225
1846910 225
1846920 226
1846930 228
1846940 228
1846950 229
1846960 230
1846970 230
1846980 231
1846990 231
1847000 231
1847010 231
1847020 231
1847030 231
1847040 235
1847050 235
1847060 235
1847070 235
1847080 235
1847090 235
1847100 235
1847110 235
1847120 235
1847130 235
1847140 235
1847150 235
1847160 236
1847170 236
1847180 236
1847190 236
1847200 236
1847210 236
1847220 236
1847230 236
1847240 236
1847250 236
1847260 236
1847270 236
1847280 237
1847290 237
1847300 237
1847310 238
1847320 238
1847330 238
1847340 238
1847350 239
1847360 239
1847370 240
1847380 241
1847390 241
1847400 242
1847410 242
1847420 242
1847430 242
1847440 242
1847450 242
1847460 242
1847470 243
1847480 243
1847490 244
1847500 244
1847510 244
1847520 245
1847530 246
1847540 246
1847550 247
1847560 247
1847570 247
1847580 248
1847590 249
1847600 249
1847610 249
1847620 250
1847630 250
1847640 251
1847650 252
1847660 252
1847670 252
1847680 253
1847690 253
1847700 254
1847710 254
1847720 254
1847730 254
1847740 254
1847750 256
1847760 257
1847770 257
1847780 257
1847790 258
1847800 260
1847810 262
1847820 262
1847830 263
1847840 263
1847850 263
1847860 264
1847870 264
1847880 264
1847890 265
1847900 267
1847910 267
1847920 268
1847930 268
1847940 268
1847950 269
1847960 269
1847970 269
1847980 270
1847990 270
1848000 270
1848010 271
1848020 271
1848030 271
1848040 270
1848050 268
1848060 268
1848070 267
1848080 267
1848090 267
1848100 268
1848110 272
1848120 272
1848130 273
1848140 274
1848150 274
1848160 274
1848170 275
1848180 275
1848190 275
1848200 274
1848210 274
1848220 273
1848230 271
1848240 271
1848250 270
1848260 269
1848270 269
1848280 268
1848290 267
1848300 267
1848310 267
1848320 266
1848330 266
1848340 266
1848350 265
1848360 265
1848370 265
1848380 265
1848390 265
1848400 265
1848410 265
1848420 265
1848430 265
1848440 265
1848450 265
1848460 266
1848470 266
1848480 266
1848490 265
1848500 265
1848510 265
1848520 265
1848530 264
1848540 264
1848550 264
1848560 264
1848570 264
1848580 265
1848590 265
1848600 265
1848610 266
1848620 267
1848630 267
1848640 268
1848650 266
1848660 266
1848670 266
1848680 263
1848690 263
1848700 261
1848710 261
1848720 261
1848730 261
1848740 261
1848750 261
1848760 261
1848770 262
1848780 264
1848790 264
1848800 267
1848810 268
1848820 263
1848830 263
1848840 267
1848850 267
1848860 271
1848870 275
1848880 275
1848890 278
1848900 280
1848910 280
1848920 281
1848930 283
1848940 283
1848950 285
1848960 287
1848970 287
1848980 289
1848990 292
1849000 292
1849010 294
1849020 295
1849030 295
1849040 296
1849050 296
1849060 296
1849070 297
1849080 296
1849090 296
1849100 297
1849110 297
1849120 297
1849130 298
1849140 298
1849150 298
1849160 298
1849170 297
1849180 297
1849190 297
1849200 297
1849210 297
1849220 297
1849230 297
1849240 297
1849250 296
1849260 295
1849270 295
1849280 295
1849290 297
1849300 297
1849310 300
1849320 302
1849330 302
1849340 304
1849350 305
1849360 305
1849370 306
1849380 307
1849390 307
1849400 307
1849410 307
1849420 307
1849430 307
1849440 308
1849450 308
1849460 308
1849470 308
1849480 308
1849490 309
1849500 309
1849510 309
1849520 309
1849530 309
1849540 309
1849550 309
1849560 310
1849570 310
1849580 310
1849590 311
1849600 311
1849610 312
1849620 312
1849630 312
1849640 312
1849650 312
1849660 312
1849670 312
1849680 311
1849690 311
1849700 310
1849710 309
1849720 309
1849730 308
1849740 307
1849750 306
1849760 306
1849770 305
1849780 303
1849790 303
1849800 298
1849810 297
1849820 297
1849830 295
1849840 298
1849850 298
1849860 302
1849870 306
1849880 309
1849890 313
1849900 316
1849910 316
1849920 317
1849930 319
1849940 319
1849950 320
1849960 321
1849970 321
1849980 323
1849990 324
1850000 324
1850010 325
1850020 327
1850030 327
1850040 328
1850050 330
1850060 330
1850070 331
1850080 333
1850090 333
1850100 334
1850110 334
1850120 334
1850130 335
1850140 336
1850150 336
1850160 337
1850170 338
1850180 338
1850190 338
1850200 339
1850210 339
1850220 340
1850230 341
1850240 341
1850250 341
1850260 342
1850270 342
1850280 342
1850290 342
1850300 342
1850310 343
1850320 343
1850330 343
1850340 343
1850350 343
1850360 343
1850370 343
1850380 343
1850390 343
1850400 343
1850410 342
1850420 342
1850430 342
1850440 342
1850450 342
1850460 341
1850470 341
1850480 341
1850490 341
1850500 341
1850510 341
1850520 341
1850530 342
1850540 342
1850550 342
1850560 342
1850570 342
1850580 341
1850590 341
1850600 341
1850610 342
1850620 343
1850630 343
1850640 344
1850650 345
1850660 345
1850670 346
1850680 348
1850690 348
1850700 349
1850710 350
1850720 351
1850730 351
1850740 353
1850750 355
1850760 355
1850770 357
1850780 359
1850790 359
1850800 360
1850810 362
1850820 362
1850830 363
1850840 364
1850850 364
1850860 365
1850870 367
1850880 367
1850890 368
1850900 368
1850910 368
1850920 368
1850930 367
1850940 367
1850950 365
1850960 364
1850970 364
1850980 363
1850990 361
1851000 361
1851010 360
1851020 358
1851030 358
1851040 357
1851050 355
1851060 355
1851070 354
1851080 352
1851090 352
1851100 351
1851110 349
1851120 349
1851130 348
1851140 346
1851150 346
1851160 346
1851170 345
1851180 345
1851190 344
1851200 341
1851210 341
1851220 340
1851230 338
1851240 338
1851250 338
1851260 343
1851270 343
1851280 346
1851290 348
1851300 348
1851310 349
1851320 350
1851330 350
1851340 352
1851350 355
1851360 355
1851370 358
1851380 362
1851390 362
1851400 365
1851410 368
1851420 368
1851430 371
1851440 374
1851450 374
1851460 377
1851470 380
1851480 380
1851490 382
1851500 384
1851510 384
1851520 386
1851530 388
1851540 388
1851550 390
1851560 391
1851570 391
1851580 392
1851590 393
1851600 393
1851610 394
1851620 395
1851630 395
1851640 395
1851650 395
1851660 396
1851670 396
1851680 396
1851690 396
1851700 396
1851710 396
1851720 397
1851730 397
1851740 397
1851750 397
1851760 397
1851770 397
1851780 397
1851790 397
1851800 397
1851810 398
1851820 398
1851830 398
1851840 399
1851850 399
1851860 399
1851870 399
1851880 399
1851890 399
1851900 399
1851910 399
1851920 400
1851930 400
1851940 400
1851950 400
1851960 400
1851970 400
1851980 400
1851990 400
1852000 400
1852010 400
1852020 400
1852030 400
1852040 400
1852050 400
1852060 400
1852070 399
1852080 399
1852090 399
1852100 398
1852110 398
1852120 398
1852130 398
1852140 397
1852150 397
1852160 397
1852170 397
1852180 397
1852190 396
1852200 396
1852210 396
1852220 395
1852230 394
1852240 394
1852250 394
1852260 393
1852270 393
1852280 392
1852290 392
1852300 392
1852310 391
1852320 390
1852330 390
1852340 389
1852350 388
1852360 388
1852370 387
1852380 386
1852390 386
1852400 384
1852410 383
1852420 383
1852430 382
1852440 381
1852450 381
1852460 379
1852470 376
1852480 376
1852490 373
1852500 372
1852510 372
1852520 371
1852530 371
1852540 371
1852550 369
1852560 368
1852570 368
1852580 367
1852590 365
1852600 365
1852610 363
1852620 362
1852630 360
1852640 360
1852650 358
1852660 356
1852670 356
1852680 354
1852690 352
1852700 352
1852710 349
1852720 345
1852730 345
1852740 343
1852750 343
1852760 343
1852770 344
1852780 346
1852790 346
1852800 351
1852810 356
1852820 356
1852830 359
1852840 361
1852850 361
1852860 364
1852870 366
1852880 366
1852890 368
1852900 370
1852910 370
1852920 371
1852930 373
1852940 373
1852950 375
1852960 377
1852970 377
1852980 379
1852990 381
1853000 381
1853010 383
1853020 384
1853030 384
1853040 386
1853050 387
1853060 387
1853070 387
1853080 387
1853090 387
1853100 387
1853110 386
1853120 386
1853130 386
1853140 386
1853150 386
1853160 385
1853170 385
1853180 385
1853190 385
1853200 385
1853210 385
1853220 384
1853230 384
1853240 384
1853250 384
1853260 385
1853270 385
1853280 385
1853290 385
1853300 385
1853310 385
1853320 385
1853330 385
1853340 386
1853350 386
1853360 386
1853370 387
1853380 388
1853390 389
1853400 389
1853410 390
1853420 390
1853430 390
1853440 391
1853450 391
1853460 391
1853470 391
1853480 391
1853490 391
1853500 392
1853510 392
1853520 392
1853530 392
1853540 392
1853550 392
1853560 392
1853570 392
1853580 392
1853590 392
1853600 393
1853610 393
1853620 393
1853630 393
1853640 393
1853650 393
1853660 392
1853670 392
1853680 391
1853690 391
1853700 391
1853710 392
1853720 391
1853730 391
1853740 391
1853750 392
1853760 392
1853770 392
1853780 392
1853790 392
1853800 392
1853810 392
1853820 392
1853830 392
1853840 393
1853850 393
1853860 393
1853870 393
1853880 393
1853890 393
1853900 393
1853910 393
1853920 393
1853930 394
1853940 394
1853950 394
1853960 394
1853970 394
1853980 394
1853990 395
1854000 395
1854010 395
1854020 395
1854030 395
1854040 395
1854050 395
1854060 395
1854070 395
1854080 395
1854090 395
1854100 395
1854110 395
1854120 395
1854130 395
1854140 395
1854150 395
1854160 395
1854170 395
1854180 395
1854190 396
1854200 396
1854210 396
1854220 396
1854230 396
1854240 396
1854250 396
1854260 395
1854270 395
1854280 395
1854290 395
1854300 395
1854310 394
1854320 394
1854330 394
1854340 393
1854350 393
1854360 393
1854370 392
1854380 392
1854390 392
1854400 391
1854410 391
1854420 391
1854430 390
1854440 390
1854450 390
1854460 390
1854470 390
1854480 390
1854490 390
1854500 390
1854510 390
1854520 390
1854530 390
1854540 390
1854550 391
1854560 391
1854570 391
1854580 391
1854590 391
1854600 391
1854610 391
1854620 391
1854630 391
1854640 391
1854650 391
1854660 391
1854670 391
1854680 391
1854690 391
1854700 391
1854710 391
1854720 391
1854730 391
1854740 391
1854750 392
1854760 392
1854770 392
1854780 393
1854790 393
1854800 393
1854810 393
1854820 393
1854830 393
1854840 393
1854850 393
1854860 393
1854870 393
1854880 393
1854890 393
1854900 393
1854910 393
1854920 392
1854930 392
1854940 392
1854950 391
1854960 391
1854970 391
1854980 391
1854990 390
1855000 390
1855010 390
1855020 390
1855030 390
1855040 390
1855050 390
1855060 390
1855070 390
1855080 390
1855090 390
1855100 390
1855110 389
1855120 389
1855130 389
1855140 387
1855150 387
1855160 386
1855170 386
1855180 386
1855190 385
1855200 384
1855210 384
1855220 384
1855230 383
1855240 383
1855250 382
1855260 381
1855270 381
1855280 380
1855290 379
1855300 379
1855310 377
1855320 377
1855330 377
1855340 379
1855350 379
1855360 379
1855370 379
1855380 379
1855390 379
1855400 379
1855410 379
1855420 379
1855430 379
1855440 379
1855450 379
1855460 378
1855470 378
1855480 379
1855490 379
1855500 378
1855510 378
1855520 378
1855530 378
1855540 377
1855550 377
1855560 377
1855570 376
1855580 376
1855590 376
1855600 376
1855610 376
1855620 376
1855630 376
1855640 376
1855650 376
1855660 375
1855670 375
1855680 375
1855690 375
1855700 375
1855710 374
1855720 374
1855730 374
1855740 374
1855750 374
1855760 374
1855770 374
1855780 373
1855790 373
1855800 373
1855810 373
1855820 373
1855830 374
1855840 374
1855850 374
1855860 374
1855870 374
1855880 374
1855890 375
1855900 375
1855910 375
1855920 375
1855930 375
1855940 375
1855950 376
1855960 375
1855970 375
1855980 375
1855990 375
1856000 375
1856010 374
1856020 374
1856030 374
1856040 374
1856050 374
1856060 374
1856070 374
1856080 373
1856090 373
1856100 372
1856110 372
1856120 372
1856130 371
1856140 370
1856150 370
1856160 369
1856170 368
1856180 368
1856190 367
1856200 366
1856210 366
1856220 365
1856230 364
1856240 364
1856250 363
1856260 362
1856270 362
1856280 361
1856290 360
1856300 360
1856310 358
1856320 357
1856330 357
1856340 355
1856350 353
1856360 353
1856370 351
1856380 352
1856390 352
1856400 354
1856410 355
1856420 355
1856430 355
1856440 355
1856450 355
1856460 355
1856470 354
1856480 354
1856490 355
1856500 356
1856510 356
1856520 356
1856530 356
1856540 356
1856550 356
1856560 356
1856570 356
1856580 356
1856590 356
1856600 355
1856610 355
1856620 355
1856630 355
1856640 355
1856650 355
1856660 355
1856670 355
1856680 355
1856690 355
1856700 355
1856710 355
1856720 355
1856730 355
1856740 355
1856750 355
1856760 355
1856770 355
1856780 356
1856790 356
1856800 356
1856810 356
1856820 356
1856830 357
1856840 356
1856850 356
1856860 356
1856870 357
1856880 357
1856890 357
1856900 358
1856910 358
1856920 358
1856930 359
1856940 359
1856950 359
1856960 360
1856970 360
1856980 360
1856990 360
1857000 360
1857010 360
1857020 360
1857030 360
1857040 359
1857050 359
1857060 359
1857070 359
1857080 359
1857090 359
1857100 359
1857110 358
1857120 358
1857130 358
1857140 357
1857150 357
1857160 357
1857170 356
1857180 356
1857190 356
1857200 356
1857210 356
1857220 356
1857230 355
1857240 355
1857250 355
1857260 355
1857270 355
1857280 354
1857290 354
1857300 354
1857310 354
1857320 353
1857330 353
1857340 353
1857350 352
1857360 352
1857370 352
1857380 352
1857390 352
1857400 351
1857410 351
1857420 351
1857430 351
1857440 350
1857450 350
1857460 350
1857470 350
1857480 349
1857490 349
1857500 349
1857510 349
1857520 349
1857530 348
1857540 348
1857550 348
1857560 347
1857570 347
1857580 347
1857590 347
1857600 347
1857610 347
1857620 347
1857630 346
1857640 346
1857650 346
1857660 346
1857670 346
1857680 346
1857690 346
1857700 346
1857710 346
1857720 346
1857730 346
1857740 346
1857750 346
1857760 346
1857770 347
1857780 347
1857790 347
1857800 348
1857810 348
1857820 348
1857830 349
1857840 349
1857850 349
1857860 349
1857870 349
1857880 349
1857890 350
1857900 349
1857910 349
1857920 349
1857930 349
1857940 349
1857950 348
1857960 348
1857970 348
1857980 347
1857990 347
1858000 347
1858010 346
1858020 346
1858030 346
1858040 346
1858050 345
1858060 345
1858070 344
1858080 344
1858090 344
1858100 344
1858110 343
1858120 343
1858130 343
1858140 342
1858150 342
1858160 342
1858170 342
1858180 342
1858190 341
1858200 341
1858210 341
1858220 341
1858230 342
1858240 342
1858250 342
1858260 342
1858270 342
1858280 342
1858290 341
1858300 341
1858310 341
1858320 340
1858330 340
1858340 340
1858350 340
1858360 340
1858370 339
1858380 339
1858390 339
1858400 339
1858410 339
1858420 339
1858430 339
1858440 339
1858450 339
1858460 339
1858470 339
1858480 339
1858490 339
1858500 339
1858510 339
1858520 339
1858530 339
1858540 340
1858550 340
1858560 340
1858570 341
1858580 341
1858590 341
1858600 340
1858610 340
1858620 340
1858630 339
1858640 339
1858650 339
1858660 338
1858670 338
1858680 337
1858690 337
1858700 337
1858710 338
1858720 338
1858730 338
1858740 338
1858750 338
1858760 338
1858770 337
1858780 337
1858790 337
1858800 337
1858810 336
1858820 336
1858830 336
1858840 335
1858850 335
1858860 335
1858870 334
1858880 334
1858890 334
1858900 333
1858910 333
1858920 333
1858930 332
1858940 332
1858950 332
1858960 332
1858970 332
1858980 331
1858990 330
1859000 330
1859010 329
1859020 328
1859030 328
1859040 327
1859050 326
1859060 326
1859070 325
1859080 324
1859090 324
1859100 323
1859110 322
1859120 322
1859130 322
1859140 321
1859150 321
1859160 321
1859170 320
1859180 320
1859190 320
1859200 319
1859210 319
1859220 318
1859230 317
1859240 317
1859250 316
1859260 316
1859270 316
1859280 315
1859290 314
1859300 314
1859310 313
1859320 312
1859330 312
1859340 311
1859350 309
1859360 309
1859370 306
1859380 302
1859390 302
1859400 299
1859410 297
1859420 294
1859430 294
1859440 292
1859450 290
1859460 290
1859470 287
1859480 284
1859490 284
1859500 281
1859510 280
1859520 280
1859530 277
1859540 273
1859550 273
1859560 274
1859570 276
1859580 276
1859590 278
1859600 278
1859610 278
1859620 279
1859630 281
1859640 284
1859650 285
1859660 286
1859670 286
1859680 287
1859690 287
1859700 287
1859710 287
1859720 286
1859730 286
1859740 285
1859750 285
1859760 285
1859770 284
1859780 284
1859790 284
1859800 282
1859810 281
1859820 281
1859830 281
1859840 279
1859850 279
1859860 278
1859870 277
1859880 277
1859890 276
1859900 275
1859910 275
1859920 273
1859930 271
1859940 271
1859950 269
1859960 266
1859970 266
1859980 265
1859990 264
