1840000 183
1840010 183
1840020 183
1840030 183
1840040 183
1840050 183
1840060 183
1840070 183
1840080 183
1840090 183
1840100 183
1840110 183
1840120 182
1840130 182
1840140 182
1840150 182
1840160 182
1840170 182
1840180 182
1840190 182
1840200 182
1840210 182
1840220 183
1840230 183
1840240 183
1840250 182
1840260 182
1840270 182
1840280 182
1840290 182
1840300 182
1840310 182
1840320 182
1840330 182
1840340 182
1840350 182
1840360 182
1840370 182
1840380 182
1840390 182
1840400 182
1840410 182
1840420 182
1840430 182
1840440 182
1840450 182
1840460 182
1840470 182
1840480 182
1840490 182
1840500 182
1840510 182
1840520 182
1840530 182
1840540 182
1840550 182
1840560 181
1840570 181
1840580 181
1840590 181
1840600 181
1840610 181
1840620 181
1840630 181
1840640 181
1840650 181
1840660 181
1840670 181
1840680 181
1840690 181
1840700 181
1840710 181
1840720 181
1840730 181
1840740 181
1840750 181
1840760 181
1840770 181
1840780 181
1840790 181
1840800 181
1840810 181
1840820 181
1840830 181
1840840 181
1840850 181
1840860 181
1840870 181
1840880 181
1840890 181
1840900 181
1840910 181
1840920 181
1840930 181
1840940 181
1840950 181
1840960 181
1840970 181
1840980 181
1840990 181
1841000 181
1841010 181
1841020 181
1841030 180
1841040 181
1841050 181
1841060 182
1841070 182
1841080 182
1841090 182
1841100 182
1841110 182
1841120 182
1841130 182
1841140 182
1841150 182
1841160 182
1841170 182
1841180 182
1841190 182
1841200 182
1841210 182
1841220 182
1841230 182
1841240 182
1841250 182
1841260 182
1841270 182
1841280 182
1841290 180
1841300 180
1841310 179
1841320 181
1841330 181
1841340 182
1841350 182
1841360 182
1841370 181
1841380 181
1841390 181
1841400 181
1841410 181
1841420 181
1841430 181
1841440 181
1841450 181
1841460 181
1841470 180
1841480 180
1841490 180
1841500 181
1841510 181
1841520 181
1841530 181
1841540 181
1841550 181
1841560 181
1841570 181
1841580 181
1841590 181
1841600 181
1841610 181
1841620 181
1841630 181
1841640 181
1841650 181
1841660 181
1841670 181
1841680 181
1841690 181
1841700 181
1841710 180
1841720 180
1841730 180
1841740 181
1841750 181
1841760 181
1841770 181
1841780 181
1841790 181
1841800 181
1841810 181
1841820 181
1841830 181
1841840 181
1841850 181
1841860 181
1841870 181
1841880 181
1841890 181
1841900 181
1841910 181
1841920 181
1841930 181
1841940 181
1841950 181
1841960 181
1841970 181
1841980 181
1841990 181
1842000 181
1842010 181
1842020 181
1842030 181
1842040 181
1842050 181
1842060 181
1842070 181
1842080 181
1842090 181
1842100 181
1842110 181
1842120 181
1842130 181
1842140 181
1842150 181
1842160 180
1842170 181
1842180 181
1842190 181
1842200 181
1842210 181
1842220 181
1842230 181
1842240 181
1842250 181
1842260 181
1842270 181
1842280 181
1842290 181
1842300 181
1842310 181
1842320 181
1842330 181
1842340 181
1842350 180
1842360 180
1842370 180
1842380 180
1842390 180
1842400 180
1842410 180
1842420 180
1842430 180
1842440 180
1842450 180
1842460 180
1842470 180
1842480 180
1842490 180
1842500 180
1842510 180
1842520 180
1842530 180
1842540 180
1842550 180
1842560 180
1842570 180
1842580 180
1842590 180
1842600 180
1842610 180
1842620 180
1842630 180
1842640 180
1842650 180
1842660 180
1842670 180
1842680 180
1842690 180
1842700 180
1842710 180
1842720 180
1842730 180
1842740 180
1842750 180
1842760 180
1842770 180
1842780 180
1842790 180
1842800 180
1842810 180
1842820 180
1842830 180
1842840 180
1842850 180
1842860 180
1842870 180
1842880 180
1842890 180
1842900 180
1842910 180
1842920 180
1842930 180
1842940 180
1842950 180
1842960 180
1842970 180
1842980 180
1842990 180
1843000 180
1843010 180
1843020 180
1843030 180
1843040 180
1843050 180
1843060 180
1843070 181
1843080 181
1843090 181
1843100 181
1843110 180
1843120 180
1843130 180
1843140 180
1843150 180
1843160 180
1843170 180
1843180 180
1843190 180
1843200 180
1843210 180
1843220 180
1843230 180
1843240 180
1843250 180
1843260 181
1843270 181
1843280 181
1843290 181
1843300 181
1843310 181
1843320 181
1843330 181
1843340 181
1843350 181
1843360 181
1843370 181
1843380 181
1843390 181
1843400 181
1843410 181
1843420 181
1843430 181
1843440 181
1843450 181
1843460 181
1843470 182
1843480 182
1843490 182
1843500 182
1843510 182
1843520 182
1843530 182
1843540 182
1843550 182
1843560 182
1843570 182
1843580 182
1843590 182
1843600 182
1843610 182
1843620 182
1843630 182
1843640 182
1843650 182
1843660 182
1843670 182
1843680 183
1843690 183
1843700 183
1843710 183
1843720 183
1843730 183
1843740 183
1843750 183
1843760 183
1843770 183
1843780 183
1843790 183
1843800 184
1843810 184
1843820 184
1843830 184
1843840 184
1843850 184
1843860 184
1843870 184
1843880 184
1843890 184
1843900 184
1843910 184
1843920 184
1843930 184
1843940 184
1843950 184
1843960 184
1843970 184
1843980 184
1843990 184
1844000 185
1844010 185
1844020 185
1844030 185
1844040 185
1844050 185
1844060 185
1844070 185
1844080 185
1844090 185
1844100 185
1844110 185
1844120 185
1844130 186
1844140 185
1844150 185
1844160 185
1844170 185
1844180 185
1844190 185
1844200 185
1844210 185
1844220 185
1844230 185
1844240 185
1844250 185
1844260 185
1844270 185
1844280 185
1844290 185
1844300 185
1844310 185
1844320 186
1844330 186
1844340 186
1844350 186
1844360 186
1844370 186
1844380 186
1844390 186
1844400 186
1844410 186
1844420 186
1844430 186
1844440 186
1844450 186
1844460 186
1844470 186
1844480 186
1844490 186
1844500 186
1844510 186
1844520 186
1844530 187
1844540 187
1844550 187
1844560 187
1844570 187
1844580 187
1844590 187
1844600 187
1844610 187
1844620 187
1844630 187
1844640 187
1844650 187
1844660 187
1844670 187
1844680 187
1844690 187
1844700 187
1844710 188
1844720 188
1844730 188
1844740 188
1844750 188
1844760 188
1844770 188
1844780 188
1844790 188
1844800 188
1844810 188
1844820 188
1844830 188
1844840 188
1844850 188
1844860 188
1844870 188
1844880 188
1844890 188
1844900 188
1844910 188
1844920 188
1844930 188
1844940 188
1844950 188
1844960 188
1844970 188
1844980 188
1844990 188
1845000 188
1845010 188
1845020 188
1845030 188
1845040 189
1845050 189
1845060 189
1845070 189
1845080 189
1845090 189
1845100 189
1845110 189
1845120 189
1845130 189
1845140 190
1845150 190
1845160 190
1845170 190
1845180 190
1845190 190
1845200 190
1845210 190
1845220 190
1845230 191
1845240 191
1845250 191
1845260 191
1845270 191
1845280 191
1845290 191
1845300 191
1845310 192
1845320 192
1845330 192
1845340 192
1845350 192
1845360 192
1845370 192
1845380 193
1845390 193
1845400 193
1845410 193
1845420 193
1845430 193
1845440 193
1845450 193
1845460 194
1845470 194
1845480 194
1845490 194
1845500 194
1845510 194
1845520 194
1845530 195
1845540 195
1845550 195
1845560 195
1845570 195
1845580 196
1845590 196
1845600 196
1845610 197
1845620 198
1845630 198
1845640 198
1845650 199
1845660 200
1845670 200
1845680 201
1845690 201
1845700 202
1845710 202
1845720 202
1845730 202
1845740 202
1845750 202
1845760 202
1845770 202
1845780 202
1845790 202
1845800 201
1845810 201
1845820 201
1845830 201
1845840 201
1845850 201
1845860 202
1845870 202
1845880 202
1845890 202
1845900 202
1845910 203
1845920 203
1845930 203
1845940 204
1845950 205
1845960 205
1845970 205
1845980 206
1845990 206
1846000 207
1846010 207
1846020 207
1846030 208
1846040 208
1846050 209
1846060 209
1846070 209
1846080 210
1846090 210
1846100 210
1846110 210
1846120 210
1846130 210
1846140 210
1846150 210
1846160 210
1846170 210
1846180 210
1846190 210
1846200 210
1846210 210
1846220 210
1846230 209
1846240 209
1846250 209
1846260 209
1846270 209
1846280 208
1846290 208
1846300 208
1846310 208
1846320 208
1846330 208
1846340 208
1846350 207
1846360 207
1846370 207
1846380 207
1846390 207
1846400 207
1846410 207
1846420 207
1846430 206
1846440 206
1846450 206
1846460 206
1846470 206
1846480 206
1846490 206
1846500 207
1846510 207
1846520 207
1846530 207
1846540 207
1846550 207
1846560 208
1846570 208
1846580 209
1846590 210
1846600 210
1846610 211
1846620 212
1846630 212
1846640 212
1846650 213
1846660 213
1846670 213
1846680 213
1846690 213
1846700 213
1846710 213
1846720 213
1846730 211
1846740 211
1846750 211
1846760 210
1846770 209
1846780 209
1846790 208
1846800 208
1846810 208
1846820 208
1846830 208
1846840 208
1846850 208
1846860 209
1846870 209
1846880 208
1846890 208
1846900 208
1846910 209
1846920 209
1846930 209
1846940 209
1846950 209
1846960 209
1846970 209
1846980 209
1846990 209
1847000 210
1847010 210
1847020 210
1847030 210
1847040 211
1847050 211
1847060 211
1847070 211
1847080 212
1847090 211
1847100 211
1847110 212
1847120 212
1847130 214
1847140 215
1847150 215
1847160 216
1847170 216
1847180 216
1847190 216
1847200 216
1847210 216
1847220 216
1847230 216
1847240 216
1847250 216
1847260 217
1847270 217
1847280 217
1847290 217
1847300 217
1847310 218
1847320 218
1847330 218
1847340 218
1847350 219
1847360 219
1847370 219
1847380 220
1847390 220
1847400 221
1847410 221
1847420 221
1847430 222
1847440 222
1847450 222
1847460 223
1847470 224
1847480 224
1847490 225
1847500 225
1847510 225
1847520 226
1847530 226
1847540 226
1847550 227
1847560 228
1847570 228
1847580 229
1847590 230
1847600 230
1847610 231
1847620 232
1847630 232
1847640 232
1847650 233
1847660 233
1847670 233
1847680 234
1847690 234
1847700 235
1847710 235
1847720 235
1847730 237
1847740 240
1847750 240
1847760 244
1847770 247
1847780 247
1847790 250
1847800 250
1847810 250
1847820 251
1847830 253
1847840 253
1847850 255
1847860 257
1847870 257
1847880 258
1847890 259
1847900 259
1847910 260
1847920 262
1847930 262
1847940 263
1847950 265
1847960 265
1847970 267
1847980 268
1847990 268
1848000 270
1848010 271
1848020 274
1848030 274
1848040 276
1848050 279
1848060 279
1848070 281
1848080 282
1848090 282
1848100 284
1848110 285
1848120 285
1848130 286
1848140 288
1848150 287
1848160 288
1848170 290
1848180 290
1848190 292
1848200 294
1848210 294
1848220 297
1848230 300
1848240 300
1848250 301
1848260 303
1848270 303
1848280 306
1848290 308
1848300 308
1848310 309
1848320 308
1848330 308
1848340 306
1848350 304
1848360 304
1848370 300
1848380 296
1848390 296
1848400 288
1848410 282
1848420 282
1848430 278
1848440 277
1848450 277
1848460 277
1848470 277
1848480 277
1848490 277
1848500 277
1848510 277
1848520 277
1848530 277
1848540 277
1848550 277
1848560 277
1848570 277
1848580 277
1848590 277
1848600 277
1848610 277
1848620 277
1848630 277
1848640 277
1848650 277
1848660 277
1848670 277
1848680 277
1848690 277
1848700 277
1848710 276
1848720 276
1848730 274
1848740 274
1848750 274
1848760 276
1848770 277
1848780 277
1848790 277
1848800 277
1848810 277
1848820 277
1848830 277
1848840 277
1848850 277
1848860 277
1848870 277
1848880 277
1848890 277
1848900 277
1848910 278
1848920 278
1848930 278
1848940 278
1848950 278
1848960 278
1848970 278
1848980 278
1848990 278
1849000 278
1849010 278
1849020 278
1849030 278
1849040 278
1849050 278
1849060 278
1849070 278
1849080 278
1849090 278
1849100 279
1849110 279
1849120 279
1849130 279
1849140 279
1849150 279
1849160 279
1849170 279
1849180 279
1849190 279
1849200 279
1849210 279
1849220 280
1849230 283
1849240 283
1849250 287
1849260 292
1849270 292
1849280 297
1849290 302
1849300 302
1849310 306
1849320 311
1849330 311
1849340 312
1849350 313
1849360 313
1849370 314
1849380 314
1849390 314
1849400 315
1849410 315
1849420 315
1849430 316
1849440 317
1849450 317
1849460 317
1849470 318
1849480 318
1849490 319
1849500 320
1849510 320
1849520 321
1849530 324
1849540 324
1849550 324
1849560 324
1849570 325
1849580 324
1849590 324
1849600 324
1849610 323
1849620 323
1849630 323
1849640 322
1849650 322
1849660 322
1849670 322
1849680 322
1849690 322
1849700 322
1849710 322
1849720 322
1849730 322
1849740 321
1849750 321
1849760 321
1849770 321
1849780 321
1849790 320
1849800 319
1849810 319
1849820 319
1849830 319
1849840 319
1849850 319
1849860 319
1849870 319
1849880 319
1849890 319
1849900 319
1849910 320
1849920 319
1849930 319
1849940 318
1849950 316
1849960 316
1849970 314
1849980 313
1849990 313
1850000 311
1850010 309
1850020 307
1850030 307
1850040 304
1850050 302
1850060 302
1850070 301
1850080 299
1850090 299
1850100 297
1850110 296
1850120 296
1850130 296
1850140 295
1850150 295
1850160 295
1850170 295
1850180 295
1850190 294
1850200 293
1850210 293
1850220 293
1850230 292
1850240 292
1850250 292
1850260 292
1850270 292
1850280 291
1850290 292
1850300 292
1850310 294
1850320 295
1850330 295
1850340 297
1850350 299
1850360 299
1850370 302
1850380 305
1850390 305
1850400 307
1850410 308
1850420 308
1850430 310
1850440 311
1850450 311
1850460 312
1850470 313
1850480 313
1850490 313
1850500 314
1850510 314
1850520 314
1850530 315
1850540 315
1850550 316
1850560 316
1850570 316
1850580 315
1850590 315
1850600 315
1850610 314
1850620 314
1850630 314
1850640 313
1850650 313
1850660 313
1850670 312
1850680 312
1850690 312
1850700 311
1850710 311
1850720 311
1850730 311
1850740 312
1850750 312
1850760 312
1850770 313
1850780 313
1850790 313
1850800 314
1850810 314
1850820 314
1850830 315
1850840 315
1850850 315
1850860 316
1850870 316
1850880 316
1850890 316
1850900 316
1850910 317
1850920 317
1850930 317
1850940 315
1850950 313
1850960 313
1850970 310
1850980 306
1850990 306
1851000 303
1851010 299
1851020 295
1851030 295
1851040 292
1851050 288
1851060 288
1851070 284
1851080 280
1851090 280
1851100 275
1851110 270
1851120 270
1851130 268
1851140 269
1851150 269
1851160 270
1851170 271
1851180 271
1851190 276
1851200 280
1851210 280
1851220 284
1851230 286
1851240 286
1851250 288
1851260 292
1851270 292
1851280 298
1851290 304
1851300 304
1851310 310
1851320 314
1851330 312
1851340 314
1851350 315
1851360 315
1851370 315
1851380 315
1851390 315
1851400 315
1851410 316
1851420 316
1851430 316
1851440 315
1851450 315
1851460 314
1851470 314
1851480 314
1851490 318
1851500 322
1851510 322
1851520 325
1851530 328
1851540 328
1851550 332
1851560 335
1851570 335
1851580 338
1851590 342
1851600 342
1851610 345
1851620 348
1851630 348
1851640 350
1851650 353
1851660 353
1851670 355
1851680 356
1851690 356
1851700 357
1851710 357
1851720 357
1851730 356
1851740 355
1851750 355
1851760 354
1851770 352
1851780 352
1851790 350
1851800 347
1851810 347
1851820 344
1851830 340
1851840 340
1851850 336
1851860 333
1851870 333
1851880 329
1851890 326
1851900 326
1851910 323
1851920 319
1851930 319
1851940 317
1851950 314
1851960 314
1851970 313
1851980 313
1851990 313
1852000 312
1852010 311
1852020 309
1852030 309
1852040 303
1852050 308
1852060 308
1852070 312
1852080 315
1852090 315
1852100 318
1852110 321
1852120 321
1852130 324
1852140 326
1852150 326
1852160 328
1852170 331
1852180 331
1852190 335
1852200 337
1852210 337
1852220 340
1852230 342
1852240 342
1852250 344
1852260 347
1852270 347
1852280 349
1852290 351
1852300 351
1852310 352
1852320 354
1852330 354
1852340 355
1852350 356
1852360 356
1852370 357
1852380 357
1852390 356
1852400 356
1852410 355
1852420 355
1852430 354
1852440 352
1852450 352
1852460 350
1852470 348
1852480 348
1852490 345
1852500 343
1852510 343
1852520 340
1852530 337
1852540 337
1852550 334
1852560 330
1852570 330
1852580 326
1852590 322
1852600 322
1852610 318
1852620 315
1852630 315
1852640 312
1852650 310
1852660 310
1852670 305
1852680 300
1852690 300
1852700 296
1852710 295
1852720 295
1852730 294
1852740 298
1852750 298
1852760 302
1852770 304
1852780 304
1852790 307
1852800 312
1852810 312
1852820 316
1852830 316
1852840 316
1852850 320
1852860 325
1852870 325
1852880 331
1852890 337
1852900 337
1852910 342
1852920 347
1852930 347
1852940 351
1852950 353
1852960 353
1852970 354
1852980 354
1852990 354
1853000 353
1853010 354
1853020 353
1853030 353
1853040 352
1853050 351
1853060 351
1853070 348
1853080 346
1853090 341
1853100 340
1853110 341
1853120 341
1853130 340
1853140 339
1853150 339
1853160 339
1853170 337
1853180 337
1853190 336
1853200 335
1853210 335
1853220 335
1853230 334
1853240 334
1853250 334
1853260 334
1853270 334
1853280 334
1853290 335
1853300 335
1853310 335
1853320 336
1853330 336
1853340 336
1853350 337
1853360 337
1853370 338
1853380 338
1853390 338
1853400 335
1853410 331
1853420 331
1853430 331
1853440 338
1853450 338
1853460 342
1853470 345
1853480 345
1853490 348
1853500 351
1853510 351
1853520 355
1853530 358
1853540 358
1853550 362
1853560 365
1853570 365
1853580 368
1853590 370
1853600 370
1853610 372
1853620 373
1853630 373
1853640 375
1853650 377
1853660 377
1853670 378
1853680 380
1853690 380
1853700 381
1853710 383
1853720 383
1853730 384
1853740 386
1853750 386
1853760 387
1853770 387
1853780 387
1853790 389
1853800 390
1853810 390
1853820 390
1853830 391
1853840 391
1853850 392
1853860 392
1853870 392
1853880 393
1853890 393
1853900 393
1853910 393
1853920 394
1853930 394
1853940 394
1853950 394
1853960 394
1853970 394
1853980 395
1853990 395
1854000 395
1854010 395
1854020 394
1854030 394
1854040 394
1854050 394
1854060 394
1854070 394
1854080 394
1854090 394
1854100 393
1854110 393
1854120 393
1854130 393
1854140 392
1854150 392
1854160 392
1854170 392
1854180 392
1854190 391
1854200 391
1854210 391
1854220 391
1854230 390
1854240 390
1854250 390
1854260 389
1854270 389
1854280 389
1854290 388
1854300 388
1854310 388
1854320 387
1854330 387
1854340 387
1854350 386
1854360 386
1854370 385
1854380 385
1854390 385
1854400 384
1854410 384
1854420 384
1854430 383
1854440 383
1854450 383
1854460 382
1854470 382
1854480 382
1854490 381
1854500 380
1854510 380
1854520 380
1854530 379
1854540 379
1854550 379
1854560 378
1854570 378
1854580 378
1854590 378
1854600 378
1854610 377
1854620 376
1854630 376
1854640 376
1854650 374
1854660 374
1854670 373
1854680 371
1854690 371
1854700 370
1854710 368
1854720 368
1854730 368
1854740 366
1854750 366
1854760 364
1854770 367
1854780 367
1854790 370
1854800 373
1854810 373
1854820 377
1854830 381
1854840 381
1854850 384
1854860 388
1854870 388
1854880 391
1854890 393
1854900 393
1854910 395
1854920 397
1854930 397
1854940 399
1854950 400
1854960 400
1854970 401
1854980 401
1854990 401
1855000 402
1855010 402
1855020 402
1855030 402
1855040 402
1855050 402
1855060 402
1855070 402
1855080 402
1855090 402
1855100 401
1855110 401
1855120 401
1855130 400
1855140 399
1855150 399
1855160 398
1855170 397
1855180 396
1855190 395
1855200 394
1855210 394
1855220 392
1855230 391
1855240 391
1855250 390
1855260 388
1855270 388
1855280 386
1855290 384
1855300 384
1855310 383
1855320 381
1855330 381
1855340 380
1855350 379
1855360 379
1855370 378
1855380 376
1855390 376
1855400 374
1855410 373
1855420 373
1855430 371
1855440 370
1855450 370
1855460 368
1855470 367
1855480 367
1855490 366
1855500 364
1855510 364
1855520 363
1855530 361
1855540 361
1855550 359
1855560 357
1855570 357
1855580 359
1855590 361
1855600 361
1855610 363
1855620 365
1855630 365
1855640 367
1855650 369
1855660 369
1855670 370
1855680 372
1855690 372
1855700 374
1855710 376
1855720 376
1855730 377
1855740 379
1855750 379
1855760 380
1855770 381
1855780 381
1855790 382
1855800 383
1855810 383
1855820 384
1855830 385
1855840 385
1855850 386
1855860 388
1855870 388
1855880 390
1855890 391
1855900 391
1855910 392
1855920 392
1855930 392
1855940 393
1855950 394
1855960 394
1855970 394
1855980 395
1855990 395
1856000 395
1856010 395
1856020 396
1856030 396
1856040 396
1856050 396
1856060 396
1856070 395
1856080 395
1856090 395
1856100 394
1856110 393
1856120 393
1856130 393
1856140 392
1856150 392
1856160 391
1856170 391
1856180 391
1856190 390
1856200 390
1856210 390
1856220 389
1856230 388
1856240 388
1856250 387
1856260 387
1856270 387
1856280 386
1856290 386
1856300 386
1856310 385
1856320 384
1856330 384
1856340 383
1856350 383
1856360 383
1856370 382
1856380 382
1856390 382
1856400 381
1856410 381
1856420 381
1856430 380
1856440 380
1856450 380
1856460 379
1856470 379
1856480 379
1856490 379
1856500 379
1856510 379
1856520 379
1856530 378
1856540 378
1856550 378
1856560 378
1856570 378
1856580 378
1856590 378
1856600 378
1856610 378
1856620 378
1856630 378
1856640 378
1856650 379
1856660 379
1856670 378
1856680 378
1856690 378
1856700 378
1856710 377
1856720 377
1856730 377
1856740 376
1856750 376
1856760 376
1856770 376
1856780 376
1856790 376
1856800 375
1856810 375
1856820 375
1856830 375
1856840 375
1856850 375
1856860 375
1856870 375
1856880 374
1856890 374
1856900 374
1856910 373
1856920 373
1856930 373
1856940 372
1856950 372
1856960 372
1856970 371
1856980 371
1856990 371
1857000 371
1857010 371
1857020 371
1857030 371
1857040 370
1857050 370
1857060 370
1857070 369
1857080 368
1857090 368
1857100 367
1857110 366
1857120 366
1857130 365
1857140 364
1857150 364
1857160 362
1857170 361
1857180 361
1857190 360
1857200 359
1857210 359
1857220 358
1857230 357
1857240 357
1857250 356
1857260 355
1857270 355
1857280 354
1857290 353
1857300 353
1857310 352
1857320 351
1857330 351
1857340 350
1857350 350
1857360 350
1857370 349
1857380 348
1857390 348
1857400 348
1857410 347
1857420 347
1857430 346
1857440 346
1857450 346
1857460 345
1857470 344
1857480 344
1857490 343
1857500 342
1857510 342
1857520 341
1857530 340
1857540 340
1857550 339
1857560 339
1857570 339
1857580 338
1857590 338
1857600 338
1857610 336
1857620 335
1857630 335
1857640 334
1857650 334
1857660 334
1857670 333
1857680 332
1857690 332
1857700 331
1857710 330
1857720 330
1857730 329
1857740 328
1857750 328
1857760 327
1857770 326
1857780 326
1857790 325
1857800 324
1857810 324
1857820 323
1857830 322
1857840 322
1857850 321
1857860 320
1857870 320
1857880 320
1857890 319
1857900 319
1857910 318
1857920 316
1857930 316
1857940 315
1857950 313
1857960 316
1857970 317
1857980 317
1857990 317
1858000 317
1858010 318
1858020 318
1858030 318
1858040 318
1858050 317
1858060 317
1858070 317
1858080 317
1858090 317
1858100 316
1858110 315
1858120 315
1858130 313
1858140 312
1858150 312
1858160 312
1858170 312
1858180 312
1858190 311
1858200 311
1858210 311
1858220 311
1858230 311
1858240 311
1858250 311
1858260 312
1858270 312
1858280 312
1858290 312
1858300 312
1858310 313
1858320 312
1858330 312
1858340 312
1858350 311
1858360 311
1858370 310
1858380 309
1858390 309
1858400 308
1858410 307
1858420 307
1858430 306
1858440 304
1858450 304
1858460 301
1858470 298
1858480 298
1858490 295
1858500 293
1858510 293
1858520 292
1858530 294
1858540 294
1858550 297
1858560 300
1858570 300
1858580 301
1858590 301
1858600 301
1858610 300
1858620 301
1858630 301
1858640 300
1858650 297
1858660 297
1858670 297
1858680 298
1858690 298
1858700 300
1858710 302
1858720 302
1858730 304
1858740 307
1858750 307
1858760 309
1858770 309
1858780 309
1858790 310
1858800 311
1858810 311
1858820 313
1858830 314
1858840 314
1858850 316
1858860 317
1858870 317
1858880 317
1858890 318
1858900 318
1858910 318
1858920 318
1858930 318
1858940 318
1858950 317
1858960 317
1858970 317
1858980 317
1858990 317
1859000 316
1859010 315
1859020 315
1859030 315
1859040 314
1859050 314
1859060 314
1859070 313
1859080 313
1859090 313
1859100 312
1859110 312
1859120 312
1859130 311
1859140 310
1859150 310
1859160 310
1859170 309
1859180 309
1859190 308
1859200 308
1859210 308
1859220 307
1859230 307
1859240 307
1859250 306
1859260 306
1859270 306
1859280 306
1859290 305
1859300 305
1859310 304
1859320 304
1859330 304
1859340 303
1859350 303
1859360 303
1859370 302
1859380 302
1859390 302
1859400 302
1859410 303
1859420 303
1859430 303
1859440 304
1859450 304
1859460 304
1859470 304
1859480 304
1859490 304
1859500 304
1859510 304
1859520 303
1859530 303
1859540 303
1859550 303
1859560 302
1859570 302
1859580 302
1859590 301
1859600 301
1859610 300
1859620 300
1859630 300
1859640 300
1859650 299
1859660 299
1859670 299
1859680 298
1859690 298
1859700 298
1859710 297
1859720 297
1859730 297
1859740 296
1859750 296
1859760 296
1859770 295
1859780 295
1859790 295
1859800 294
1859810 294
1859820 293
1859830 292
1859840 292
1859850 292
1859860 291
1859870 291
1859880 291
1859890 290
1859900 290
1859910 289
1859920 289
1859930 289
1859940 288
1859950 287
1859960 287
1859970 287
1859980 286
1859990 286
