1840000 179
1840010 179
1840020 179
1840030 179
1840040 179
1840050 179
1840060 179
1840070 179
1840080 179
1840090 179
1840100 179
1840110 179
1840120 179
1840130 179
1840140 179
1840150 179
1840160 179
1840170 179
1840180 179
1840190 179
1840200 179
1840210 179
1840220 179
1840230 179
1840240 179
1840250 179
1840260 179
1840270 179
1840280 179
1840290 179
1840300 179
1840310 179
1840320 179
1840330 179
1840340 179
1840350 179
1840360 180
1840370 179
1840380 179
1840390 179
1840400 179
1840410 179
1840420 179
1840430 179
1840440 179
1840450 179
1840460 179
1840470 179
1840480 179
1840490 179
1840500 179
1840510 179
1840520 179
1840530 179
1840540 179
1840550 179
1840560 179
1840570 179
1840580 179
1840590 179
1840600 179
1840610 179
1840620 179
1840630 179
1840640 179
1840650 179
1840660 179
1840670 179
1840680 179
1840690 179
1840700 179
1840710 179
1840720 179
1840730 179
1840740 179
1840750 179
1840760 179
1840770 179
1840780 179
1840790 179
1840800 179
1840810 179
1840820 179
1840830 179
1840840 179
1840850 179
1840860 179
1840870 179
1840880 179
1840890 179
1840900 179
1840910 179
1840920 179
1840930 179
1840940 179
1840950 179
1840960 179
1840970 179
1840980 179
1840990 179
1841000 179
1841010 179
1841020 179
1841030 179
1841040 179
1841050 179
1841060 179
1841070 179
1841080 179
1841090 178
1841100 178
1841110 178
1841120 178
1841130 178
1841140 178
1841150 178
1841160 178
1841170 178
1841180 178
1841190 178
1841200 178
1841210 178
1841220 178
1841230 178
1841240 178
1841250 178
1841260 178
1841270 178
1841280 178
1841290 178
1841300 178
1841310 178
1841320 178
1841330 178
1841340 178
1841350 178
1841360 178
1841370 178
1841380 178
1841390 178
1841400 178
1841410 178
1841420 178
1841430 178
1841440 178
1841450 178
1841460 178
1841470 178
1841480 178
1841490 178
1841500 178
1841510 178
1841520 178
1841530 178
1841540 178
1841550 178
1841560 178
1841570 178
1841580 178
1841590 178
1841600 178
1841610 178
1841620 178
1841630 178
1841640 178
1841650 178
1841660 178
1841670 178
1841680 178
1841690 178
1841700 178
1841710 178
1841720 178
1841730 178
1841740 178
1841750 178
1841760 178
1841770 178
1841780 178
1841790 178
1841800 178
1841810 178
1841820 178
1841830 178
1841840 178
1841850 178
1841860 178
1841870 178
1841880 178
1841890 178
1841900 178
1841910 178
1841920 178
1841930 178
1841940 178
1841950 178
1841960 178
1841970 178
1841980 178
1841990 178
1842000 178
1842010 178
1842020 178
1842030 178
1842040 178
1842050 178
1842060 178
1842070 178
1842080 178
1842090 178
1842100 178
1842110 178
1842120 178
1842130 178
1842140 178
1842150 179
1842160 178
1842170 178
1842180 178
1842190 178
1842200 178
1842210 178
1842220 178
1842230 178
1842240 178
1842250 179
1842260 179
1842270 179
1842280 178
1842290 178
1842300 179
1842310 179
1842320 179
1842330 179
1842340 179
1842350 179
1842360 179
1842370 179
1842380 179
1842390 179
1842400 179
1842410 179
1842420 179
1842430 179
1842440 179
1842450 179
1842460 176
1842470 176
1842480 176
1842490 179
1842500 179
1842510 179
1842520 178
1842530 178
1842540 178
1842550 178
1842560 178
1842570 178
1842580 178
1842590 178
1842600 178
1842610 178
1842620 178
1842630 178
1842640 178
1842650 178
1842660 178
1842670 178
1842680 178
1842690 178
1842700 178
1842710 178
1842720 178
1842730 178
1842740 178
1842750 178
1842760 178
1842770 178
1842780 178
1842790 178
1842800 177
1842810 177
1842820 177
1842830 178
1842840 178
1842850 178
1842860 177
1842870 177
1842880 177
1842890 177
1842900 177
1842910 177
1842920 177
1842930 177
1842940 177
1842950 177
1842960 177
1842970 177
1842980 177
1842990 177
1843000 177
1843010 177
1843020 177
1843030 177
1843040 177
1843050 177
1843060 178
1843070 178
1843080 178
1843090 178
1843100 178
1843110 178
1843120 178
1843130 178
1843140 178
1843150 178
1843160 178
1843170 178
1843180 178
1843190 178
1843200 178
1843210 178
1843220 178
1843230 178
1843240 178
1843250 178
1843260 178
1843270 178
1843280 178
1843290 178
1843300 178
1843310 178
1843320 178
1843330 178
1843340 178
1843350 178
1843360 177
1843370 177
1843380 177
1843390 177
1843400 177
1843410 177
1843420 177
1843430 177
1843440 177
1843450 177
1843460 177
1843470 177
1843480 177
1843490 177
1843500 177
1843510 177
1843520 177
1843530 177
1843540 177
1843550 177
1843560 177
1843570 177
1843580 177
1843590 177
1843600 177
1843610 177
1843620 177
1843630 177
1843640 177
1843650 177
1843660 177
1843670 177
1843680 177
1843690 177
1843700 177
1843710 177
1843720 177
1843730 177
1843740 177
1843750 177
1843760 177
1843770 177
1843780 177
1843790 177
1843800 178
1843810 178
1843820 178
1843830 177
1843840 177
1843850 177
1843860 178
1843870 178
1843880 178
1843890 178
1843900 178
1843910 178
1843920 178
1843930 178
1843940 178
1843950 179
1843960 179
1843970 179
1843980 179
1843990 179
1844000 179
1844010 180
1844020 180
1844030 180
1844040 180
1844050 180
1844060 180
1844070 180
1844080 180
1844090 180
1844100 180
1844110 180
1844120 180
1844130 180
1844140 180
1844150 180
1844160 180
1844170 180
1844180 180
1844190 180
1844200 180
1844210 180
1844220 181
1844230 181
1844240 181
1844250 181
1844260 181
1844270 182
1844280 182
1844290 182
1844300 182
1844310 182
1844320 182
1844330 182
1844340 182
1844350 182
1844360 182
1844370 183
1844380 183
1844390 183
1844400 183
1844410 183
1844420 183
1844430 183
1844440 183
1844450 183
1844460 183
1844470 183
1844480 184
1844490 184
1844500 184
1844510 184
1844520 184
1844530 184
1844540 184
1844550 184
1844560 184
1844570 184
1844580 184
1844590 184
1844600 184
1844610 184
1844620 184
1844630 184
1844640 184
1844650 184
1844660 184
1844670 184
1844680 184
1844690 184
1844700 184
1844710 184
1844720 184
1844730 185
1844740 184
1844750 184
1844760 184
1844770 184
1844780 184
1844790 184
1844800 184
1844810 184
1844820 184
1844830 184
1844840 184
1844850 185
1844860 184
1844870 184
1844880 184
1844890 184
1844900 184
1844910 184
1844920 184
1844930 184
1844940 184
1844950 184
1844960 184
1844970 184
1844980 184
1844990 184
1845000 184
1845010 184
1845020 184
1845030 184
1845040 184
1845050 184
1845060 184
1845070 184
1845080 184
1845090 184
1845100 184
1845110 184
1845120 184
1845130 184
1845140 184
1845150 184
1845160 184
1845170 184
1845180 184
1845190 184
1845200 184
1845210 184
1845220 184
1845230 184
1845240 184
1845250 184
1845260 184
1845270 184
1845280 184
1845290 184
1845300 184
1845310 184
1845320 184
1845330 184
1845340 184
1845350 184
1845360 184
1845370 184
1845380 184
1845390 184
1845400 184
1845410 184
1845420 184
1845430 184
1845440 184
1845450 184
1845460 184
1845470 184
1845480 184
1845490 184
1845500 184
1845510 184
1845520 184
1845530 184
1845540 185
1845550 185
1845560 185
1845570 185
1845580 185
1845590 185
1845600 185
1845610 185
1845620 185
1845630 185
1845640 185
1845650 185
1845660 185
1845670 186
1845680 186
1845690 186
1845700 186
1845710 186
1845720 186
1845730 186
1845740 186
1845750 187
1845760 187
1845770 187
1845780 187
1845790 187
1845800 188
1845810 187
1845820 187
1845830 187
1845840 187
1845850 187
1845860 187
1845870 187
1845880 187
1845890 187
1845900 187
1845910 188
1845920 188
1845930 188
1845940 188
1845950 188
1845960 188
1845970 188
1845980 188
1845990 188
1846000 188
1846010 188
1846020 188
1846030 188
1846040 189
1846050 189
1846060 189
1846070 189
1846080 189
1846090 190
1846100 190
1846110 190
1846120 190
1846130 190
1846140 190
1846150 191
1846160 191
1846170 191
1846180 191
1846190 192
1846200 192
1846210 192
1846220 192
1846230 192
1846240 193
1846250 193
1846260 193
1846270 193
1846280 193
1846290 193
1846300 193
1846310 193
1846320 193
1846330 193
1846340 193
1846350 193
1846360 193
1846370 192
1846380 192
1846390 192
1846400 192
1846410 192
1846420 192
1846430 191
1846440 191
1846450 191
1846460 191
1846470 191
1846480 190
1846490 190
1846500 190
1846510 190
1846520 189
1846530 189
1846540 189
1846550 189
1846560 189
1846570 189
1846580 188
1846590 188
1846600 188
1846610 188
1846620 188
1846630 188
1846640 188
1846650 188
1846660 188
1846670 188
1846680 188
1846690 187
1846700 187
1846710 187
1846720 187
1846730 187
1846740 187
1846750 187
1846760 187
1846770 187
1846780 187
1846790 187
1846800 187
1846810 187
1846820 187
1846830 187
1846840 187
1846850 187
1846860 187
1846870 187
1846880 188
1846890 188
1846900 188
1846910 187
1846920 187
1846930 187
1846940 187
1846950 186
1846960 186
1846970 186
1846980 186
1846990 186
1847000 186
1847010 186
1847020 186
1847030 186
1847040 186
1847050 186
1847060 186
1847070 186
1847080 186
1847090 187
1847100 187
1847110 187
1847120 186
1847130 186
1847140 186
1847150 186
1847160 186
1847170 186
1847180 186
1847190 186
1847200 186
1847210 186
1847220 186
1847230 186
1847240 186
1847250 186
1847260 186
1847270 186
1847280 187
1847290 187
1847300 187
1847310 187
1847320 187
1847330 187
1847340 186
1847350 186
1847360 186
1847370 187
1847380 187
1847390 187
1847400 187
1847410 187
1847420 187
1847430 187
1847440 187
1847450 187
1847460 187
1847470 187
1847480 187
1847490 187
1847500 187
1847510 188
1847520 187
1847530 187
1847540 187
1847550 187
1847560 187
1847570 187
1847580 187
1847590 187
1847600 187
1847610 187
1847620 187
1847630 188
1847640 188
1847650 188
1847660 188
1847670 188
1847680 188
1847690 188
1847700 188
1847710 188
1847720 188
1847730 188
1847740 188
1847750 188
1847760 189
1847770 189
1847780 189
1847790 189
1847800 189
1847810 189
1847820 189
1847830 189
1847840 189
1847850 190
1847860 190
1847870 190
1847880 190
1847890 190
1847900 190
1847910 191
1847920 191
1847930 191
1847940 191
1847950 191
1847960 191
1847970 191
1847980 191
1847990 191
1848000 191
1848010 191
1848020 191
1848030 191
1848040 191
1848050 191
1848060 191
1848070 191
1848080 191
1848090 191
1848100 191
1848110 191
1848120 192
1848130 192
1848140 192
1848150 192
1848160 192
1848170 192
1848180 192
1848190 192
1848200 192
1848210 192
1848220 193
1848230 193
1848240 193
1848250 193
1848260 193
1848270 193
1848280 194
1848290 194
1848300 194
1848310 193
1848320 193
1848330 194
1848340 194
1848350 194
1848360 194
1848370 194
1848380 194
1848390 195
1848400 194
1848410 194
1848420 195
1848430 196
1848440 196
1848450 196
1848460 196
1848470 196
1848480 196
1848490 197
1848500 197
1848510 197
1848520 197
1848530 197
1848540 197
1848550 197
1848560 197
1848570 198
1848580 198
1848590 198
1848600 198
1848610 198
1848620 198
1848630 199
1848640 199
1848650 199
1848660 199
1848670 199
1848680 199
1848690 199
1848700 200
1848710 200
1848720 200
1848730 200
1848740 200
1848750 200
1848760 200
1848770 200
1848780 200
1848790 201
1848800 201
1848810 201
1848820 201
1848830 201
1848840 202
1848850 202
1848860 202
1848870 202
1848880 202
1848890 202
1848900 202
1848910 202
1848920 203
1848930 203
1848940 203
1848950 203
1848960 203
1848970 203
1848980 204
1848990 204
1849000 204
1849010 204
1849020 204
1849030 204
1849040 205
1849050 205
1849060 205
1849070 205
1849080 205
1849090 205
1849100 205
1849110 205
1849120 205
1849130 206
1849140 206
1849150 206
1849160 207
1849170 207
1849180 207
1849190 207
1849200 207
1849210 208
1849220 208
1849230 208
1849240 209
1849250 209
1849260 209
1849270 209
1849280 210
1849290 210
1849300 210
1849310 210
1849320 210
1849330 211
1849340 211
1849350 211
1849360 212
1849370 211
1849380 211
1849390 212
1849400 212
1849410 212
1849420 212
1849430 213
1849440 213
1849450 213
1849460 213
1849470 213
1849480 214
1849490 214
1849500 214
1849510 214
1849520 215
1849530 215
1849540 215
1849550 216
1849560 216
1849570 217
1849580 217
1849590 217
1849600 218
1849610 218
1849620 218
1849630 219
1849640 219
1849650 219
1849660 219
1849670 220
1849680 220
1849690 220
1849700 221
1849710 221
1849720 220
1849730 220
1849740 220
1849750 221
1849760 221
1849770 221
1849780 222
1849790 222
1849800 222
1849810 223
1849820 223
1849830 223
1849840 223
1849850 224
1849860 224
1849870 224
1849880 224
1849890 224
1849900 225
1849910 225
1849920 225
1849930 225
1849940 226
1849950 226
1849960 226
1849970 226
1849980 226
1849990 226
1850000 227
1850010 227
1850020 227
1850030 227
1850040 228
1850050 228
1850060 229
1850070 230
1850080 226
1850090 226
1850100 228
1850110 228
1850120 229
1850130 231
1850140 231
1850150 231
1850160 232
1850170 232
1850180 232
1850190 233
1850200 233
1850210 232
1850220 229
1850230 229
1850240 228
1850250 228
1850260 228
1850270 226
1850280 225
1850290 225
1850300 225
1850310 224
1850320 224
1850330 223
1850340 221
1850350 221
1850360 222
1850370 222
1850380 222
1850390 222
1850400 222
1850410 222
1850420 222
1850430 222
1850440 222
1850450 222
1850460 223
1850470 223
1850480 223
1850490 223
1850500 223
1850510 224
1850520 224
1850530 224
1850540 224
1850550 222
1850560 222
1850570 221
1850580 223
1850590 223
1850600 224
1850610 224
1850620 224
1850630 224
1850640 225
1850650 225
1850660 224
1850670 224
1850680 224
1850690 225
1850700 225
1850710 225
1850720 225
1850730 226
1850740 226
1850750 226
1850760 226
1850770 226
1850780 227
1850790 227
1850800 227
1850810 227
1850820 228
1850830 228
1850840 228
1850850 228
1850860 228
1850870 229
1850880 229
1850890 229
1850900 229
1850910 230
1850920 230
1850930 230
1850940 231
1850950 231
1850960 232
1850970 233
1850980 234
1850990 234
1851000 235
1851010 236
1851020 236
1851030 237
1851040 239
1851050 239
1851060 240
1851070 241
1851080 241
1851090 242
1851100 243
1851110 243
1851120 244
1851130 246
1851140 246
1851150 248
1851160 249
1851170 249
1851180 251
1851190 253
1851200 253
1851210 256
1851220 258
1851230 258
1851240 260
1851250 262
1851260 262
1851270 264
1851280 267
1851290 267
1851300 269
1851310 271
1851320 271
1851330 274
1851340 276
1851350 276
1851360 279
1851370 282
1851380 282
1851390 284
1851400 287
1851410 287
1851420 289
1851430 291
1851440 291
1851450 293
1851460 293
1851470 293
1851480 294
1851490 295
1851500 295
1851510 295
1851520 294
1851530 294
1851540 292
1851550 290
1851560 290
1851570 289
1851580 288
1851590 288
1851600 288
1851610 289
1851620 289
1851630 291
1851640 291
1851650 291
1851660 290
1851670 287
1851680 287
1851690 286
1851700 284
1851710 284
1851720 283
1851730 282
1851740 282
1851750 281
1851760 280
1851770 280
1851780 280
1851790 281
1851800 281
1851810 282
1851820 282
1851830 282
1851840 279
1851850 277
1851860 277
1851870 275
1851880 275
1851890 275
1851900 276
1851910 280
1851920 280
1851930 284
1851940 288
1851950 288
1851960 292
1851970 295
1851980 295
1851990 296
1852000 296
1852010 296
1852020 296
1852030 297
1852040 297
1852050 297
1852060 297
1852070 297
1852080 297
1852090 296
1852100 295
1852110 295
1852120 293
1852130 290
1852140 290
1852150 286
1852160 283
1852170 283
1852180 279
1852190 276
1852200 276
1852210 280
1852220 285
1852230 285
1852240 288
1852250 291
1852260 291
1852270 293
1852280 295
1852290 295
1852300 298
1852310 300
1852320 300
1852330 303
1852340 305
1852350 305
1852360 307
1852370 308
1852380 308
1852390 310
1852400 311
1852410 311
1852420 313
1852430 313
1852440 313
1852450 313
1852460 314
1852470 314
1852480 314
1852490 314
1852500 314
1852510 314
1852520 313
1852530 313
1852540 312
1852550 312
1852560 312
1852570 313
1852580 315
1852590 315
1852600 316
1852610 317
1852620 317
1852630 318
1852640 319
1852650 319
1852660 319
1852670 320
1852680 320
1852690 321
1852700 321
1852710 321
1852720 322
1852730 323
1852740 323
1852750 324
1852760 324
1852770 324
1852780 324
1852790 325
1852800 325
1852810 325
1852820 325
1852830 325
1852840 324
1852850 323
1852860 323
1852870 321
1852880 318
1852890 317
1852900 314
1852910 312
1852920 312
1852930 309
1852940 307
1852950 307
1852960 304
1852970 301
1852980 301
1852990 298
1853000 293
1853010 293
1853020 295
1853030 298
1853040 298
1853050 298
1853060 297
1853070 298
1853080 298
1853090 302
1853100 305
1853110 305
1853120 309
1853130 312
1853140 312
1853150 314
1853160 317
1853170 317
1853180 321
1853190 325
1853200 325
1853210 328
1853220 331
1853230 331
1853240 336
1853250 338
1853260 338
1853270 341
1853280 343
1853290 343
1853300 346
1853310 347
1853320 347
1853330 349
1853340 350
1853350 350
1853360 351
1853370 353
1853380 353
1853390 354
1853400 354
1853410 354
1853420 355
1853430 355
1853440 355
1853450 355
1853460 355
1853470 355
1853480 354
1853490 354
1853500 354
1853510 354
1853520 354
1853530 354
1853540 355
1853550 355
1853560 355
1853570 355
1853580 355
1853590 354
1853600 354
1853610 354
1853620 354
1853630 354
1853640 353
1853650 353
1853660 353
1853670 353
1853680 353
1853690 353
1853700 352
1853710 352
1853720 352
1853730 352
1853740 352
1853750 351
1853760 351
1853770 351
1853780 350
1853790 350
1853800 350
1853810 349
1853820 348
1853830 348
1853840 347
1853850 347
1853860 347
1853870 346
1853880 346
1853890 346
1853900 347
1853910 347
1853920 347
1853930 347
1853940 347
1853950 347
1853960 347
1853970 347
1853980 347
1853990 347
1854000 347
1854010 347
1854020 347
1854030 347
1854040 347
1854050 347
1854060 347
1854070 347
1854080 346
1854090 346
1854100 346
1854110 345
1854120 344
1854130 343
1854140 343
1854150 341
1854160 337
1854170 337
1854180 333
1854190 329
1854200 329
1854210 325
1854220 323
1854230 323
1854240 321
1854250 321
1854260 321
1854270 322
1854280 324
1854290 321
1854300 322
1854310 324
1854320 324
1854330 324
1854340 324
1854350 324
1854360 322
1854370 318
1854380 318
1854390 315
1854400 312
1854410 312
1854420 310
1854430 307
1854440 307
1854450 305
1854460 303
1854470 303
1854480 301
1854490 297
1854500 297
1854510 294
1854520 299
1854530 299
1854540 303
1854550 307
1854560 307
1854570 310
1854580 312
1854590 312
1854600 313
1854610 313
1854620 313
1854630 314
1854640 309
1854650 309
1854660 310
1854670 311
1854680 311
1854690 312
1854700 312
1854710 312
1854720 310
1854730 308
1854740 308
1854750 306
1854760 303
1854770 303
1854780 300
1854790 299
1854800 299
1854810 304
1854820 308
1854830 308
1854840 312
1854850 316
1854860 316
1854870 319
1854880 322
1854890 322
1854900 323
1854910 324
1854920 324
1854930 324
1854940 324
1854950 324
1854960 324
1854970 323
1854980 323
1854990 319
1855000 318
1855010 318
1855020 316
1855030 315
1855040 315
1855050 314
1855060 313
1855070 313
1855080 313
1855090 313
1855100 313
1855110 315
1855120 317
1855130 317
1855140 320
1855150 321
1855160 322
1855170 322
1855180 324
1855190 324
1855200 324
1855210 324
1855220 324
1855230 324
1855240 323
1855250 321
1855260 321
1855270 319
1855280 317
1855290 317
1855300 314
1855310 311
1855320 311
1855330 307
1855340 303
1855350 303
1855360 299
1855370 295
1855380 295
1855390 292
1855400 289
1855410 289
1855420 289
1855430 288
1855440 288
1855450 288
1855460 287
1855470 287
1855480 286
1855490 284
1855500 284
1855510 283
1855520 281
1855530 281
1855540 280
1855550 279
1855560 279
1855570 277
1855580 275
1855590 275
1855600 276
1855610 275
1855620 275
1855630 275
1855640 274
1855650 274
1855660 273
1855670 271
1855680 268
1855690 269
1855700 268
1855710 268
1855720 269
1855730 269
1855740 269
1855750 270
1855760 270
1855770 270
1855780 270
1855790 270
1855800 270
1855810 270
1855820 271
1855830 271
1855840 272
1855850 273
1855860 273
1855870 273
1855880 274
1855890 274
1855900 275
1855910 275
1855920 275
1855930 276
1855940 277
1855950 277
1855960 278
1855970 279
1855980 279
1855990 280
1856000 281
1856010 281
1856020 282
1856030 286
1856040 286
1856050 287
1856060 288
1856070 288
1856080 289
1856090 290
1856100 290
1856110 291
1856120 293
1856130 293
1856140 294
1856150 296
1856160 296
1856170 298
1856180 299
1856190 299
1856200 301
1856210 303
1856220 305
1856230 305
1856240 306
1856250 307
1856260 307
1856270 309
1856280 310
1856290 310
1856300 311
1856310 312
1856320 312
1856330 313
1856340 314
1856350 314
1856360 314
1856370 314
1856380 317
1856390 316
1856400 317
1856410 317
1856420 318
1856430 319
1856440 319
1856450 320
1856460 321
1856470 321
1856480 322
1856490 323
1856500 323
1856510 325
1856520 326
1856530 326
1856540 327
1856550 328
1856560 328
1856570 329
1856580 329
1856590 329
1856600 330
1856610 330
1856620 330
1856630 330
1856640 330
1856650 330
1856660 331
1856670 331
1856680 331
1856690 331
1856700 332
1856710 332
1856720 331
1856730 331
1856740 331
1856750 331
1856760 331
1856770 331
1856780 331
1856790 332
1856800 332
1856810 332
1856820 332
1856830 332
1856840 332
1856850 332
1856860 332
1856870 332
1856880 332
1856890 332
1856900 332
1856910 332
1856920 332
1856930 332
1856940 332
1856950 332
1856960 331
1856970 331
1856980 331
1856990 331
1857000 331
1857010 331
1857020 331
1857030 330
1857040 330
1857050 330
1857060 330
1857070 329
1857080 329
1857090 329
1857100 329
1857110 328
1857120 328
1857130 328
1857140 328
1857150 328
1857160 328
1857170 327
1857180 327
1857190 327
1857200 326
1857210 325
1857220 325
1857230 325
1857240 324
1857250 323
1857260 323
1857270 321
1857280 321
1857290 321
1857300 320
1857310 320
1857320 320
1857330 319
1857340 319
1857350 319
1857360 318
1857370 318
1857380 318
1857390 318
1857400 317
1857410 317
1857420 315
1857430 315
1857440 315
1857450 316
1857460 315
1857470 315
1857480 316
1857490 316
1857500 316
1857510 317
1857520 317
1857530 317
1857540 317
1857550 316
1857560 316
1857570 316
1857580 315
1857590 315
1857600 314
1857610 314
1857620 314
1857630 313
1857640 313
1857650 313
1857660 312
1857670 313
1857680 313
1857690 313
1857700 313
1857710 313
1857720 313
1857730 312
1857740 312
1857750 312
1857760 311
1857770 311
1857780 311
1857790 310
1857800 310
1857810 309
1857820 309
1857830 309
1857840 308
1857850 307
1857860 307
1857870 306
1857880 305
1857890 305
1857900 304
1857910 303
1857920 303
1857930 302
1857940 301
1857950 301
1857960 299
1857970 298
1857980 298
1857990 296
1858000 295
1858010 295
1858020 294
1858030 293
1858040 293
1858050 292
1858060 291
1858070 291
1858080 291
1858090 291
1858100 291
1858110 292
1858120 293
1858130 293
1858140 294
1858150 294
1858160 294
1858170 295
1858180 294
1858190 294
1858200 294
1858210 294
1858220 294
1858230 293
1858240 292
1858250 292
1858260 292
1858270 291
1858280 291
1858290 290
1858300 290
1858310 289
1858320 289
1858330 288
1858340 287
1858350 287
1858360 286
1858370 285
1858380 285
1858390 284
1858400 283
1858410 283
1858420 283
1858430 282
1858440 282
1858450 281
1858460 280
1858470 280
1858480 279
1858490 278
1858500 278
1858510 277
1858520 276
1858530 276
1858540 275
1858550 274
1858560 274
1858570 273
1858580 272
1858590 272
1858600 271
1858610 271
1858620 271
1858630 270
1858640 269
1858650 269
1858660 268
1858670 267
1858680 267
1858690 266
1858700 265
1858710 265
1858720 264
1858730 264
1858740 264
1858750 263
1858760 262
1858770 262
1858780 262
1858790 261
1858800 261
1858810 261
1858820 260
1858830 260
1858840 260
1858850 259
1858860 259
1858870 258
1858880 258
1858890 258
1858900 256
1858910 255
1858920 255
1858930 254
1858940 252
1858950 252
1858960 251
1858970 249
1858980 249
1858990 248
1859000 246
1859010 246
1859020 244
1859030 242
1859040 242
1859050 239
1859060 235
1859070 235
1859080 233
1859090 233
1859100 233
1859110 233
1859120 236
1859130 236
1859140 239
1859150 242
1859160 242
1859170 246
1859180 250
1859190 250
1859200 255
1859210 259
1859220 259
1859230 263
1859240 266
1859250 266
1859260 269
1859270 270
1859280 270
1859290 271
1859300 272
1859310 272
1859320 272
1859330 272
1859340 272
1859350 272
1859360 272
1859370 272
1859380 272
1859390 272
1859400 272
1859410 272
1859420 272
1859430 272
1859440 272
1859450 271
1859460 271
1859470 271
1859480 271
1859490 270
1859500 270
1859510 270
1859520 270
1859530 270
1859540 269
1859550 269
1859560 269
1859570 268
1859580 268
1859590 268
1859600 267
1859610 267
1859620 267
1859630 266
1859640 266
1859650 266
1859660 266
1859670 266
1859680 266
1859690 265
1859700 265
1859710 265
1859720 265
1859730 265
1859740 265
1859750 265
1859760 265
1859770 265
1859780 265
1859790 265
1859800 265
1859810 265
1859820 265
1859830 266
1859840 266
1859850 266
1859860 266
1859870 266
1859880 266
1859890 266
1859900 266
1859910 266
1859920 266
1859930 266
1859940 266
1859950 266
1859960 266
1859970 266
1859980 266
1859990 266
