1840000 181
1840010 181
1840020 181
1840030 181
1840040 181
1840050 181
1840060 181
1840070 181
1840080 181
1840090 181
1840100 181
1840110 181
1840120 181
1840130 181
1840140 181
1840150 181
1840160 181
1840170 181
1840180 181
1840190 181
1840200 181
1840210 181
1840220 181
1840230 181
1840240 181
1840250 181
1840260 181
1840270 181
1840280 181
1840290 181
1840300 181
1840310 181
1840320 181
1840330 181
1840340 181
1840350 181
1840360 181
1840370 181
1840380 180
1840390 180
1840400 180
1840410 180
1840420 180
1840430 181
1840440 181
1840450 181
1840460 180
1840470 180
1840480 180
1840490 180
1840500 180
1840510 180
1840520 180
1840530 180
1840540 180
1840550 180
1840560 180
1840570 180
1840580 180
1840590 180
1840600 180
1840610 180
1840620 180
1840630 180
1840640 180
1840650 180
1840660 180
1840670 180
1840680 180
1840690 180
1840700 180
1840710 180
1840720 180
1840730 180
1840740 180
1840750 180
1840760 180
1840770 180
1840780 180
1840790 180
1840800 180
1840810 180
1840820 180
1840830 180
1840840 180
1840850 180
1840860 180
1840870 180
1840880 180
1840890 180
1840900 180
1840910 180
1840920 180
1840930 180
1840940 180
1840950 180
1840960 180
1840970 180
1840980 180
1840990 180
1841000 180
1841010 180
1841020 180
1841030 180
1841040 180
1841050 180
1841060 180
1841070 180
1841080 180
1841090 180
1841100 180
1841110 180
1841120 180
1841130 180
1841140 180
1841150 180
1841160 180
1841170 180
1841180 180
1841190 180
1841200 180
1841210 180
1841220 180
1841230 180
1841240 180
1841250 180
1841260 180
1841270 180
1841280 180
1841290 180
1841300 180
1841310 180
1841320 180
1841330 180
1841340 180
1841350 180
1841360 180
1841370 180
1841380 179
1841390 179
1841400 180
1841410 180
1841420 180
1841430 180
1841440 180
1841450 180
1841460 180
1841470 180
1841480 180
1841490 179
1841500 180
1841510 180
1841520 179
1841530 179
1841540 179
1841550 179
1841560 180
1841570 180
1841580 180
1841590 180
1841600 180
1841610 180
1841620 180
1841630 180
1841640 180
1841650 180
1841660 180
1841670 180
1841680 180
1841690 180
1841700 180
1841710 180
1841720 180
1841730 180
1841740 180
1841750 180
1841760 178
1841770 178
1841780 178
1841790 180
1841800 180
1841810 180
1841820 180
1841830 180
1841840 180
1841850 180
1841860 180
1841870 180
1841880 180
1841890 180
1841900 180
1841910 180
1841920 180
1841930 180
1841940 179
1841950 179
1841960 179
1841970 179
1841980 179
1841990 179
1842000 179
1842010 179
1842020 179
1842030 179
1842040 179
1842050 179
1842060 179
1842070 179
1842080 179
1842090 179
1842100 179
1842110 179
1842120 179
1842130 179
1842140 179
1842150 179
1842160 179
1842170 179
1842180 179
1842190 179
1842200 179
1842210 179
1842220 179
1842230 179
1842240 179
1842250 179
1842260 179
1842270 179
1842280 179
1842290 179
1842300 179
1842310 179
1842320 179
1842330 179
1842340 179
1842350 179
1842360 179
1842370 179
1842380 179
1842390 179
1842400 179
1842410 179
1842420 179
1842430 179
1842440 179
1842450 179
1842460 179
1842470 179
1842480 179
1842490 179
1842500 179
1842510 179
1842520 179
1842530 179
1842540 179
1842550 179
1842560 178
1842570 178
1842580 179
1842590 179
1842600 179
1842610 179
1842620 178
1842630 178
1842640 178
1842650 178
1842660 178
1842670 178
1842680 178
1842690 178
1842700 178
1842710 178
1842720 178
1842730 178
1842740 178
1842750 178
1842760 178
1842770 178
1842780 178
1842790 178
1842800 178
1842810 178
1842820 178
1842830 178
1842840 178
1842850 178
1842860 178
1842870 178
1842880 178
1842890 178
1842900 178
1842910 179
1842920 179
1842930 179
1842940 179
1842950 179
1842960 179
1842970 179
1842980 179
1842990 179
1843000 179
1843010 178
1843020 178
1843030 178
1843040 178
1843050 178
1843060 178
1843070 178
1843080 178
1843090 178
1843100 178
1843110 178
1843120 178
1843130 179
1843140 178
1843150 178
1843160 178
1843170 179
1843180 179
1843190 178
1843200 178
1843210 178
1843220 178
1843230 178
1843240 178
1843250 178
1843260 178
1843270 178
1843280 178
1843290 178
1843300 178
1843310 178
1843320 178
1843330 178
1843340 178
1843350 178
1843360 178
1843370 178
1843380 178
1843390 178
1843400 178
1843410 178
1843420 178
1843430 178
1843440 178
1843450 178
1843460 178
1843470 178
1843480 178
1843490 178
1843500 178
1843510 178
1843520 179
1843530 179
1843540 179
1843550 179
1843560 179
1843570 179
1843580 179
1843590 179
1843600 179
1843610 179
1843620 179
1843630 179
1843640 179
1843650 179
1843660 179
1843670 179
1843680 179
1843690 179
1843700 179
1843710 180
1843720 180
1843730 180
1843740 180
1843750 180
1843760 181
1843770 181
1843780 181
1843790 182
1843800 183
1843810 183
1843820 184
1843830 184
1843840 184
1843850 185
1843860 185
1843870 185
1843880 186
1843890 186
1843900 186
1843910 186
1843920 186
1843930 186
1843940 187
1843950 187
1843960 187
1843970 187
1843980 186
1843990 186
1844000 185
1844010 184
1844020 184
1844030 183
1844040 182
1844050 182
1844060 181
1844070 180
1844080 179
1844090 179
1844100 179
1844110 179
1844120 179
1844130 179
1844140 178
1844150 178
1844160 178
1844170 178
1844180 178
1844190 178
1844200 178
1844210 178
1844220 178
1844230 178
1844240 178
1844250 178
1844260 178
1844270 178
1844280 178
1844290 179
1844300 179
1844310 179
1844320 180
1844330 180
1844340 180
1844350 181
1844360 181
1844370 182
1844380 183
1844390 183
1844400 184
1844410 185
1844420 185
1844430 186
1844440 187
1844450 187
1844460 187
1844470 187
1844480 187
1844490 187
1844500 187
1844510 187
1844520 187
1844530 187
1844540 187
1844550 188
1844560 188
1844570 188
1844580 188
1844590 188
1844600 188
1844610 188
1844620 188
1844630 188
1844640 188
1844650 188
1844660 188
1844670 188
1844680 188
1844690 188
1844700 189
1844710 189
1844720 189
1844730 189
1844740 189
1844750 189
1844760 189
1844770 189
1844780 189
1844790 189
1844800 189
1844810 189
1844820 189
1844830 189
1844840 189
1844850 189
1844860 189
1844870 189
1844880 189
1844890 189
1844900 189
1844910 190
1844920 190
1844930 190
1844940 190
1844950 190
1844960 190
1844970 190
1844980 190
1844990 190
1845000 190
1845010 190
1845020 190
1845030 190
1845040 190
1845050 190
1845060 190
1845070 190
1845080 190
1845090 190
1845100 190
1845110 191
1845120 191
1845130 191
1845140 191
1845150 191
1845160 191
1845170 191
1845180 191
1845190 191
1845200 191
1845210 191
1845220 191
1845230 191
1845240 191
1845250 191
1845260 191
1845270 191
1845280 191
1845290 191
1845300 191
1845310 191
1845320 191
1845330 191
1845340 191
1845350 191
1845360 191
1845370 191
1845380 191
1845390 191
1845400 191
1845410 192
1845420 192
1845430 192
1845440 192
1845450 192
1845460 192
1845470 192
1845480 192
1845490 192
1845500 192
1845510 192
1845520 192
1845530 192
1845540 192
1845550 193
1845560 193
1845570 193
1845580 193
1845590 193
1845600 193
1845610 194
1845620 194
1845630 194
1845640 195
1845650 195
1845660 195
1845670 196
1845680 196
1845690 196
1845700 196
1845710 196
1845720 196
1845730 196
1845740 196
1845750 196
1845760 196
1845770 196
1845780 196
1845790 196
1845800 196
1845810 196
1845820 197
1845830 197
1845840 197
1845850 197
1845860 197
1845870 197
1845880 197
1845890 197
1845900 197
1845910 197
1845920 197
1845930 197
1845940 197
1845950 197
1845960 197
1845970 197
1845980 197
1845990 197
1846000 198
1846010 198
1846020 198
1846030 198
1846040 198
1846050 198
1846060 198
1846070 198
1846080 198
1846090 198
1846100 199
1846110 199
1846120 199
1846130 199
1846140 199
1846150 199
1846160 199
1846170 200
1846180 200
1846190 200
1846200 200
1846210 200
1846220 200
1846230 200
1846240 200
1846250 200
1846260 200
1846270 200
1846280 200
1846290 199
1846300 199
1846310 199
1846320 199
1846330 199
1846340 199
1846350 199
1846360 199
1846370 199
1846380 198
1846390 198
1846400 198
1846410 198
1846420 198
1846430 198
1846440 198
1846450 198
1846460 198
1846470 197
1846480 197
1846490 197
1846500 197
1846510 197
1846520 196
1846530 196
1846540 196
1846550 196
1846560 196
1846570 196
1846580 195
1846590 195
1846600 195
1846610 195
1846620 195
1846630 195
1846640 194
1846650 194
1846660 194
1846670 194
1846680 194
1846690 194
1846700 194
1846710 193
1846720 193
1846730 193
1846740 193
1846750 193
1846760 193
1846770 193
1846780 193
1846790 193
1846800 193
1846810 193
1846820 193
1846830 193
1846840 193
1846850 193
1846860 193
1846870 193
1846880 193
1846890 193
1846900 193
1846910 193
1846920 193
1846930 193
1846940 193
1846950 192
1846960 192
1846970 192
1846980 192
1846990 192
1847000 192
1847010 192
1847020 192
1847030 192
1847040 192
1847050 192
1847060 192
1847070 192
1847080 192
1847090 192
1847100 192
1847110 192
1847120 192
1847130 192
1847140 192
1847150 192
1847160 192
1847170 192
1847180 192
1847190 192
1847200 192
1847210 192
1847220 193
1847230 192
1847240 192
1847250 192
1847260 192
1847270 192
1847280 192
1847290 192
1847300 192
1847310 192
1847320 193
1847330 193
1847340 193
1847350 193
1847360 193
1847370 193
1847380 193
1847390 193
1847400 193
1847410 194
1847420 194
1847430 194
1847440 194
1847450 194
1847460 194
1847470 194
1847480 194
1847490 195
1847500 195
1847510 195
1847520 194
1847530 195
1847540 195
1847550 195
1847560 195
1847570 195
1847580 195
1847590 195
1847600 195
1847610 196
1847620 196
1847630 196
1847640 196
1847650 196
1847660 196
1847670 197
1847680 197
1847690 197
1847700 197
1847710 197
1847720 197
1847730 197
1847740 198
1847750 197
1847760 198
1847770 198
1847780 198
1847790 199
1847800 199
1847810 199
1847820 199
1847830 199
1847840 199
1847850 199
1847860 200
1847870 200
1847880 200
1847890 200
1847900 200
1847910 200
1847920 200
1847930 200
1847940 200
1847950 201
1847960 201
1847970 202
1847980 204
1847990 204
1848000 205
1848010 205
1848020 205
1848030 206
1848040 206
1848050 206
1848060 207
1848070 208
1848080 208
1848090 208
1848100 208
1848110 208
1848120 208
1848130 209
1848140 209
1848150 209
1848160 209
1848170 209
1848180 209
1848190 209
1848200 209
1848210 209
1848220 210
1848230 211
1848240 211
1848250 211
1848260 212
1848270 212
1848280 212
1848290 212
1848300 212
1848310 213
1848320 214
1848330 214
1848340 215
1848350 217
1848360 217
1848370 219
1848380 220
1848390 220
1848400 221
1848410 221
1848420 221
1848430 223
1848440 223
1848450 223
1848460 223
1848470 224
1848480 224
1848490 224
1848500 225
1848510 225
1848520 226
1848530 226
1848540 226
1848550 227
1848560 228
1848570 228
1848580 228
1848590 229
1848600 229
1848610 229
1848620 230
1848630 230
1848640 230
1848650 231
1848660 231
1848670 231
1848680 232
1848690 232
1848700 233
1848710 234
1848720 234
1848730 235
1848740 235
1848750 235
1848760 235
1848770 233
1848780 233
1848790 231
1848800 233
1848810 231
1848820 231
1848830 231
1848840 231
1848850 231
1848860 231
1848870 231
1848880 233
1848890 234
1848900 234
1848910 235
1848920 236
1848930 236
1848940 237
1848950 238
1848960 238
1848970 239
1848980 241
1848990 241
1849000 241
1849010 240
1849020 240
1849030 240
1849040 241
1849050 241
1849060 242
1849070 244
1849080 244
1849090 246
1849100 248
1849110 248
1849120 251
1849130 253
1849140 256
1849150 256
1849160 258
1849170 259
1849180 259
1849190 261
1849200 262
1849210 262
1849220 261
1849230 263
1849240 263
1849250 265
1849260 264
1849270 264
1849280 256
1849290 246
1849300 246
1849310 243
1849320 243
1849330 243
1849340 243
1849350 243
1849360 243
1849370 243
1849380 243
1849390 243
1849400 243
1849410 243
1849420 243
1849430 244
1849440 243
1849450 243
1849460 243
1849470 243
1849480 243
1849490 243
1849500 243
1849510 243
1849520 244
1849530 244
1849540 244
1849550 244
1849560 244
1849570 244
1849580 244
1849590 245
1849600 245
1849610 245
1849620 244
1849630 244
1849640 244
1849650 244
1849660 244
1849670 246
1849680 249
1849690 249
1849700 252
1849710 256
1849720 256
1849730 259
1849740 262
1849750 262
1849760 266
1849770 268
1849780 268
1849790 268
1849800 269
1849810 269
1849820 269
1849830 271
1849840 271
1849850 274
1849860 280
1849870 281
1849880 286
1849890 296
1849900 296
1849910 296
1849920 296
1849930 296
1849940 297
1849950 297
1849960 297
1849970 297
1849980 296
1849990 296
1850000 296
1850010 294
1850020 294
1850030 293
1850040 292
1850050 292
1850060 290
1850070 287
1850080 287
1850090 286
1850100 284
1850110 284
1850120 281
1850130 278
1850140 278
1850150 275
1850160 271
1850170 268
1850180 268
1850190 265
1850200 263
1850210 263
1850220 261
1850230 259
1850240 259
1850250 258
1850260 256
1850270 256
1850280 255
1850290 254
1850300 254
1850310 252
1850320 251
1850330 251
1850340 249
1850350 247
1850360 247
1850370 246
1850380 244
1850390 244
1850400 243
1850410 242
1850420 242
1850430 241
1850440 240
1850450 240
1850460 239
1850470 238
1850480 238
1850490 238
1850500 238
1850510 238
1850520 237
1850530 238
1850540 238
1850550 238
1850560 238
1850570 238
1850580 238
1850590 238
1850600 238
1850610 240
1850620 243
1850630 243
1850640 246
1850650 249
1850660 249
1850670 252
1850680 254
1850690 254
1850700 256
1850710 257
1850720 257
1850730 258
1850740 259
1850750 259
1850760 260
1850770 262
1850780 262
1850790 263
1850800 265
1850810 265
1850820 266
1850830 268
1850840 268
1850850 269
1850860 272
1850870 272
1850880 275
1850890 277
1850900 277
1850910 277
1850920 278
1850930 278
1850940 277
1850950 275
1850960 275
1850970 273
1850980 271
1850990 271
1851000 269
1851010 267
1851020 267
1851030 266
1851040 264
1851050 264
1851060 262
1851070 261
1851080 261
1851090 259
1851100 258
1851110 258
1851120 257
1851130 256
1851140 256
1851150 254
1851160 253
1851170 253
1851180 251
1851190 249
1851200 246
1851210 246
1851220 244
1851230 243
1851240 243
1851250 243
1851260 245
1851270 245
1851280 250
1851290 256
1851300 256
1851310 259
1851320 262
1851330 262
1851340 263
1851350 265
1851360 265
1851370 266
1851380 264
1851390 264
1851400 264
1851410 265
1851420 265
1851430 264
1851440 263
1851450 263
1851460 264
1851470 262
1851480 262
1851490 263
1851500 263
1851510 263
1851520 262
1851530 262
1851540 262
1851550 261
1851560 261
1851570 261
1851580 260
1851590 259
1851600 259
1851610 258
1851620 256
1851630 256
1851640 249
1851650 249
1851660 249
1851670 249
1851680 249
1851690 249
1851700 248
1851710 248
1851720 248
1851730 249
1851740 250
1851750 250
1851760 254
1851770 256
1851780 256
1851790 257
1851800 259
1851810 259
1851820 262
1851830 265
1851840 265
1851850 268
1851860 271
1851870 271
1851880 274
1851890 278
1851900 278
1851910 281
1851920 285
1851930 285
1851940 288
1851950 292
1851960 292
1851970 297
1851980 302
1851990 305
1852000 310
1852010 314
1852020 314
1852030 315
1852040 317
1852050 317
1852060 318
1852070 320
1852080 320
1852090 323
1852100 327
1852110 327
1852120 332
1852130 336
1852140 336
1852150 340
1852160 343
1852170 343
1852180 345
1852190 347
1852200 347
1852210 348
1852220 348
1852230 349
1852240 349
1852250 350
1852260 350
1852270 350
1852280 351
1852290 351
1852300 351
1852310 351
1852320 352
1852330 352
1852340 352
1852350 352
1852360 352
1852370 352
1852380 352
1852390 352
1852400 352
1852410 353
1852420 353
1852430 352
1852440 352
1852450 352
1852460 352
1852470 352
1852480 352
1852490 351
1852500 351
1852510 351
1852520 350
1852530 350
1852540 350
1852550 349
1852560 348
1852570 348
1852580 348
1852590 347
1852600 347
1852610 346
1852620 346
1852630 346
1852640 346
1852650 347
1852660 347
1852670 348
1852680 349
1852690 348
1852700 349
1852710 349
1852720 349
1852730 348
1852740 348
1852750 348
1852760 347
1852770 346
1852780 346
1852790 346
1852800 345
1852810 345
1852820 345
1852830 346
1852840 346
1852850 348
1852860 351
1852870 351
1852880 353
1852890 355
1852900 355
1852910 357
1852920 358
1852930 358
1852940 360
1852950 362
1852960 362
1852970 363
1852980 364
1852990 364
1853000 364
1853010 365
1853020 365
1853030 366
1853040 366
1853050 366
1853060 367
1853070 367
1853080 367
1853090 368
1853100 368
1853110 368
1853120 368
1853130 368
1853140 368
1853150 368
1853160 367
1853170 367
1853180 367
1853190 366
1853200 366
1853210 365
1853220 363
1853230 363
1853240 362
1853250 360
1853260 358
1853270 358
1853280 357
1853290 355
1853300 355
1853310 354
1853320 353
1853330 353
1853340 352
1853350 350
1853360 350
1853370 347
1853380 347
1853390 349
1853400 352
1853410 355
1853420 355
1853430 357
1853440 360
1853450 360
1853460 362
1853470 365
1853480 365
1853490 366
1853500 368
1853510 368
1853520 370
1853530 371
1853540 371
1853550 372
1853560 373
1853570 373
1853580 374
1853590 375
1853600 375
1853610 376
1853620 377
1853630 377
1853640 377
1853650 378
1853660 378
1853670 378
1853680 378
1853690 378
1853700 378
1853710 378
1853720 378
1853730 378
1853740 377
1853750 377
1853760 377
1853770 376
1853780 376
1853790 376
1853800 376
1853810 376
1853820 376
1853830 376
1853840 376
1853850 376
1853860 377
1853870 377
1853880 378
1853890 379
1853900 379
1853910 379
1853920 380
1853930 380
1853940 381
1853950 382
1853960 382
1853970 383
1853980 384
1853990 384
1854000 385
1854010 386
1854020 386
1854030 387
1854040 388
1854050 388
1854060 389
1854070 391
1854080 391
1854090 391
1854100 392
1854110 392
1854120 392
1854130 393
1854140 393
1854150 393
1854160 394
1854170 394
1854180 394
1854190 395
1854200 395
1854210 395
1854220 395
1854230 395
1854240 395
1854250 395
1854260 395
1854270 395
1854280 395
1854290 395
1854300 395
1854310 394
1854320 394
1854330 394
1854340 393
1854350 393
1854360 393
1854370 392
1854380 392
1854390 392
1854400 391
1854410 391
1854420 391
1854430 390
1854440 389
1854450 389
1854460 389
1854470 389
1854480 389
1854490 388
1854500 388
1854510 388
1854520 388
1854530 387
1854540 387
1854550 387
1854560 387
1854570 387
1854580 386
1854590 386
1854600 386
1854610 385
1854620 385
1854630 385
1854640 385
1854650 385
1854660 385
1854670 386
1854680 386
1854690 386
1854700 387
1854710 387
1854720 387
1854730 388
1854740 388
1854750 388
1854760 389
1854770 389
1854780 389
1854790 389
1854800 389
1854810 389
1854820 389
1854830 390
1854840 390
1854850 390
1854860 390
1854870 390
1854880 390
1854890 390
1854900 390
1854910 391
1854920 391
1854930 391
1854940 391
1854950 391
1854960 391
1854970 391
1854980 390
1854990 390
1855000 389
1855010 389
1855020 389
1855030 388
1855040 387
1855050 387
1855060 387
1855070 387
1855080 387
1855090 386
1855100 386
1855110 386
1855120 385
1855130 385
1855140 384
1855150 384
1855160 383
1855170 383
1855180 382
1855190 380
1855200 380
1855210 379
1855220 378
1855230 378
1855240 377
1855250 375
1855260 375
1855270 374
1855280 373
1855290 372
1855300 372
1855310 371
1855320 369
1855330 369
1855340 368
1855350 367
1855360 367
1855370 366
1855380 364
1855390 364
1855400 364
1855410 363
1855420 363
1855430 362
1855440 361
1855450 361
1855460 360
1855470 359
1855480 360
1855490 359
1855500 358
1855510 358
1855520 357
1855530 356
1855540 356
1855550 356
1855560 355
1855570 355
1855580 355
1855590 355
1855600 355
1855610 354
1855620 354
1855630 354
1855640 353
1855650 352
1855660 352
1855670 351
1855680 350
1855690 350
1855700 349
1855710 348
1855720 348
1855730 347
1855740 345
1855750 345
1855760 344
1855770 343
1855780 343
1855790 341
1855800 339
1855810 339
1855820 337
1855830 335
1855840 335
1855850 333
1855860 331
1855870 331
1855880 329
1855890 327
1855900 327
1855910 324
1855920 320
1855930 320
1855940 316
1855950 316
1855960 316
1855970 317
1855980 318
1855990 318
1856000 319
1856010 320
1856020 320
1856030 321
1856040 321
1856050 321
1856060 322
1856070 323
1856080 323
1856090 324
1856100 325
1856110 325
1856120 327
1856130 329
1856140 329
1856150 331
1856160 334
1856170 334
1856180 333
1856190 336
1856200 336
1856210 338
1856220 339
1856230 339
1856240 340
1856250 340
1856260 340
1856270 341
1856280 342
1856290 342
1856300 342
1856310 342
1856320 342
1856330 342
1856340 341
1856350 341
1856360 341
1856370 341
1856380 340
1856390 340
1856400 340
1856410 339
1856420 339
1856430 339
1856440 338
1856450 338
1856460 337
1856470 336
1856480 336
1856490 336
1856500 335
1856510 335
1856520 334
1856530 332
1856540 332
1856550 331
1856560 330
1856570 330
1856580 329
1856590 327
1856600 327
1856610 326
1856620 325
1856630 325
1856640 324
1856650 322
1856660 322
1856670 321
1856680 323
1856690 323
1856700 325
1856710 327
1856720 327
1856730 329
1856740 330
1856750 330
1856760 332
1856770 333
1856780 333
1856790 334
1856800 335
1856810 335
1856820 336
1856830 337
1856840 337
1856850 338
1856860 338
1856870 338
1856880 338
1856890 337
1856900 337
1856910 336
1856920 336
1856930 336
1856940 336
1856950 336
1856960 336
1856970 336
1856980 336
1856990 336
1857000 337
1857010 337
1857020 337
1857030 337
1857040 337
1857050 337
1857060 337
1857070 337
1857080 337
1857090 337
1857100 338
1857110 338
1857120 338
1857130 338
1857140 338
1857150 339
1857160 340
1857170 340
1857180 340
1857190 341
1857200 341
1857210 342
1857220 343
1857230 343
1857240 343
1857250 344
1857260 344
1857270 344
1857280 345
1857290 345
1857300 345
1857310 346
1857320 346
1857330 346
1857340 346
1857350 346
1857360 346
1857370 346
1857380 346
1857390 346
1857400 346
1857410 346
1857420 346
1857430 345
1857440 345
1857450 345
1857460 344
1857470 344
1857480 344
1857490 343
1857500 343
1857510 343
1857520 342
1857530 342
1857540 342
1857550 341
1857560 340
1857570 340
1857580 339
1857590 339
1857600 339
1857610 338
1857620 337
1857630 337
1857640 336
1857650 335
1857660 335
1857670 335
1857680 334
1857690 334
1857700 333
1857710 332
1857720 332
1857730 332
1857740 331
1857750 331
1857760 330
1857770 329
1857780 329
1857790 329
1857800 328
1857810 328
1857820 327
1857830 327
1857840 327
1857850 326
1857860 325
1857870 325
1857880 324
1857890 324
1857900 324
1857910 324
1857920 324
1857930 324
1857940 324
1857950 323
1857960 323
1857970 323
1857980 323
1857990 323
1858000 323
1858010 322
1858020 322
1858030 321
1858040 320
1858050 320
1858060 319
1858070 318
1858080 318
1858090 318
1858100 317
1858110 317
1858120 315
1858130 313
1858140 313
1858150 312
1858160 311
1858170 311
1858180 310
1858190 310
1858200 310
1858210 309
1858220 308
1858230 308
1858240 308
1858250 308
1858260 309
1858270 308
1858280 306
1858290 306
1858300 304
1858310 302
1858320 302
1858330 301
1858340 299
1858350 299
1858360 297
1858370 295
1858380 293
1858390 293
1858400 291
1858410 288
1858420 288
1858430 290
1858440 292
1858450 292
1858460 292
1858470 291
1858480 291
1858490 289
1858500 286
1858510 286
1858520 283
1858530 281
1858540 281
1858550 280
1858560 279
1858570 279
1858580 279
1858590 279
1858600 276
1858610 275
1858620 274
1858630 274
1858640 274
1858650 275
1858660 275
1858670 275
1858680 274
1858690 274
1858700 274
1858710 274
1858720 274
1858730 273
1858740 272
1858750 272
1858760 271
1858770 271
1858780 271
1858790 270
1858800 269
1858810 269
1858820 268
1858830 267
1858840 267
1858850 266
1858860 265
1858870 265
1858880 264
1858890 263
1858900 263
1858910 262
1858920 260
1858930 260
1858940 258
1858950 261
1858960 261
1858970 262
1858980 262
1858990 262
1859000 262
1859010 261
1859020 261
1859030 260
1859040 258
1859050 258
1859060 255
1859070 252
1859080 252
1859090 251
1859100 251
1859110 251
1859120 250
1859130 250
1859140 250
1859150 250
1859160 250
1859170 250
1859180 250
1859190 250
1859200 250
1859210 251
1859220 253
1859230 253
1859240 256
1859250 258
1859260 258
1859270 259
1859280 261
1859290 258
1859300 259
1859310 261
1859320 261
1859330 263
1859340 265
1859350 265
1859360 266
1859370 266
1859380 266
1859390 265
1859400 264
1859410 263
1859420 263
1859430 261
1859440 259
1859450 259
1859460 256
1859470 255
1859480 255
1859490 253
1859500 253
1859510 253
1859520 252
1859530 252
1859540 252
1859550 252
1859560 253
1859570 253
1859580 255
1859590 256
1859600 256
1859610 258
1859620 259
1859630 259
1859640 261
1859650 262
1859660 262
1859670 263
1859680 264
1859690 264
1859700 265
1859710 265
1859720 265
1859730 265
1859740 266
1859750 266
1859760 266
1859770 266
1859780 266
1859790 267
1859800 267
1859810 267
1859820 267
1859830 267
1859840 267
1859850 267
1859860 267
1859870 267
1859880 267
1859890 267
1859900 267
1859910 267
1859920 267
1859930 267
1859940 266
1859950 266
1859960 266
1859970 266
1859980 265
1859990 265
