1840000 183
1840010 183
1840020 183
1840030 183
1840040 183
1840050 183
1840060 183
1840070 183
1840080 183
1840090 183
1840100 183
1840110 183
1840120 183
1840130 183
1840140 183
1840150 183
1840160 183
1840170 183
1840180 182
1840190 182
1840200 182
1840210 182
1840220 182
1840230 182
1840240 182
1840250 183
1840260 183
1840270 183
1840280 183
1840290 183
1840300 183
1840310 183
1840320 183
1840330 183
1840340 183
1840350 183
1840360 183
1840370 183
1840380 183
1840390 183
1840400 183
1840410 183
1840420 183
1840430 182
1840440 182
1840450 182
1840460 182
1840470 182
1840480 182
1840490 182
1840500 183
1840510 183
1840520 183
1840530 183
1840540 183
1840550 182
1840560 182
1840570 182
1840580 183
1840590 182
1840600 182
1840610 182
1840620 182
1840630 182
1840640 182
1840650 182
1840660 182
1840670 182
1840680 182
1840690 182
1840700 182
1840710 182
1840720 182
1840730 182
1840740 182
1840750 182
1840760 182
1840770 182
1840780 182
1840790 182
1840800 182
1840810 182
1840820 182
1840830 182
1840840 182
1840850 182
1840860 182
1840870 182
1840880 182
1840890 182
1840900 182
1840910 181
1840920 181
1840930 181
1840940 181
1840950 181
1840960 181
1840970 181
1840980 180
1840990 180
1841000 180
1841010 180
1841020 180
1841030 180
1841040 180
1841050 180
1841060 180
1841070 180
1841080 180
1841090 180
1841100 179
1841110 179
1841120 179
1841130 179
1841140 179
1841150 179
1841160 179
1841170 179
1841180 178
1841190 178
1841200 178
1841210 178
1841220 178
1841230 178
1841240 178
1841250 178
1841260 178
1841270 178
1841280 178
1841290 178
1841300 178
1841310 178
1841320 178
1841330 178
1841340 178
1841350 178
1841360 178
1841370 178
1841380 178
1841390 178
1841400 178
1841410 178
1841420 178
1841430 178
1841440 178
1841450 178
1841460 178
1841470 178
1841480 178
1841490 178
1841500 178
1841510 178
1841520 178
1841530 178
1841540 178
1841550 177
1841560 177
1841570 177
1841580 178
1841590 178
1841600 178
1841610 178
1841620 178
1841630 178
1841640 178
1841650 178
1841660 178
1841670 178
1841680 178
1841690 178
1841700 178
1841710 178
1841720 178
1841730 178
1841740 178
1841750 178
1841760 178
1841770 178
1841780 178
1841790 177
1841800 178
1841810 178
1841820 177
1841830 177
1841840 177
1841850 177
1841860 177
1841870 177
1841880 177
1841890 177
1841900 177
1841910 177
1841920 177
1841930 177
1841940 177
1841950 177
1841960 177
1841970 177
1841980 177
1841990 177
1842000 177
1842010 177
1842020 177
1842030 177
1842040 177
1842050 177
1842060 177
1842070 177
1842080 177
1842090 177
1842100 177
1842110 177
1842120 177
1842130 177
1842140 177
1842150 177
1842160 177
1842170 177
1842180 177
1842190 177
1842200 177
1842210 177
1842220 177
1842230 177
1842240 177
1842250 177
1842260 177
1842270 177
1842280 177
1842290 177
1842300 177
1842310 177
1842320 177
1842330 177
1842340 177
1842350 177
1842360 177
1842370 177
1842380 177
1842390 177
1842400 177
1842410 177
1842420 177
1842430 177
1842440 177
1842450 177
1842460 177
1842470 177
1842480 177
1842490 177
1842500 177
1842510 177
1842520 177
1842530 177
1842540 177
1842550 177
1842560 177
1842570 177
1842580 177
1842590 177
1842600 177
1842610 177
1842620 178
1842630 178
1842640 177
1842650 178
1842660 178
1842670 178
1842680 177
1842690 177
1842700 177
1842710 177
1842720 177
1842730 177
1842740 177
1842750 177
1842760 177
1842770 177
1842780 177
1842790 177
1842800 177
1842810 177
1842820 177
1842830 177
1842840 177
1842850 177
1842860 177
1842870 177
1842880 177
1842890 177
1842900 177
1842910 177
1842920 178
1842930 178
1842940 177
1842950 178
1842960 178
1842970 178
1842980 178
1842990 178
1843000 176
1843010 175
1843020 175
1843030 177
1843040 178
1843050 178
1843060 177
1843070 178
1843080 178
1843090 178
1843100 177
1843110 177
1843120 177
1843130 177
1843140 177
1843150 177
1843160 177
1843170 177
1843180 177
1843190 177
1843200 177
1843210 177
1843220 177
1843230 177
1843240 176
1843250 176
1843260 176
1843270 176
1843280 177
1843290 177
1843300 177
1843310 177
1843320 177
1843330 177
1843340 177
1843350 177
1843360 177
1843370 177
1843380 177
1843390 177
1843400 176
1843410 176
1843420 176
1843430 176
1843440 176
1843450 176
1843460 176
1843470 176
1843480 176
1843490 176
1843500 176
1843510 176
1843520 176
1843530 176
1843540 176
1843550 176
1843560 176
1843570 176
1843580 176
1843590 176
1843600 176
1843610 176
1843620 176
1843630 176
1843640 176
1843650 176
1843660 176
1843670 176
1843680 176
1843690 176
1843700 176
1843710 176
1843720 176
1843730 176
1843740 176
1843750 176
1843760 176
1843770 176
1843780 176
1843790 176
1843800 176
1843810 176
1843820 176
1843830 177
1843840 177
1843850 176
1843860 176
1843870 176
1843880 176
1843890 176
1843900 176
1843910 176
1843920 176
1843930 176
1843940 176
1843950 175
1843960 175
1843970 175
1843980 175
1843990 175
1844000 176
1844010 176
1844020 176
1844030 176
1844040 176
1844050 176
1844060 176
1844070 176
1844080 176
1844090 177
1844100 177
1844110 177
1844120 176
1844130 176
1844140 176
1844150 176
1844160 176
1844170 176
1844180 176
1844190 176
1844200 176
1844210 176
1844220 176
1844230 176
1844240 176
1844250 176
1844260 176
1844270 176
1844280 176
1844290 176
1844300 176
1844310 176
1844320 176
1844330 177
1844340 177
1844350 177
1844360 177
1844370 177
1844380 177
1844390 177
1844400 178
1844410 178
1844420 178
1844430 178
1844440 178
1844450 178
1844460 178
1844470 178
1844480 179
1844490 179
1844500 179
1844510 179
1844520 179
1844530 179
1844540 179
1844550 179
1844560 179
1844570 179
1844580 179
1844590 179
1844600 179
1844610 179
1844620 179
1844630 179
1844640 180
1844650 180
1844660 180
1844670 180
1844680 180
1844690 180
1844700 180
1844710 180
1844720 180
1844730 180
1844740 180
1844750 180
1844760 180
1844770 180
1844780 180
1844790 180
1844800 180
1844810 180
1844820 180
1844830 180
1844840 180
1844850 180
1844860 180
1844870 180
1844880 180
1844890 180
1844900 180
1844910 180
1844920 180
1844930 180
1844940 180
1844950 180
1844960 180
1844970 180
1844980 180
1844990 180
1845000 180
1845010 180
1845020 180
1845030 180
1845040 180
1845050 180
1845060 180
1845070 180
1845080 180
1845090 180
1845100 180
1845110 180
1845120 180
1845130 180
1845140 180
1845150 180
1845160 179
1845170 179
1845180 179
1845190 179
1845200 179
1845210 179
1845220 179
1845230 179
1845240 179
1845250 179
1845260 179
1845270 179
1845280 179
1845290 179
1845300 179
1845310 179
1845320 179
1845330 179
1845340 179
1845350 179
1845360 179
1845370 179
1845380 179
1845390 179
1845400 179
1845410 179
1845420 179
1845430 179
1845440 179
1845450 179
1845460 179
1845470 179
1845480 179
1845490 180
1845500 180
1845510 180
1845520 180
1845530 180
1845540 180
1845550 180
1845560 180
1845570 180
1845580 180
1845590 180
1845600 180
1845610 180
1845620 180
1845630 180
1845640 180
1845650 180
1845660 180
1845670 181
1845680 181
1845690 181
1845700 181
1845710 181
1845720 181
1845730 181
1845740 181
1845750 181
1845760 181
1845770 181
1845780 181
1845790 181
1845800 181
1845810 181
1845820 181
1845830 181
1845840 181
1845850 182
1845860 182
1845870 182
1845880 182
1845890 182
1845900 182
1845910 182
1845920 182
1845930 182
1845940 183
1845950 183
1845960 183
1845970 183
1845980 183
1845990 183
1846000 184
1846010 184
1846020 184
1846030 184
1846040 185
1846050 185
1846060 185
1846070 185
1846080 185
1846090 186
1846100 186
1846110 186
1846120 186
1846130 187
1846140 187
1846150 187
1846160 188
1846170 188
1846180 188
1846190 189
1846200 189
1846210 189
1846220 189
1846230 189
1846240 189
1846250 190
1846260 190
1846270 190
1846280 190
1846290 190
1846300 190
1846310 190
1846320 190
1846330 190
1846340 190
1846350 190
1846360 190
1846370 190
1846380 190
1846390 190
1846400 190
1846410 190
1846420 190
1846430 190
1846440 190
1846450 190
1846460 190
1846470 190
1846480 190
1846490 190
1846500 190
1846510 190
1846520 189
1846530 189
1846540 189
1846550 189
1846560 189
1846570 189
1846580 188
1846590 188
1846600 188
1846610 188
1846620 188
1846630 188
1846640 188
1846650 188
1846660 187
1846670 187
1846680 187
1846690 187
1846700 187
1846710 187
1846720 187
1846730 187
1846740 186
1846750 186
1846760 186
1846770 186
1846780 186
1846790 186
1846800 186
1846810 186
1846820 186
1846830 186
1846840 186
1846850 186
1846860 185
1846870 185
1846880 185
1846890 185
1846900 185
1846910 185
1846920 185
1846930 185
1846940 185
1846950 185
1846960 185
1846970 184
1846980 184
1846990 184
1847000 184
1847010 184
1847020 184
1847030 184
1847040 184
1847050 184
1847060 184
1847070 184
1847080 184
1847090 184
1847100 184
1847110 184
1847120 184
1847130 184
1847140 184
1847150 184
1847160 184
1847170 184
1847180 184
1847190 184
1847200 184
1847210 184
1847220 184
1847230 184
1847240 184
1847250 184
1847260 184
1847270 184
1847280 184
1847290 184
1847300 184
1847310 184
1847320 184
1847330 184
1847340 184
1847350 184
1847360 184
1847370 185
1847380 185
1847390 185
1847400 185
1847410 185
1847420 185
1847430 185
1847440 185
1847450 185
1847460 185
1847470 185
1847480 185
1847490 186
1847500 186
1847510 186
1847520 186
1847530 186
1847540 186
1847550 186
1847560 186
1847570 186
1847580 187
1847590 187
1847600 187
1847610 187
1847620 187
1847630 187
1847640 187
1847650 187
1847660 187
1847670 187
1847680 187
1847690 188
1847700 188
1847710 188
1847720 188
1847730 188
1847740 188
1847750 188
1847760 188
1847770 188
1847780 189
1847790 189
1847800 189
1847810 189
1847820 189
1847830 189
1847840 189
1847850 190
1847860 190
1847870 190
1847880 190
1847890 189
1847900 189
1847910 190
1847920 190
1847930 190
1847940 190
1847950 190
1847960 190
1847970 190
1847980 190
1847990 190
1848000 190
1848010 191
1848020 191
1848030 191
1848040 191
1848050 191
1848060 191
1848070 192
1848080 192
1848090 192
1848100 192
1848110 192
1848120 192
1848130 192
1848140 192
1848150 192
1848160 192
1848170 192
1848180 192
1848190 192
1848200 192
1848210 193
1848220 193
1848230 193
1848240 194
1848250 194
1848260 194
1848270 194
1848280 194
1848290 194
1848300 194
1848310 194
1848320 194
1848330 194
1848340 194
1848350 194
1848360 194
1848370 194
1848380 194
1848390 194
1848400 194
1848410 194
1848420 195
1848430 195
1848440 195
1848450 195
1848460 195
1848470 195
1848480 195
1848490 196
1848500 196
1848510 196
1848520 196
1848530 196
1848540 196
1848550 195
1848560 195
1848570 195
1848580 195
1848590 195
1848600 195
1848610 195
1848620 195
1848630 196
1848640 196
1848650 196
1848660 196
1848670 196
1848680 196
1848690 196
1848700 196
1848710 196
1848720 196
1848730 196
1848740 196
1848750 196
1848760 197
1848770 197
1848780 197
1848790 197
1848800 197
1848810 197
1848820 197
1848830 197
1848840 197
1848850 198
1848860 198
1848870 198
1848880 198
1848890 198
1848900 198
1848910 198
1848920 198
1848930 198
1848940 198
1848950 199
1848960 199
1848970 199
1848980 199
1848990 199
1849000 199
1849010 199
1849020 199
1849030 199
1849040 199
1849050 199
1849060 199
1849070 200
1849080 200
1849090 200
1849100 200
1849110 200
1849120 200
1849130 200
1849140 200
1849150 200
1849160 200
1849170 200
1849180 200
1849190 200
1849200 200
1849210 201
1849220 201
1849230 201
1849240 200
1849250 200
1849260 200
1849270 201
1849280 201
1849290 201
1849300 201
1849310 202
1849320 202
1849330 204
1849340 206
1849350 206
1849360 206
1849370 206
1849380 206
1849390 206
1849400 206
1849410 206
1849420 206
1849430 206
1849440 206
1849450 207
1849460 207
1849470 207
1849480 207
1849490 207
1849500 207
1849510 208
1849520 208
1849530 208
1849540 207
1849550 206
1849560 206
1849570 205
1849580 206
1849590 206
1849600 206
1849610 206
1849620 206
1849630 206
1849640 208
1849650 208
1849660 209
1849670 207
1849680 207
1849690 207
1849700 208
1849710 208
1849720 207
1849730 206
1849740 206
1849750 204
1849760 201
1849770 201
1849780 199
1849790 199
1849800 199
1849810 199
1849820 199
1849830 199
1849840 200
1849850 201
1849860 201
1849870 204
1849880 207
1849890 207
1849900 209
1849910 210
1849920 210
1849930 209
1849940 209
1849950 210
1849960 210
1849970 210
1849980 210
1849990 210
1850000 210
1850010 211
1850020 211
1850030 211
1850040 211
1850050 211
1850060 211
1850070 212
1850080 212
1850090 212
1850100 213
1850110 213
1850120 213
1850130 214
1850140 214
1850150 214
1850160 215
1850170 215
1850180 215
1850190 216
1850200 216
1850210 216
1850220 217
1850230 217
1850240 217
1850250 217
1850260 217
1850270 218
1850280 218
1850290 218
1850300 218
1850310 218
1850320 218
1850330 219
1850340 219
1850350 219
1850360 220
1850370 221
1850380 221
1850390 221
1850400 222
1850410 222
1850420 223
1850430 223
1850440 223
1850450 223
1850460 224
1850470 224
1850480 224
1850490 224
1850500 224
1850510 225
1850520 225
1850530 225
1850540 225
1850550 224
1850560 224
1850570 224
1850580 224
1850590 224
1850600 224
1850610 224
1850620 224
1850630 224
1850640 224
1850650 224
1850660 224
1850670 224
1850680 224
1850690 224
1850700 225
1850710 225
1850720 225
1850730 225
1850740 225
1850750 225
1850760 226
1850770 226
1850780 226
1850790 227
1850800 227
1850810 227
1850820 227
1850830 227
1850840 228
1850850 228
1850860 228
1850870 228
1850880 228
1850890 228
1850900 229
1850910 229
1850920 229
1850930 229
1850940 230
1850950 230
1850960 230
1850970 230
1850980 230
1850990 230
1851000 231
1851010 231
1851020 231
1851030 231
1851040 231
1851050 231
1851060 232
1851070 232
1851080 232
1851090 233
1851100 233
1851110 233
1851120 234
1851130 234
1851140 234
1851150 235
1851160 236
1851170 236
1851180 237
1851190 238
1851200 238
1851210 240
1851220 242
1851230 242
1851240 242
1851250 243
1851260 243
1851270 245
1851280 247
1851290 247
1851300 248
1851310 249
1851320 249
1851330 249
1851340 248
1851350 248
1851360 248
1851370 248
1851380 248
1851390 248
1851400 247
1851410 247
1851420 246
1851430 246
1851440 246
1851450 246
1851460 245
1851470 245
1851480 245
1851490 245
1851500 245
1851510 244
1851520 244
1851530 244
1851540 244
1851550 244
1851560 244
1851570 244
1851580 244
1851590 244
1851600 244
1851610 244
1851620 244
1851630 243
1851640 243
1851650 243
1851660 242
1851670 241
1851680 241
1851690 239
1851700 238
1851710 238
1851720 237
1851730 236
1851740 236
1851750 237
1851760 238
1851770 238
1851780 240
1851790 241
1851800 241
1851810 242
1851820 243
1851830 243
1851840 243
1851850 244
1851860 244
1851870 244
1851880 244
1851890 244
1851900 245
1851910 247
1851920 247
1851930 249
1851940 249
1851950 249
1851960 250
1851970 251
1851980 251
1851990 252
1852000 253
1852010 253
1852020 254
1852030 254
1852040 252
1852050 252
1852060 253
1852070 253
1852080 254
1852090 255
1852100 256
1852110 256
1852120 257
1852130 259
1852140 259
1852150 260
1852160 261
1852170 261
1852180 262
1852190 263
1852200 263
1852210 264
1852220 265
1852230 265
1852240 266
1852250 266
1852260 266
1852270 267
1852280 268
1852290 268
1852300 268
1852310 268
1852320 268
1852330 269
1852340 270
1852350 270
1852360 271
1852370 273
1852380 273
1852390 272
1852400 273
1852410 273
1852420 274
1852430 275
1852440 275
1852450 276
1852460 276
1852470 276
1852480 274
1852490 272
1852500 272
1852510 270
1852520 269
1852530 269
1852540 268
1852550 268
1852560 268
1852570 267
1852580 267
1852590 267
1852600 268
1852610 270
1852620 270
1852630 272
1852640 273
1852650 273
1852660 276
1852670 279
1852680 279
1852690 280
1852700 279
1852710 279
1852720 279
1852730 279
1852740 278
1852750 277
1852760 277
1852770 277
1852780 277
1852790 276
1852800 276
1852810 274
1852820 270
1852830 270
1852840 267
1852850 265
1852860 265
1852870 263
1852880 262
1852890 262
1852900 260
1852910 259
1852920 259
1852930 258
1852940 262
1852950 262
1852960 267
1852970 271
1852980 271
1852990 275
1853000 280
1853010 280
1853020 285
1853030 289
1853040 289
1853050 291
1853060 293
1853070 293
1853080 295
1853090 295
1853100 295
1853110 296
1853120 296
1853130 296
1853140 297
1853150 298
1853160 298
1853170 298
1853180 299
1853190 299
1853200 299
1853210 299
1853220 300
1853230 300
1853240 299
1853250 299
1853260 299
1853270 299
1853280 298
1853290 298
1853300 297
1853310 297
1853320 297
1853330 296
1853340 295
1853350 295
1853360 294
1853370 292
1853380 292
1853390 293
1853400 296
1853410 296
1853420 298
1853430 300
1853440 300
1853450 302
1853460 305
1853470 305
1853480 307
1853490 308
1853500 308
1853510 309
1853520 310
1853530 310
1853540 310
1853550 310
1853560 310
1853570 309
1853580 307
1853590 307
1853600 305
1853610 305
1853620 305
1853630 304
1853640 303
1853650 303
1853660 303
1853670 302
1853680 302
1853690 300
1853700 299
1853710 299
1853720 298
1853730 298
1853740 298
1853750 297
1853760 296
1853770 296
1853780 296
1853790 293
1853800 293
1853810 293
1853820 293
1853830 293
1853840 294
1853850 293
1853860 293
1853870 294
1853880 295
1853890 295
1853900 294
1853910 294
1853920 294
1853930 294
1853940 293
1853950 293
1853960 294
1853970 294
1853980 294
1853990 291
1854000 289
1854010 289
1854020 287
1854030 283
1854040 283
1854050 281
1854060 281
1854070 281
1854080 279
1854090 276
1854100 276
1854110 275
1854120 275
1854130 275
1854140 272
1854150 272
1854160 272
1854170 272
1854180 272
1854190 272
1854200 272
1854210 271
1854220 271
1854230 271
1854240 270
1854250 270
1854260 270
1854270 270
1854280 268
1854290 268
1854300 267
1854310 267
1854320 267
1854330 266
1854340 266
1854350 266
1854360 266
1854370 267
1854380 267
1854390 267
1854400 268
1854410 268
1854420 269
1854430 270
1854440 270
1854450 270
1854460 269
1854470 269
1854480 266
1854490 264
1854500 264
1854510 261
1854520 258
1854530 258
1854540 254
1854550 251
1854560 251
1854570 248
1854580 245
1854590 245
1854600 243
1854610 242
1854620 242
1854630 241
1854640 240
1854650 240
1854660 239
1854670 239
1854680 239
1854690 239
1854700 239
1854710 239
1854720 238
1854730 239
1854740 239
1854750 241
1854760 243
1854770 243
1854780 245
1854790 247
1854800 247
1854810 250
1854820 252
1854830 252
1854840 257
1854850 260
1854860 260
1854870 262
1854880 265
1854890 265
1854900 268
1854910 271
1854920 271
1854930 275
1854940 278
1854950 278
1854960 282
1854970 285
1854980 285
1854990 288
1855000 291
1855010 291
1855020 292
1855030 294
1855040 294
1855050 295
1855060 295
1855070 295
1855080 296
1855090 296
1855100 296
1855110 295
1855120 296
1855130 296
1855140 298
1855150 301
1855160 301
1855170 304
1855180 306
1855190 309
1855200 310
1855210 312
1855220 312
1855230 313
1855240 315
1855250 315
1855260 316
1855270 317
1855280 319
1855290 319
1855300 320
1855310 321
1855320 321
1855330 322
1855340 323
1855350 323
1855360 324
1855370 325
1855380 325
1855390 326
1855400 327
1855410 327
1855420 327
1855430 328
1855440 328
1855450 329
1855460 330
1855470 330
1855480 331
1855490 332
1855500 332
1855510 333
1855520 334
1855530 334
1855540 334
1855550 335
1855560 335
1855570 336
1855580 336
1855590 336
1855600 337
1855610 337
1855620 337
1855630 338
1855640 338
1855650 338
1855660 339
1855670 339
1855680 339
1855690 340
1855700 340
1855710 340
1855720 340
1855730 341
1855740 341
1855750 341
1855760 341
1855770 341
1855780 342
1855790 343
1855800 343
1855810 343
1855820 344
1855830 344
1855840 344
1855850 345
1855860 345
1855870 345
1855880 345
1855890 346
1855900 346
1855910 347
1855920 347
1855930 348
1855940 348
1855950 348
1855960 349
1855970 350
1855980 350
1855990 351
1856000 351
1856010 351
1856020 350
1856030 350
1856040 350
1856050 350
1856060 349
1856070 349
1856080 349
1856090 349
1856100 349
1856110 348
1856120 348
1856130 348
1856140 348
1856150 347
1856160 347
1856170 347
1856180 346
1856190 346
1856200 345
1856210 344
1856220 344
1856230 344
1856240 343
1856250 343
1856260 342
1856270 341
1856280 341
1856290 340
1856300 339
1856310 339
1856320 339
1856330 338
1856340 337
1856350 337
1856360 336
1856370 336
1856380 336
1856390 335
1856400 335
1856410 335
1856420 334
1856430 333
1856440 333
1856450 332
1856460 331
1856470 331
1856480 330
1856490 329
1856500 329
1856510 328
1856520 327
1856530 327
1856540 325
1856550 324
1856560 324
1856570 322
1856580 319
1856590 319
1856600 317
1856610 315
1856620 315
1856630 313
1856640 311
1856650 311
1856660 308
1856670 306
1856680 306
1856690 304
1856700 302
1856710 302
1856720 301
1856730 300
1856740 300
1856750 300
1856760 300
1856770 300
1856780 300
1856790 301
1856800 301
1856810 303
1856820 304
1856830 304
1856840 304
1856850 305
1856860 305
1856870 306
1856880 306
1856890 306
1856900 306
1856910 306
1856920 306
1856930 306
1856940 305
1856950 305
1856960 304
1856970 304
1856980 304
1856990 303
1857000 302
1857010 302
1857020 301
1857030 300
1857040 300
1857050 300
1857060 299
1857070 299
1857080 298
1857090 297
1857100 297
1857110 296
1857120 296
1857130 296
1857140 295
1857150 294
1857160 294
1857170 293
1857180 292
1857190 292
1857200 291
1857210 290
1857220 290
1857230 288
1857240 287
1857250 287
1857260 285
1857270 285
1857280 285
1857290 283
1857300 280
1857310 280
1857320 278
1857330 277
1857340 277
1857350 276
1857360 275
1857370 275
1857380 274
1857390 272
1857400 270
1857410 270
1857420 267
1857430 266
1857440 266
1857450 264
1857460 263
1857470 263
1857480 263
1857490 262
1857500 262
1857510 261
1857520 260
1857530 260
1857540 260
1857550 259
1857560 259
1857570 260
1857580 260
1857590 260
1857600 258
1857610 256
1857620 256
1857630 255
1857640 254
1857650 254
1857660 253
1857670 253
1857680 253
1857690 252
1857700 253
1857710 253
1857720 254
1857730 256
1857740 256
1857750 258
1857760 261
1857770 261
1857780 264
1857790 265
1857800 265
1857810 265
1857820 265
1857830 265
1857840 264
1857850 264
1857860 264
1857870 263
1857880 263
1857890 263
1857900 263
1857910 264
1857920 264
1857930 264
1857940 264
1857950 264
1857960 265
1857970 264
1857980 264
1857990 264
1858000 263
1858010 263
1858020 262
1858030 261
1858040 261
1858050 260
1858060 259
1858070 259
1858080 258
1858090 260
1858100 260
1858110 261
1858120 263
1858130 263
1858140 265
1858150 265
1858160 265
1858170 266
1858180 266
1858190 266
1858200 266
1858210 266
1858220 266
1858230 266
1858240 266
1858250 266
1858260 265
1858270 264
1858280 264
1858290 264
1858300 263
1858310 263
1858320 262
1858330 262
1858340 262
1858350 262
1858360 262
1858370 262
1858380 262
1858390 261
1858400 261
1858410 261
1858420 258
1858430 258
1858440 254
1858450 250
1858460 247
1858470 247
1858480 245
1858490 242
1858500 242
1858510 240
1858520 238
1858530 238
1858540 236
1858550 234
1858560 234
1858570 232
1858580 231
1858590 231
1858600 229
1858610 228
1858620 228
1858630 227
1858640 225
1858650 225
1858660 219
1858670 219
1858680 219
1858690 217
1858700 216
1858710 216
1858720 217
1858730 219
1858740 219
1858750 223
1858760 225
1858770 225
1858780 227
1858790 229
1858800 229
1858810 232
1858820 234
1858830 234
1858840 236
1858850 239
1858860 239
1858870 241
1858880 245
1858890 245
1858900 247
1858910 249
1858920 249
1858930 251
1858940 252
1858950 252
1858960 254
1858970 255
1858980 255
1858990 256
1859000 257
1859010 257
1859020 258
1859030 258
1859040 258
1859050 258
1859060 258
1859070 258
1859080 258
1859090 258
1859100 258
1859110 258
1859120 257
1859130 257
1859140 257
1859150 257
1859160 257
1859170 257
1859180 257
1859190 257
1859200 257
1859210 257
1859220 257
1859230 257
1859240 257
1859250 257
1859260 257
1859270 258
1859280 258
1859290 258
1859300 259
1859310 259
1859320 259
1859330 260
1859340 260
1859350 259
1859360 260
1859370 260
1859380 260
1859390 260
1859400 260
1859410 261
1859420 262
1859430 262
1859440 262
1859450 263
1859460 263
1859470 263
1859480 264
1859490 264
1859500 264
1859510 265
1859520 265
1859530 265
1859540 267
1859550 267
1859560 267
1859570 268
1859580 268
1859590 268
1859600 270
1859610 270
1859620 270
1859630 271
1859640 272
1859650 272
1859660 273
1859670 273
1859680 273
1859690 274
1859700 274
1859710 274
1859720 274
1859730 275
1859740 275
1859750 275
1859760 275
1859770 275
1859780 276
1859790 276
1859800 276
1859810 277
1859820 277
1859830 277
1859840 277
1859850 278
1859860 278
1859870 278
1859880 278
1859890 278
1859900 278
1859910 279
1859920 279
1859930 279
1859940 279
1859950 279
1859960 279
1859970 279
1859980 279
1859990 279
