1840000 183
1840010 183
1840020 183
1840030 183
1840040 183
1840050 183
1840060 183
1840070 183
1840080 183
1840090 183
1840100 183
1840110 183
1840120 183
1840130 183
1840140 183
1840150 183
1840160 183
1840170 183
1840180 183
1840190 183
1840200 183
1840210 183
1840220 183
1840230 183
1840240 183
1840250 183
1840260 183
1840270 183
1840280 183
1840290 183
1840300 183
1840310 183
1840320 183
1840330 183
1840340 183
1840350 183
1840360 183
1840370 183
1840380 183
1840390 183
1840400 183
1840410 183
1840420 183
1840430 183
1840440 183
1840450 183
1840460 183
1840470 183
1840480 183
1840490 183
1840500 183
1840510 183
1840520 183
1840530 183
1840540 183
1840550 183
1840560 183
1840570 183
1840580 182
1840590 182
1840600 182
1840610 182
1840620 182
1840630 182
1840640 182
1840650 182
1840660 182
1840670 182
1840680 182
1840690 182
1840700 182
1840710 182
1840720 182
1840730 182
1840740 182
1840750 182
1840760 182
1840770 182
1840780 182
1840790 182
1840800 182
1840810 182
1840820 182
1840830 182
1840840 182
1840850 182
1840860 181
1840870 181
1840880 181
1840890 181
1840900 181
1840910 181
1840920 180
1840930 180
1840940 180
1840950 180
1840960 180
1840970 180
1840980 179
1840990 179
1841000 179
1841010 179
1841020 179
1841030 179
1841040 179
1841050 179
1841060 179
1841070 179
1841080 179
1841090 179
1841100 178
1841110 178
1841120 178
1841130 178
1841140 178
1841150 178
1841160 178
1841170 178
1841180 178
1841190 178
1841200 178
1841210 178
1841220 178
1841230 178
1841240 178
1841250 178
1841260 178
1841270 178
1841280 178
1841290 178
1841300 178
1841310 178
1841320 178
1841330 178
1841340 178
1841350 178
1841360 178
1841370 178
1841380 178
1841390 178
1841400 178
1841410 178
1841420 178
1841430 178
1841440 178
1841450 178
1841460 178
1841470 178
1841480 178
1841490 178
1841500 178
1841510 178
1841520 178
1841530 178
1841540 178
1841550 178
1841560 178
1841570 178
1841580 178
1841590 178
1841600 178
1841610 178
1841620 178
1841630 178
1841640 178
1841650 178
1841660 178
1841670 178
1841680 178
1841690 178
1841700 178
1841710 178
1841720 178
1841730 178
1841740 178
1841750 178
1841760 177
1841770 177
1841780 177
1841790 177
1841800 177
1841810 177
1841820 177
1841830 177
1841840 177
1841850 177
1841860 177
1841870 177
1841880 177
1841890 177
1841900 177
1841910 177
1841920 177
1841930 177
1841940 177
1841950 177
1841960 177
1841970 177
1841980 177
1841990 177
1842000 177
1842010 177
1842020 177
1842030 177
1842040 177
1842050 177
1842060 177
1842070 177
1842080 177
1842090 177
1842100 177
1842110 177
1842120 177
1842130 177
1842140 177
1842150 177
1842160 177
1842170 177
1842180 177
1842190 177
1842200 177
1842210 177
1842220 177
1842230 177
1842240 177
1842250 177
1842260 177
1842270 177
1842280 177
1842290 177
1842300 177
1842310 177
1842320 177
1842330 177
1842340 177
1842350 177
1842360 177
1842370 177
1842380 177
1842390 177
1842400 177
1842410 177
1842420 177
1842430 177
1842440 177
1842450 177
1842460 177
1842470 177
1842480 177
1842490 177
1842500 177
1842510 177
1842520 177
1842530 177
1842540 177
1842550 178
1842560 178
1842570 178
1842580 177
1842590 178
1842600 178
1842610 178
1842620 177
1842630 177
1842640 177
1842650 177
1842660 177
1842670 177
1842680 177
1842690 177
1842700 177
1842710 177
1842720 177
1842730 177
1842740 177
1842750 177
1842760 177
1842770 177
1842780 177
1842790 177
1842800 177
1842810 177
1842820 177
1842830 177
1842840 177
1842850 177
1842860 177
1842870 177
1842880 177
1842890 177
1842900 178
1842910 178
1842920 178
1842930 178
1842940 178
1842950 178
1842960 177
1842970 177
1842980 175
1842990 177
1843000 177
1843010 178
1843020 178
1843030 178
1843040 178
1843050 178
1843060 178
1843070 177
1843080 177
1843090 177
1843100 177
1843110 177
1843120 177
1843130 177
1843140 177
1843150 177
1843160 177
1843170 177
1843180 177
1843190 177
1843200 177
1843210 177
1843220 176
1843230 177
1843240 177
1843250 177
1843260 177
1843270 177
1843280 177
1843290 177
1843300 177
1843310 177
1843320 177
1843330 177
1843340 177
1843350 177
1843360 177
1843370 177
1843380 177
1843390 177
1843400 176
1843410 177
1843420 177
1843430 177
1843440 176
1843450 176
1843460 176
1843470 176
1843480 176
1843490 176
1843500 176
1843510 176
1843520 176
1843530 176
1843540 176
1843550 176
1843560 176
1843570 176
1843580 176
1843590 176
1843600 176
1843610 176
1843620 176
1843630 176
1843640 176
1843650 176
1843660 176
1843670 176
1843680 176
1843690 176
1843700 176
1843710 176
1843720 176
1843730 176
1843740 176
1843750 176
1843760 176
1843770 176
1843780 176
1843790 176
1843800 176
1843810 176
1843820 176
1843830 176
1843840 176
1843850 176
1843860 176
1843870 176
1843880 176
1843890 176
1843900 176
1843910 176
1843920 176
1843930 177
1843940 177
1843950 177
1843960 177
1843970 177
1843980 177
1843990 177
1844000 177
1844010 177
1844020 177
1844030 177
1844040 177
1844050 177
1844060 177
1844070 177
1844080 177
1844090 177
1844100 177
1844110 177
1844120 177
1844130 177
1844140 177
1844150 177
1844160 176
1844170 176
1844180 176
1844190 176
1844200 176
1844210 176
1844220 176
1844230 176
1844240 176
1844250 176
1844260 177
1844270 177
1844280 177
1844290 177
1844300 177
1844310 177
1844320 177
1844330 177
1844340 177
1844350 178
1844360 178
1844370 178
1844380 178
1844390 178
1844400 178
1844410 179
1844420 179
1844430 179
1844440 179
1844450 179
1844460 180
1844470 180
1844480 180
1844490 180
1844500 180
1844510 180
1844520 180
1844530 180
1844540 180
1844550 180
1844560 180
1844570 180
1844580 180
1844590 180
1844600 180
1844610 180
1844620 180
1844630 180
1844640 180
1844650 180
1844660 180
1844670 180
1844680 181
1844690 181
1844700 181
1844710 181
1844720 181
1844730 181
1844740 181
1844750 181
1844760 181
1844770 181
1844780 181
1844790 181
1844800 181
1844810 181
1844820 181
1844830 181
1844840 181
1844850 181
1844860 180
1844870 180
1844880 181
1844890 181
1844900 181
1844910 181
1844920 181
1844930 181
1844940 181
1844950 180
1844960 180
1844970 180
1844980 180
1844990 180
1845000 180
1845010 180
1845020 180
1845030 180
1845040 180
1845050 180
1845060 180
1845070 180
1845080 180
1845090 180
1845100 180
1845110 180
1845120 180
1845130 179
1845140 179
1845150 179
1845160 180
1845170 179
1845180 179
1845190 179
1845200 180
1845210 180
1845220 180
1845230 180
1845240 180
1845250 180
1845260 180
1845270 180
1845280 180
1845290 180
1845300 180
1845310 179
1845320 179
1845330 179
1845340 180
1845350 180
1845360 180
1845370 180
1845380 180
1845390 180
1845400 180
1845410 180
1845420 180
1845430 180
1845440 180
1845450 180
1845460 180
1845470 180
1845480 180
1845490 180
1845500 180
1845510 180
1845520 180
1845530 180
1845540 180
1845550 180
1845560 180
1845570 180
1845580 180
1845590 180
1845600 180
1845610 181
1845620 181
1845630 181
1845640 181
1845650 181
1845660 181
1845670 181
1845680 181
1845690 181
1845700 181
1845710 181
1845720 181
1845730 181
1845740 181
1845750 181
1845760 181
1845770 181
1845780 181
1845790 181
1845800 181
1845810 181
1845820 181
1845830 181
1845840 181
1845850 181
1845860 181
1845870 181
1845880 182
1845890 182
1845900 182
1845910 182
1845920 182
1845930 182
1845940 182
1845950 182
1845960 182
1845970 183
1845980 183
1845990 183
1846000 183
1846010 183
1846020 184
1846030 184
1846040 184
1846050 184
1846060 184
1846070 185
1846080 185
1846090 185
1846100 186
1846110 186
1846120 186
1846130 187
1846140 187
1846150 187
1846160 188
1846170 188
1846180 188
1846190 189
1846200 189
1846210 189
1846220 189
1846230 190
1846240 190
1846250 190
1846260 190
1846270 190
1846280 190
1846290 190
1846300 190
1846310 190
1846320 190
1846330 190
1846340 191
1846350 191
1846360 191
1846370 191
1846380 191
1846390 191
1846400 191
1846410 191
1846420 191
1846430 190
1846440 190
1846450 190
1846460 190
1846470 190
1846480 190
1846490 190
1846500 190
1846510 190
1846520 190
1846530 189
1846540 189
1846550 189
1846560 189
1846570 189
1846580 189
1846590 189
1846600 189
1846610 188
1846620 188
1846630 188
1846640 188
1846650 188
1846660 188
1846670 188
1846680 187
1846690 187
1846700 187
1846710 187
1846720 187
1846730 187
1846740 186
1846750 186
1846760 186
1846770 186
1846780 186
1846790 186
1846800 186
1846810 186
1846820 186
1846830 186
1846840 186
1846850 186
1846860 186
1846870 186
1846880 186
1846890 186
1846900 186
1846910 186
1846920 186
1846930 186
1846940 186
1846950 185
1846960 185
1846970 185
1846980 185
1846990 185
1847000 185
1847010 185
1847020 185
1847030 185
1847040 185
1847050 185
1847060 185
1847070 185
1847080 185
1847090 185
1847100 185
1847110 185
1847120 185
1847130 184
1847140 184
1847150 184
1847160 184
1847170 184
1847180 184
1847190 184
1847200 184
1847210 184
1847220 184
1847230 184
1847240 184
1847250 184
1847260 184
1847270 184
1847280 184
1847290 184
1847300 184
1847310 184
1847320 184
1847330 184
1847340 185
1847350 185
1847360 185
1847370 185
1847380 185
1847390 185
1847400 185
1847410 185
1847420 185
1847430 185
1847440 185
1847450 185
1847460 185
1847470 186
1847480 186
1847490 186
1847500 186
1847510 186
1847520 186
1847530 186
1847540 186
1847550 187
1847560 187
1847570 187
1847580 187
1847590 187
1847600 187
1847610 187
1847620 187
1847630 187
1847640 187
1847650 188
1847660 188
1847670 188
1847680 188
1847690 188
1847700 188
1847710 188
1847720 188
1847730 188
1847740 188
1847750 188
1847760 188
1847770 188
1847780 188
1847790 189
1847800 189
1847810 189
1847820 189
1847830 189
1847840 189
1847850 189
1847860 189
1847870 189
1847880 189
1847890 190
1847900 190
1847910 190
1847920 191
1847930 191
1847940 190
1847950 190
1847960 190
1847970 190
1847980 191
1847990 191
1848000 192
1848010 191
1848020 191
1848030 192
1848040 192
1848050 192
1848060 192
1848070 192
1848080 192
1848090 192
1848100 192
1848110 192
1848120 192
1848130 192
1848140 192
1848150 192
1848160 192
1848170 192
1848180 192
1848190 193
1848200 193
1848210 193
1848220 193
1848230 194
1848240 194
1848250 194
1848260 194
1848270 194
1848280 194
1848290 194
1848300 194
1848310 194
1848320 194
1848330 194
1848340 194
1848350 194
1848360 194
1848370 194
1848380 195
1848390 195
1848400 195
1848410 195
1848420 195
1848430 195
1848440 195
1848450 195
1848460 195
1848470 195
1848480 195
1848490 195
1848500 195
1848510 195
1848520 195
1848530 195
1848540 195
1848550 195
1848560 195
1848570 195
1848580 196
1848590 196
1848600 196
1848610 196
1848620 196
1848630 196
1848640 196
1848650 196
1848660 196
1848670 196
1848680 197
1848690 197
1848700 197
1848710 197
1848720 197
1848730 197
1848740 197
1848750 197
1848760 197
1848770 197
1848780 197
1848790 198
1848800 198
1848810 198
1848820 198
1848830 198
1848840 198
1848850 198
1848860 198
1848870 198
1848880 198
1848890 198
1848900 198
1848910 199
1848920 199
1848930 199
1848940 199
1848950 199
1848960 199
1848970 199
1848980 199
1848990 199
1849000 199
1849010 200
1849020 200
1849030 200
1849040 200
1849050 200
1849060 200
1849070 200
1849080 200
1849090 200
1849100 200
1849110 200
1849120 201
1849130 201
1849140 201
1849150 201
1849160 202
1849170 203
1849180 203
1849190 201
1849200 201
1849210 201
1849220 201
1849230 201
1849240 201
1849250 202
1849260 202
1849270 202
1849280 202
1849290 202
1849300 202
1849310 202
1849320 202
1849330 202
1849340 202
1849350 202
1849360 202
1849370 203
1849380 202
1849390 202
1849400 203
1849410 203
1849420 203
1849430 203
1849440 203
1849450 203
1849460 203
1849470 204
1849480 204
1849490 204
1849500 204
1849510 204
1849520 205
1849530 205
1849540 205
1849550 205
1849560 206
1849570 206
1849580 206
1849590 206
1849600 206
1849610 207
1849620 207
1849630 207
1849640 207
1849650 207
1849660 207
1849670 207
1849680 207
1849690 207
1849700 207
1849710 208
1849720 208
1849730 208
1849740 208
1849750 208
1849760 209
1849770 209
1849780 209
1849790 208
1849800 208
1849810 208
1849820 209
1849830 210
1849840 210
1849850 211
1849860 210
1849870 210
1849880 210
1849890 210
1849900 210
1849910 210
1849920 210
1849930 210
1849940 210
1849950 210
1849960 210
1849970 211
1849980 211
1849990 211
1850000 211
1850010 211
1850020 211
1850030 211
1850040 211
1850050 211
1850060 211
1850070 212
1850080 212
1850090 212
1850100 213
1850110 213
1850120 213
1850130 213
1850140 213
1850150 214
1850160 214
1850170 214
1850180 215
1850190 216
1850200 216
1850210 216
1850220 217
1850230 217
1850240 217
1850250 218
1850260 219
1850270 219
1850280 219
1850290 220
1850300 220
1850310 220
1850320 221
1850330 221
1850340 221
1850350 222
1850360 222
1850370 223
1850380 224
1850390 224
1850400 225
1850410 225
1850420 225
1850430 225
1850440 226
1850450 226
1850460 226
1850470 227
1850480 227
1850490 227
1850500 227
1850510 227
1850520 227
1850530 228
1850540 228
1850550 228
1850560 228
1850570 228
1850580 228
1850590 228
1850600 228
1850610 228
1850620 228
1850630 228
1850640 227
1850650 227
1850660 227
1850670 227
1850680 227
1850690 227
1850700 228
1850710 228
1850720 228
1850730 228
1850740 229
1850750 229
1850760 229
1850770 230
1850780 230
1850790 230
1850800 230
1850810 230
1850820 231
1850830 231
1850840 231
1850850 231
1850860 232
1850870 232
1850880 232
1850890 232
1850900 232
1850910 233
1850920 233
1850930 233
1850940 233
1850950 234
1850960 234
1850970 234
1850980 235
1850990 234
1851000 234
1851010 235
1851020 235
1851030 235
1851040 236
1851050 236
1851060 236
1851070 237
1851080 237
1851090 237
1851100 238
1851110 238
1851120 238
1851130 239
1851140 239
1851150 241
1851160 242
1851170 242
1851180 243
1851190 245
1851200 245
1851210 247
1851220 249
1851230 249
1851240 251
1851250 253
1851260 254
1851270 254
1851280 255
1851290 256
1851300 256
1851310 257
1851320 257
1851330 257
1851340 255
1851350 255
1851360 255
1851370 254
1851380 254
1851390 254
1851400 253
1851410 252
1851420 252
1851430 251
1851440 250
1851450 250
1851460 250
1851470 250
1851480 250
1851490 250
1851500 249
1851510 249
1851520 249
1851530 249
1851540 249
1851550 249
1851560 249
1851570 249
1851580 249
1851590 248
1851600 248
1851610 248
1851620 248
1851630 248
1851640 247
1851650 247
1851660 247
1851670 246
1851680 244
1851690 243
1851700 241
1851710 241
1851720 241
1851730 240
1851740 241
1851750 241
1851760 241
1851770 242
1851780 242
1851790 242
1851800 244
1851810 244
1851820 245
1851830 246
1851840 246
1851850 247
1851860 249
1851870 249
1851880 250
1851890 251
1851900 251
1851910 252
1851920 253
1851930 253
1851940 254
1851950 256
1851960 256
1851970 258
1851980 259
1851990 259
1852000 262
1852010 264
1852020 264
1852030 265
1852040 266
1852050 264
1852060 265
1852070 266
1852080 266
1852090 267
1852100 267
1852110 267
1852120 268
1852130 269
1852140 269
1852150 271
1852160 272
1852170 272
1852180 273
1852190 275
1852200 275
1852210 275
1852220 278
1852230 278
1852240 279
1852250 280
1852260 280
1852270 281
1852280 281
1852290 281
1852300 279
1852310 280
1852320 283
1852330 283
1852340 284
1852350 284
1852360 284
1852370 284
1852380 284
1852390 284
1852400 283
1852410 284
1852420 284
1852430 283
1852440 282
1852450 282
1852460 281
1852470 280
1852480 280
1852490 278
1852500 276
1852510 276
1852520 275
1852530 273
1852540 273
1852550 272
1852560 272
1852570 272
1852580 272
1852590 272
1852600 272
1852610 273
1852620 274
1852630 274
1852640 275
1852650 277
1852660 277
1852670 279
1852680 280
1852690 280
1852700 282
1852710 283
1852720 283
1852730 284
1852740 284
1852750 283
1852760 283
1852770 281
1852780 281
1852790 280
1852800 279
1852810 279
1852820 276
1852830 273
1852840 273
1852850 271
1852860 268
1852870 268
1852880 266
1852890 265
1852900 265
1852910 262
1852920 263
1852930 263
1852940 269
1852950 275
1852960 275
1852970 280
1852980 285
1852990 285
1853000 290
1853010 294
1853020 294
1853030 296
1853040 298
1853050 298
1853060 300
1853070 302
1853080 302
1853090 304
1853100 305
1853110 305
1853120 306
1853130 306
1853140 306
1853150 307
1853160 308
1853170 308
1853180 309
1853190 309
1853200 309
1853210 309
1853220 309
1853230 309
1853240 309
1853250 309
1853260 309
1853270 309
1853280 308
1853290 308
1853300 308
1853310 308
1853320 308
1853330 307
1853340 308
1853350 308
1853360 307
1853370 306
1853380 306
1853390 305
1853400 304
1853410 303
1853420 303
1853430 301
1853440 303
1853450 303
1853460 307
1853470 309
1853480 309
1853490 311
1853500 312
1853510 312
1853520 313
1853530 314
1853540 314
1853550 315
1853560 315
1853570 315
1853580 315
1853590 315
1853600 315
1853610 315
1853620 315
1853630 315
1853640 314
1853650 314
1853660 314
1853670 314
1853680 313
1853690 313
1853700 312
1853710 311
1853720 311
1853730 311
1853740 310
1853750 310
1853760 311
1853770 311
1853780 311
1853790 310
1853800 307
1853810 307
1853820 307
1853830 306
1853840 306
1853850 305
1853860 305
1853870 305
1853880 303
1853890 302
1853900 302
1853910 300
1853920 296
1853930 296
1853940 293
1853950 295
1853960 295
1853970 298
1853980 298
1853990 298
1854000 300
1854010 301
1854020 301
1854030 302
1854040 302
1854050 302
1854060 301
1854070 300
1854080 300
1854090 299
1854100 298
1854110 298
1854120 296
1854130 295
1854140 295
1854150 290
1854160 289
1854170 289
1854180 287
1854190 286
1854200 286
1854210 284
1854220 283
1854230 283
1854240 282
1854250 281
1854260 281
1854270 279
1854280 277
1854290 277
1854300 277
1854310 277
1854320 277
1854330 278
1854340 278
1854350 278
1854360 277
1854370 278
1854380 278
1854390 276
1854400 276
1854410 276
1854420 275
1854430 274
1854440 274
1854450 274
1854460 272
1854470 269
1854480 269
1854490 267
1854500 262
1854510 262
1854520 258
1854530 255
1854540 255
1854550 253
1854560 258
1854570 258
1854580 262
1854590 266
1854600 266
1854610 267
1854620 265
1854630 265
1854640 263
1854650 260
1854660 260
1854670 256
1854680 252
1854690 252
1854700 247
1854710 244
1854720 244
1854730 242
1854740 242
1854750 242
1854760 241
1854770 241
1854780 241
1854790 241
1854800 242
1854810 242
1854820 243
1854830 243
1854840 243
1854850 244
1854860 244
1854870 244
1854880 245
1854890 247
1854900 247
1854910 249
1854920 252
1854930 252
1854940 254
1854950 257
1854960 257
1854970 259
1854980 262
1854990 262
1855000 266
1855010 270
1855020 270
1855030 274
1855040 277
1855050 277
1855060 281
1855070 285
1855080 285
1855090 289
1855100 292
1855110 292
1855120 294
1855130 297
1855140 297
1855150 300
1855160 302
1855170 302
1855180 303
1855190 303
1855200 303
1855210 306
1855220 307
1855230 307
1855240 310
1855250 311
1855260 311
1855270 313
1855280 314
1855290 314
1855300 316
1855310 317
1855320 317
1855330 319
1855340 321
1855350 321
1855360 322
1855370 323
1855380 323
1855390 324
1855400 325
1855410 325
1855420 325
1855430 325
1855440 325
1855450 326
1855460 327
1855470 327
1855480 329
1855490 330
1855500 330
1855510 331
1855520 331
1855530 332
1855540 333
1855550 333
1855560 334
1855570 334
1855580 335
1855590 336
1855600 336
1855610 337
1855620 338
1855630 338
1855640 339
1855650 339
1855660 339
1855670 340
1855680 341
1855690 341
1855700 341
1855710 342
1855720 342
1855730 343
1855740 343
1855750 343
1855760 344
1855770 345
1855780 345
1855790 345
1855800 345
1855810 345
1855820 346
1855830 345
1855840 345
1855850 346
1855860 346
1855870 346
1855880 346
1855890 346
1855900 346
1855910 346
1855920 346
1855930 346
1855940 347
1855950 347
1855960 347
1855970 347
1855980 347
1855990 347
1856000 347
1856010 347
1856020 347
1856030 347
1856040 347
1856050 347
1856060 347
1856070 347
1856080 347
1856090 346
1856100 346
1856110 346
1856120 346
1856130 346
1856140 346
1856150 346
1856160 346
1856170 346
1856180 347
1856190 347
1856200 347
1856210 347
1856220 347
1856230 347
1856240 346
1856250 345
1856260 345
1856270 344
1856280 343
1856290 343
1856300 342
1856310 341
1856320 341
1856330 339
1856340 337
1856350 337
1856360 336
1856370 335
1856380 335
1856390 334
1856400 333
1856410 333
1856420 332
1856430 330
1856440 330
1856450 327
1856460 324
1856470 324
1856480 322
1856490 320
1856500 320
1856510 319
1856520 319
1856530 319
1856540 318
1856550 318
1856560 318
1856570 317
1856580 319
1856590 319
1856600 319
1856610 318
1856620 317
1856630 317
1856640 317
1856650 316
1856660 316
1856670 314
1856680 313
1856690 313
1856700 311
1856710 309
1856720 309
1856730 307
1856740 305
1856750 305
1856760 303
1856770 301
1856780 301
1856790 298
1856800 294
1856810 294
1856820 291
1856830 288
1856840 288
1856850 287
1856860 287
1856870 287
1856880 288
1856890 288
1856900 288
1856910 288
1856920 289
1856930 293
1856940 293
1856950 292
1856960 292
1856970 291
1856980 288
1856990 288
1857000 286
1857010 285
1857020 285
1857030 284
1857040 284
1857050 284
1857060 284
1857070 283
1857080 283
1857090 282
1857100 280
1857110 280
1857120 279
1857130 279
1857140 279
1857150 278
1857160 278
1857170 278
1857180 277
1857190 275
1857200 275
1857210 274
1857220 272
1857230 272
1857240 270
1857250 269
1857260 269
1857270 268
1857280 269
1857290 269
1857300 268
1857310 267
1857320 267
1857330 266
1857340 266
1857350 266
1857360 265
1857370 265
1857380 265
1857390 266
1857400 267
1857410 267
1857420 269
1857430 271
1857440 271
1857450 273
1857460 274
1857470 274
1857480 276
1857490 276
1857500 276
1857510 274
1857520 271
1857530 271
1857540 268
1857550 265
1857560 265
1857570 263
1857580 261
1857590 261
1857600 261
1857610 263
1857620 262
1857630 266
1857640 268
1857650 270
1857660 270
1857670 272
1857680 273
1857690 273
1857700 274
1857710 274
1857720 274
1857730 275
1857740 274
1857750 274
1857760 274
1857770 273
1857780 273
1857790 273
1857800 272
1857810 272
1857820 272
1857830 271
1857840 271
1857850 271
1857860 271
1857870 271
1857880 271
1857890 271
1857900 271
1857910 272
1857920 272
1857930 272
1857940 272
1857950 272
1857960 272
1857970 271
1857980 270
1857990 270
1858000 270
1858010 269
1858020 269
1858030 269
1858040 267
1858050 267
1858060 265
1858070 264
1858080 264
1858090 263
1858100 264
1858110 264
1858120 266
1858130 269
1858140 269
1858150 270
1858160 271
1858170 271
1858180 272
1858190 274
1858200 274
1858210 276
1858220 275
1858230 275
1858240 274
1858250 274
1858260 274
1858270 273
1858280 271
1858290 271
1858300 270
1858310 269
1858320 268
1858330 268
1858340 267
1858350 267
1858360 265
1858370 263
1858380 263
1858390 263
1858400 262
1858410 262
1858420 260
1858430 259
1858440 259
1858450 257
1858460 254
1858470 254
1858480 253
1858490 250
1858500 250
1858510 248
1858520 246
1858530 246
1858540 243
1858550 240
1858560 240
1858570 238
1858580 237
1858590 237
1858600 235
1858610 234
1858620 234
1858630 233
1858640 231
1858650 231
1858660 228
1858670 227
1858680 227
1858690 227
1858700 225
1858710 219
1858720 219
1858730 218
1858740 218
1858750 218
1858760 219
1858770 221
1858780 221
1858790 222
1858800 223
1858810 223
1858820 224
1858830 224
1858840 224
1858850 225
1858860 227
1858870 227
1858880 229
1858890 230
1858900 230
1858910 231
1858920 233
1858930 233
1858940 235
1858950 237
1858960 237
1858970 239
1858980 241
1858990 241
1859000 243
1859010 248
1859020 248
1859030 251
1859040 253
1859050 253
1859060 255
1859070 256
1859080 256
1859090 256
1859100 257
1859110 257
1859120 257
1859130 257
1859140 257
1859150 257
1859160 256
1859170 256
1859180 256
1859190 256
1859200 256
1859210 256
1859220 257
1859230 257
1859240 257
1859250 257
1859260 257
1859270 258
1859280 258
1859290 258
1859300 259
1859310 259
1859320 259
1859330 260
1859340 260
1859350 260
1859360 261
1859370 261
1859380 261
1859390 262
1859400 262
1859410 262
1859420 263
1859430 263
1859440 263
1859450 264
1859460 265
1859470 265
1859480 265
1859490 266
1859500 266
1859510 267
1859520 269
1859530 269
1859540 269
1859550 270
1859560 270
1859570 270
1859580 271
1859590 271
1859600 271
1859610 271
1859620 271
1859630 272
1859640 272
1859650 272
1859660 272
1859670 273
1859680 273
1859690 274
1859700 274
1859710 274
1859720 274
1859730 274
1859740 274
1859750 275
1859760 275
1859770 275
1859780 275
1859790 275
1859800 276
1859810 276
1859820 276
1859830 276
1859840 276
1859850 276
1859860 276
1859870 276
1859880 276
1859890 276
1859900 276
1859910 277
1859920 276
1859930 276
1859940 276
1859950 276
1859960 276
1859970 276
1859980 276
1859990 276
