1840000 180
1840010 180
1840020 179
1840030 179
1840040 179
1840050 179
1840060 179
1840070 179
1840080 179
1840090 179
1840100 179
1840110 179
1840120 179
1840130 179
1840140 179
1840150 179
1840160 179
1840170 179
1840180 179
1840190 179
1840200 179
1840210 179
1840220 179
1840230 179
1840240 179
1840250 179
1840260 179
1840270 179
1840280 179
1840290 179
1840300 179
1840310 179
1840320 179
1840330 179
1840340 179
1840350 179
1840360 179
1840370 179
1840380 179
1840390 179
1840400 179
1840410 179
1840420 179
1840430 179
1840440 179
1840450 179
1840460 179
1840470 179
1840480 179
1840490 179
1840500 179
1840510 179
1840520 179
1840530 179
1840540 179
1840550 179
1840560 179
1840570 179
1840580 179
1840590 179
1840600 179
1840610 179
1840620 179
1840630 179
1840640 179
1840650 179
1840660 179
1840670 179
1840680 179
1840690 179
1840700 179
1840710 179
1840720 179
1840730 179
1840740 179
1840750 179
1840760 179
1840770 179
1840780 179
1840790 179
1840800 179
1840810 179
1840820 179
1840830 179
1840840 179
1840850 179
1840860 179
1840870 179
1840880 179
1840890 179
1840900 179
1840910 179
1840920 179
1840930 179
1840940 179
1840950 179
1840960 179
1840970 179
1840980 179
1840990 179
1841000 179
1841010 179
1841020 179
1841030 179
1841040 179
1841050 178
1841060 179
1841070 179
1841080 179
1841090 178
1841100 178
1841110 178
1841120 178
1841130 178
1841140 178
1841150 178
1841160 178
1841170 178
1841180 178
1841190 178
1841200 178
1841210 178
1841220 178
1841230 178
1841240 178
1841250 178
1841260 178
1841270 178
1841280 178
1841290 178
1841300 178
1841310 178
1841320 178
1841330 178
1841340 178
1841350 178
1841360 178
1841370 178
1841380 178
1841390 178
1841400 178
1841410 178
1841420 178
1841430 178
1841440 178
1841450 178
1841460 178
1841470 178
1841480 178
1841490 178
1841500 178
1841510 178
1841520 178
1841530 178
1841540 178
1841550 178
1841560 178
1841570 178
1841580 178
1841590 178
1841600 178
1841610 178
1841620 178
1841630 178
1841640 178
1841650 178
1841660 178
1841670 178
1841680 178
1841690 178
1841700 178
1841710 178
1841720 178
1841730 178
1841740 178
1841750 178
1841760 178
1841770 178
1841780 178
1841790 178
1841800 178
1841810 178
1841820 178
1841830 178
1841840 178
1841850 178
1841860 178
1841870 178
1841880 178
1841890 178
1841900 178
1841910 178
1841920 178
1841930 178
1841940 178
1841950 178
1841960 178
1841970 178
1841980 178
1841990 178
1842000 178
1842010 178
1842020 178
1842030 178
1842040 178
1842050 178
1842060 178
1842070 178
1842080 178
1842090 178
1842100 178
1842110 178
1842120 178
1842130 178
1842140 178
1842150 178
1842160 178
1842170 178
1842180 178
1842190 178
1842200 178
1842210 178
1842220 178
1842230 178
1842240 179
1842250 179
1842260 179
1842270 178
1842280 178
1842290 178
1842300 178
1842310 178
1842320 178
1842330 178
1842340 178
1842350 178
1842360 178
1842370 178
1842380 178
1842390 178
1842400 178
1842410 178
1842420 178
1842430 178
1842440 178
1842450 178
1842460 178
1842470 178
1842480 179
1842490 179
1842500 179
1842510 179
1842520 179
1842530 179
1842540 178
1842550 178
1842560 176
1842570 177
1842580 176
1842590 177
1842600 179
1842610 179
1842620 179
1842630 178
1842640 178
1842650 178
1842660 178
1842670 178
1842680 178
1842690 178
1842700 178
1842710 178
1842720 178
1842730 178
1842740 178
1842750 178
1842760 178
1842770 178
1842780 178
1842790 178
1842800 178
1842810 178
1842820 178
1842830 178
1842840 178
1842850 177
1842860 177
1842870 177
1842880 177
1842890 177
1842900 177
1842910 177
1842920 177
1842930 177
1842940 177
1842950 177
1842960 177
1842970 177
1842980 177
1842990 177
1843000 177
1843010 177
1843020 177
1843030 177
1843040 177
1843050 177
1843060 178
1843070 178
1843080 178
1843090 178
1843100 178
1843110 178
1843120 178
1843130 178
1843140 178
1843150 178
1843160 178
1843170 178
1843180 178
1843190 178
1843200 178
1843210 178
1843220 178
1843230 178
1843240 178
1843250 178
1843260 178
1843270 178
1843280 178
1843290 178
1843300 177
1843310 177
1843320 177
1843330 177
1843340 177
1843350 177
1843360 177
1843370 177
1843380 177
1843390 177
1843400 177
1843410 177
1843420 177
1843430 177
1843440 177
1843450 177
1843460 177
1843470 177
1843480 177
1843490 177
1843500 177
1843510 177
1843520 177
1843530 177
1843540 177
1843550 177
1843560 177
1843570 177
1843580 177
1843590 177
1843600 177
1843610 177
1843620 177
1843630 177
1843640 177
1843650 177
1843660 177
1843670 177
1843680 177
1843690 177
1843700 177
1843710 177
1843720 177
1843730 177
1843740 177
1843750 177
1843760 177
1843770 177
1843780 177
1843790 177
1843800 177
1843810 177
1843820 177
1843830 177
1843840 178
1843850 178
1843860 178
1843870 177
1843880 177
1843890 177
1843900 177
1843910 178
1843920 178
1843930 178
1843940 178
1843950 178
1843960 178
1843970 178
1843980 178
1843990 178
1844000 178
1844010 178
1844020 178
1844030 178
1844040 178
1844050 178
1844060 178
1844070 178
1844080 178
1844090 177
1844100 177
1844110 177
1844120 176
1844130 176
1844140 176
1844150 176
1844160 176
1844170 176
1844180 176
1844190 176
1844200 176
1844210 176
1844220 176
1844230 176
1844240 177
1844250 177
1844260 177
1844270 177
1844280 177
1844290 177
1844300 178
1844310 178
1844320 178
1844330 179
1844340 179
1844350 180
1844360 181
1844370 181
1844380 181
1844390 182
1844400 182
1844410 182
1844420 182
1844430 182
1844440 183
1844450 183
1844460 183
1844470 183
1844480 183
1844490 183
1844500 183
1844510 183
1844520 183
1844530 183
1844540 183
1844550 183
1844560 183
1844570 183
1844580 183
1844590 183
1844600 183
1844610 183
1844620 183
1844630 183
1844640 183
1844650 183
1844660 183
1844670 183
1844680 184
1844690 184
1844700 184
1844710 184
1844720 184
1844730 184
1844740 184
1844750 184
1844760 184
1844770 184
1844780 183
1844790 184
1844800 184
1844810 183
1844820 183
1844830 183
1844840 183
1844850 183
1844860 183
1844870 183
1844880 183
1844890 183
1844900 183
1844910 183
1844920 183
1844930 183
1844940 183
1844950 183
1844960 183
1844970 183
1844980 183
1844990 183
1845000 183
1845010 183
1845020 183
1845030 183
1845040 183
1845050 183
1845060 183
1845070 183
1845080 183
1845090 182
1845100 182
1845110 182
1845120 182
1845130 182
1845140 183
1845150 182
1845160 182
1845170 182
1845180 182
1845190 182
1845200 182
1845210 181
1845220 181
1845230 181
1845240 181
1845250 181
1845260 181
1845270 181
1845280 181
1845290 181
1845300 181
1845310 181
1845320 182
1845330 182
1845340 182
1845350 182
1845360 182
1845370 182
1845380 182
1845390 182
1845400 182
1845410 182
1845420 182
1845430 182
1845440 182
1845450 182
1845460 182
1845470 182
1845480 182
1845490 182
1845500 182
1845510 182
1845520 182
1845530 182
1845540 182
1845550 182
1845560 182
1845570 182
1845580 182
1845590 182
1845600 183
1845610 183
1845620 183
1845630 183
1845640 183
1845650 183
1845660 183
1845670 183
1845680 183
1845690 183
1845700 183
1845710 184
1845720 184
1845730 184
1845740 184
1845750 184
1845760 184
1845770 184
1845780 184
1845790 185
1845800 185
1845810 185
1845820 185
1845830 185
1845840 185
1845850 185
1845860 185
1845870 185
1845880 185
1845890 185
1845900 185
1845910 185
1845920 185
1845930 185
1845940 186
1845950 186
1845960 186
1845970 186
1845980 186
1845990 186
1846000 187
1846010 187
1846020 187
1846030 187
1846040 187
1846050 188
1846060 188
1846070 188
1846080 188
1846090 189
1846100 189
1846110 189
1846120 189
1846130 189
1846140 190
1846150 190
1846160 190
1846170 190
1846180 190
1846190 190
1846200 191
1846210 191
1846220 191
1846230 191
1846240 192
1846250 192
1846260 192
1846270 192
1846280 192
1846290 192
1846300 192
1846310 192
1846320 192
1846330 192
1846340 192
1846350 192
1846360 192
1846370 192
1846380 191
1846390 191
1846400 191
1846410 191
1846420 191
1846430 191
1846440 190
1846450 190
1846460 190
1846470 190
1846480 190
1846490 190
1846500 190
1846510 190
1846520 190
1846530 190
1846540 190
1846550 190
1846560 190
1846570 190
1846580 190
1846590 190
1846600 190
1846610 190
1846620 190
1846630 190
1846640 190
1846650 189
1846660 189
1846670 189
1846680 189
1846690 189
1846700 189
1846710 189
1846720 188
1846730 188
1846740 188
1846750 188
1846760 188
1846770 188
1846780 188
1846790 188
1846800 187
1846810 187
1846820 187
1846830 187
1846840 187
1846850 187
1846860 187
1846870 187
1846880 187
1846890 187
1846900 187
1846910 187
1846920 187
1846930 187
1846940 187
1846950 187
1846960 187
1846970 187
1846980 187
1846990 187
1847000 186
1847010 186
1847020 186
1847030 186
1847040 186
1847050 186
1847060 186
1847070 186
1847080 186
1847090 186
1847100 186
1847110 186
1847120 186
1847130 186
1847140 186
1847150 186
1847160 186
1847170 186
1847180 186
1847190 186
1847200 186
1847210 186
1847220 186
1847230 186
1847240 186
1847250 186
1847260 187
1847270 186
1847280 186
1847290 186
1847300 186
1847310 186
1847320 186
1847330 186
1847340 186
1847350 186
1847360 187
1847370 187
1847380 187
1847390 187
1847400 187
1847410 187
1847420 187
1847430 187
1847440 187
1847450 187
1847460 187
1847470 187
1847480 186
1847490 186
1847500 186
1847510 186
1847520 186
1847530 187
1847540 187
1847550 187
1847560 187
1847570 187
1847580 187
1847590 187
1847600 187
1847610 187
1847620 187
1847630 187
1847640 187
1847650 188
1847660 188
1847670 188
1847680 188
1847690 188
1847700 188
1847710 189
1847720 189
1847730 189
1847740 189
1847750 189
1847760 189
1847770 189
1847780 189
1847790 189
1847800 189
1847810 189
1847820 189
1847830 189
1847840 189
1847850 189
1847860 189
1847870 189
1847880 189
1847890 189
1847900 189
1847910 189
1847920 189
1847930 189
1847940 190
1847950 189
1847960 189
1847970 189
1847980 189
1847990 189
1848000 190
1848010 190
1848020 190
1848030 190
1848040 190
1848050 190
1848060 190
1848070 190
1848080 190
1848090 190
1848100 190
1848110 191
1848120 191
1848130 191
1848140 191
1848150 191
1848160 191
1848170 191
1848180 191
1848190 191
1848200 192
1848210 193
1848220 193
1848230 193
1848240 193
1848250 193
1848260 193
1848270 193
1848280 193
1848290 193
1848300 193
1848310 193
1848320 193
1848330 193
1848340 193
1848350 193
1848360 194
1848370 194
1848380 195
1848390 195
1848400 195
1848410 195
1848420 195
1848430 195
1848440 195
1848450 195
1848460 195
1848470 195
1848480 196
1848490 196
1848500 196
1848510 196
1848520 196
1848530 196
1848540 196
1848550 196
1848560 196
1848570 197
1848580 197
1848590 197
1848600 197
1848610 197
1848620 197
1848630 198
1848640 198
1848650 198
1848660 198
1848670 198
1848680 198
1848690 198
1848700 198
1848710 199
1848720 199
1848730 199
1848740 199
1848750 200
1848760 200
1848770 200
1848780 200
1848790 200
1848800 200
1848810 200
1848820 200
1848830 201
1848840 201
1848850 201
1848860 201
1848870 201
1848880 201
1848890 201
1848900 201
1848910 202
1848920 202
1848930 202
1848940 202
1848950 202
1848960 202
1848970 202
1848980 202
1848990 203
1849000 203
1849010 203
1849020 203
1849030 203
1849040 203
1849050 203
1849060 203
1849070 203
1849080 204
1849090 204
1849100 204
1849110 204
1849120 204
1849130 204
1849140 204
1849150 205
1849160 205
1849170 205
1849180 205
1849190 205
1849200 206
1849210 206
1849220 206
1849230 206
1849240 207
1849250 207
1849260 207
1849270 207
1849280 207
1849290 207
1849300 207
1849310 207
1849320 208
1849330 208
1849340 208
1849350 208
1849360 208
1849370 208
1849380 208
1849390 208
1849400 208
1849410 209
1849420 209
1849430 209
1849440 209
1849450 210
1849460 210
1849470 210
1849480 210
1849490 210
1849500 211
1849510 211
1849520 211
1849530 211
1849540 212
1849550 212
1849560 212
1849570 212
1849580 212
1849590 213
1849600 213
1849610 213
1849620 213
1849630 214
1849640 214
1849650 214
1849660 214
1849670 214
1849680 214
1849690 214
1849700 214
1849710 215
1849720 214
1849730 214
1849740 214
1849750 214
1849760 214
1849770 214
1849780 214
1849790 214
1849800 215
1849810 215
1849820 215
1849830 215
1849840 215
1849850 215
1849860 215
1849870 216
1849880 216
1849890 216
1849900 216
1849910 216
1849920 216
1849930 216
1849940 216
1849950 216
1849960 216
1849970 216
1849980 216
1849990 216
1850000 216
1850010 216
1850020 216
1850030 216
1850040 216
1850050 216
1850060 217
1850070 216
1850080 216
1850090 217
1850100 217
1850110 217
1850120 217
1850130 217
1850140 218
1850150 218
1850160 218
1850170 218
1850180 218
1850190 218
1850200 219
1850210 219
1850220 219
1850230 219
1850240 219
1850250 219
1850260 219
1850270 220
1850280 220
1850290 219
1850300 218
1850310 218
1850320 218
1850330 219
1850340 219
1850350 220
1850360 220
1850370 220
1850380 220
1850390 221
1850400 221
1850410 221
1850420 221
1850430 221
1850440 221
1850450 221
1850460 221
1850470 221
1850480 221
1850490 221
1850500 221
1850510 221
1850520 221
1850530 221
1850540 222
1850550 222
1850560 222
1850570 223
1850580 223
1850590 225
1850600 227
1850610 227
1850620 229
1850630 232
1850640 232
1850650 233
1850660 234
1850670 234
1850680 235
1850690 235
1850700 235
1850710 235
1850720 235
1850730 235
1850740 235
1850750 235
1850760 235
1850770 235
1850780 237
1850790 237
1850800 237
1850810 237
1850820 237
1850830 238
1850840 238
1850850 238
1850860 238
1850870 239
1850880 239
1850890 240
1850900 241
1850910 241
1850920 242
1850930 244
1850940 244
1850950 245
1850960 247
1850970 247
1850980 249
1850990 250
1851000 251
1851010 251
1851020 253
1851030 254
1851040 254
1851050 256
1851060 257
1851070 257
1851080 259
1851090 261
1851100 261
1851110 263
1851120 265
1851130 267
1851140 270
1851150 272
1851160 272
1851170 274
1851180 276
1851190 276
1851200 278
1851210 280
1851220 280
1851230 281
1851240 283
1851250 283
1851260 284
1851270 285
1851280 285
1851290 286
1851300 287
1851310 287
1851320 288
1851330 289
1851340 289
1851350 289
1851360 290
1851370 290
1851380 291
1851390 291
1851400 291
1851410 291
1851420 292
1851430 292
1851440 292
1851450 292
1851460 292
1851470 292
1851480 291
1851490 291
1851500 291
1851510 290
1851520 290
1851530 289
1851540 289
1851550 289
1851560 288
1851570 288
1851580 288
1851590 286
1851600 286
1851610 286
1851620 285
1851630 283
1851640 283
1851650 282
1851660 280
1851670 280
1851680 278
1851690 277
1851700 277
1851710 275
1851720 274
1851730 274
1851740 271
1851750 270
1851760 270
1851770 268
1851780 268
1851790 268
1851800 267
1851810 267
1851820 267
1851830 266
1851840 268
1851850 268
1851860 271
1851870 273
1851880 273
1851890 275
1851900 277
1851910 277
1851920 279
1851930 280
1851940 280
1851950 281
1851960 283
1851970 283
1851980 283
1851990 284
1852000 284
1852010 284
1852020 282
1852030 282
1852040 281
1852050 280
1852060 278
1852070 278
1852080 276
1852090 275
1852100 275
1852110 273
1852120 271
1852130 271
1852140 270
1852150 271
1852160 271
1852170 274
1852180 279
1852190 279
1852200 282
1852210 286
1852220 286
1852230 289
1852240 292
1852250 292
1852260 294
1852270 296
1852280 296
1852290 298
1852300 299
1852310 299
1852320 300
1852330 301
1852340 301
1852350 302
1852360 303
1852370 303
1852380 304
1852390 305
1852400 305
1852410 306
1852420 306
1852430 306
1852440 306
1852450 307
1852460 307
1852470 307
1852480 307
1852490 307
1852500 306
1852510 305
1852520 305
1852530 304
1852540 305
1852550 305
1852560 307
1852570 309
1852580 309
1852590 310
1852600 311
1852610 311
1852620 312
1852630 312
1852640 312
1852650 312
1852660 312
1852670 312
1852680 311
1852690 312
1852700 312
1852710 312
1852720 313
1852730 313
1852740 314
1852750 315
1852760 315
1852770 316
1852780 316
1852790 316
1852800 317
1852810 317
1852820 317
1852830 317
1852840 317
1852850 317
1852860 316
1852870 314
1852880 314
1852890 313
1852900 311
1852910 311
1852920 309
1852930 307
1852940 307
1852950 304
1852960 302
1852970 302
1852980 299
1852990 295
1853000 295
1853010 291
1853020 287
1853030 287
1853040 288
1853050 291
1853060 291
1853070 294
1853080 299
1853090 299
1853100 304
1853110 310
1853120 316
1853130 316
1853140 321
1853150 325
1853160 325
1853170 329
1853180 333
1853190 333
1853200 336
1853210 338
1853220 338
1853230 340
1853240 342
1853250 342
1853260 343
1853270 344
1853280 344
1853290 345
1853300 346
1853310 346
1853320 346
1853330 347
1853340 347
1853350 347
1853360 347
1853370 347
1853380 348
1853390 348
1853400 348
1853410 348
1853420 348
1853430 348
1853440 348
1853450 348
1853460 348
1853470 347
1853480 347
1853490 347
1853500 347
1853510 347
1853520 347
1853530 347
1853540 347
1853550 347
1853560 348
1853570 348
1853580 347
1853590 347
1853600 348
1853610 348
1853620 348
1853630 348
1853640 348
1853650 348
1853660 348
1853670 348
1853680 347
1853690 347
1853700 347
1853710 347
1853720 346
1853730 346
1853740 345
1853750 344
1853760 344
1853770 344
1853780 343
1853790 343
1853800 342
1853810 341
1853820 341
1853830 340
1853840 340
1853850 340
1853860 339
1853870 340
1853880 340
1853890 341
1853900 342
1853910 342
1853920 342
1853930 342
1853940 342
1853950 343
1853960 342
1853970 342
1853980 342
1853990 342
1854000 342
1854010 342
1854020 342
1854030 342
1854040 341
1854050 341
1854060 341
1854070 342
1854080 342
1854090 342
1854100 342
1854110 341
1854120 341
1854130 341
1854140 340
1854150 340
1854160 340
1854170 339
1854180 338
1854190 338
1854200 337
1854210 335
1854220 335
1854230 332
1854240 329
1854250 329
1854260 326
1854270 324
1854280 326
1854290 324
1854300 322
1854310 322
1854320 321
1854330 319
1854340 319
1854350 317
1854360 316
1854370 316
1854380 316
1854390 316
1854400 316
1854410 316
1854420 317
1854430 317
1854440 318
1854450 317
1854460 317
1854470 313
1854480 308
1854490 308
1854500 304
1854510 299
1854520 299
1854530 295
1854540 291
1854550 291
1854560 286
1854570 283
1854580 283
1854590 285
1854600 286
1854610 286
1854620 287
1854630 285
1854640 285
1854650 285
1854660 285
1854670 285
1854680 284
1854690 284
1854700 284
1854710 283
1854720 282
1854730 282
1854740 281
1854750 283
1854760 283
1854770 287
1854780 291
1854790 291
1854800 296
1854810 299
1854820 299
1854830 301
1854840 304
1854850 304
1854860 306
1854870 307
1854880 307
1854890 308
1854900 308
1854910 308
1854920 308
1854930 308
1854940 308
1854950 307
1854960 306
1854970 306
1854980 302
1854990 299
1855000 299
1855010 298
1855020 294
1855030 294
1855040 293
1855050 290
1855060 290
1855070 291
1855080 296
1855090 296
1855100 300
1855110 304
1855120 304
1855130 306
1855140 308
1855150 308
1855160 307
1855170 306
1855180 306
1855190 302
1855200 298
1855210 294
1855220 294
1855230 291
1855240 288
1855250 288
1855260 285
1855270 283
1855280 283
1855290 281
1855300 280
1855310 280
1855320 278
1855330 271
1855340 271
1855350 269
1855360 268
1855370 268
1855380 266
1855390 264
1855400 264
1855410 262
1855420 261
1855430 261
1855440 261
1855450 262
1855460 262
1855470 262
1855480 263
1855490 263
1855500 265
1855510 267
1855520 267
1855530 270
1855540 273
1855550 273
1855560 276
1855570 278
1855580 278
1855590 280
1855600 282
1855610 282
1855620 283
1855630 283
1855640 283
1855650 283
1855660 283
1855670 283
1855680 289
1855690 290
1855700 290
1855710 290
1855720 291
1855730 291
1855740 291
1855750 291
1855760 291
1855770 292
1855780 294
1855790 294
1855800 295
1855810 296
1855820 296
1855830 297
1855840 296
1855850 296
1855860 293
1855870 291
1855880 291
1855890 292
1855900 295
1855910 295
1855920 297
1855930 300
1855940 300
1855950 302
1855960 304
1855970 304
1855980 305
1855990 306
1856000 306
1856010 307
1856020 311
1856030 311
1856040 312
1856050 313
1856060 313
1856070 315
1856080 316
1856090 316
1856100 318
1856110 319
1856120 319
1856130 320
1856140 321
1856150 321
1856160 322
1856170 322
1856180 322
1856190 322
1856200 323
1856210 323
1856220 323
1856230 323
1856240 323
1856250 323
1856260 323
1856270 324
1856280 324
1856290 325
1856300 326
1856310 326
1856320 327
1856330 328
1856340 328
1856350 329
1856360 330
1856370 331
1856380 332
1856390 332
1856400 332
1856410 333
1856420 333
1856430 333
1856440 333
1856450 333
1856460 333
1856470 334
1856480 334
1856490 334
1856500 334
1856510 334
1856520 334
1856530 334
1856540 334
1856550 334
1856560 333
1856570 333
1856580 333
1856590 333
1856600 333
1856610 333
1856620 333
1856630 332
1856640 332
1856650 332
1856660 332
1856670 332
1856680 332
1856690 331
1856700 331
1856710 331
1856720 330
1856730 330
1856740 330
1856750 330
1856760 330
1856770 330
1856780 330
1856790 330
1856800 330
1856810 330
1856820 330
1856830 330
1856840 329
1856850 329
1856860 329
1856870 329
1856880 329
1856890 328
1856900 328
1856910 328
1856920 328
1856930 328
1856940 328
1856950 328
1856960 327
1856970 327
1856980 327
1856990 326
1857000 326
1857010 326
1857020 326
1857030 326
1857040 326
1857050 325
1857060 325
1857070 325
1857080 324
1857090 324
1857100 324
1857110 324
1857120 324
1857130 324
1857140 323
1857150 323
1857160 323
1857170 322
1857180 322
1857190 321
1857200 320
1857210 320
1857220 319
1857230 319
1857240 319
1857250 318
1857260 317
1857270 317
1857280 317
1857290 316
1857300 315
1857310 315
1857320 313
1857330 311
1857340 311
1857350 309
1857360 307
1857370 307
1857380 306
1857390 305
1857400 305
1857410 304
1857420 301
1857430 301
1857440 299
1857450 297
1857460 297
1857470 296
1857480 297
1857490 297
1857500 298
1857510 299
1857520 299
1857530 301
1857540 304
1857550 304
1857560 307
1857570 307
1857580 307
1857590 307
1857600 307
1857610 307
1857620 307
1857630 307
1857640 307
1857650 307
1857660 307
1857670 307
1857680 306
1857690 305
1857700 305
1857710 305
1857720 304
1857730 304
1857740 304
1857750 304
1857760 303
1857770 302
1857780 302
1857790 302
1857800 301
1857810 301
1857820 301
1857830 300
1857840 299
1857850 299
1857860 299
1857870 299
1857880 299
1857890 298
1857900 297
1857910 297
1857920 297
1857930 296
1857940 296
1857950 294
1857960 293
1857970 293
1857980 292
1857990 291
1858000 291
1858010 291
1858020 290
1858030 290
1858040 288
1858050 287
1858060 287
1858070 287
1858080 286
1858090 286
1858100 286
1858110 287
1858120 287
1858130 288
1858140 289
1858150 289
1858160 289
1858170 289
1858180 289
1858190 290
1858200 290
1858210 290
1858220 290
1858230 290
1858240 290
1858250 289
1858260 289
1858270 289
1858280 289
1858290 288
1858300 288
1858310 287
1858320 287
1858330 287
1858340 286
1858350 285
1858360 285
1858370 285
1858380 284
1858390 283
1858400 283
1858410 282
1858420 282
1858430 282
1858440 281
1858450 279
1858460 279
1858470 279
1858480 278
1858490 278
1858500 277
1858510 276
1858520 276
1858530 275
1858540 274
1858550 274
1858560 273
1858570 272
1858580 272
1858590 270
1858600 269
1858610 269
1858620 267
1858630 266
1858640 266
1858650 265
1858660 265
1858670 265
1858680 264
1858690 264
1858700 264
1858710 263
1858720 262
1858730 262
1858740 261
1858750 260
1858760 260
1858770 259
1858780 258
1858790 258
1858800 255
1858810 254
1858820 254
1858830 253
1858840 252
1858850 252
1858860 251
1858870 250
1858880 250
1858890 249
1858900 247
1858910 247
1858920 246
1858930 244
1858940 244
1858950 243
1858960 243
1858970 243
1858980 241
1858990 239
1859000 239
1859010 238
1859020 236
1859030 236
1859040 235
1859050 233
1859060 233
1859070 231
1859080 231
1859090 231
1859100 233
1859110 236
1859120 236
1859130 240
1859140 243
1859150 243
1859160 248
1859170 251
1859180 251
1859190 254
1859200 256
1859210 256
1859220 258
1859230 259
1859240 259
1859250 260
1859260 260
1859270 260
1859280 261
1859290 262
1859300 262
1859310 263
1859320 264
1859330 264
1859340 265
1859350 266
1859360 266
1859370 267
1859380 267
1859390 268
1859400 268
1859410 268
1859420 268
1859430 268
1859440 268
1859450 268
1859460 268
1859470 268
1859480 268
1859490 268
1859500 267
1859510 267
1859520 267
1859530 267
1859540 267
1859550 267
1859560 267
1859570 267
1859580 267
1859590 266
1859600 266
1859610 266
1859620 266
1859630 266
1859640 266
1859650 266
1859660 265
1859670 265
1859680 265
1859690 265
1859700 265
1859710 266
1859720 266
1859730 266
1859740 267
1859750 267
1859760 267
1859770 268
1859780 268
1859790 268
1859800 268
1859810 269
1859820 269
1859830 269
1859840 270
1859850 270
1859860 269
1859870 269
1859880 269
1859890 269
1859900 269
1859910 269
1859920 269
1859930 268
1859940 268
1859950 268
1859960 268
1859970 268
1859980 268
1859990 267
