1840000 181
1840010 181
1840020 181
1840030 181
1840040 181
1840050 181
1840060 181
1840070 181
1840080 181
1840090 181
1840100 181
1840110 181
1840120 181
1840130 181
1840140 181
1840150 181
1840160 181
1840170 181
1840180 181
1840190 181
1840200 181
1840210 181
1840220 181
1840230 181
1840240 181
1840250 181
1840260 181
1840270 181
1840280 181
1840290 181
1840300 181
1840310 181
1840320 181
1840330 181
1840340 181
1840350 181
1840360 181
1840370 181
1840380 181
1840390 181
1840400 181
1840410 181
1840420 181
1840430 181
1840440 181
1840450 181
1840460 181
1840470 181
1840480 181
1840490 181
1840500 181
1840510 181
1840520 181
1840530 181
1840540 181
1840550 181
1840560 181
1840570 181
1840580 181
1840590 181
1840600 181
1840610 181
1840620 181
1840630 181
1840640 180
1840650 181
1840660 181
1840670 181
1840680 181
1840690 181
1840700 181
1840710 180
1840720 180
1840730 180
1840740 180
1840750 180
1840760 180
1840770 180
1840780 180
1840790 180
1840800 180
1840810 180
1840820 180
1840830 180
1840840 180
1840850 180
1840860 180
1840870 180
1840880 180
1840890 180
1840900 180
1840910 180
1840920 180
1840930 180
1840940 180
1840950 180
1840960 180
1840970 180
1840980 180
1840990 180
1841000 180
1841010 180
1841020 180
1841030 180
1841040 180
1841050 180
1841060 180
1841070 180
1841080 180
1841090 180
1841100 180
1841110 180
1841120 180
1841130 180
1841140 180
1841150 180
1841160 180
1841170 180
1841180 180
1841190 180
1841200 180
1841210 180
1841220 180
1841230 180
1841240 180
1841250 180
1841260 180
1841270 180
1841280 180
1841290 180
1841300 180
1841310 180
1841320 180
1841330 180
1841340 180
1841350 180
1841360 180
1841370 180
1841380 180
1841390 180
1841400 180
1841410 180
1841420 180
1841430 180
1841440 180
1841450 180
1841460 180
1841470 180
1841480 180
1841490 180
1841500 180
1841510 180
1841520 180
1841530 180
1841540 180
1841550 180
1841560 180
1841570 180
1841580 180
1841590 180
1841600 180
1841610 180
1841620 180
1841630 180
1841640 180
1841650 180
1841660 180
1841670 180
1841680 180
1841690 180
1841700 180
1841710 180
1841720 180
1841730 180
1841740 180
1841750 180
1841760 180
1841770 180
1841780 180
1841790 180
1841800 180
1841810 180
1841820 180
1841830 179
1841840 179
1841850 179
1841860 179
1841870 179
1841880 179
1841890 179
1841900 179
1841910 179
1841920 179
1841930 179
1841940 179
1841950 179
1841960 179
1841970 179
1841980 179
1841990 179
1842000 179
1842010 179
1842020 179
1842030 179
1842040 179
1842050 179
1842060 179
1842070 179
1842080 179
1842090 179
1842100 179
1842110 179
1842120 179
1842130 179
1842140 179
1842150 179
1842160 179
1842170 179
1842180 179
1842190 179
1842200 179
1842210 179
1842220 179
1842230 179
1842240 179
1842250 179
1842260 179
1842270 179
1842280 179
1842290 179
1842300 179
1842310 179
1842320 179
1842330 179
1842340 179
1842350 179
1842360 179
1842370 179
1842380 179
1842390 179
1842400 179
1842410 179
1842420 179
1842430 179
1842440 179
1842450 179
1842460 179
1842470 179
1842480 179
1842490 179
1842500 178
1842510 178
1842520 178
1842530 178
1842540 178
1842550 178
1842560 178
1842570 178
1842580 178
1842590 178
1842600 178
1842610 178
1842620 178
1842630 178
1842640 178
1842650 178
1842660 178
1842670 178
1842680 178
1842690 178
1842700 178
1842710 178
1842720 178
1842730 178
1842740 178
1842750 178
1842760 177
1842770 177
1842780 177
1842790 177
1842800 177
1842810 177
1842820 177
1842830 176
1842840 176
1842850 177
1842860 177
1842870 177
1842880 177
1842890 177
1842900 177
1842910 176
1842920 176
1842930 176
1842940 176
1842950 176
1842960 176
1842970 176
1842980 176
1842990 176
1843000 176
1843010 176
1843020 176
1843030 176
1843040 176
1843050 176
1843060 176
1843070 176
1843080 176
1843090 176
1843100 176
1843110 177
1843120 177
1843130 176
1843140 176
1843150 176
1843160 176
1843170 176
1843180 176
1843190 176
1843200 176
1843210 176
1843220 175
1843230 175
1843240 175
1843250 175
1843260 176
1843270 176
1843280 176
1843290 176
1843300 176
1843310 176
1843320 176
1843330 176
1843340 176
1843350 176
1843360 176
1843370 176
1843380 176
1843390 176
1843400 176
1843410 176
1843420 176
1843430 176
1843440 176
1843450 176
1843460 175
1843470 175
1843480 175
1843490 175
1843500 175
1843510 175
1843520 176
1843530 176
1843540 176
1843550 177
1843560 176
1843570 176
1843580 176
1843590 175
1843600 175
1843610 173
1843620 175
1843630 175
1843640 176
1843650 176
1843660 176
1843670 175
1843680 176
1843690 176
1843700 176
1843710 175
1843720 175
1843730 175
1843740 175
1843750 175
1843760 174
1843770 174
1843780 174
1843790 175
1843800 175
1843810 175
1843820 175
1843830 175
1843840 175
1843850 174
1843860 174
1843870 174
1843880 174
1843890 174
1843900 174
1843910 174
1843920 174
1843930 174
1843940 174
1843950 174
1843960 174
1843970 174
1843980 174
1843990 174
1844000 174
1844010 174
1844020 174
1844030 174
1844040 174
1844050 174
1844060 174
1844070 174
1844080 174
1844090 174
1844100 174
1844110 174
1844120 174
1844130 174
1844140 174
1844150 174
1844160 174
1844170 174
1844180 174
1844190 174
1844200 174
1844210 174
1844220 174
1844230 174
1844240 174
1844250 174
1844260 174
1844270 174
1844280 174
1844290 174
1844300 174
1844310 174
1844320 174
1844330 174
1844340 174
1844350 174
1844360 174
1844370 174
1844380 174
1844390 174
1844400 174
1844410 174
1844420 174
1844430 174
1844440 174
1844450 174
1844460 174
1844470 174
1844480 174
1844490 174
1844500 174
1844510 174
1844520 174
1844530 174
1844540 174
1844550 174
1844560 174
1844570 174
1844580 174
1844590 174
1844600 174
1844610 174
1844620 174
1844630 174
1844640 174
1844650 174
1844660 174
1844670 174
1844680 174
1844690 174
1844700 174
1844710 174
1844720 174
1844730 175
1844740 175
1844750 175
1844760 175
1844770 175
1844780 175
1844790 175
1844800 175
1844810 175
1844820 175
1844830 175
1844840 175
1844850 175
1844860 175
1844870 175
1844880 175
1844890 175
1844900 175
1844910 175
1844920 174
1844930 174
1844940 174
1844950 174
1844960 174
1844970 174
1844980 174
1844990 174
1845000 174
1845010 174
1845020 174
1845030 174
1845040 174
1845050 174
1845060 174
1845070 174
1845080 174
1845090 174
1845100 174
1845110 174
1845120 174
1845130 174
1845140 174
1845150 174
1845160 174
1845170 174
1845180 174
1845190 174
1845200 174
1845210 174
1845220 174
1845230 174
1845240 174
1845250 175
1845260 175
1845270 175
1845280 175
1845290 175
1845300 175
1845310 175
1845320 176
1845330 176
1845340 176
1845350 176
1845360 176
1845370 176
1845380 177
1845390 177
1845400 177
1845410 177
1845420 177
1845430 177
1845440 177
1845450 177
1845460 177
1845470 177
1845480 177
1845490 177
1845500 177
1845510 177
1845520 177
1845530 177
1845540 177
1845550 177
1845560 177
1845570 177
1845580 177
1845590 178
1845600 178
1845610 178
1845620 178
1845630 178
1845640 178
1845650 178
1845660 178
1845670 178
1845680 178
1845690 178
1845700 178
1845710 178
1845720 178
1845730 179
1845740 179
1845750 179
1845760 179
1845770 179
1845780 179
1845790 179
1845800 179
1845810 179
1845820 179
1845830 180
1845840 180
1845850 180
1845860 180
1845870 180
1845880 181
1845890 181
1845900 181
1845910 181
1845920 181
1845930 181
1845940 181
1845950 182
1845960 182
1845970 182
1845980 182
1845990 182
1846000 182
1846010 183
1846020 183
1846030 183
1846040 184
1846050 184
1846060 184
1846070 185
1846080 185
1846090 185
1846100 186
1846110 186
1846120 186
1846130 187
1846140 187
1846150 187
1846160 188
1846170 188
1846180 188
1846190 189
1846200 189
1846210 189
1846220 190
1846230 190
1846240 190
1846250 190
1846260 190
1846270 191
1846280 191
1846290 191
1846300 191
1846310 191
1846320 190
1846330 191
1846340 190
1846350 190
1846360 190
1846370 190
1846380 189
1846390 189
1846400 189
1846410 189
1846420 189
1846430 189
1846440 189
1846450 189
1846460 188
1846470 188
1846480 188
1846490 188
1846500 188
1846510 188
1846520 188
1846530 187
1846540 187
1846550 187
1846560 187
1846570 187
1846580 187
1846590 187
1846600 187
1846610 187
1846620 187
1846630 187
1846640 186
1846650 186
1846660 186
1846670 186
1846680 186
1846690 186
1846700 186
1846710 186
1846720 186
1846730 185
1846740 185
1846750 185
1846760 185
1846770 185
1846780 185
1846790 185
1846800 185
1846810 185
1846820 185
1846830 185
1846840 185
1846850 185
1846860 184
1846870 184
1846880 184
1846890 184
1846900 184
1846910 184
1846920 184
1846930 184
1846940 184
1846950 184
1846960 184
1846970 184
1846980 184
1846990 184
1847000 184
1847010 183
1847020 183
1847030 183
1847040 183
1847050 183
1847060 183
1847070 183
1847080 183
1847090 183
1847100 183
1847110 183
1847120 183
1847130 183
1847140 183
1847150 182
1847160 182
1847170 182
1847180 182
1847190 182
1847200 182
1847210 182
1847220 182
1847230 182
1847240 182
1847250 182
1847260 182
1847270 182
1847280 182
1847290 182
1847300 182
1847310 182
1847320 182
1847330 181
1847340 181
1847350 181
1847360 181
1847370 181
1847380 181
1847390 181
1847400 181
1847410 181
1847420 181
1847430 181
1847440 181
1847450 181
1847460 181
1847470 182
1847480 182
1847490 182
1847500 182
1847510 182
1847520 182
1847530 182
1847540 182
1847550 182
1847560 182
1847570 182
1847580 182
1847590 182
1847600 182
1847610 182
1847620 183
1847630 183
1847640 183
1847650 183
1847660 183
1847670 183
1847680 183
1847690 183
1847700 183
1847710 183
1847720 183
1847730 183
1847740 183
1847750 183
1847760 183
1847770 183
1847780 183
1847790 183
1847800 184
1847810 184
1847820 184
1847830 184
1847840 184
1847850 184
1847860 184
1847870 184
1847880 184
1847890 185
1847900 185
1847910 185
1847920 184
1847930 184
1847940 184
1847950 184
1847960 184
1847970 184
1847980 183
1847990 183
1848000 183
1848010 183
1848020 183
1848030 183
1848040 183
1848050 183
1848060 183
1848070 183
1848080 183
1848090 183
1848100 183
1848110 183
1848120 183
1848130 183
1848140 183
1848150 183
1848160 183
1848170 183
1848180 183
1848190 183
1848200 183
1848210 184
1848220 184
1848230 184
1848240 184
1848250 184
1848260 184
1848270 184
1848280 184
1848290 184
1848300 184
1848310 185
1848320 185
1848330 185
1848340 184
1848350 184
1848360 184
1848370 184
1848380 184
1848390 185
1848400 185
1848410 185
1848420 185
1848430 185
1848440 185
1848450 185
1848460 185
1848470 185
1848480 185
1848490 185
1848500 185
1848510 185
1848520 185
1848530 185
1848540 185
1848550 185
1848560 185
1848570 185
1848580 185
1848590 185
1848600 185
1848610 185
1848620 185
1848630 185
1848640 185
1848650 185
1848660 185
1848670 185
1848680 185
1848690 185
1848700 185
1848710 185
1848720 185
1848730 185
1848740 185
1848750 185
1848760 185
1848770 185
1848780 185
1848790 185
1848800 185
1848810 185
1848820 185
1848830 185
1848840 185
1848850 185
1848860 184
1848870 184
1848880 184
1848890 184
1848900 184
1848910 184
1848920 184
1848930 184
1848940 184
1848950 184
1848960 184
1848970 184
1848980 184
1848990 184
1849000 184
1849010 184
1849020 184
1849030 184
1849040 184
1849050 184
1849060 184
1849070 184
1849080 184
1849090 184
1849100 184
1849110 184
1849120 184
1849130 184
1849140 184
1849150 184
1849160 184
1849170 183
1849180 183
1849190 183
1849200 183
1849210 183
1849220 183
1849230 183
1849240 184
1849250 184
1849260 184
1849270 184
1849280 184
1849290 184
1849300 184
1849310 184
1849320 184
1849330 184
1849340 184
1849350 184
1849360 184
1849370 184
1849380 184
1849390 184
1849400 184
1849410 184
1849420 184
1849430 184
1849440 184
1849450 184
1849460 184
1849470 184
1849480 184
1849490 184
1849500 184
1849510 183
1849520 183
1849530 183
1849540 184
1849550 184
1849560 184
1849570 183
1849580 183
1849590 183
1849600 184
1849610 184
1849620 184
1849630 184
1849640 183
1849650 184
1849660 184
1849670 183
1849680 179
1849690 179
1849700 177
1849710 175
1849720 175
1849730 176
1849740 179
1849750 179
1849760 183
1849770 183
1849780 183
1849790 183
1849800 183
1849810 183
1849820 183
1849830 183
1849840 183
1849850 183
1849860 183
1849870 183
1849880 183
1849890 183
1849900 183
1849910 184
1849920 184
1849930 184
1849940 184
1849950 185
1849960 185
1849970 185
1849980 186
1849990 186
1850000 186
1850010 187
1850020 187
1850030 187
1850040 188
1850050 188
1850060 188
1850070 189
1850080 189
1850090 189
1850100 189
1850110 189
1850120 190
1850130 191
1850140 191
1850150 191
1850160 192
1850170 192
1850180 192
1850190 193
1850200 193
1850210 193
1850220 194
1850230 194
1850240 194
1850250 195
1850260 195
1850270 195
1850280 196
1850290 196
1850300 196
1850310 197
1850320 197
1850330 197
1850340 198
1850350 198
1850360 199
1850370 199
1850380 199
1850390 200
1850400 201
1850410 201
1850420 201
1850430 202
1850440 202
1850450 203
1850460 204
1850470 204
1850480 205
1850490 206
1850500 206
1850510 206
1850520 207
1850530 207
1850540 207
1850550 208
1850560 208
1850570 208
1850580 208
1850590 208
1850600 209
1850610 209
1850620 209
1850630 209
1850640 209
1850650 209
1850660 209
1850670 209
1850680 209
1850690 209
1850700 209
1850710 209
1850720 209
1850730 209
1850740 209
1850750 209
1850760 209
1850770 209
1850780 209
1850790 209
1850800 208
1850810 208
1850820 208
1850830 208
1850840 208
1850850 208
1850860 208
1850870 208
1850880 208
1850890 208
1850900 208
1850910 208
1850920 209
1850930 209
1850940 208
1850950 208
1850960 208
1850970 208
1850980 208
1850990 208
1851000 208
1851010 208
1851020 208
1851030 208
1851040 208
1851050 208
1851060 208
1851070 208
1851080 208
1851090 208
1851100 208
1851110 208
1851120 207
1851130 207
1851140 207
1851150 207
1851160 207
1851170 207
1851180 207
1851190 207
1851200 207
1851210 206
1851220 206
1851230 206
1851240 205
1851250 205
1851260 205
1851270 205
1851280 204
1851290 204
1851300 204
1851310 204
1851320 204
1851330 203
1851340 204
1851350 204
1851360 204
1851370 202
1851380 202
1851390 201
1851400 201
1851410 201
1851420 200
1851430 200
1851440 200
1851450 199
1851460 199
1851470 199
1851480 198
1851490 198
1851500 198
1851510 198
1851520 198
1851530 198
1851540 198
1851550 197
1851560 197
1851570 197
1851580 197
1851590 197
1851600 197
1851610 197
1851620 197
1851630 196
1851640 196
1851650 196
1851660 196
1851670 196
1851680 196
1851690 196
1851700 195
1851710 195
1851720 195
1851730 195
1851740 195
1851750 196
1851760 196
1851770 196
1851780 196
1851790 196
1851800 196
1851810 196
1851820 197
1851830 197
1851840 197
1851850 197
1851860 197
1851870 197
1851880 198
1851890 198
1851900 198
1851910 198
1851920 198
1851930 198
1851940 197
1851950 197
1851960 197
1851970 197
1851980 197
1851990 196
1852000 196
1852010 195
1852020 195
1852030 195
1852040 195
1852050 195
1852060 195
1852070 195
1852080 195
1852090 195
1852100 195
1852110 195
1852120 195
1852130 195
1852140 195
1852150 195
1852160 195
1852170 195
1852180 195
1852190 195
1852200 195
1852210 195
1852220 196
1852230 196
1852240 196
1852250 197
1852260 197
1852270 197
1852280 197
1852290 197
1852300 197
1852310 197
1852320 197
1852330 197
1852340 196
1852350 196
1852360 197
1852370 197
1852380 197
1852390 197
1852400 197
1852410 197
1852420 198
1852430 198
1852440 198
1852450 198
1852460 198
1852470 198
1852480 199
1852490 199
1852500 199
1852510 199
1852520 200
1852530 200
1852540 200
1852550 201
1852560 201
1852570 202
1852580 202
1852590 202
1852600 202
1852610 203
1852620 203
1852630 203
1852640 203
1852650 203
1852660 203
1852670 203
1852680 203
1852690 202
1852700 202
1852710 202
1852720 202
1852730 202
1852740 202
1852750 202
1852760 202
1852770 202
1852780 201
1852790 201
1852800 201
1852810 201
1852820 201
1852830 201
1852840 201
1852850 201
1852860 201
1852870 201
1852880 201
1852890 201
1852900 201
1852910 201
1852920 202
1852930 202
1852940 202
1852950 202
1852960 202
1852970 202
1852980 202
1852990 202
1853000 202
1853010 202
1853020 202
1853030 202
1853040 202
1853050 202
1853060 202
1853070 202
1853080 202
1853090 202
1853100 202
1853110 202
1853120 202
1853130 202
1853140 202
1853150 202
1853160 202
1853170 202
1853180 201
1853190 201
1853200 201
1853210 201
1853220 201
1853230 201
1853240 201
1853250 201
1853260 201
1853270 201
1853280 201
1853290 201
1853300 201
1853310 201
1853320 201
1853330 201
1853340 201
1853350 201
1853360 201
1853370 201
1853380 201
1853390 201
1853400 201
1853410 201
1853420 201
1853430 201
1853440 201
1853450 201
1853460 201
1853470 201
1853480 201
1853490 201
1853500 201
1853510 201
1853520 202
1853530 202
1853540 202
1853550 202
1853560 202
1853570 202
1853580 202
1853590 202
1853600 202
1853610 202
1853620 202
1853630 203
1853640 203
1853650 203
1853660 203
1853670 203
1853680 203
1853690 203
1853700 203
1853710 203
1853720 203
1853730 203
1853740 203
1853750 203
1853760 203
1853770 203
1853780 203
1853790 203
1853800 203
1853810 203
1853820 203
1853830 203
1853840 202
1853850 203
1853860 203
1853870 202
1853880 202
1853890 202
1853900 202
1853910 202
1853920 202
1853930 202
1853940 203
1853950 203
1853960 203
1853970 203
1853980 203
1853990 204
1854000 204
1854010 204
1854020 204
1854030 205
1854040 205
1854050 205
1854060 205
1854070 206
1854080 206
1854090 205
1854100 206
1854110 206
1854120 206
1854130 206
1854140 206
1854150 206
1854160 207
1854170 207
1854180 207
1854190 208
1854200 208
1854210 208
1854220 208
1854230 208
1854240 208
1854250 209
1854260 209
1854270 209
1854280 209
1854290 209
1854300 209
1854310 209
1854320 209
1854330 209
1854340 209
1854350 209
1854360 209
1854370 209
1854380 209
1854390 208
1854400 208
1854410 208
1854420 210
1854430 211
1854440 209
1854450 209
1854460 209
1854470 209
1854480 210
1854490 210
1854500 210
1854510 210
1854520 210
1854530 210
1854540 210
1854550 210
1854560 210
1854570 210
1854580 210
1854590 210
1854600 210
1854610 210
1854620 210
1854630 210
1854640 210
1854650 210
1854660 209
1854670 209
1854680 209
1854690 209
1854700 209
1854710 209
1854720 210
1854730 210
1854740 210
1854750 212
1854760 214
1854770 214
1854780 215
1854790 216
1854800 216
1854810 218
1854820 218
1854830 218
1854840 220
1854850 221
1854860 221
1854870 222
1854880 223
1854890 223
1854900 224
1854910 224
1854920 224
1854930 225
1854940 226
1854950 226
1854960 226
1854970 227
1854980 227
1854990 228
1855000 229
1855010 229
1855020 229
1855030 230
1855040 230
1855050 231
1855060 231
1855070 231
1855080 232
1855090 232
1855100 232
1855110 232
1855120 232
1855130 232
1855140 231
1855150 231
1855160 231
1855170 231
1855180 231
1855190 232
1855200 232
1855210 231
1855220 232
1855230 232
1855240 233
1855250 234
1855260 234
1855270 234
1855280 232
1855290 232
1855300 234
1855310 235
1855320 235
1855330 236
1855340 236
1855350 236
1855360 236
1855370 236
1855380 236
1855390 237
1855400 237
1855410 237
1855420 233
1855430 231
1855440 231
1855450 230
1855460 230
1855470 230
1855480 232
1855490 231
1855500 231
1855510 229
1855520 229
1855530 229
1855540 229
1855550 229
1855560 229
1855570 229
1855580 233
1855590 233
1855600 234
1855610 234
1855620 234
1855630 234
1855640 234
1855650 234
1855660 234
1855670 232
1855680 232
1855690 231
1855700 234
1855710 234
1855720 237
1855730 236
1855740 236
1855750 235
1855760 236
1855770 236
1855780 237
1855790 238
1855800 238
1855810 239
1855820 240
1855830 240
1855840 238
1855850 239
1855860 239
1855870 238
1855880 238
1855890 238
1855900 237
1855910 237
1855920 237
1855930 237
1855940 237
1855950 237
1855960 238
1855970 238
1855980 238
1855990 238
1856000 238
1856010 238
1856020 238
1856030 238
1856040 238
1856050 239
1856060 239
1856070 239
1856080 240
1856090 240
1856100 240
1856110 240
1856120 240
1856130 240
1856140 240
1856150 240
1856160 240
1856170 241
1856180 240
1856190 240
1856200 240
1856210 241
1856220 241
1856230 241
1856240 242
1856250 243
1856260 243
1856270 243
1856280 244
1856290 244
1856300 244
1856310 245
1856320 245
1856330 245
1856340 245
1856350 245
1856360 246
1856370 246
1856380 246
1856390 246
1856400 246
1856410 246
1856420 246
1856430 246
1856440 246
1856450 246
1856460 246
1856470 246
1856480 247
1856490 247
1856500 247
1856510 247
1856520 247
1856530 246
1856540 246
1856550 246
1856560 246
1856570 246
1856580 246
1856590 246
1856600 246
1856610 246
1856620 246
1856630 246
1856640 246
1856650 246
1856660 247
1856670 247
1856680 247
1856690 247
1856700 248
1856710 248
1856720 248
1856730 248
1856740 248
1856750 248
1856760 249
1856770 249
1856780 249
1856790 249
1856800 249
1856810 250
1856820 250
1856830 250
1856840 250
1856850 250
1856860 250
1856870 251
1856880 249
1856890 249
1856900 250
1856910 250
1856920 250
1856930 250
1856940 250
1856950 250
1856960 250
1856970 250
1856980 250
1856990 249
1857000 249
1857010 249
1857020 249
1857030 249
1857040 249
1857050 249
1857060 249
1857070 249
1857080 249
1857090 249
1857100 249
1857110 250
1857120 250
1857130 250
1857140 250
1857150 250
1857160 250
1857170 250
1857180 250
1857190 250
1857200 250
1857210 250
1857220 247
1857230 247
1857240 247
1857250 247
1857260 247
1857270 247
1857280 247
1857290 247
1857300 247
1857310 247
1857320 248
1857330 249
1857340 249
1857350 249
1857360 249
1857370 249
1857380 249
1857390 249
1857400 249
1857410 249
1857420 249
1857430 248
1857440 248
1857450 247
1857460 245
1857470 245
1857480 244
1857490 242
1857500 242
1857510 240
1857520 239
1857530 239
1857540 238
1857550 238
1857560 238
1857570 234
1857580 232
1857590 232
1857600 231
1857610 230
1857620 230
1857630 229
1857640 228
1857650 228
1857660 227
1857670 225
1857680 225
1857690 224
1857700 223
1857710 223
1857720 222
1857730 222
1857740 222
1857750 221
1857760 220
1857770 220
1857780 219
1857790 219
1857800 219
1857810 219
1857820 218
1857830 218
1857840 217
1857850 216
1857860 216
1857870 215
1857880 214
1857890 214
1857900 212
1857910 210
1857920 212
1857930 210
1857940 207
1857950 207
1857960 205
1857970 204
1857980 204
1857990 203
1858000 202
1858010 202
1858020 201
1858030 201
1858040 201
1858050 200
1858060 200
1858070 200
1858080 199
1858090 198
1858100 198
1858110 197
1858120 196
1858130 196
1858140 195
1858150 194
1858160 194
1858170 194
1858180 193
1858190 193
1858200 192
1858210 192
1858220 192
1858230 191
1858240 191
1858250 191
1858260 190
1858270 189
1858280 189
1858290 189
1858300 189
1858310 189
1858320 190
1858330 190
1858340 190
1858350 190
1858360 191
1858370 191
1858380 191
1858390 191
1858400 191
1858410 190
1858420 190
1858430 190
1858440 190
1858450 189
1858460 189
1858470 189
1858480 189
1858490 189
1858500 189
1858510 189
1858520 188
1858530 188
1858540 188
1858550 188
1858560 188
1858570 188
1858580 188
1858590 188
1858600 189
1858610 188
1858620 188
1858630 188
1858640 188
1858650 188
1858660 188
1858670 188
1858680 188
1858690 188
1858700 188
1858710 188
1858720 188
1858730 188
1858740 188
1858750 188
1858760 188
1858770 188
1858780 188
1858790 188
1858800 188
1858810 188
1858820 189
1858830 189
1858840 189
1858850 189
1858860 189
1858870 189
1858880 190
1858890 190
1858900 190
1858910 190
1858920 190
1858930 190
1858940 191
1858950 190
1858960 191
1858970 191
1858980 191
1858990 192
1859000 192
1859010 192
1859020 193
1859030 193
1859040 193
1859050 193
1859060 194
1859070 194
1859080 194
1859090 194
1859100 194
1859110 194
1859120 194
1859130 194
1859140 195
1859150 195
1859160 195
1859170 195
1859180 195
1859190 195
1859200 195
1859210 195
1859220 195
1859230 194
1859240 194
1859250 194
1859260 194
1859270 194
1859280 194
1859290 194
1859300 194
1859310 194
1859320 194
1859330 194
1859340 194
1859350 194
1859360 194
1859370 194
1859380 195
1859390 195
1859400 195
1859410 195
1859420 195
1859430 195
1859440 195
1859450 195
1859460 195
1859470 195
1859480 195
1859490 195
1859500 195
1859510 195
1859520 195
1859530 195
1859540 195
1859550 195
1859560 195
1859570 195
1859580 196
1859590 196
1859600 196
1859610 196
1859620 196
1859630 196
1859640 197
1859650 197
1859660 198
1859670 199
1859680 199
1859690 200
1859700 202
1859710 202
1859720 205
1859730 207
1859740 207
1859750 206
1859760 205
1859770 205
1859780 203
1859790 201
1859800 201
1859810 200
1859820 200
1859830 200
1859840 200
1859850 200
1859860 200
1859870 200
1859880 200
1859890 200
1859900 200
1859910 199
1859920 199
1859930 199
1859940 199
1859950 199
1859960 199
1859970 199
1859980 199
1859990 198
