1840000 183
1840010 183
1840020 183
1840030 183
1840040 183
1840050 182
1840060 183
1840070 183
1840080 183
1840090 182
1840100 182
1840110 182
1840120 182
1840130 182
1840140 182
1840150 182
1840160 182
1840170 182
1840180 182
1840190 182
1840200 182
1840210 182
1840220 182
1840230 182
1840240 182
1840250 182
1840260 182
1840270 182
1840280 182
1840290 182
1840300 182
1840310 182
1840320 182
1840330 182
1840340 182
1840350 182
1840360 182
1840370 182
1840380 182
1840390 182
1840400 182
1840410 182
1840420 182
1840430 182
1840440 182
1840450 182
1840460 182
1840470 182
1840480 182
1840490 182
1840500 182
1840510 182
1840520 182
1840530 182
1840540 182
1840550 182
1840560 182
1840570 182
1840580 182
1840590 182
1840600 181
1840610 181
1840620 181
1840630 181
1840640 181
1840650 181
1840660 181
1840670 181
1840680 181
1840690 181
1840700 181
1840710 181
1840720 181
1840730 182
1840740 182
1840750 182
1840760 182
1840770 182
1840780 182
1840790 182
1840800 182
1840810 182
1840820 182
1840830 182
1840840 182
1840850 182
1840860 182
1840870 182
1840880 182
1840890 182
1840900 182
1840910 181
1840920 181
1840930 181
1840940 181
1840950 181
1840960 181
1840970 181
1840980 181
1840990 181
1841000 181
1841010 181
1841020 181
1841030 181
1841040 181
1841050 181
1841060 181
1841070 181
1841080 181
1841090 181
1841100 181
1841110 181
1841120 181
1841130 181
1841140 181
1841150 181
1841160 181
1841170 181
1841180 181
1841190 181
1841200 181
1841210 181
1841220 181
1841230 181
1841240 181
1841250 181
1841260 181
1841270 181
1841280 181
1841290 181
1841300 181
1841310 181
1841320 181
1841330 181
1841340 181
1841350 181
1841360 181
1841370 181
1841380 181
1841390 181
1841400 180
1841410 180
1841420 182
1841430 182
1841440 182
1841450 182
1841460 181
1841470 181
1841480 181
1841490 181
1841500 181
1841510 181
1841520 181
1841530 181
1841540 181
1841550 181
1841560 181
1841570 181
1841580 181
1841590 181
1841600 181
1841610 181
1841620 181
1841630 181
1841640 181
1841650 181
1841660 181
1841670 180
1841680 180
1841690 180
1841700 180
1841710 180
1841720 180
1841730 180
1841740 180
1841750 180
1841760 180
1841770 180
1841780 180
1841790 180
1841800 180
1841810 180
1841820 180
1841830 180
1841840 180
1841850 180
1841860 180
1841870 180
1841880 180
1841890 180
1841900 180
1841910 180
1841920 180
1841930 180
1841940 180
1841950 180
1841960 180
1841970 180
1841980 180
1841990 180
1842000 180
1842010 180
1842020 180
1842030 180
1842040 180
1842050 180
1842060 180
1842070 180
1842080 180
1842090 179
1842100 179
1842110 179
1842120 179
1842130 179
1842140 179
1842150 179
1842160 179
1842170 178
1842180 179
1842190 179
1842200 178
1842210 178
1842220 178
1842230 178
1842240 178
1842250 178
1842260 179
1842270 178
1842280 178
1842290 178
1842300 178
1842310 178
1842320 178
1842330 177
1842340 177
1842350 177
1842360 177
1842370 177
1842380 177
1842390 177
1842400 176
1842410 176
1842420 176
1842430 176
1842440 176
1842450 176
1842460 176
1842470 176
1842480 176
1842490 176
1842500 176
1842510 176
1842520 176
1842530 176
1842540 176
1842550 176
1842560 176
1842570 176
1842580 176
1842590 176
1842600 176
1842610 176
1842620 176
1842630 176
1842640 176
1842650 176
1842660 176
1842670 177
1842680 177
1842690 177
1842700 177
1842710 177
1842720 177
1842730 177
1842740 177
1842750 177
1842760 177
1842770 177
1842780 177
1842790 177
1842800 177
1842810 177
1842820 177
1842830 177
1842840 177
1842850 178
1842860 178
1842870 179
1842880 179
1842890 179
1842900 177
1842910 177
1842920 177
1842930 177
1842940 177
1842950 177
1842960 177
1842970 177
1842980 177
1842990 177
1843000 177
1843010 177
1843020 177
1843030 177
1843040 177
1843050 177
1843060 177
1843070 177
1843080 177
1843090 177
1843100 177
1843110 177
1843120 178
1843130 178
1843140 179
1843150 178
1843160 178
1843170 177
1843180 177
1843190 177
1843200 176
1843210 175
1843220 175
1843230 175
1843240 176
1843250 176
1843260 177
1843270 177
1843280 177
1843290 178
1843300 177
1843310 177
1843320 176
1843330 176
1843340 176
1843350 176
1843360 176
1843370 176
1843380 176
1843390 176
1843400 176
1843410 176
1843420 176
1843430 176
1843440 176
1843450 177
1843460 178
1843470 178
1843480 178
1843490 177
1843500 177
1843510 178
1843520 176
1843530 176
1843540 176
1843550 176
1843560 176
1843570 176
1843580 176
1843590 176
1843600 176
1843610 176
1843620 176
1843630 176
1843640 176
1843650 176
1843660 176
1843670 176
1843680 176
1843690 176
1843700 176
1843710 176
1843720 176
1843730 176
1843740 176
1843750 176
1843760 176
1843770 176
1843780 176
1843790 175
1843800 175
1843810 175
1843820 175
1843830 175
1843840 175
1843850 175
1843860 175
1843870 175
1843880 175
1843890 175
1843900 175
1843910 175
1843920 175
1843930 175
1843940 175
1843950 175
1843960 175
1843970 175
1843980 175
1843990 175
1844000 175
1844010 175
1844020 175
1844030 175
1844040 175
1844050 175
1844060 175
1844070 175
1844080 175
1844090 175
1844100 175
1844110 175
1844120 175
1844130 175
1844140 175
1844150 175
1844160 175
1844170 175
1844180 175
1844190 175
1844200 175
1844210 175
1844220 175
1844230 175
1844240 175
1844250 175
1844260 176
1844270 175
1844280 175
1844290 175
1844300 175
1844310 175
1844320 175
1844330 175
1844340 175
1844350 175
1844360 175
1844370 175
1844380 175
1844390 175
1844400 175
1844410 175
1844420 175
1844430 175
1844440 175
1844450 175
1844460 175
1844470 175
1844480 175
1844490 175
1844500 175
1844510 175
1844520 175
1844530 175
1844540 175
1844550 175
1844560 175
1844570 175
1844580 175
1844590 175
1844600 175
1844610 175
1844620 175
1844630 175
1844640 175
1844650 175
1844660 176
1844670 176
1844680 176
1844690 176
1844700 176
1844710 176
1844720 176
1844730 176
1844740 176
1844750 175
1844760 176
1844770 176
1844780 176
1844790 176
1844800 176
1844810 175
1844820 175
1844830 175
1844840 175
1844850 175
1844860 175
1844870 175
1844880 176
1844890 176
1844900 176
1844910 176
1844920 176
1844930 176
1844940 176
1844950 176
1844960 176
1844970 176
1844980 176
1844990 176
1845000 177
1845010 177
1845020 177
1845030 177
1845040 177
1845050 177
1845060 178
1845070 178
1845080 178
1845090 178
1845100 178
1845110 178
1845120 178
1845130 178
1845140 178
1845150 178
1845160 178
1845170 178
1845180 178
1845190 178
1845200 178
1845210 178
1845220 178
1845230 178
1845240 178
1845250 178
1845260 178
1845270 178
1845280 178
1845290 178
1845300 179
1845310 179
1845320 179
1845330 179
1845340 179
1845350 179
1845360 179
1845370 179
1845380 179
1845390 179
1845400 179
1845410 179
1845420 179
1845430 179
1845440 179
1845450 179
1845460 179
1845470 179
1845480 179
1845490 179
1845500 179
1845510 179
1845520 179
1845530 180
1845540 180
1845550 180
1845560 180
1845570 180
1845580 180
1845590 180
1845600 180
1845610 180
1845620 180
1845630 180
1845640 180
1845650 180
1845660 180
1845670 180
1845680 180
1845690 180
1845700 181
1845710 181
1845720 180
1845730 180
1845740 180
1845750 180
1845760 180
1845770 180
1845780 180
1845790 180
1845800 180
1845810 181
1845820 181
1845830 181
1845840 181
1845850 181
1845860 181
1845870 181
1845880 181
1845890 181
1845900 181
1845910 181
1845920 181
1845930 181
1845940 181
1845950 181
1845960 182
1845970 182
1845980 182
1845990 182
1846000 182
1846010 182
1846020 182
1846030 182
1846040 182
1846050 183
1846060 183
1846070 183
1846080 183
1846090 184
1846100 184
1846110 184
1846120 184
1846130 184
1846140 185
1846150 185
1846160 185
1846170 186
1846180 187
1846190 187
1846200 187
1846210 188
1846220 188
1846230 188
1846240 189
1846250 189
1846260 189
1846270 189
1846280 189
1846290 189
1846300 189
1846310 189
1846320 189
1846330 189
1846340 189
1846350 189
1846360 189
1846370 189
1846380 189
1846390 188
1846400 188
1846410 188
1846420 188
1846430 188
1846440 188
1846450 188
1846460 188
1846470 188
1846480 188
1846490 188
1846500 188
1846510 187
1846520 187
1846530 187
1846540 187
1846550 187
1846560 187
1846570 187
1846580 187
1846590 187
1846600 186
1846610 186
1846620 186
1846630 186
1846640 186
1846650 186
1846660 185
1846670 185
1846680 185
1846690 185
1846700 185
1846710 185
1846720 185
1846730 185
1846740 185
1846750 185
1846760 184
1846770 184
1846780 184
1846790 184
1846800 184
1846810 184
1846820 184
1846830 184
1846840 184
1846850 184
1846860 184
1846870 184
1846880 184
1846890 184
1846900 184
1846910 184
1846920 184
1846930 184
1846940 184
1846950 184
1846960 184
1846970 184
1846980 184
1846990 184
1847000 184
1847010 184
1847020 184
1847030 184
1847040 184
1847050 184
1847060 184
1847070 184
1847080 184
1847090 184
1847100 184
1847110 184
1847120 184
1847130 184
1847140 184
1847150 184
1847160 184
1847170 184
1847180 184
1847190 184
1847200 184
1847210 184
1847220 184
1847230 184
1847240 184
1847250 184
1847260 184
1847270 184
1847280 184
1847290 184
1847300 184
1847310 184
1847320 184
1847330 184
1847340 184
1847350 184
1847360 184
1847370 184
1847380 184
1847390 184
1847400 184
1847410 184
1847420 184
1847430 184
1847440 184
1847450 184
1847460 184
1847470 184
1847480 185
1847490 185
1847500 185
1847510 185
1847520 185
1847530 185
1847540 185
1847550 186
1847560 186
1847570 186
1847580 186
1847590 186
1847600 186
1847610 186
1847620 186
1847630 185
1847640 185
1847650 185
1847660 185
1847670 185
1847680 185
1847690 185
1847700 185
1847710 185
1847720 185
1847730 185
1847740 185
1847750 186
1847760 186
1847770 186
1847780 186
1847790 186
1847800 186
1847810 186
1847820 186
1847830 186
1847840 186
1847850 186
1847860 186
1847870 187
1847880 187
1847890 187
1847900 187
1847910 187
1847920 187
1847930 187
1847940 187
1847950 187
1847960 187
1847970 187
1847980 187
1847990 187
1848000 187
1848010 187
1848020 188
1848030 188
1848040 188
1848050 189
1848060 189
1848070 189
1848080 188
1848090 188
1848100 188
1848110 188
1848120 189
1848130 189
1848140 190
1848150 191
1848160 191
1848170 191
1848180 190
1848190 190
1848200 191
1848210 191
1848220 191
1848230 191
1848240 191
1848250 191
1848260 191
1848270 191
1848280 191
1848290 191
1848300 191
1848310 191
1848320 191
1848330 191
1848340 191
1848350 191
1848360 192
1848370 192
1848380 192
1848390 192
1848400 192
1848410 192
1848420 192
1848430 192
1848440 192
1848450 192
1848460 192
1848470 192
1848480 193
1848490 193
1848500 193
1848510 193
1848520 193
1848530 193
1848540 193
1848550 193
1848560 193
1848570 193
1848580 193
1848590 193
1848600 193
1848610 193
1848620 193
1848630 193
1848640 193
1848650 193
1848660 193
1848670 193
1848680 193
1848690 194
1848700 194
1848710 194
1848720 194
1848730 194
1848740 194
1848750 194
1848760 194
1848770 194
1848780 194
1848790 194
1848800 194
1848810 194
1848820 194
1848830 194
1848840 195
1848850 195
1848860 195
1848870 195
1848880 195
1848890 195
1848900 194
1848910 194
1848920 194
1848930 194
1848940 195
1848950 195
1848960 195
1848970 195
1848980 195
1848990 195
1849000 195
1849010 195
1849020 195
1849030 195
1849040 195
1849050 197
1849060 198
1849070 198
1849080 196
1849090 196
1849100 196
1849110 196
1849120 196
1849130 196
1849140 195
1849150 195
1849160 195
1849170 196
1849180 196
1849190 196
1849200 196
1849210 196
1849220 196
1849230 196
1849240 196
1849250 196
1849260 196
1849270 195
1849280 195
1849290 194
1849300 192
1849310 192
1849320 189
1849330 185
1849340 185
1849350 181
1849360 178
1849370 178
1849380 178
1849390 179
1849400 179
1849410 180
1849420 181
1849430 181
1849440 180
1849450 179
1849460 179
1849470 178
1849480 178
1849490 178
1849500 180
1849510 180
1849520 180
1849530 181
1849540 181
1849550 181
1849560 183
1849570 184
1849580 184
1849590 184
1849600 184
1849610 184
1849620 183
1849630 181
1849640 181
1849650 181
1849660 181
1849670 181
1849680 182
1849690 182
1849700 182
1849710 182
1849720 182
1849730 182
1849740 181
1849750 181
1849760 181
1849770 182
1849780 184
1849790 184
1849800 184
1849810 184
1849820 184
1849830 184
1849840 187
1849850 188
1849860 188
1849870 188
1849880 188
1849890 188
1849900 190
1849910 192
1849920 192
1849930 193
1849940 194
1849950 194
1849960 197
1849970 199
1849980 199
1849990 200
1850000 200
1850010 200
1850020 200
1850030 199
1850040 199
1850050 198
1850060 198
1850070 198
1850080 198
1850090 198
1850100 198
1850110 198
1850120 198
1850130 198
1850140 198
1850150 198
1850160 198
1850170 198
1850180 198
1850190 198
1850200 198
1850210 199
1850220 199
1850230 199
1850240 199
1850250 199
1850260 199
1850270 200
1850280 200
1850290 200
1850300 201
1850310 201
1850320 201
1850330 202
1850340 202
1850350 202
1850360 203
1850370 203
1850380 202
1850390 203
1850400 203
1850410 203
1850420 204
1850430 204
1850440 205
1850450 207
1850460 207
1850470 208
1850480 208
1850490 208
1850500 209
1850510 210
1850520 210
1850530 211
1850540 212
1850550 212
1850560 213
1850570 214
1850580 214
1850590 215
1850600 216
1850610 216
1850620 217
1850630 218
1850640 218
1850650 218
1850660 218
1850670 218
1850680 218
1850690 218
1850700 218
1850710 218
1850720 218
1850730 218
1850740 217
1850750 217
1850760 217
1850770 217
1850780 217
1850790 217
1850800 216
1850810 216
1850820 216
1850830 216
1850840 216
1850850 216
1850860 216
1850870 216
1850880 216
1850890 216
1850900 216
1850910 215
1850920 215
1850930 215
1850940 215
1850950 215
1850960 215
1850970 215
1850980 215
1850990 215
1851000 215
1851010 215
1851020 216
1851030 215
1851040 215
1851050 215
1851060 215
1851070 215
1851080 215
1851090 214
1851100 214
1851110 213
1851120 213
1851130 213
1851140 213
1851150 213
1851160 213
1851170 213
1851180 213
1851190 213
1851200 213
1851210 214
1851220 214
1851230 214
1851240 214
1851250 214
1851260 214
1851270 214
1851280 214
1851290 215
1851300 218
1851310 218
1851320 220
1851330 221
1851340 221
1851350 221
1851360 221
1851370 221
1851380 221
1851390 220
1851400 220
1851410 220
1851420 220
1851430 220
1851440 220
1851450 219
1851460 219
1851470 219
1851480 220
1851490 220
1851500 220
1851510 220
1851520 220
1851530 220
1851540 220
1851550 220
1851560 220
1851570 220
1851580 220
1851590 220
1851600 220
1851610 220
1851620 219
1851630 219
1851640 219
1851650 219
1851660 219
1851670 219
1851680 219
1851690 219
1851700 219
1851710 219
1851720 219
1851730 219
1851740 219
1851750 219
1851760 219
1851770 220
1851780 223
1851790 223
1851800 224
1851810 221
1851820 221
1851830 220
1851840 220
1851850 220
1851860 221
1851870 221
1851880 221
1851890 222
1851900 222
1851910 222
1851920 222
1851930 222
1851940 222
1851950 223
1851960 223
1851970 223
1851980 223
1851990 223
1852000 223
1852010 223
1852020 223
1852030 224
1852040 224
1852050 224
1852060 224
1852070 224
1852080 224
1852090 225
1852100 225
1852110 225
1852120 225
1852130 225
1852140 225
1852150 225
1852160 225
1852170 225
1852180 225
1852190 225
1852200 226
1852210 226
1852220 226
1852230 226
1852240 226
1852250 226
1852260 227
1852270 227
1852280 227
1852290 227
1852300 227
1852310 227
1852320 228
1852330 228
1852340 228
1852350 228
1852360 228
1852370 228
1852380 228
1852390 228
1852400 228
1852410 228
1852420 228
1852430 228
1852440 228
1852450 228
1852460 228
1852470 228
1852480 228
1852490 227
1852500 227
1852510 227
1852520 227
1852530 228
1852540 228
1852550 228
1852560 229
1852570 229
1852580 229
1852590 231
1852600 232
1852610 232
1852620 232
1852630 232
1852640 232
1852650 233
1852660 233
1852670 233
1852680 233
1852690 233
1852700 233
1852710 234
1852720 234
1852730 234
1852740 235
1852750 235
1852760 235
1852770 235
1852780 236
1852790 236
1852800 236
1852810 236
1852820 236
1852830 236
1852840 237
1852850 237
1852860 238
1852870 240
1852880 240
1852890 242
1852900 244
1852910 244
1852920 245
1852930 246
1852940 246
1852950 247
1852960 247
1852970 247
1852980 247
1852990 247
1853000 247
1853010 247
1853020 247
1853030 247
1853040 246
1853050 247
1853060 247
1853070 247
1853080 247
1853090 247
1853100 247
1853110 247
1853120 247
1853130 247
1853140 247
1853150 245
1853160 245
1853170 247
1853180 249
1853190 248
1853200 249
1853210 250
1853220 250
1853230 251
1853240 252
1853250 252
1853260 253
1853270 254
1853280 254
1853290 255
1853300 255
1853310 255
1853320 256
1853330 257
1853340 257
1853350 257
1853360 258
1853370 258
1853380 258
1853390 259
1853400 259
1853410 259
1853420 257
1853430 257
1853440 255
1853450 253
1853460 253
1853470 251
1853480 249
1853490 249
1853500 248
1853510 247
1853520 247
1853530 245
1853540 245
1853550 245
1853560 243
1853570 242
1853580 242
1853590 240
1853600 238
1853610 238
1853620 235
1853630 234
1853640 234
1853650 233
1853660 233
1853670 233
1853680 234
1853690 235
1853700 235
1853710 236
1853720 238
1853730 238
1853740 239
1853750 240
1853760 240
1853770 240
1853780 239
1853790 239
1853800 238
1853810 238
1853820 238
1853830 238
1853840 237
1853850 237
1853860 238
1853870 239
1853880 239
1853890 239
1853900 240
1853910 240
1853920 241
1853930 243
1853940 243
1853950 244
1853960 245
1853970 245
1853980 246
1853990 247
1854000 247
1854010 249
1854020 250
1854030 250
1854040 252
1854050 253
1854060 253
1854070 255
1854080 255
1854090 255
1854100 256
1854110 257
1854120 257
1854130 257
1854140 257
1854150 257
1854160 257
1854170 256
1854180 255
1854190 255
1854200 254
1854210 253
1854220 253
1854230 252
1854240 251
1854250 251
1854260 251
1854270 250
1854280 250
1854290 250
1854300 250
1854310 250
1854320 249
1854330 249
1854340 249
1854350 247
1854360 247
1854370 247
1854380 246
1854390 246
1854400 246
1854410 246
1854420 245
1854430 245
1854440 244
1854450 244
1854460 244
1854470 244
1854480 244
1854490 244
1854500 241
1854510 241
1854520 241
1854530 240
1854540 236
1854550 236
1854560 234
1854570 232
1854580 232
1854590 230
1854600 231
1854610 231
1854620 231
1854630 231
1854640 231
1854650 231
1854660 236
1854670 236
1854680 242
1854690 246
1854700 246
1854710 249
1854720 253
1854730 253
1854740 256
1854750 259
1854760 259
1854770 262
1854780 265
1854790 265
1854800 268
1854810 271
1854820 271
1854830 273
1854840 274
1854850 274
1854860 275
1854870 276
1854880 276
1854890 277
1854900 277
1854910 277
1854920 277
1854930 277
1854940 275
1854950 276
1854960 276
1854970 276
1854980 277
1854990 279
1855000 279
1855010 281
1855020 281
1855030 281
1855040 284
1855050 285
1855060 285
1855070 285
1855080 285
1855090 285
1855100 286
1855110 286
1855120 286
1855130 287
1855140 288
1855150 288
1855160 289
1855170 290
1855180 290
1855190 290
1855200 291
1855210 291
1855220 291
1855230 291
1855240 293
1855250 293
1855260 295
1855270 296
1855280 296
1855290 296
1855300 297
1855310 297
1855320 297
1855330 298
1855340 298
1855350 299
1855360 300
1855370 300
1855380 300
1855390 299
1855400 299
1855410 297
1855420 296
1855430 296
1855440 298
1855450 302
1855460 302
1855470 306
1855480 310
1855490 310
1855500 313
1855510 315
1855520 315
1855530 317
1855540 318
1855550 318
1855560 320
1855570 322
1855580 322
1855590 324
1855600 325
1855610 325
1855620 326
1855630 327
1855640 327
1855650 328
1855660 329
1855670 329
1855680 330
1855690 331
1855700 331
1855710 331
1855720 332
1855730 332
1855740 333
1855750 333
1855760 333
1855770 334
1855780 334
1855790 334
1855800 334
1855810 335
1855820 335
1855830 335
1855840 335
1855850 335
1855860 335
1855870 334
1855880 334
1855890 333
1855900 333
1855910 333
1855920 333
1855930 332
1855940 332
1855950 331
1855960 331
1855970 331
1855980 330
1855990 329
1856000 329
1856010 328
1856020 327
1856030 327
1856040 326
1856050 324
1856060 324
1856070 322
1856080 322
1856090 322
1856100 324
1856110 325
1856120 325
1856130 327
1856140 329
1856150 329
1856160 331
1856170 333
1856180 333
1856190 334
1856200 334
1856210 334
1856220 335
1856230 335
1856240 335
1856250 336
1856260 337
1856270 337
1856280 338
1856290 339
1856300 340
1856310 340
1856320 341
1856330 344
1856340 344
1856350 345
1856360 347
1856370 347
1856380 348
1856390 349
1856400 349
1856410 350
1856420 350
1856430 350
1856440 350
1856450 351
1856460 351
1856470 351
1856480 352
1856490 352
1856500 352
1856510 352
1856520 352
1856530 352
1856540 352
1856550 352
1856560 351
1856570 351
1856580 351
1856590 349
1856600 348
1856610 348
1856620 347
1856630 346
1856640 346
1856650 345
1856660 343
1856670 343
1856680 343
1856690 341
1856700 341
1856710 340
1856720 338
1856730 338
1856740 337
1856750 335
1856760 335
1856770 333
1856780 332
1856790 332
1856800 330
1856810 329
1856820 329
1856830 327
1856840 325
1856850 325
1856860 324
1856870 322
1856880 322
1856890 320
1856900 318
1856910 318
1856920 315
1856930 312
1856940 312
1856950 308
1856960 304
1856970 304
1856980 300
1856990 297
1857000 297
1857010 294
1857020 292
1857030 293
1857040 290
1857050 288
1857060 288
1857070 285
1857080 283
1857090 283
1857100 281
1857110 279
1857120 279
1857130 278
1857140 276
1857150 276
1857160 274
1857170 272
1857180 272
1857190 270
1857200 270
1857210 270
1857220 270
1857230 271
1857240 271
1857250 270
1857260 270
1857270 270
1857280 268
1857290 267
1857300 267
1857310 266
1857320 265
1857330 265
1857340 264
1857350 262
1857360 262
1857370 261
1857380 260
1857390 259
1857400 259
1857410 258
1857420 256
1857430 256
1857440 255
1857450 254
1857460 254
1857470 253
1857480 252
1857490 252
1857500 251
1857510 250
1857520 250
1857530 249
1857540 248
1857550 248
1857560 247
1857570 246
1857580 246
1857590 245
1857600 244
1857610 244
1857620 243
1857630 242
1857640 242
1857650 242
1857660 241
1857670 241
1857680 240
1857690 240
1857700 240
1857710 239
1857720 238
1857730 238
1857740 237
1857750 237
1857760 237
1857770 236
1857780 236
1857790 236
1857800 236
1857810 235
1857820 235
1857830 234
1857840 233
1857850 233
1857860 233
1857870 232
1857880 232
1857890 232
1857900 231
1857910 231
1857920 231
1857930 230
1857940 230
1857950 230
1857960 229
1857970 229
1857980 228
1857990 226
1858000 226
1858010 225
1858020 225
1858030 225
1858040 226
1858050 228
1858060 226
1858070 228
1858080 229
1858090 229
1858100 229
1858110 230
1858120 230
1858130 230
1858140 230
1858150 230
1858160 230
1858170 231
1858180 231
1858190 232
1858200 232
1858210 232
1858220 231
1858230 231
1858240 231
1858250 230
1858260 231
1858270 231
1858280 232
1858290 232
1858300 232
1858310 230
1858320 230
1858330 230
1858340 230
1858350 230
1858360 230
1858370 230
1858380 231
1858390 231
1858400 231
1858410 231
1858420 231
1858430 232
1858440 232
1858450 232
1858460 232
1858470 231
1858480 229
1858490 229
1858500 225
1858510 220
1858520 220
1858530 217
1858540 213
1858550 213
1858560 208
1858570 210
1858580 210
1858590 212
1858600 216
1858610 216
1858620 220
1858630 225
1858640 225
1858650 229
1858660 232
1858670 232
1858680 233
1858690 239
1858700 239
1858710 241
1858720 241
1858730 241
1858740 242
1858750 242
1858760 241
1858770 241
1858780 242
1858790 242
1858800 242
1858810 242
1858820 242
1858830 242
1858840 242
1858850 242
1858860 242
1858870 242
1858880 242
1858890 242
1858900 243
1858910 243
1858920 243
1858930 243
1858940 243
1858950 243
1858960 243
1858970 243
1858980 242
1858990 242
1859000 242
1859010 242
1859020 242
1859030 242
1859040 241
1859050 241
1859060 241
1859070 240
1859080 241
1859090 241
1859100 240
1859110 240
1859120 240
1859130 240
1859140 240
1859150 240
1859160 240
1859170 241
1859180 241
1859190 241
1859200 242
1859210 242
1859220 242
1859230 242
1859240 242
1859250 242
1859260 243
1859270 243
1859280 243
1859290 244
1859300 244
1859310 245
1859320 246
1859330 246
1859340 246
1859350 247
1859360 247
1859370 247
1859380 248
1859390 248
1859400 249
1859410 250
1859420 250
1859430 251
1859440 252
1859450 252
1859460 253
1859470 254
1859480 254
1859490 255
1859500 257
1859510 257
1859520 259
1859530 259
1859540 259
1859550 259
1859560 260
1859570 260
1859580 260
1859590 260
1859600 261
1859610 261
1859620 261
1859630 262
1859640 262
1859650 263
1859660 264
1859670 264
1859680 266
1859690 267
1859700 267
1859710 269
1859720 270
1859730 270
1859740 271
1859750 272
1859760 272
1859770 273
1859780 274
1859790 273
1859800 273
1859810 274
1859820 274
1859830 274
1859840 274
1859850 274
1859860 274
1859870 274
1859880 274
1859890 274
1859900 274
1859910 274
1859920 274
1859930 274
1859940 274
1859950 274
1859960 274
1859970 274
1859980 273
1859990 273
