1840000 181
1840010 181
1840020 181
1840030 182
1840040 182
1840050 182
1840060 182
1840070 181
1840080 181
1840090 181
1840100 181
1840110 181
1840120 181
1840130 181
1840140 181
1840150 181
1840160 181
1840170 181
1840180 181
1840190 181
1840200 181
1840210 181
1840220 181
1840230 181
1840240 181
1840250 181
1840260 181
1840270 181
1840280 181
1840290 181
1840300 181
1840310 181
1840320 181
1840330 181
1840340 181
1840350 181
1840360 181
1840370 181
1840380 181
1840390 181
1840400 181
1840410 181
1840420 181
1840430 181
1840440 181
1840450 181
1840460 181
1840470 181
1840480 181
1840490 181
1840500 181
1840510 181
1840520 181
1840530 181
1840540 181
1840550 181
1840560 181
1840570 181
1840580 180
1840590 180
1840600 180
1840610 180
1840620 180
1840630 180
1840640 180
1840650 180
1840660 180
1840670 180
1840680 180
1840690 180
1840700 180
1840710 180
1840720 180
1840730 180
1840740 180
1840750 180
1840760 180
1840770 180
1840780 180
1840790 180
1840800 180
1840810 180
1840820 180
1840830 180
1840840 180
1840850 180
1840860 180
1840870 180
1840880 181
1840890 180
1840900 180
1840910 180
1840920 180
1840930 180
1840940 180
1840950 180
1840960 180
1840970 180
1840980 180
1840990 180
1841000 180
1841010 180
1841020 180
1841030 180
1841040 180
1841050 180
1841060 180
1841070 180
1841080 180
1841090 181
1841100 181
1841110 181
1841120 181
1841130 181
1841140 181
1841150 181
1841160 181
1841170 181
1841180 181
1841190 180
1841200 180
1841210 180
1841220 180
1841230 180
1841240 180
1841250 180
1841260 180
1841270 180
1841280 180
1841290 180
1841300 180
1841310 180
1841320 180
1841330 180
1841340 180
1841350 180
1841360 180
1841370 180
1841380 180
1841390 180
1841400 180
1841410 180
1841420 180
1841430 180
1841440 180
1841450 180
1841460 180
1841470 180
1841480 180
1841490 180
1841500 180
1841510 180
1841520 180
1841530 180
1841540 180
1841550 180
1841560 180
1841570 180
1841580 180
1841590 180
1841600 180
1841610 180
1841620 180
1841630 180
1841640 180
1841650 180
1841660 180
1841670 180
1841680 180
1841690 180
1841700 180
1841710 180
1841720 180
1841730 180
1841740 180
1841750 180
1841760 180
1841770 180
1841780 180
1841790 180
1841800 180
1841810 180
1841820 180
1841830 180
1841840 180
1841850 180
1841860 179
1841870 179
1841880 179
1841890 179
1841900 179
1841910 179
1841920 179
1841930 179
1841940 179
1841950 179
1841960 179
1841970 179
1841980 179
1841990 179
1842000 179
1842010 179
1842020 179
1842030 179
1842040 179
1842050 179
1842060 179
1842070 179
1842080 179
1842090 179
1842100 179
1842110 179
1842120 179
1842130 179
1842140 179
1842150 179
1842160 179
1842170 179
1842180 179
1842190 179
1842200 179
1842210 179
1842220 179
1842230 179
1842240 179
1842250 179
1842260 179
1842270 179
1842280 179
1842290 179
1842300 179
1842310 180
1842320 180
1842330 180
1842340 179
1842350 179
1842360 179
1842370 179
1842380 179
1842390 179
1842400 179
1842410 179
1842420 179
1842430 179
1842440 179
1842450 179
1842460 179
1842470 179
1842480 179
1842490 179
1842500 179
1842510 179
1842520 179
1842530 179
1842540 179
1842550 179
1842560 178
1842570 178
1842580 178
1842590 178
1842600 178
1842610 176
1842620 178
1842630 178
1842640 178
1842650 177
1842660 177
1842670 177
1842680 177
1842690 177
1842700 177
1842710 177
1842720 177
1842730 176
1842740 177
1842750 177
1842760 177
1842770 177
1842780 177
1842790 177
1842800 177
1842810 177
1842820 177
1842830 177
1842840 177
1842850 177
1842860 177
1842870 177
1842880 177
1842890 177
1842900 177
1842910 177
1842920 177
1842930 177
1842940 177
1842950 176
1842960 176
1842970 176
1842980 176
1842990 176
1843000 176
1843010 176
1843020 176
1843030 176
1843040 176
1843050 176
1843060 176
1843070 176
1843080 176
1843090 176
1843100 176
1843110 176
1843120 176
1843130 176
1843140 176
1843150 176
1843160 176
1843170 176
1843180 176
1843190 176
1843200 176
1843210 176
1843220 176
1843230 176
1843240 176
1843250 176
1843260 176
1843270 176
1843280 176
1843290 176
1843300 176
1843310 176
1843320 176
1843330 176
1843340 176
1843350 176
1843360 176
1843370 176
1843380 176
1843390 176
1843400 177
1843410 177
1843420 177
1843430 176
1843440 176
1843450 176
1843460 174
1843470 174
1843480 175
1843490 176
1843500 176
1843510 176
1843520 176
1843530 176
1843540 176
1843550 176
1843560 176
1843570 176
1843580 176
1843590 175
1843600 175
1843610 175
1843620 175
1843630 175
1843640 175
1843650 175
1843660 175
1843670 175
1843680 175
1843690 175
1843700 175
1843710 175
1843720 175
1843730 175
1843740 175
1843750 175
1843760 175
1843770 175
1843780 175
1843790 175
1843800 175
1843810 175
1843820 175
1843830 175
1843840 175
1843850 175
1843860 175
1843870 175
1843880 175
1843890 175
1843900 175
1843910 175
1843920 175
1843930 175
1843940 175
1843950 175
1843960 175
1843970 175
1843980 175
1843990 175
1844000 175
1844010 175
1844020 175
1844030 175
1844040 175
1844050 175
1844060 175
1844070 175
1844080 175
1844090 175
1844100 175
1844110 175
1844120 175
1844130 174
1844140 174
1844150 175
1844160 175
1844170 175
1844180 175
1844190 175
1844200 175
1844210 175
1844220 175
1844230 175
1844240 175
1844250 175
1844260 175
1844270 174
1844280 174
1844290 174
1844300 174
1844310 174
1844320 174
1844330 174
1844340 174
1844350 174
1844360 174
1844370 174
1844380 174
1844390 174
1844400 174
1844410 174
1844420 174
1844430 174
1844440 174
1844450 174
1844460 174
1844470 174
1844480 174
1844490 174
1844500 174
1844510 174
1844520 174
1844530 174
1844540 174
1844550 175
1844560 175
1844570 175
1844580 174
1844590 174
1844600 176
1844610 175
1844620 175
1844630 175
1844640 175
1844650 175
1844660 175
1844670 175
1844680 175
1844690 175
1844700 175
1844710 175
1844720 175
1844730 175
1844740 175
1844750 175
1844760 175
1844770 175
1844780 175
1844790 175
1844800 175
1844810 175
1844820 175
1844830 175
1844840 175
1844850 175
1844860 175
1844870 175
1844880 175
1844890 175
1844900 175
1844910 175
1844920 175
1844930 175
1844940 175
1844950 175
1844960 175
1844970 175
1844980 175
1844990 175
1845000 175
1845010 175
1845020 175
1845030 175
1845040 175
1845050 175
1845060 175
1845070 175
1845080 175
1845090 175
1845100 175
1845110 175
1845120 175
1845130 175
1845140 175
1845150 175
1845160 175
1845170 175
1845180 174
1845190 174
1845200 174
1845210 174
1845220 175
1845230 175
1845240 175
1845250 175
1845260 175
1845270 176
1845280 176
1845290 176
1845300 177
1845310 177
1845320 177
1845330 177
1845340 177
1845350 177
1845360 177
1845370 177
1845380 177
1845390 177
1845400 177
1845410 177
1845420 177
1845430 177
1845440 177
1845450 177
1845460 177
1845470 177
1845480 177
1845490 177
1845500 177
1845510 177
1845520 177
1845530 177
1845540 177
1845550 177
1845560 177
1845570 177
1845580 177
1845590 177
1845600 177
1845610 177
1845620 177
1845630 177
1845640 177
1845650 177
1845660 178
1845670 178
1845680 178
1845690 178
1845700 178
1845710 178
1845720 178
1845730 178
1845740 178
1845750 178
1845760 178
1845770 178
1845780 178
1845790 179
1845800 179
1845810 179
1845820 179
1845830 180
1845840 180
1845850 180
1845860 180
1845870 180
1845880 180
1845890 180
1845900 180
1845910 181
1845920 181
1845930 181
1845940 181
1845950 182
1845960 182
1845970 182
1845980 183
1845990 183
1846000 183
1846010 184
1846020 184
1846030 184
1846040 185
1846050 185
1846060 185
1846070 186
1846080 186
1846090 186
1846100 187
1846110 187
1846120 187
1846130 188
1846140 188
1846150 188
1846160 189
1846170 189
1846180 189
1846190 190
1846200 190
1846210 190
1846220 190
1846230 190
1846240 190
1846250 190
1846260 190
1846270 190
1846280 190
1846290 190
1846300 190
1846310 190
1846320 190
1846330 190
1846340 190
1846350 190
1846360 189
1846370 189
1846380 189
1846390 189
1846400 189
1846410 189
1846420 189
1846430 189
1846440 189
1846450 189
1846460 189
1846470 189
1846480 189
1846490 188
1846500 188
1846510 188
1846520 188
1846530 188
1846540 188
1846550 188
1846560 188
1846570 188
1846580 188
1846590 188
1846600 188
1846610 187
1846620 187
1846630 187
1846640 187
1846650 187
1846660 187
1846670 187
1846680 187
1846690 186
1846700 186
1846710 186
1846720 186
1846730 186
1846740 186
1846750 186
1846760 186
1846770 186
1846780 186
1846790 185
1846800 185
1846810 185
1846820 185
1846830 185
1846840 185
1846850 185
1846860 185
1846870 185
1846880 185
1846890 185
1846900 185
1846910 185
1846920 185
1846930 184
1846940 184
1846950 184
1846960 184
1846970 184
1846980 184
1846990 184
1847000 184
1847010 184
1847020 184
1847030 184
1847040 183
1847050 183
1847060 183
1847070 183
1847080 183
1847090 183
1847100 183
1847110 183
1847120 183
1847130 183
1847140 183
1847150 183
1847160 183
1847170 183
1847180 182
1847190 183
1847200 183
1847210 183
1847220 182
1847230 182
1847240 182
1847250 182
1847260 182
1847270 182
1847280 182
1847290 182
1847300 182
1847310 182
1847320 182
1847330 182
1847340 182
1847350 182
1847360 182
1847370 182
1847380 182
1847390 182
1847400 182
1847410 182
1847420 182
1847430 183
1847440 183
1847450 183
1847460 182
1847470 182
1847480 183
1847490 183
1847500 183
1847510 183
1847520 183
1847530 183
1847540 183
1847550 183
1847560 183
1847570 183
1847580 183
1847590 183
1847600 183
1847610 184
1847620 184
1847630 184
1847640 184
1847650 184
1847660 184
1847670 184
1847680 184
1847690 184
1847700 184
1847710 184
1847720 184
1847730 184
1847740 184
1847750 184
1847760 184
1847770 184
1847780 184
1847790 184
1847800 184
1847810 184
1847820 184
1847830 184
1847840 184
1847850 184
1847860 184
1847870 184
1847880 185
1847890 185
1847900 185
1847910 185
1847920 185
1847930 185
1847940 185
1847950 184
1847960 184
1847970 184
1847980 184
1847990 184
1848000 184
1848010 184
1848020 184
1848030 184
1848040 185
1848050 185
1848060 185
1848070 185
1848080 185
1848090 185
1848100 185
1848110 185
1848120 185
1848130 185
1848140 185
1848150 185
1848160 185
1848170 185
1848180 185
1848190 185
1848200 185
1848210 185
1848220 185
1848230 185
1848240 185
1848250 185
1848260 185
1848270 186
1848280 186
1848290 186
1848300 186
1848310 186
1848320 186
1848330 186
1848340 186
1848350 186
1848360 186
1848370 186
1848380 186
1848390 186
1848400 186
1848410 186
1848420 186
1848430 186
1848440 186
1848450 186
1848460 186
1848470 186
1848480 186
1848490 187
1848500 187
1848510 187
1848520 187
1848530 187
1848540 187
1848550 187
1848560 187
1848570 187
1848580 187
1848590 187
1848600 187
1848610 187
1848620 187
1848630 187
1848640 187
1848650 187
1848660 187
1848670 187
1848680 187
1848690 187
1848700 187
1848710 187
1848720 187
1848730 187
1848740 187
1848750 187
1848760 187
1848770 187
1848780 187
1848790 188
1848800 188
1848810 188
1848820 188
1848830 188
1848840 188
1848850 187
1848860 187
1848870 187
1848880 187
1848890 187
1848900 187
1848910 187
1848920 187
1848930 187
1848940 187
1848950 187
1848960 187
1848970 188
1848980 188
1848990 188
1849000 187
1849010 187
1849020 187
1849030 188
1849040 187
1849050 187
1849060 187
1849070 187
1849080 187
1849090 187
1849100 187
1849110 187
1849120 187
1849130 187
1849140 187
1849150 187
1849160 187
1849170 187
1849180 187
1849190 188
1849200 188
1849210 188
1849220 187
1849230 187
1849240 187
1849250 188
1849260 188
1849270 188
1849280 188
1849290 188
1849300 188
1849310 188
1849320 188
1849330 188
1849340 187
1849350 187
1849360 187
1849370 187
1849380 187
1849390 187
1849400 186
1849410 186
1849420 185
1849430 181
1849440 181
1849450 179
1849460 175
1849470 175
1849480 171
1849490 168
1849500 168
1849510 165
1849520 162
1849530 162
1849540 160
1849550 160
1849560 160
1849570 160
1849580 160
1849590 160
1849600 160
1849610 159
1849620 159
1849630 158
1849640 158
1849650 158
1849660 156
1849670 155
1849680 155
1849690 155
1849700 157
1849710 157
1849720 158
1849730 157
1849740 157
1849750 157
1849760 159
1849770 160
1849780 163
1849790 166
1849800 166
1849810 169
1849820 173
1849830 173
1849840 177
1849850 181
1849860 181
1849870 184
1849880 185
1849890 185
1849900 186
1849910 186
1849920 186
1849930 186
1849940 186
1849950 186
1849960 186
1849970 187
1849980 187
1849990 187
1850000 187
1850010 187
1850020 187
1850030 188
1850040 188
1850050 188
1850060 188
1850070 189
1850080 189
1850090 189
1850100 189
1850110 189
1850120 190
1850130 190
1850140 190
1850150 191
1850160 191
1850170 191
1850180 191
1850190 192
1850200 192
1850210 193
1850220 193
1850230 193
1850240 193
1850250 194
1850260 194
1850270 194
1850280 195
1850290 195
1850300 195
1850310 196
1850320 196
1850330 196
1850340 197
1850350 197
1850360 198
1850370 199
1850380 199
1850390 200
1850400 201
1850410 201
1850420 202
1850430 203
1850440 203
1850450 204
1850460 205
1850470 205
1850480 206
1850490 207
1850500 207
1850510 208
1850520 208
1850530 208
1850540 209
1850550 209
1850560 209
1850570 210
1850580 211
1850590 211
1850600 211
1850610 211
1850620 211
1850630 212
1850640 212
1850650 212
1850660 212
1850670 212
1850680 212
1850690 212
1850700 213
1850710 213
1850720 213
1850730 213
1850740 213
1850750 213
1850760 213
1850770 213
1850780 213
1850790 213
1850800 213
1850810 213
1850820 212
1850830 212
1850840 212
1850850 212
1850860 212
1850870 212
1850880 212
1850890 212
1850900 212
1850910 212
1850920 212
1850930 212
1850940 212
1850950 212
1850960 212
1850970 212
1850980 212
1850990 212
1851000 211
1851010 211
1851020 211
1851030 211
1851040 211
1851050 211
1851060 211
1851070 211
1851080 211
1851090 211
1851100 211
1851110 210
1851120 210
1851130 210
1851140 210
1851150 210
1851160 210
1851170 210
1851180 209
1851190 209
1851200 209
1851210 209
1851220 208
1851230 208
1851240 208
1851250 207
1851260 207
1851270 207
1851280 207
1851290 207
1851300 206
1851310 206
1851320 206
1851330 206
1851340 206
1851350 206
1851360 205
1851370 205
1851380 205
1851390 205
1851400 205
1851410 205
1851420 204
1851430 204
1851440 204
1851450 204
1851460 204
1851470 204
1851480 203
1851490 202
1851500 202
1851510 202
1851520 202
1851530 202
1851540 201
1851550 201
1851560 201
1851570 201
1851580 201
1851590 201
1851600 201
1851610 201
1851620 201
1851630 201
1851640 201
1851650 201
1851660 201
1851670 201
1851680 201
1851690 201
1851700 202
1851710 202
1851720 202
1851730 202
1851740 202
1851750 202
1851760 203
1851770 203
1851780 203
1851790 204
1851800 204
1851810 204
1851820 205
1851830 205
1851840 205
1851850 205
1851860 205
1851870 206
1851880 206
1851890 205
1851900 206
1851910 206
1851920 206
1851930 206
1851940 206
1851950 206
1851960 206
1851970 206
1851980 206
1851990 206
1852000 206
1852010 206
1852020 207
1852030 207
1852040 207
1852050 207
1852060 207
1852070 207
1852080 208
1852090 208
1852100 208
1852110 208
1852120 209
1852130 209
1852140 209
1852150 209
1852160 209
1852170 209
1852180 209
1852190 209
1852200 209
1852210 209
1852220 209
1852230 209
1852240 209
1852250 209
1852260 209
1852270 209
1852280 210
1852290 210
1852300 210
1852310 210
1852320 210
1852330 210
1852340 211
1852350 211
1852360 211
1852370 211
1852380 211
1852390 211
1852400 211
1852410 211
1852420 211
1852430 211
1852440 211
1852450 211
1852460 211
1852470 211
1852480 211
1852490 211
1852500 211
1852510 211
1852520 211
1852530 211
1852540 211
1852550 211
1852560 211
1852570 211
1852580 211
1852590 211
1852600 211
1852610 211
1852620 211
1852630 211
1852640 211
1852650 211
1852660 211
1852670 211
1852680 211
1852690 211
1852700 211
1852710 211
1852720 211
1852730 211
1852740 211
1852750 211
1852760 210
1852770 210
1852780 210
1852790 210
1852800 210
1852810 210
1852820 210
1852830 210
1852840 210
1852850 211
1852860 211
1852870 211
1852880 211
1852890 211
1852900 211
1852910 211
1852920 211
1852930 211
1852940 210
1852950 210
1852960 210
1852970 210
1852980 210
1852990 210
1853000 210
1853010 210
1853020 211
1853030 211
1853040 211
1853050 211
1853060 211
1853070 211
1853080 211
1853090 211
1853100 211
1853110 211
1853120 211
1853130 211
1853140 211
1853150 211
1853160 211
1853170 211
1853180 211
1853190 211
1853200 211
1853210 211
1853220 211
1853230 211
1853240 210
1853250 210
1853260 210
1853270 210
1853280 210
1853290 209
1853300 209
1853310 209
1853320 209
1853330 209
1853340 209
1853350 209
1853360 209
1853370 209
1853380 209
1853390 209
1853400 209
1853410 209
1853420 209
1853430 209
1853440 209
1853450 210
1853460 210
1853470 210
1853480 210
1853490 210
1853500 210
1853510 210
1853520 210
1853530 210
1853540 211
1853550 211
1853560 211
1853570 211
1853580 211
1853590 211
1853600 211
1853610 211
1853620 211
1853630 211
1853640 211
1853650 211
1853660 211
1853670 211
1853680 211
1853690 212
1853700 212
1853710 212
1853720 212
1853730 212
1853740 212
1853750 212
1853760 212
1853770 212
1853780 212
1853790 213
1853800 213
1853810 213
1853820 213
1853830 213
1853840 214
1853850 215
1853860 215
1853870 215
1853880 215
1853890 215
1853900 216
1853910 217
1853920 217
1853930 218
1853940 219
1853950 219
1853960 219
1853970 219
1853980 219
1853990 218
1854000 219
1854010 219
1854020 218
1854030 216
1854040 216
1854050 216
1854060 218
1854070 218
1854080 219
1854090 220
1854100 220
1854110 220
1854120 218
1854130 218
1854140 218
1854150 218
1854160 218
1854170 218
1854180 220
1854190 220
1854200 221
1854210 221
1854220 221
1854230 220
1854240 220
1854250 220
1854260 221
1854270 222
1854280 222
1854290 222
1854300 222
1854310 222
1854320 222
1854330 222
1854340 221
1854350 220
1854360 220
1854370 220
1854380 221
1854390 222
1854400 223
1854410 223
1854420 222
1854430 222
1854440 222
1854450 222
1854460 222
1854470 222
1854480 222
1854490 222
1854500 222
1854510 222
1854520 222
1854530 222
1854540 223
1854550 223
1854560 223
1854570 223
1854580 225
1854590 225
1854600 228
1854610 231
1854620 231
1854630 234
1854640 234
1854650 234
1854660 234
1854670 232
1854680 232
1854690 231
1854700 231
1854710 231
1854720 232
1854730 231
1854740 231
1854750 229
1854760 223
1854770 223
1854780 220
1854790 219
1854800 219
1854810 217
1854820 216
1854830 216
1854840 216
1854850 216
1854860 216
1854870 218
1854880 220
1854890 220
1854900 225
1854910 231
1854920 231
1854930 237
1854940 241
1854950 241
1854960 243
1854970 245
1854980 245
1854990 246
1855000 247
1855010 247
1855020 248
1855030 248
1855040 248
1855050 249
1855060 250
1855070 250
1855080 252
1855090 253
1855100 253
1855110 254
1855120 255
1855130 255
1855140 256
1855150 256
1855160 256
1855170 257
1855180 259
1855190 259
1855200 261
1855210 262
1855220 262
1855230 264
1855240 266
1855250 266
1855260 268
1855270 270
1855280 270
1855290 269
1855300 268
1855310 268
1855320 267
1855330 265
1855340 265
1855350 262
1855360 259
1855370 259
1855380 259
1855390 258
1855400 258
1855410 258
1855420 258
1855430 258
1855440 259
1855450 259
1855460 259
1855470 259
1855480 258
1855490 258
1855500 258
1855510 257
1855520 257
1855530 257
1855540 256
1855550 256
1855560 256
1855570 256
1855580 256
1855590 256
1855600 257
1855610 257
1855620 257
1855630 257
1855640 258
1855650 258
1855660 258
1855670 259
1855680 259
1855690 260
1855700 260
1855710 260
1855720 260
1855730 259
1855740 259
1855750 260
1855760 260
1855770 260
1855780 260
1855790 261
1855800 261
1855810 261
1855820 261
1855830 261
1855840 261
1855850 262
1855860 262
1855870 263
1855880 265
1855890 265
1855900 266
1855910 266
1855920 266
1855930 266
1855940 265
1855950 265
1855960 266
1855970 267
1855980 267
1855990 268
1856000 269
1856010 269
1856020 270
1856030 272
1856040 272
1856050 273
1856060 275
1856070 275
1856080 275
1856090 276
1856100 276
1856110 278
1856120 280
1856130 280
1856140 283
1856150 287
1856160 287
1856170 291
1856180 297
1856190 297
1856200 302
1856210 306
1856220 306
1856230 308
1856240 309
1856250 309
1856260 310
1856270 313
1856280 313
1856290 316
1856300 318
1856310 318
1856320 317
1856330 315
1856340 315
1856350 314
1856360 313
1856370 313
1856380 313
1856390 316
1856400 316
1856410 320
1856420 321
1856430 314
1856440 314
1856450 313
1856460 313
1856470 312
1856480 312
1856490 312
1856500 311
1856510 308
1856520 308
1856530 307
1856540 306
1856550 306
1856560 306
1856570 305
1856580 304
1856590 304
1856600 304
1856610 304
1856620 304
1856630 303
1856640 303
1856650 303
1856660 304
1856670 305
1856680 305
1856690 305
1856700 304
1856710 304
1856720 304
1856730 304
1856740 304
1856750 303
1856760 303
1856770 299
1856780 299
1856790 299
1856800 299
1856810 300
1856820 300
1856830 300
1856840 300
1856850 300
1856860 300
1856870 300
1856880 301
1856890 301
1856900 302
1856910 303
1856920 303
1856930 304
1856940 304
1856950 304
1856960 303
1856970 302
1856980 302
1856990 301
1857000 299
1857010 299
1857020 299
1857030 299
1857040 299
1857050 299
1857060 299
1857070 299
1857080 298
1857090 298
1857100 298
1857110 298
1857120 295
1857130 295
1857140 296
1857150 296
1857160 296
1857170 297
1857180 298
1857190 298
1857200 300
1857210 299
1857220 299
1857230 297
1857240 295
1857250 295
1857260 293
1857270 291
1857280 291
1857290 288
1857300 286
1857310 286
1857320 284
1857330 282
1857340 282
1857350 279
1857360 276
1857370 276
1857380 273
1857390 270
1857400 270
1857410 267
1857420 265
1857430 265
1857440 261
1857450 258
1857460 258
1857470 257
1857480 254
1857490 254
1857500 250
1857510 247
1857520 247
1857530 244
1857540 241
1857550 241
1857560 238
1857570 236
1857580 236
1857590 234
1857600 232
1857610 232
1857620 230
1857630 229
1857640 229
1857650 227
1857660 226
1857670 225
1857680 225
1857690 224
1857700 223
1857710 223
1857720 222
1857730 220
1857740 220
1857750 220
1857760 219
1857770 219
1857780 218
1857790 217
1857800 217
1857810 216
1857820 215
1857830 215
1857840 214
1857850 213
1857860 213
1857870 212
1857880 211
1857890 211
1857900 210
1857910 209
1857920 209
1857930 209
1857940 208
1857950 208
1857960 208
1857970 207
1857980 207
1857990 207
1858000 207
1858010 207
1858020 206
1858030 206
1858040 206
1858050 205
1858060 205
1858070 205
1858080 205
1858090 204
1858100 204
1858110 204
1858120 204
1858130 204
1858140 204
1858150 203
1858160 202
1858170 202
1858180 201
1858190 201
1858200 201
1858210 200
1858220 200
1858230 200
1858240 200
1858250 200
1858260 200
1858270 199
1858280 199
1858290 199
1858300 199
1858310 199
1858320 199
1858330 198
1858340 198
1858350 198
1858360 198
1858370 198
1858380 198
1858390 197
1858400 197
1858410 197
1858420 197
1858430 197
1858440 197
1858450 196
1858460 196
1858470 196
1858480 196
1858490 196
1858500 196
1858510 196
1858520 196
1858530 196
1858540 196
1858550 196
1858560 195
1858570 195
1858580 195
1858590 196
1858600 196
1858610 196
1858620 197
1858630 198
1858640 198
1858650 199
1858660 199
1858670 199
1858680 200
1858690 199
1858700 199
1858710 200
1858720 200
1858730 200
1858740 200
1858750 202
1858760 202
1858770 202
1858780 202
1858790 203
1858800 203
1858810 203
1858820 203
1858830 203
1858840 203
1858850 203
1858860 203
1858870 203
1858880 203
1858890 203
1858900 204
1858910 204
1858920 204
1858930 205
1858940 205
1858950 205
1858960 205
1858970 206
1858980 206
1858990 206
1859000 206
1859010 206
1859020 206
1859030 207
1859040 207
1859050 208
1859060 208
1859070 208
1859080 208
1859090 209
1859100 209
1859110 209
1859120 210
1859130 210
1859140 209
1859150 209
1859160 209
1859170 209
1859180 209
1859190 209
1859200 209
1859210 209
1859220 209
1859230 208
1859240 208
1859250 208
1859260 208
1859270 208
1859280 208
1859290 208
1859300 208
1859310 208
1859320 208
1859330 208
1859340 208
1859350 209
1859360 210
1859370 210
1859380 211
1859390 213
1859400 213
1859410 215
1859420 218
1859430 218
1859440 219
1859450 219
1859460 219
1859470 218
1859480 218
1859490 218
1859500 220
1859510 222
1859520 222
1859530 222
1859540 221
1859550 221
1859560 222
1859570 223
1859580 223
1859590 224
1859600 226
1859610 226
1859620 228
1859630 229
1859640 229
1859650 226
1859660 224
1859670 224
1859680 225
1859690 225
1859700 225
1859710 225
1859720 224
1859730 224
1859740 221
1859750 221
1859760 221
1859770 220
1859780 220
1859790 220
1859800 220
1859810 219
1859820 219
1859830 219
1859840 219
1859850 221
1859860 221
1859870 222
1859880 218
1859890 218
1859900 218
1859910 218
1859920 218
1859930 218
1859940 218
1859950 218
1859960 217
1859970 218
1859980 218
1859990 219
