1840000 182
1840010 182
1840020 182
1840030 182
1840040 182
1840050 182
1840060 182
1840070 182
1840080 182
1840090 182
1840100 182
1840110 182
1840120 182
1840130 182
1840140 182
1840150 182
1840160 182
1840170 182
1840180 182
1840190 182
1840200 182
1840210 182
1840220 182
1840230 182
1840240 182
1840250 182
1840260 182
1840270 182
1840280 182
1840290 182
1840300 181
1840310 181
1840320 181
1840330 181
1840340 181
1840350 181
1840360 181
1840370 181
1840380 181
1840390 181
1840400 181
1840410 181
1840420 181
1840430 181
1840440 181
1840450 181
1840460 181
1840470 181
1840480 181
1840490 181
1840500 181
1840510 181
1840520 181
1840530 181
1840540 181
1840550 181
1840560 181
1840570 181
1840580 181
1840590 181
1840600 181
1840610 181
1840620 181
1840630 181
1840640 181
1840650 181
1840660 181
1840670 181
1840680 181
1840690 181
1840700 181
1840710 181
1840720 181
1840730 181
1840740 181
1840750 181
1840760 181
1840770 181
1840780 181
1840790 181
1840800 181
1840810 181
1840820 181
1840830 181
1840840 181
1840850 181
1840860 181
1840870 181
1840880 181
1840890 181
1840900 181
1840910 181
1840920 181
1840930 181
1840940 181
1840950 181
1840960 181
1840970 181
1840980 181
1840990 181
1841000 181
1841010 181
1841020 180
1841030 181
1841040 181
1841050 182
1841060 181
1841070 181
1841080 181
1841090 181
1841100 181
1841110 181
1841120 181
1841130 181
1841140 181
1841150 181
1841160 181
1841170 181
1841180 181
1841190 181
1841200 181
1841210 181
1841220 181
1841230 181
1841240 181
1841250 181
1841260 181
1841270 181
1841280 181
1841290 181
1841300 181
1841310 181
1841320 180
1841330 180
1841340 180
1841350 180
1841360 180
1841370 180
1841380 180
1841390 180
1841400 180
1841410 180
1841420 180
1841430 180
1841440 180
1841450 180
1841460 180
1841470 180
1841480 180
1841490 180
1841500 180
1841510 180
1841520 180
1841530 180
1841540 180
1841550 180
1841560 180
1841570 180
1841580 180
1841590 180
1841600 180
1841610 180
1841620 180
1841630 180
1841640 180
1841650 180
1841660 180
1841670 180
1841680 180
1841690 180
1841700 180
1841710 180
1841720 180
1841730 180
1841740 180
1841750 180
1841760 180
1841770 180
1841780 180
1841790 180
1841800 180
1841810 180
1841820 180
1841830 180
1841840 180
1841850 180
1841860 180
1841870 180
1841880 180
1841890 180
1841900 180
1841910 180
1841920 180
1841930 180
1841940 180
1841950 180
1841960 180
1841970 180
1841980 180
1841990 180
1842000 180
1842010 180
1842020 180
1842030 180
1842040 180
1842050 180
1842060 180
1842070 180
1842080 180
1842090 180
1842100 180
1842110 180
1842120 180
1842130 180
1842140 180
1842150 180
1842160 180
1842170 180
1842180 180
1842190 180
1842200 180
1842210 180
1842220 180
1842230 180
1842240 180
1842250 180
1842260 180
1842270 180
1842280 180
1842290 180
1842300 179
1842310 179
1842320 179
1842330 179
1842340 179
1842350 179
1842360 179
1842370 179
1842380 179
1842390 179
1842400 179
1842410 179
1842420 180
1842430 180
1842440 180
1842450 179
1842460 179
1842470 179
1842480 178
1842490 178
1842500 178
1842510 178
1842520 178
1842530 178
1842540 178
1842550 178
1842560 177
1842570 178
1842580 178
1842590 178
1842600 177
1842610 177
1842620 177
1842630 177
1842640 177
1842650 177
1842660 177
1842670 177
1842680 177
1842690 177
1842700 177
1842710 177
1842720 177
1842730 177
1842740 177
1842750 177
1842760 177
1842770 177
1842780 177
1842790 177
1842800 177
1842810 177
1842820 177
1842830 177
1842840 177
1842850 177
1842860 177
1842870 176
1842880 177
1842890 177
1842900 177
1842910 177
1842920 177
1842930 177
1842940 177
1842950 177
1842960 177
1842970 177
1842980 177
1842990 177
1843000 177
1843010 177
1843020 177
1843030 177
1843040 177
1843050 177
1843060 176
1843070 176
1843080 176
1843090 177
1843100 177
1843110 177
1843120 177
1843130 177
1843140 176
1843150 176
1843160 176
1843170 176
1843180 176
1843190 176
1843200 176
1843210 176
1843220 176
1843230 176
1843240 176
1843250 176
1843260 176
1843270 176
1843280 176
1843290 176
1843300 176
1843310 176
1843320 177
1843330 178
1843340 178
1843350 176
1843360 176
1843370 176
1843380 176
1843390 174
1843400 174
1843410 175
1843420 177
1843430 177
1843440 176
1843450 176
1843460 176
1843470 177
1843480 176
1843490 176
1843500 175
1843510 175
1843520 175
1843530 175
1843540 175
1843550 175
1843560 175
1843570 176
1843580 176
1843590 176
1843600 176
1843610 176
1843620 176
1843630 176
1843640 176
1843650 175
1843660 176
1843670 176
1843680 176
1843690 176
1843700 176
1843710 175
1843720 175
1843730 175
1843740 175
1843750 175
1843760 175
1843770 175
1843780 175
1843790 175
1843800 175
1843810 175
1843820 175
1843830 175
1843840 175
1843850 175
1843860 175
1843870 175
1843880 175
1843890 175
1843900 175
1843910 175
1843920 175
1843930 175
1843940 175
1843950 175
1843960 175
1843970 176
1843980 176
1843990 176
1844000 176
1844010 176
1844020 175
1844030 175
1844040 175
1844050 175
1844060 175
1844070 175
1844080 175
1844090 175
1844100 175
1844110 175
1844120 175
1844130 175
1844140 175
1844150 175
1844160 175
1844170 175
1844180 175
1844190 175
1844200 175
1844210 175
1844220 175
1844230 175
1844240 175
1844250 175
1844260 175
1844270 175
1844280 175
1844290 175
1844300 174
1844310 174
1844320 174
1844330 174
1844340 174
1844350 174
1844360 175
1844370 175
1844380 175
1844390 174
1844400 174
1844410 174
1844420 175
1844430 175
1844440 174
1844450 175
1844460 175
1844470 175
1844480 175
1844490 175
1844500 175
1844510 175
1844520 175
1844530 176
1844540 175
1844550 175
1844560 175
1844570 175
1844580 175
1844590 175
1844600 175
1844610 175
1844620 175
1844630 175
1844640 175
1844650 175
1844660 175
1844670 175
1844680 175
1844690 175
1844700 175
1844710 175
1844720 175
1844730 175
1844740 175
1844750 175
1844760 175
1844770 175
1844780 175
1844790 175
1844800 175
1844810 175
1844820 175
1844830 175
1844840 175
1844850 175
1844860 175
1844870 175
1844880 175
1844890 175
1844900 175
1844910 175
1844920 175
1844930 175
1844940 175
1844950 175
1844960 176
1844970 176
1844980 176
1844990 176
1845000 176
1845010 177
1845020 177
1845030 177
1845040 177
1845050 177
1845060 177
1845070 177
1845080 177
1845090 177
1845100 177
1845110 177
1845120 177
1845130 177
1845140 177
1845150 177
1845160 177
1845170 177
1845180 177
1845190 177
1845200 177
1845210 177
1845220 177
1845230 177
1845240 177
1845250 177
1845260 177
1845270 177
1845280 177
1845290 177
1845300 177
1845310 177
1845320 177
1845330 177
1845340 177
1845350 177
1845360 177
1845370 177
1845380 177
1845390 177
1845400 177
1845410 177
1845420 177
1845430 177
1845440 177
1845450 177
1845460 177
1845470 177
1845480 177
1845490 177
1845500 177
1845510 177
1845520 177
1845530 177
1845540 177
1845550 177
1845560 177
1845570 177
1845580 177
1845590 177
1845600 177
1845610 177
1845620 178
1845630 178
1845640 178
1845650 178
1845660 178
1845670 178
1845680 178
1845690 178
1845700 178
1845710 178
1845720 178
1845730 178
1845740 178
1845750 178
1845760 178
1845770 178
1845780 179
1845790 179
1845800 179
1845810 179
1845820 179
1845830 179
1845840 179
1845850 179
1845860 179
1845870 179
1845880 179
1845890 179
1845900 180
1845910 180
1845920 180
1845930 180
1845940 180
1845950 180
1845960 181
1845970 181
1845980 181
1845990 181
1846000 181
1846010 182
1846020 182
1846030 182
1846040 183
1846050 183
1846060 183
1846070 183
1846080 184
1846090 184
1846100 184
1846110 185
1846120 185
1846130 185
1846140 186
1846150 186
1846160 186
1846170 187
1846180 188
1846190 188
1846200 188
1846210 189
1846220 189
1846230 189
1846240 190
1846250 190
1846260 190
1846270 190
1846280 190
1846290 190
1846300 190
1846310 190
1846320 190
1846330 190
1846340 190
1846350 190
1846360 189
1846370 189
1846380 189
1846390 189
1846400 189
1846410 189
1846420 189
1846430 189
1846440 189
1846450 189
1846460 189
1846470 189
1846480 188
1846490 188
1846500 188
1846510 188
1846520 188
1846530 188
1846540 188
1846550 188
1846560 188
1846570 187
1846580 187
1846590 187
1846600 187
1846610 187
1846620 187
1846630 187
1846640 187
1846650 187
1846660 187
1846670 187
1846680 186
1846690 186
1846700 186
1846710 186
1846720 186
1846730 186
1846740 186
1846750 186
1846760 186
1846770 186
1846780 186
1846790 186
1846800 185
1846810 185
1846820 185
1846830 185
1846840 185
1846850 185
1846860 185
1846870 185
1846880 185
1846890 185
1846900 185
1846910 185
1846920 185
1846930 185
1846940 185
1846950 184
1846960 184
1846970 184
1846980 184
1846990 184
1847000 184
1847010 184
1847020 184
1847030 184
1847040 184
1847050 184
1847060 184
1847070 183
1847080 183
1847090 183
1847100 183
1847110 183
1847120 183
1847130 183
1847140 183
1847150 183
1847160 183
1847170 183
1847180 183
1847190 183
1847200 183
1847210 183
1847220 183
1847230 182
1847240 183
1847250 183
1847260 183
1847270 182
1847280 182
1847290 182
1847300 183
1847310 183
1847320 183
1847330 183
1847340 183
1847350 183
1847360 183
1847370 183
1847380 183
1847390 183
1847400 183
1847410 183
1847420 183
1847430 183
1847440 183
1847450 183
1847460 183
1847470 184
1847480 184
1847490 184
1847500 184
1847510 184
1847520 184
1847530 184
1847540 184
1847550 184
1847560 184
1847570 184
1847580 184
1847590 184
1847600 184
1847610 184
1847620 184
1847630 184
1847640 184
1847650 184
1847660 184
1847670 184
1847680 184
1847690 184
1847700 184
1847710 184
1847720 184
1847730 184
1847740 184
1847750 184
1847760 184
1847770 184
1847780 184
1847790 184
1847800 184
1847810 184
1847820 184
1847830 184
1847840 184
1847850 184
1847860 184
1847870 184
1847880 184
1847890 184
1847900 184
1847910 184
1847920 184
1847930 184
1847940 184
1847950 185
1847960 185
1847970 185
1847980 185
1847990 185
1848000 185
1848010 185
1848020 185
1848030 185
1848040 185
1848050 185
1848060 185
1848070 185
1848080 185
1848090 185
1848100 185
1848110 185
1848120 185
1848130 186
1848140 186
1848150 186
1848160 186
1848170 186
1848180 186
1848190 186
1848200 186
1848210 186
1848220 186
1848230 186
1848240 186
1848250 186
1848260 186
1848270 186
1848280 186
1848290 186
1848300 186
1848310 186
1848320 186
1848330 187
1848340 187
1848350 187
1848360 187
1848370 187
1848380 187
1848390 188
1848400 188
1848410 188
1848420 188
1848430 188
1848440 188
1848450 188
1848460 188
1848470 188
1848480 188
1848490 188
1848500 188
1848510 188
1848520 188
1848530 188
1848540 188
1848550 188
1848560 188
1848570 188
1848580 188
1848590 189
1848600 189
1848610 189
1848620 189
1848630 189
1848640 189
1848650 189
1848660 191
1848670 191
1848680 191
1848690 191
1848700 191
1848710 191
1848720 191
1848730 191
1848740 191
1848750 191
1848760 191
1848770 191
1848780 191
1848790 191
1848800 191
1848810 191
1848820 191
1848830 191
1848840 191
1848850 191
1848860 192
1848870 191
1848880 191
1848890 191
1848900 191
1848910 191
1848920 191
1848930 191
1848940 191
1848950 191
1848960 192
1848970 192
1848980 193
1848990 194
1849000 194
1849010 194
1849020 194
1849030 194
1849040 194
1849050 194
1849060 194
1849070 194
1849080 194
1849090 194
1849100 194
1849110 194
1849120 194
1849130 194
1849140 194
1849150 194
1849160 194
1849170 194
1849180 194
1849190 194
1849200 194
1849210 194
1849220 195
1849230 196
1849240 196
1849250 195
1849260 193
1849270 193
1849280 192
1849290 190
1849300 190
1849310 190
1849320 190
1849330 190
1849340 190
1849350 190
1849360 188
1849370 188
1849380 183
1849390 180
1849400 180
1849410 176
1849420 172
1849430 172
1849440 168
1849450 166
1849460 166
1849470 165
1849480 164
1849490 164
1849500 161
1849510 161
1849520 161
1849530 161
1849540 160
1849550 160
1849560 160
1849570 160
1849580 160
1849590 160
1849600 160
1849610 160
1849620 160
1849630 160
1849640 160
1849650 160
1849660 160
1849670 160
1849680 159
1849690 159
1849700 159
1849710 159
1849720 161
1849730 161
1849740 164
1849750 167
1849760 167
1849770 170
1849780 170
1849790 170
1849800 171
1849810 171
1849820 171
1849830 172
1849840 173
1849850 173
1849860 173
1849870 174
1849880 174
1849890 175
1849900 175
1849910 175
1849920 176
1849930 177
1849940 177
1849950 179
1849960 181
1849970 181
1849980 183
1849990 186
1850000 186
1850010 189
1850020 189
1850030 189
1850040 189
1850050 189
1850060 189
1850070 189
1850080 190
1850090 190
1850100 190
1850110 190
1850120 190
1850130 190
1850140 190
1850150 190
1850160 191
1850170 191
1850180 191
1850190 191
1850200 192
1850210 192
1850220 192
1850230 192
1850240 192
1850250 192
1850260 193
1850270 193
1850280 193
1850290 193
1850300 193
1850310 194
1850320 194
1850330 194
1850340 195
1850350 195
1850360 195
1850370 195
1850380 196
1850390 196
1850400 196
1850410 197
1850420 197
1850430 197
1850440 198
1850450 199
1850460 199
1850470 200
1850480 200
1850490 200
1850500 201
1850510 201
1850520 201
1850530 202
1850540 203
1850550 203
1850560 204
1850570 205
1850580 205
1850590 205
1850600 206
1850610 206
1850620 207
1850630 208
1850640 208
1850650 209
1850660 210
1850670 210
1850680 211
1850690 211
1850700 211
1850710 212
1850720 213
1850730 213
1850740 213
1850750 214
1850760 214
1850770 214
1850780 214
1850790 214
1850800 214
1850810 214
1850820 214
1850830 214
1850840 214
1850850 214
1850860 214
1850870 214
1850880 214
1850890 214
1850900 214
1850910 214
1850920 214
1850930 213
1850940 213
1850950 213
1850960 213
1850970 213
1850980 213
1850990 213
1851000 213
1851010 213
1851020 212
1851030 212
1851040 212
1851050 212
1851060 212
1851070 212
1851080 211
1851090 211
1851100 211
1851110 211
1851120 211
1851130 210
1851140 210
1851150 210
1851160 210
1851170 210
1851180 210
1851190 209
1851200 209
1851210 209
1851220 209
1851230 209
1851240 209
1851250 209
1851260 208
1851270 208
1851280 208
1851290 208
1851300 208
1851310 208
1851320 207
1851330 207
1851340 207
1851350 207
1851360 207
1851370 206
1851380 206
1851390 206
1851400 206
1851410 206
1851420 205
1851430 205
1851440 206
1851450 206
1851460 206
1851470 206
1851480 206
1851490 207
1851500 207
1851510 207
1851520 208
1851530 209
1851540 209
1851550 209
1851560 209
1851570 208
1851580 208
1851590 208
1851600 207
1851610 207
1851620 207
1851630 206
1851640 206
1851650 206
1851660 206
1851670 206
1851680 206
1851690 206
1851700 206
1851710 206
1851720 207
1851730 207
1851740 207
1851750 208
1851760 208
1851770 208
1851780 208
1851790 208
1851800 209
1851810 209
1851820 209
1851830 210
1851840 210
1851850 210
1851860 211
1851870 212
1851880 212
1851890 212
1851900 213
1851910 213
1851920 214
1851930 214
1851940 214
1851950 215
1851960 215
1851970 215
1851980 215
1851990 215
1852000 215
1852010 215
1852020 215
1852030 215
1852040 215
1852050 215
1852060 215
1852070 215
1852080 215
1852090 215
1852100 215
1852110 215
1852120 215
1852130 215
1852140 215
1852150 215
1852160 215
1852170 215
1852180 215
1852190 215
1852200 215
1852210 215
1852220 215
1852230 215
1852240 215
1852250 215
1852260 215
1852270 215
1852280 215
1852290 215
1852300 215
1852310 215
1852320 215
1852330 215
1852340 215
1852350 216
1852360 216
1852370 216
1852380 216
1852390 216
1852400 216
1852410 216
1852420 216
1852430 216
1852440 216
1852450 216
1852460 216
1852470 216
1852480 216
1852490 216
1852500 216
1852510 216
1852520 216
1852530 216
1852540 216
1852550 216
1852560 216
1852570 216
1852580 216
1852590 216
1852600 216
1852610 217
1852620 217
1852630 217
1852640 217
1852650 217
1852660 217
1852670 217
1852680 217
1852690 217
1852700 217
1852710 217
1852720 217
1852730 217
1852740 217
1852750 217
1852760 217
1852770 218
1852780 218
1852790 218
1852800 218
1852810 218
1852820 218
1852830 217
1852840 217
1852850 217
1852860 217
1852870 217
1852880 217
1852890 217
1852900 217
1852910 217
1852920 217
1852930 217
1852940 217
1852950 217
1852960 217
1852970 217
1852980 217
1852990 217
1853000 217
1853010 217
1853020 217
1853030 217
1853040 217
1853050 217
1853060 217
1853070 218
1853080 218
1853090 218
1853100 218
1853110 218
1853120 218
1853130 218
1853140 218
1853150 218
1853160 218
1853170 218
1853180 218
1853190 217
1853200 218
1853210 218
1853220 218
1853230 218
1853240 218
1853250 218
1853260 218
1853270 218
1853280 217
1853290 217
1853300 217
1853310 217
1853320 217
1853330 217
1853340 217
1853350 217
1853360 217
1853370 217
1853380 217
1853390 217
1853400 218
1853410 218
1853420 218
1853430 218
1853440 218
1853450 218
1853460 219
1853470 220
1853480 220
1853490 220
1853500 220
1853510 220
1853520 220
1853530 219
1853540 219
1853550 219
1853560 219
1853570 219
1853580 219
1853590 219
1853600 219
1853610 220
1853620 222
1853630 222
1853640 220
1853650 221
1853660 221
1853670 224
1853680 226
1853690 226
1853700 226
1853710 226
1853720 228
1853730 228
1853740 232
1853750 233
1853760 233
1853770 233
1853780 232
1853790 232
1853800 230
1853810 227
1853820 227
1853830 228
1853840 231
1853850 231
1853860 236
1853870 237
1853880 237
1853890 237
1853900 237
1853910 237
1853920 237
1853930 236
1853940 236
1853950 236
1853960 236
1853970 236
1853980 235
1853990 235
1854000 235
1854010 236
1854020 235
1854030 235
1854040 235
1854050 235
1854060 235
1854070 235
1854080 234
1854090 234
1854100 234
1854110 234
1854120 234
1854130 234
1854140 234
1854150 234
1854160 234
1854170 235
1854180 235
1854190 235
1854200 235
1854210 235
1854220 235
1854230 234
1854240 234
1854250 235
1854260 235
1854270 235
1854280 236
1854290 236
1854300 236
1854310 237
1854320 237
1854330 237
1854340 237
1854350 237
1854360 237
1854370 236
1854380 236
1854390 236
1854400 237
1854410 237
1854420 237
1854430 237
1854440 238
1854450 238
1854460 238
1854470 239
1854480 239
1854490 239
1854500 240
1854510 240
1854520 240
1854530 240
1854540 240
1854550 241
1854560 241
1854570 241
1854580 240
1854590 241
1854600 241
1854610 240
1854620 240
1854630 240
1854640 237
1854650 233
1854660 233
1854670 230
1854680 229
1854690 229
1854700 229
1854710 227
1854720 227
1854730 225
1854740 223
1854750 223
1854760 221
1854770 219
1854780 219
1854790 219
1854800 219
1854810 220
1854820 220
1854830 220
1854840 222
1854850 222
1854860 223
1854870 226
1854880 226
1854890 230
1854900 234
1854910 234
1854920 232
1854930 233
1854940 233
1854950 235
1854960 236
1854970 236
1854980 236
1854990 237
1855000 237
1855010 239
1855020 242
1855030 242
1855040 248
1855050 253
1855060 253
1855070 257
1855080 259
1855090 259
1855100 260
1855110 262
1855120 262
1855130 263
1855140 266
1855150 266
1855160 268
1855170 270
1855180 270
1855190 271
1855200 272
1855210 272
1855220 273
1855230 275
1855240 275
1855250 277
1855260 279
1855270 279
1855280 281
1855290 282
1855300 282
1855310 284
1855320 285
1855330 285
1855340 287
1855350 288
1855360 288
1855370 290
1855380 292
1855390 292
1855400 293
1855410 291
1855420 291
1855430 289
1855440 288
1855450 288
1855460 286
1855470 285
1855480 285
1855490 284
1855500 283
1855510 283
1855520 283
1855530 283
1855540 283
1855550 283
1855560 283
1855570 283
1855580 283
1855590 283
1855600 283
1855610 282
1855620 280
1855630 280
1855640 280
1855650 280
1855660 280
1855670 280
1855680 281
1855690 281
1855700 281
1855710 281
1855720 281
1855730 281
1855740 282
1855750 282
1855760 282
1855770 282
1855780 282
1855790 283
1855800 283
1855810 283
1855820 284
1855830 285
1855840 285
1855850 285
1855860 285
1855870 285
1855880 286
1855890 286
1855900 287
1855910 287
1855920 286
1855930 285
1855940 285
1855950 285
1855960 286
1855970 284
1855980 287
1855990 288
1856000 288
1856010 289
1856020 290
1856030 290
1856040 291
1856050 292
1856060 292
1856070 293
1856080 295
1856090 295
1856100 297
1856110 298
1856120 298
1856130 299
1856140 301
1856150 301
1856160 304
1856170 308
1856180 308
1856190 311
1856200 313
1856210 313
1856220 316
1856230 319
1856240 319
1856250 321
1856260 322
1856270 322
1856280 324
1856290 326
1856300 326
1856310 329
1856320 334
1856330 334
1856340 336
1856350 338
1856360 338
1856370 340
1856380 341
1856390 341
1856400 342
1856410 343
1856420 343
1856430 344
1856440 344
1856450 344
1856460 345
1856470 345
1856480 345
1856490 345
1856500 345
1856510 345
1856520 345
1856530 346
1856540 346
1856550 346
1856560 345
1856570 345
1856580 345
1856590 345
1856600 345
1856610 344
1856620 343
1856630 343
1856640 343
1856650 342
1856660 341
1856670 340
1856680 339
1856690 339
1856700 339
1856710 338
1856720 338
1856730 338
1856740 336
1856750 336
1856760 335
1856770 334
1856780 334
1856790 334
1856800 334
1856810 334
1856820 333
1856830 333
1856840 333
1856850 333
1856860 332
1856870 332
1856880 332
1856890 331
1856900 331
1856910 330
1856920 329
1856930 329
1856940 328
1856950 327
1856960 327
1856970 326
1856980 325
1856990 324
1857000 324
1857010 322
1857020 320
1857030 320
1857040 318
1857050 317
1857060 317
1857070 316
1857080 314
1857090 314
1857100 311
1857110 308
1857120 308
1857130 306
1857140 303
1857150 303
1857160 301
1857170 299
1857180 299
1857190 295
1857200 291
1857210 291
1857220 287
1857230 283
1857240 283
1857250 279
1857260 275
1857270 275
1857280 272
1857290 268
1857300 268
1857310 264
1857320 261
1857330 261
1857340 257
1857350 254
1857360 255
1857370 252
1857380 251
1857390 251
1857400 249
1857410 248
1857420 248
1857430 247
1857440 246
1857450 246
1857460 245
1857470 244
1857480 244
1857490 242
1857500 241
1857510 241
1857520 240
1857530 238
1857540 238
1857550 237
1857560 236
1857570 236
1857580 235
1857590 235
1857600 235
1857610 235
1857620 234
1857630 234
1857640 234
1857650 233
1857660 233
1857670 232
1857680 231
1857690 231
1857700 229
1857710 228
1857720 228
1857730 226
1857740 225
1857750 225
1857760 224
1857770 223
1857780 223
1857790 222
1857800 221
1857810 221
1857820 220
1857830 219
1857840 219
1857850 219
1857860 218
1857870 218
1857880 216
1857890 216
1857900 216
1857910 215
1857920 214
1857930 214
1857940 214
1857950 213
1857960 213
1857970 212
1857980 212
1857990 212
1858000 211
1858010 211
1858020 211
1858030 210
1858040 209
1858050 209
1858060 209
1858070 208
1858080 208
1858090 208
1858100 208
1858110 208
1858120 208
1858130 207
1858140 207
1858150 207
1858160 206
1858170 206
1858180 206
1858190 205
1858200 205
1858210 205
1858220 205
1858230 204
1858240 204
1858250 204
1858260 204
1858270 204
1858280 204
1858290 204
1858300 204
1858310 203
1858320 204
1858330 204
1858340 204
1858350 204
1858360 204
1858370 204
1858380 204
1858390 203
1858400 203
1858410 203
1858420 203
1858430 203
1858440 202
1858450 202
1858460 202
1858470 201
1858480 201
1858490 201
1858500 201
1858510 201
1858520 200
1858530 200
1858540 200
1858550 200
1858560 201
1858570 201
1858580 203
1858590 204
1858600 204
1858610 206
1858620 207
1858630 207
1858640 208
1858650 209
1858660 209
1858670 209
1858680 210
1858690 210
1858700 210
1858710 211
1858720 211
1858730 211
1858740 211
1858750 211
1858760 211
1858770 212
1858780 212
1858790 213
1858800 214
1858810 214
1858820 214
1858830 214
1858840 214
1858850 214
1858860 215
1858870 215
1858880 215
1858890 215
1858900 215
1858910 215
1858920 215
1858930 215
1858940 215
1858950 215
1858960 215
1858970 215
1858980 216
1858990 216
1859000 216
1859010 216
1859020 216
1859030 216
1859040 216
1859050 216
1859060 217
1859070 217
1859080 216
1859090 216
1859100 216
1859110 216
1859120 217
1859130 217
1859140 217
1859150 217
1859160 217
1859170 217
1859180 217
1859190 218
1859200 218
1859210 218
1859220 218
1859230 219
1859240 219
1859250 219
1859260 219
1859270 219
1859280 219
1859290 219
1859300 219
1859310 220
1859320 220
1859330 220
1859340 221
1859350 224
1859360 224
1859370 226
1859380 231
1859390 231
1859400 233
1859410 233
1859420 233
1859430 233
1859440 233
1859450 233
1859460 232
1859470 230
1859480 230
1859490 227
1859500 226
1859510 226
1859520 224
1859530 224
1859540 224
1859550 227
1859560 228
1859570 228
1859580 230
1859590 231
1859600 231
1859610 232
1859620 232
1859630 232
1859640 233
1859650 237
1859660 237
1859670 242
1859680 243
1859690 243
1859700 243
1859710 243
1859720 243
1859730 243
1859740 243
1859750 243
1859760 243
1859770 240
1859780 240
1859790 239
1859800 239
1859810 239
1859820 239
1859830 239
1859840 239
1859850 238
1859860 238
1859870 238
1859880 238
1859890 235
1859900 235
1859910 232
1859920 231
1859930 231
1859940 231
1859950 232
1859960 232
1859970 235
1859980 238
1859990 238
