1840000 181
1840010 181
1840020 181
1840030 180
1840040 180
1840050 181
1840060 181
1840070 181
1840080 180
1840090 180
1840100 180
1840110 180
1840120 181
1840130 181
1840140 180
1840150 180
1840160 180
1840170 180
1840180 180
1840190 180
1840200 181
1840210 181
1840220 181
1840230 181
1840240 181
1840250 181
1840260 181
1840270 181
1840280 181
1840290 181
1840300 181
1840310 181
1840320 181
1840330 181
1840340 181
1840350 181
1840360 181
1840370 181
1840380 181
1840390 181
1840400 181
1840410 180
1840420 180
1840430 180
1840440 180
1840450 180
1840460 180
1840470 180
1840480 180
1840490 180
1840500 180
1840510 180
1840520 180
1840530 180
1840540 180
1840550 180
1840560 180
1840570 180
1840580 180
1840590 180
1840600 180
1840610 180
1840620 180
1840630 180
1840640 180
1840650 180
1840660 180
1840670 180
1840680 180
1840690 180
1840700 180
1840710 180
1840720 180
1840730 180
1840740 180
1840750 180
1840760 180
1840770 180
1840780 180
1840790 180
1840800 180
1840810 180
1840820 180
1840830 180
1840840 180
1840850 180
1840860 180
1840870 180
1840880 180
1840890 180
1840900 180
1840910 180
1840920 180
1840930 180
1840940 180
1840950 180
1840960 180
1840970 180
1840980 180
1840990 180
1841000 180
1841010 180
1841020 180
1841030 180
1841040 180
1841050 180
1841060 180
1841070 180
1841080 179
1841090 179
1841100 179
1841110 179
1841120 179
1841130 179
1841140 179
1841150 179
1841160 179
1841170 180
1841180 180
1841190 180
1841200 180
1841210 180
1841220 180
1841230 180
1841240 180
1841250 180
1841260 180
1841270 180
1841280 180
1841290 180
1841300 180
1841310 180
1841320 180
1841330 180
1841340 180
1841350 180
1841360 180
1841370 180
1841380 180
1841390 180
1841400 180
1841410 180
1841420 179
1841430 179
1841440 179
1841450 179
1841460 179
1841470 179
1841480 179
1841490 179
1841500 179
1841510 179
1841520 179
1841530 179
1841540 179
1841550 179
1841560 179
1841570 179
1841580 179
1841590 179
1841600 179
1841610 179
1841620 179
1841630 179
1841640 179
1841650 179
1841660 179
1841670 179
1841680 179
1841690 179
1841700 179
1841710 179
1841720 179
1841730 179
1841740 179
1841750 179
1841760 179
1841770 179
1841780 179
1841790 179
1841800 179
1841810 179
1841820 179
1841830 179
1841840 179
1841850 179
1841860 179
1841870 179
1841880 179
1841890 179
1841900 179
1841910 179
1841920 179
1841930 179
1841940 179
1841950 179
1841960 179
1841970 179
1841980 179
1841990 179
1842000 179
1842010 178
1842020 178
1842030 178
1842040 178
1842050 178
1842060 178
1842070 179
1842080 179
1842090 179
1842100 179
1842110 179
1842120 179
1842130 179
1842140 179
1842150 179
1842160 179
1842170 179
1842180 179
1842190 179
1842200 179
1842210 179
1842220 179
1842230 179
1842240 179
1842250 179
1842260 179
1842270 179
1842280 179
1842290 179
1842300 179
1842310 179
1842320 179
1842330 179
1842340 179
1842350 178
1842360 178
1842370 178
1842380 178
1842390 178
1842400 178
1842410 178
1842420 178
1842430 178
1842440 178
1842450 178
1842460 178
1842470 178
1842480 178
1842490 178
1842500 178
1842510 178
1842520 178
1842530 178
1842540 178
1842550 178
1842560 178
1842570 178
1842580 178
1842590 178
1842600 178
1842610 178
1842620 178
1842630 178
1842640 178
1842650 178
1842660 178
1842670 178
1842680 178
1842690 178
1842700 178
1842710 178
1842720 178
1842730 178
1842740 178
1842750 178
1842760 178
1842770 178
1842780 178
1842790 178
1842800 178
1842810 177
1842820 177
1842830 177
1842840 177
1842850 177
1842860 177
1842870 177
1842880 177
1842890 177
1842900 178
1842910 178
1842920 178
1842930 178
1842940 178
1842950 178
1842960 178
1842970 178
1842980 177
1842990 177
1843000 177
1843010 177
1843020 177
1843030 177
1843040 177
1843050 177
1843060 177
1843070 177
1843080 177
1843090 177
1843100 177
1843110 176
1843120 176
1843130 176
1843140 176
1843150 176
1843160 176
1843170 176
1843180 176
1843190 176
1843200 176
1843210 176
1843220 177
1843230 177
1843240 177
1843250 177
1843260 176
1843270 175
1843280 175
1843290 175
1843300 175
1843310 175
1843320 175
1843330 174
1843340 174
1843350 174
1843360 175
1843370 175
1843380 175
1843390 175
1843400 175
1843410 175
1843420 175
1843430 175
1843440 175
1843450 175
1843460 175
1843470 175
1843480 175
1843490 175
1843500 174
1843510 174
1843520 174
1843530 175
1843540 176
1843550 176
1843560 175
1843570 175
1843580 175
1843590 175
1843600 175
1843610 175
1843620 175
1843630 175
1843640 175
1843650 175
1843660 175
1843670 175
1843680 175
1843690 175
1843700 175
1843710 175
1843720 175
1843730 175
1843740 175
1843750 175
1843760 175
1843770 175
1843780 175
1843790 175
1843800 175
1843810 176
1843820 176
1843830 175
1843840 175
1843850 175
1843860 173
1843870 173
1843880 173
1843890 175
1843900 175
1843910 175
1843920 175
1843930 175
1843940 175
1843950 175
1843960 175
1843970 175
1843980 174
1843990 174
1844000 174
1844010 174
1844020 174
1844030 174
1844040 174
1844050 174
1844060 174
1844070 174
1844080 174
1844090 174
1844100 174
1844110 174
1844120 174
1844130 174
1844140 174
1844150 174
1844160 174
1844170 174
1844180 174
1844190 174
1844200 174
1844210 174
1844220 174
1844230 174
1844240 174
1844250 174
1844260 174
1844270 174
1844280 174
1844290 174
1844300 174
1844310 174
1844320 174
1844330 174
1844340 174
1844350 174
1844360 173
1844370 173
1844380 173
1844390 173
1844400 173
1844410 173
1844420 173
1844430 173
1844440 173
1844450 173
1844460 173
1844470 173
1844480 173
1844490 173
1844500 173
1844510 173
1844520 173
1844530 173
1844540 173
1844550 173
1844560 173
1844570 173
1844580 173
1844590 173
1844600 173
1844610 173
1844620 173
1844630 173
1844640 173
1844650 173
1844660 173
1844670 173
1844680 173
1844690 173
1844700 173
1844710 173
1844720 173
1844730 173
1844740 173
1844750 173
1844760 173
1844770 173
1844780 173
1844790 173
1844800 173
1844810 173
1844820 173
1844830 173
1844840 173
1844850 173
1844860 173
1844870 173
1844880 173
1844890 173
1844900 173
1844910 173
1844920 173
1844930 173
1844940 173
1844950 173
1844960 173
1844970 173
1844980 173
1844990 173
1845000 173
1845010 173
1845020 173
1845030 173
1845040 174
1845050 173
1845060 173
1845070 173
1845080 173
1845090 173
1845100 173
1845110 173
1845120 173
1845130 173
1845140 173
1845150 173
1845160 173
1845170 173
1845180 173
1845190 173
1845200 173
1845210 173
1845220 173
1845230 173
1845240 173
1845250 173
1845260 173
1845270 173
1845280 173
1845290 173
1845300 173
1845310 173
1845320 173
1845330 173
1845340 173
1845350 173
1845360 173
1845370 174
1845380 174
1845390 174
1845400 174
1845410 174
1845420 174
1845430 174
1845440 174
1845450 174
1845460 174
1845470 173
1845480 174
1845490 174
1845500 174
1845510 173
1845520 173
1845530 174
1845540 174
1845550 174
1845560 174
1845570 174
1845580 174
1845590 175
1845600 175
1845610 175
1845620 176
1845630 176
1845640 176
1845650 177
1845660 177
1845670 177
1845680 177
1845690 177
1845700 177
1845710 178
1845720 178
1845730 178
1845740 178
1845750 178
1845760 178
1845770 178
1845780 179
1845790 179
1845800 179
1845810 179
1845820 179
1845830 179
1845840 180
1845850 180
1845860 180
1845870 180
1845880 180
1845890 181
1845900 181
1845910 181
1845920 182
1845930 182
1845940 182
1845950 182
1845960 183
1845970 183
1845980 183
1845990 183
1846000 183
1846010 184
1846020 184
1846030 184
1846040 184
1846050 185
1846060 185
1846070 185
1846080 185
1846090 185
1846100 185
1846110 186
1846120 186
1846130 186
1846140 186
1846150 186
1846160 186
1846170 186
1846180 186
1846190 186
1846200 186
1846210 186
1846220 186
1846230 186
1846240 186
1846250 186
1846260 186
1846270 186
1846280 186
1846290 186
1846300 186
1846310 186
1846320 186
1846330 186
1846340 186
1846350 186
1846360 186
1846370 186
1846380 186
1846390 186
1846400 186
1846410 186
1846420 186
1846430 186
1846440 186
1846450 186
1846460 186
1846470 187
1846480 187
1846490 187
1846500 187
1846510 187
1846520 187
1846530 187
1846540 187
1846550 187
1846560 187
1846570 188
1846580 188
1846590 188
1846600 188
1846610 188
1846620 188
1846630 188
1846640 188
1846650 188
1846660 188
1846670 188
1846680 188
1846690 188
1846700 188
1846710 188
1846720 188
1846730 188
1846740 188
1846750 188
1846760 188
1846770 188
1846780 188
1846790 188
1846800 187
1846810 187
1846820 187
1846830 187
1846840 187
1846850 187
1846860 187
1846870 187
1846880 187
1846890 187
1846900 187
1846910 187
1846920 187
1846930 186
1846940 186
1846950 186
1846960 186
1846970 186
1846980 186
1846990 186
1847000 186
1847010 186
1847020 186
1847030 186
1847040 186
1847050 185
1847060 185
1847070 185
1847080 185
1847090 185
1847100 185
1847110 184
1847120 184
1847130 184
1847140 184
1847150 184
1847160 184
1847170 184
1847180 184
1847190 183
1847200 183
1847210 183
1847220 183
1847230 183
1847240 183
1847250 183
1847260 183
1847270 183
1847280 183
1847290 182
1847300 182
1847310 182
1847320 182
1847330 182
1847340 182
1847350 182
1847360 182
1847370 182
1847380 181
1847390 181
1847400 181
1847410 181
1847420 181
1847430 181
1847440 181
1847450 181
1847460 181
1847470 180
1847480 180
1847490 180
1847500 180
1847510 180
1847520 180
1847530 180
1847540 180
1847550 180
1847560 180
1847570 180
1847580 180
1847590 180
1847600 180
1847610 180
1847620 180
1847630 180
1847640 179
1847650 179
1847660 179
1847670 179
1847680 179
1847690 179
1847700 179
1847710 179
1847720 179
1847730 179
1847740 179
1847750 179
1847760 179
1847770 179
1847780 179
1847790 179
1847800 180
1847810 180
1847820 180
1847830 180
1847840 180
1847850 180
1847860 181
1847870 181
1847880 181
1847890 181
1847900 181
1847910 181
1847920 180
1847930 180
1847940 180
1847950 180
1847960 180
1847970 180
1847980 180
1847990 180
1848000 180
1848010 180
1848020 180
1848030 180
1848040 180
1848050 180
1848060 180
1848070 180
1848080 180
1848090 180
1848100 180
1848110 180
1848120 180
1848130 180
1848140 180
1848150 180
1848160 180
1848170 180
1848180 180
1848190 180
1848200 180
1848210 180
1848220 180
1848230 180
1848240 180
1848250 180
1848260 180
1848270 180
1848280 180
1848290 180
1848300 180
1848310 180
1848320 180
1848330 180
1848340 180
1848350 180
1848360 180
1848370 180
1848380 180
1848390 180
1848400 180
1848410 180
1848420 180
1848430 180
1848440 180
1848450 180
1848460 180
1848470 180
1848480 180
1848490 180
1848500 181
1848510 181
1848520 181
1848530 181
1848540 181
1848550 180
1848560 181
1848570 181
1848580 181
1848590 181
1848600 181
1848610 181
1848620 181
1848630 181
1848640 181
1848650 181
1848660 181
1848670 180
1848680 180
1848690 180
1848700 180
1848710 180
1848720 180
1848730 180
1848740 180
1848750 180
1848760 180
1848770 180
1848780 180
1848790 180
1848800 180
1848810 180
1848820 180
1848830 180
1848840 180
1848850 180
1848860 180
1848870 180
1848880 180
1848890 180
1848900 180
1848910 180
1848920 180
1848930 180
1848940 180
1848950 180
1848960 180
1848970 180
1848980 180
1848990 180
1849000 180
1849010 180
1849020 180
1849030 180
1849040 179
1849050 179
1849060 179
1849070 179
1849080 179
1849090 179
1849100 179
1849110 179
1849120 179
1849130 179
1849140 179
1849150 179
1849160 179
1849170 179
1849180 179
1849190 179
1849200 179
1849210 179
1849220 179
1849230 179
1849240 179
1849250 179
1849260 179
1849270 179
1849280 179
1849290 179
1849300 179
1849310 179
1849320 179
1849330 179
1849340 179
1849350 179
1849360 179
1849370 179
1849380 179
1849390 179
1849400 179
1849410 179
1849420 179
1849430 179
1849440 179
1849450 179
1849460 179
1849470 179
1849480 179
1849490 179
1849500 179
1849510 179
1849520 178
1849530 178
1849540 178
1849550 179
1849560 179
1849570 179
1849580 179
1849590 179
1849600 179
1849610 179
1849620 179
1849630 179
1849640 179
1849650 179
1849660 179
1849670 179
1849680 179
1849690 179
1849700 179
1849710 179
1849720 179
1849730 179
1849740 179
1849750 179
1849760 179
1849770 179
1849780 179
1849790 179
1849800 180
1849810 180
1849820 179
1849830 179
1849840 179
1849850 179
1849860 179
1849870 179
1849880 180
1849890 180
1849900 181
1849910 181
1849920 181
1849930 182
1849940 182
1849950 182
1849960 182
1849970 182
1849980 183
1849990 183
1850000 183
1850010 183
1850020 184
1850030 184
1850040 184
1850050 184
1850060 184
1850070 185
1850080 185
1850090 185
1850100 185
1850110 185
1850120 185
1850130 186
1850140 186
1850150 186
1850160 186
1850170 186
1850180 186
1850190 187
1850200 187
1850210 187
1850220 187
1850230 188
1850240 188
1850250 188
1850260 189
1850270 189
1850280 189
1850290 190
1850300 190
1850310 190
1850320 191
1850330 191
1850340 191
1850350 192
1850360 192
1850370 193
1850380 193
1850390 193
1850400 194
1850410 194
1850420 194
1850430 195
1850440 196
1850450 196
1850460 197
1850470 198
1850480 198
1850490 198
1850500 199
1850510 199
1850520 199
1850530 200
1850540 200
1850550 200
1850560 200
1850570 200
1850580 200
1850590 200
1850600 200
1850610 200
1850620 199
1850630 199
1850640 199
1850650 199
1850660 199
1850670 198
1850680 198
1850690 198
1850700 199
1850710 199
1850720 199
1850730 199
1850740 199
1850750 199
1850760 200
1850770 200
1850780 200
1850790 200
1850800 200
1850810 200
1850820 200
1850830 200
1850840 200
1850850 200
1850860 201
1850870 201
1850880 201
1850890 201
1850900 201
1850910 201
1850920 201
1850930 201
1850940 200
1850950 200
1850960 200
1850970 200
1850980 200
1850990 200
1851000 199
1851010 199
1851020 199
1851030 199
1851040 198
1851050 198
1851060 198
1851070 198
1851080 197
1851090 197
1851100 197
1851110 197
1851120 197
1851130 197
1851140 197
1851150 196
1851160 196
1851170 196
1851180 196
1851190 196
1851200 195
1851210 195
1851220 195
1851230 195
1851240 195
1851250 195
1851260 194
1851270 194
1851280 194
1851290 194
1851300 194
1851310 193
1851320 193
1851330 193
1851340 193
1851350 192
1851360 192
1851370 192
1851380 192
1851390 192
1851400 192
1851410 191
1851420 191
1851430 191
1851440 191
1851450 191
1851460 191
1851470 190
1851480 190
1851490 190
1851500 190
1851510 190
1851520 189
1851530 189
1851540 189
1851550 189
1851560 188
1851570 188
1851580 188
1851590 187
1851600 187
1851610 187
1851620 187
1851630 187
1851640 186
1851650 186
1851660 186
1851670 186
1851680 186
1851690 186
1851700 186
1851710 185
1851720 185
1851730 185
1851740 185
1851750 185
1851760 185
1851770 185
1851780 185
1851790 185
1851800 185
1851810 185
1851820 185
1851830 185
1851840 185
1851850 186
1851860 186
1851870 186
1851880 186
1851890 186
1851900 186
1851910 186
1851920 187
1851930 187
1851940 187
1851950 187
1851960 187
1851970 187
1851980 187
1851990 187
1852000 188
1852010 188
1852020 188
1852030 188
1852040 188
1852050 188
1852060 189
1852070 189
1852080 189
1852090 189
1852100 189
1852110 189
1852120 189
1852130 188
1852140 188
1852150 188
1852160 188
1852170 188
1852180 188
1852190 187
1852200 187
1852210 187
1852220 187
1852230 187
1852240 187
1852250 187
1852260 187
1852270 187
1852280 188
1852290 188
1852300 188
1852310 188
1852320 189
1852330 189
1852340 188
1852350 188
1852360 188
1852370 188
1852380 187
1852390 187
1852400 187
1852410 188
1852420 188
1852430 188
1852440 188
1852450 188
1852460 189
1852470 189
1852480 189
1852490 190
1852500 191
1852510 191
1852520 191
1852530 191
1852540 191
1852550 190
1852560 192
1852570 192
1852580 189
1852590 188
1852600 188
1852610 188
1852620 188
1852630 188
1852640 187
1852650 187
1852660 187
1852670 187
1852680 186
1852690 186
1852700 186
1852710 186
1852720 186
1852730 186
1852740 186
1852750 186
1852760 186
1852770 186
1852780 186
1852790 186
1852800 186
1852810 186
1852820 187
1852830 187
1852840 187
1852850 187
1852860 187
1852870 187
1852880 187
1852890 187
1852900 187
1852910 187
1852920 188
1852930 188
1852940 188
1852950 188
1852960 188
1852970 188
1852980 188
1852990 188
1853000 188
1853010 188
1853020 188
1853030 188
1853040 188
1853050 188
1853060 188
1853070 188
1853080 188
1853090 188
1853100 188
1853110 188
1853120 189
1853130 189
1853140 189
1853150 189
1853160 189
1853170 189
1853180 189
1853190 189
1853200 189
1853210 189
1853220 189
1853230 189
1853240 189
1853250 189
1853260 189
1853270 189
1853280 189
1853290 189
1853300 189
1853310 189
1853320 189
1853330 189
1853340 189
1853350 189
1853360 189
1853370 189
1853380 189
1853390 189
1853400 189
1853410 189
1853420 189
1853430 189
1853440 189
1853450 189
1853460 189
1853470 189
1853480 189
1853490 189
1853500 188
1853510 188
1853520 188
1853530 189
1853540 189
1853550 189
1853560 189
1853570 189
1853580 189
1853590 189
1853600 189
1853610 189
1853620 189
1853630 189
1853640 188
1853650 188
1853660 188
1853670 188
1853680 188
1853690 188
1853700 189
1853710 189
1853720 189
1853730 189
1853740 189
1853750 189
1853760 189
1853770 189
1853780 189
1853790 190
1853800 190
1853810 190
1853820 190
1853830 190
1853840 190
1853850 190
1853860 190
1853870 190
1853880 190
1853890 190
1853900 190
1853910 191
1853920 191
1853930 191
1853940 191
1853950 191
1853960 191
1853970 191
1853980 191
1853990 191
1854000 191
1854010 192
1854020 192
1854030 192
1854040 192
1854050 192
1854060 192
1854070 192
1854080 192
1854090 193
1854100 193
1854110 193
1854120 193
1854130 193
1854140 193
1854150 194
1854160 194
1854170 194
1854180 194
1854190 194
1854200 194
1854210 194
1854220 194
1854230 194
1854240 194
1854250 194
1854260 194
1854270 194
1854280 194
1854290 194
1854300 194
1854310 194
1854320 194
1854330 194
1854340 194
1854350 194
1854360 194
1854370 193
1854380 193
1854390 193
1854400 193
1854410 193
1854420 193
1854430 193
1854440 194
1854450 194
1854460 194
1854470 194
1854480 194
1854490 194
1854500 194
1854510 194
1854520 194
1854530 195
1854540 195
1854550 196
1854560 196
1854570 196
1854580 197
1854590 198
1854600 198
1854610 199
1854620 200
1854630 200
1854640 201
1854650 201
1854660 201
1854670 201
1854680 202
1854690 202
1854700 202
1854710 202
1854720 202
1854730 202
1854740 202
1854750 202
1854760 202
1854770 202
1854780 202
1854790 202
1854800 202
1854810 202
1854820 202
1854830 202
1854840 202
1854850 201
1854860 201
1854870 201
1854880 201
1854890 201
1854900 201
1854910 201
1854920 200
1854930 200
1854940 200
1854950 199
1854960 199
1854970 199
1854980 198
1854990 198
1855000 197
1855010 196
1855020 196
1855030 196
1855040 196
1855050 196
1855060 195
1855070 195
1855080 195
1855090 195
1855100 194
1855110 194
1855120 194
1855130 194
1855140 194
1855150 194
1855160 194
1855170 194
1855180 195
1855190 195
1855200 195
1855210 195
1855220 195
1855230 195
1855240 195
1855250 196
1855260 196
1855270 196
1855280 196
1855290 196
1855300 196
1855310 196
1855320 196
1855330 196
1855340 196
1855350 195
1855360 195
1855370 195
1855380 195
1855390 195
1855400 195
1855410 195
1855420 194
1855430 194
1855440 194
1855450 194
1855460 193
1855470 193
1855480 193
1855490 193
1855500 192
1855510 192
1855520 192
1855530 192
1855540 192
1855550 192
1855560 191
1855570 191
1855580 191
1855590 191
1855600 191
1855610 192
1855620 192
1855630 192
1855640 192
1855650 192
1855660 192
1855670 192
1855680 193
1855690 193
1855700 193
1855710 193
1855720 193
1855730 193
1855740 194
1855750 194
1855760 194
1855770 194
1855780 194
1855790 194
1855800 194
1855810 194
1855820 194
1855830 194
1855840 194
1855850 194
1855860 195
1855870 195
1855880 195
1855890 195
1855900 195
1855910 194
1855920 194
1855930 194
1855940 194
1855950 194
1855960 194
1855970 194
1855980 194
1855990 194
1856000 194
1856010 194
1856020 194
1856030 193
1856040 193
1856050 193
1856060 192
1856070 192
1856080 192
1856090 192
1856100 191
1856110 191
1856120 191
1856130 190
1856140 190
1856150 190
1856160 190
1856170 190
1856180 189
1856190 189
1856200 189
1856210 189
1856220 188
1856230 188
1856240 188
1856250 188
1856260 188
1856270 188
1856280 187
1856290 187
1856300 187
1856310 187
1856320 187
1856330 187
1856340 186
1856350 186
1856360 186
1856370 186
1856380 186
1856390 185
1856400 185
1856410 185
1856420 185
1856430 184
1856440 184
1856450 184
1856460 184
1856470 184
1856480 184
1856490 184
1856500 184
1856510 184
1856520 184
1856530 184
1856540 184
1856550 184
1856560 184
1856570 184
1856580 184
1856590 184
1856600 184
1856610 184
1856620 184
1856630 184
1856640 184
1856650 184
1856660 184
1856670 184
1856680 185
1856690 185
1856700 185
1856710 185
1856720 185
1856730 185
1856740 184
1856750 184
1856760 184
1856770 184
1856780 184
1856790 184
1856800 184
1856810 184
1856820 184
1856830 184
1856840 184
1856850 184
1856860 184
1856870 184
1856880 184
1856890 184
1856900 184
1856910 183
1856920 183
1856930 183
1856940 183
1856950 183
1856960 183
1856970 183
1856980 183
1856990 183
1857000 182
1857010 182
1857020 182
1857030 182
1857040 181
1857050 181
1857060 181
1857070 181
1857080 181
1857090 179
1857100 178
1857110 178
1857120 178
1857130 178
1857140 178
1857150 178
1857160 177
1857170 177
1857180 176
1857190 176
1857200 176
1857210 176
1857220 175
1857230 175
1857240 176
1857250 176
1857260 176
1857270 176
1857280 175
1857290 175
1857300 175
1857310 175
1857320 175
1857330 175
1857340 175
1857350 175
1857360 174
1857370 174
1857380 174
1857390 174
1857400 174
1857410 174
1857420 173
1857430 172
1857440 172
1857450 172
1857460 172
1857470 172
1857480 172
1857490 172
1857500 172
1857510 171
1857520 171
1857530 171
1857540 171
1857550 171
1857560 171
1857570 170
1857580 170
1857590 170
1857600 170
1857610 170
1857620 170
1857630 170
1857640 170
1857650 170
1857660 170
1857670 169
1857680 169
1857690 170
1857700 170
1857710 170
1857720 170
1857730 170
1857740 170
1857750 170
1857760 170
1857770 170
1857780 169
1857790 169
1857800 169
1857810 169
1857820 169
1857830 169
1857840 169
1857850 169
1857860 170
1857870 170
1857880 170
1857890 170
1857900 170
1857910 170
1857920 170
1857930 170
1857940 170
1857950 170
1857960 170
1857970 171
1857980 171
1857990 171
1858000 171
1858010 171
1858020 171
1858030 171
1858040 171
1858050 171
1858060 172
1858070 172
1858080 172
1858090 172
1858100 172
1858110 172
1858120 172
1858130 172
1858140 172
1858150 172
1858160 172
1858170 172
1858180 173
1858190 173
1858200 173
1858210 173
1858220 173
1858230 173
1858240 173
1858250 173
1858260 173
1858270 173
1858280 173
1858290 173
1858300 174
1858310 174
1858320 174
1858330 174
1858340 174
1858350 174
1858360 174
1858370 174
1858380 174
1858390 174
1858400 175
1858410 175
1858420 175
1858430 175
1858440 175
1858450 175
1858460 175
1858470 175
1858480 175
1858490 175
1858500 175
1858510 175
1858520 175
1858530 175
1858540 175
1858550 175
1858560 175
1858570 176
1858580 176
1858590 176
1858600 176
1858610 176
1858620 176
1858630 176
1858640 176
1858650 176
1858660 176
1858670 176
1858680 176
1858690 176
1858700 176
1858710 176
1858720 176
1858730 177
1858740 177
1858750 177
1858760 177
1858770 177
1858780 177
1858790 177
1858800 177
1858810 177
1858820 177
1858830 177
1858840 177
1858850 177
1858860 177
1858870 177
1858880 177
1858890 177
1858900 177
1858910 177
1858920 177
1858930 177
1858940 177
1858950 177
1858960 177
1858970 177
1858980 177
1858990 177
1859000 177
1859010 177
1859020 177
1859030 177
1859040 177
1859050 177
1859060 177
1859070 177
1859080 177
1859090 177
1859100 177
1859110 177
1859120 177
1859130 177
1859140 177
1859150 177
1859160 176
1859170 176
1859180 176
1859190 176
1859200 176
1859210 176
1859220 176
1859230 176
1859240 176
1859250 176
1859260 176
1859270 176
1859280 175
1859290 175
1859300 175
1859310 175
1859320 175
1859330 175
1859340 175
1859350 175
1859360 175
1859370 175
1859380 175
1859390 175
1859400 175
1859410 175
1859420 175
1859430 176
1859440 176
1859450 176
1859460 176
1859470 176
1859480 176
1859490 176
1859500 176
1859510 176
1859520 176
1859530 176
1859540 176
1859550 175
1859560 175
1859570 175
1859580 175
1859590 175
1859600 174
1859610 174
1859620 174
1859630 174
1859640 174
1859650 174
1859660 174
1859670 175
1859680 175
1859690 175
1859700 175
1859710 175
1859720 175
1859730 175
1859740 175
1859750 175
1859760 175
1859770 175
1859780 175
1859790 175
1859800 175
1859810 175
1859820 175
1859830 175
1859840 175
1859850 175
1859860 175
1859870 175
1859880 175
1859890 175
1859900 174
1859910 174
1859920 174
1859930 174
1859940 174
1859950 174
1859960 174
1859970 174
1859980 174
1859990 174
