1840000 181
1840010 181
1840020 181
1840030 181
1840040 181
1840050 180
1840060 180
1840070 180
1840080 180
1840090 179
1840100 179
1840110 179
1840120 179
1840130 179
1840140 179
1840150 179
1840160 179
1840170 179
1840180 179
1840190 179
1840200 178
1840210 178
1840220 178
1840230 178
1840240 178
1840250 178
1840260 178
1840270 178
1840280 178
1840290 177
1840300 177
1840310 177
1840320 177
1840330 177
1840340 177
1840350 177
1840360 176
1840370 176
1840380 176
1840390 176
1840400 176
1840410 176
1840420 176
1840430 176
1840440 176
1840450 176
1840460 176
1840470 176
1840480 176
1840490 176
1840500 176
1840510 176
1840520 176
1840530 176
1840540 176
1840550 176
1840560 176
1840570 176
1840580 176
1840590 176
1840600 176
1840610 176
1840620 176
1840630 176
1840640 176
1840650 176
1840660 176
1840670 176
1840680 176
1840690 176
1840700 176
1840710 176
1840720 176
1840730 176
1840740 176
1840750 176
1840760 176
1840770 176
1840780 176
1840790 176
1840800 176
1840810 176
1840820 176
1840830 176
1840840 175
1840850 175
1840860 175
1840870 175
1840880 175
1840890 175
1840900 175
1840910 175
1840920 175
1840930 175
1840940 175
1840950 175
1840960 175
1840970 175
1840980 175
1840990 175
1841000 175
1841010 175
1841020 175
1841030 175
1841040 175
1841050 175
1841060 175
1841070 175
1841080 175
1841090 175
1841100 175
1841110 175
1841120 175
1841130 175
1841140 175
1841150 175
1841160 175
1841170 175
1841180 175
1841190 175
1841200 175
1841210 175
1841220 175
1841230 175
1841240 175
1841250 175
1841260 175
1841270 175
1841280 175
1841290 175
1841300 175
1841310 175
1841320 175
1841330 175
1841340 175
1841350 175
1841360 175
1841370 175
1841380 175
1841390 175
1841400 175
1841410 175
1841420 175
1841430 175
1841440 175
1841450 175
1841460 175
1841470 175
1841480 175
1841490 175
1841500 175
1841510 175
1841520 175
1841530 176
1841540 176
1841550 176
1841560 176
1841570 176
1841580 176
1841590 176
1841600 177
1841610 177
1841620 177
1841630 177
1841640 177
1841650 177
1841660 177
1841670 177
1841680 177
1841690 177
1841700 177
1841710 178
1841720 178
1841730 178
1841740 178
1841750 178
1841760 178
1841770 178
1841780 178
1841790 178
1841800 178
1841810 178
1841820 178
1841830 178
1841840 178
1841850 178
1841860 178
1841870 178
1841880 178
1841890 178
1841900 178
1841910 178
1841920 178
1841930 178
1841940 178
1841950 178
1841960 178
1841970 178
1841980 178
1841990 178
1842000 178
1842010 178
1842020 178
1842030 178
1842040 178
1842050 178
1842060 178
1842070 178
1842080 178
1842090 178
1842100 178
1842110 178
1842120 178
1842130 178
1842140 178
1842150 178
1842160 178
1842170 178
1842180 178
1842190 178
1842200 179
1842210 179
1842220 179
1842230 179
1842240 179
1842250 179
1842260 178
1842270 178
1842280 178
1842290 178
1842300 178
1842310 178
1842320 178
1842330 178
1842340 178
1842350 178
1842360 178
1842370 178
1842380 178
1842390 178
1842400 178
1842410 178
1842420 178
1842430 178
1842440 178
1842450 178
1842460 178
1842470 178
1842480 178
1842490 178
1842500 177
1842510 177
1842520 177
1842530 177
1842540 177
1842550 177
1842560 177
1842570 177
1842580 177
1842590 177
1842600 177
1842610 177
1842620 177
1842630 177
1842640 177
1842650 177
1842660 177
1842670 177
1842680 177
1842690 178
1842700 178
1842710 178
1842720 178
1842730 178
1842740 178
1842750 178
1842760 178
1842770 178
1842780 178
1842790 178
1842800 178
1842810 178
1842820 178
1842830 178
1842840 177
1842850 177
1842860 177
1842870 177
1842880 177
1842890 177
1842900 177
1842910 177
1842920 177
1842930 177
1842940 177
1842950 177
1842960 177
1842970 177
1842980 177
1842990 177
1843000 178
1843010 178
1843020 178
1843030 177
1843040 177
1843050 178
1843060 178
1843070 178
1843080 178
1843090 178
1843100 178
1843110 178
1843120 178
1843130 178
1843140 177
1843150 177
1843160 177
1843170 177
1843180 177
1843190 177
1843200 177
1843210 177
1843220 177
1843230 177
1843240 178
1843250 178
1843260 178
1843270 178
1843280 178
1843290 178
1843300 177
1843310 177
1843320 178
1843330 178
1843340 178
1843350 178
1843360 178
1843370 178
1843380 178
1843390 177
1843400 177
1843410 177
1843420 177
1843430 177
1843440 177
1843450 177
1843460 177
1843470 177
1843480 177
1843490 177
1843500 177
1843510 177
1843520 177
1843530 177
1843540 176
1843550 176
1843560 176
1843570 176
1843580 176
1843590 176
1843600 176
1843610 176
1843620 176
1843630 176
1843640 176
1843650 176
1843660 176
1843670 176
1843680 176
1843690 176
1843700 176
1843710 176
1843720 176
1843730 176
1843740 175
1843750 175
1843760 175
1843770 175
1843780 175
1843790 175
1843800 174
1843810 174
1843820 174
1843830 173
1843840 173
1843850 173
1843860 173
1843870 173
1843880 173
1843890 173
1843900 173
1843910 173
1843920 173
1843930 173
1843940 173
1843950 173
1843960 173
1843970 173
1843980 173
1843990 173
1844000 173
1844010 173
1844020 173
1844030 173
1844040 173
1844050 173
1844060 173
1844070 173
1844080 173
1844090 173
1844100 173
1844110 173
1844120 173
1844130 173
1844140 173
1844150 173
1844160 173
1844170 173
1844180 173
1844190 173
1844200 173
1844210 173
1844220 173
1844230 173
1844240 173
1844250 173
1844260 173
1844270 173
1844280 173
1844290 173
1844300 173
1844310 173
1844320 173
1844330 173
1844340 173
1844350 173
1844360 173
1844370 173
1844380 175
1844390 173
1844400 173
1844410 172
1844420 173
1844430 173
1844440 173
1844450 173
1844460 173
1844470 173
1844480 173
1844490 173
1844500 173
1844510 173
1844520 173
1844530 173
1844540 173
1844550 173
1844560 173
1844570 173
1844580 173
1844590 173
1844600 173
1844610 173
1844620 173
1844630 173
1844640 173
1844650 173
1844660 171
1844670 171
1844680 172
1844690 173
1844700 173
1844710 173
1844720 173
1844730 173
1844740 173
1844750 173
1844760 173
1844770 172
1844780 172
1844790 172
1844800 172
1844810 172
1844820 172
1844830 172
1844840 172
1844850 172
1844860 172
1844870 172
1844880 172
1844890 172
1844900 172
1844910 172
1844920 172
1844930 172
1844940 172
1844950 172
1844960 172
1844970 172
1844980 172
1844990 172
1845000 172
1845010 172
1845020 172
1845030 172
1845040 172
1845050 172
1845060 172
1845070 172
1845080 172
1845090 172
1845100 172
1845110 172
1845120 172
1845130 172
1845140 172
1845150 172
1845160 172
1845170 172
1845180 172
1845190 172
1845200 172
1845210 172
1845220 172
1845230 172
1845240 172
1845250 172
1845260 172
1845270 172
1845280 172
1845290 172
1845300 172
1845310 172
1845320 172
1845330 172
1845340 172
1845350 172
1845360 172
1845370 172
1845380 172
1845390 172
1845400 172
1845410 172
1845420 172
1845430 172
1845440 172
1845450 172
1845460 172
1845470 172
1845480 172
1845490 172
1845500 172
1845510 172
1845520 172
1845530 172
1845540 172
1845550 172
1845560 172
1845570 172
1845580 172
1845590 172
1845600 172
1845610 172
1845620 172
1845630 172
1845640 172
1845650 172
1845660 172
1845670 172
1845680 172
1845690 172
1845700 172
1845710 172
1845720 172
1845730 172
1845740 172
1845750 172
1845760 172
1845770 172
1845780 173
1845790 173
1845800 173
1845810 173
1845820 173
1845830 174
1845840 174
1845850 174
1845860 174
1845870 174
1845880 174
1845890 175
1845900 175
1845910 175
1845920 175
1845930 175
1845940 175
1845950 175
1845960 175
1845970 175
1845980 175
1845990 175
1846000 175
1846010 175
1846020 175
1846030 175
1846040 175
1846050 175
1846060 175
1846070 176
1846080 176
1846090 176
1846100 176
1846110 176
1846120 176
1846130 176
1846140 176
1846150 176
1846160 176
1846170 176
1846180 176
1846190 176
1846200 177
1846210 177
1846220 177
1846230 177
1846240 177
1846250 177
1846260 178
1846270 178
1846280 178
1846290 178
1846300 178
1846310 178
1846320 178
1846330 178
1846340 178
1846350 178
1846360 178
1846370 178
1846380 178
1846390 178
1846400 178
1846410 178
1846420 178
1846430 178
1846440 178
1846450 178
1846460 178
1846470 178
1846480 178
1846490 178
1846500 178
1846510 178
1846520 178
1846530 178
1846540 178
1846550 178
1846560 178
1846570 178
1846580 178
1846590 178
1846600 178
1846610 178
1846620 178
1846630 178
1846640 178
1846650 178
1846660 178
1846670 178
1846680 179
1846690 179
1846700 179
1846710 179
1846720 179
1846730 179
1846740 179
1846750 178
1846760 178
1846770 178
1846780 178
1846790 178
1846800 177
1846810 178
1846820 178
1846830 177
1846840 177
1846850 177
1846860 177
1846870 177
1846880 177
1846890 177
1846900 177
1846910 177
1846920 177
1846930 177
1846940 177
1846950 177
1846960 177
1846970 177
1846980 176
1846990 176
1847000 176
1847010 176
1847020 176
1847030 176
1847040 176
1847050 176
1847060 176
1847070 176
1847080 176
1847090 176
1847100 176
1847110 176
1847120 176
1847130 176
1847140 176
1847150 176
1847160 176
1847170 176
1847180 176
1847190 176
1847200 176
1847210 176
1847220 176
1847230 176
1847240 176
1847250 176
1847260 177
1847270 177
1847280 177
1847290 177
1847300 177
1847310 177
1847320 177
1847330 177
1847340 178
1847350 178
1847360 178
1847370 178
1847380 178
1847390 178
1847400 178
1847410 179
1847420 179
1847430 179
1847440 180
1847450 180
1847460 180
1847470 180
1847480 180
1847490 180
1847500 180
1847510 180
1847520 180
1847530 180
1847540 180
1847550 180
1847560 180
1847570 180
1847580 180
1847590 180
1847600 180
1847610 180
1847620 180
1847630 180
1847640 180
1847650 180
1847660 180
1847670 180
1847680 180
1847690 180
1847700 180
1847710 180
1847720 180
1847730 180
1847740 179
1847750 179
1847760 179
1847770 179
1847780 179
1847790 179
1847800 179
1847810 179
1847820 179
1847830 179
1847840 179
1847850 179
1847860 179
1847870 179
1847880 179
1847890 179
1847900 179
1847910 179
1847920 179
1847930 178
1847940 178
1847950 178
1847960 178
1847970 178
1847980 178
1847990 178
1848000 178
1848010 178
1848020 177
1848030 177
1848040 177
1848050 177
1848060 177
1848070 177
1848080 177
1848090 177
1848100 177
1848110 177
1848120 177
1848130 176
1848140 176
1848150 176
1848160 176
1848170 177
1848180 177
1848190 177
1848200 177
1848210 177
1848220 177
1848230 177
1848240 177
1848250 177
1848260 177
1848270 177
1848280 177
1848290 177
1848300 177
1848310 177
1848320 178
1848330 178
1848340 178
1848350 177
1848360 177
1848370 176
1848380 176
1848390 176
1848400 176
1848410 176
1848420 176
1848430 176
1848440 176
1848450 176
1848460 176
1848470 176
1848480 176
1848490 176
1848500 176
1848510 176
1848520 176
1848530 176
1848540 176
1848550 175
1848560 176
1848570 176
1848580 175
1848590 175
1848600 175
1848610 175
1848620 175
1848630 175
1848640 175
1848650 175
1848660 175
1848670 175
1848680 175
1848690 175
1848700 176
1848710 176
1848720 176
1848730 175
1848740 175
1848750 175
1848760 175
1848770 175
1848780 175
1848790 175
1848800 175
1848810 174
1848820 174
1848830 175
1848840 175
1848850 175
1848860 174
1848870 175
1848880 175
1848890 174
1848900 174
1848910 174
1848920 174
1848930 174
1848940 174
1848950 174
1848960 174
1848970 174
1848980 174
1848990 174
1849000 174
1849010 174
1849020 174
1849030 174
1849040 174
1849050 174
1849060 174
1849070 174
1849080 174
1849090 174
1849100 174
1849110 174
1849120 174
1849130 174
1849140 174
1849150 174
1849160 174
1849170 174
1849180 174
1849190 174
1849200 174
1849210 174
1849220 173
1849230 173
1849240 173
1849250 173
1849260 173
1849270 173
1849280 173
1849290 173
1849300 173
1849310 173
1849320 173
1849330 173
1849340 173
1849350 173
1849360 173
1849370 173
1849380 173
1849390 173
1849400 173
1849410 173
1849420 173
1849430 173
1849440 173
1849450 173
1849460 173
1849470 173
1849480 173
1849490 173
1849500 173
1849510 173
1849520 173
1849530 173
1849540 173
1849550 172
1849560 172
1849570 172
1849580 172
1849590 172
1849600 172
1849610 172
1849620 172
1849630 172
1849640 172
1849650 172
1849660 172
1849670 172
1849680 172
1849690 172
1849700 172
1849710 172
1849720 172
1849730 172
1849740 172
1849750 172
1849760 172
1849770 172
1849780 172
1849790 172
1849800 172
1849810 171
1849820 171
1849830 171
1849840 171
1849850 171
1849860 171
1849870 171
1849880 171
1849890 171
1849900 171
1849910 171
1849920 171
1849930 171
1849940 171
1849950 171
1849960 171
1849970 171
1849980 171
1849990 171
1850000 171
1850010 171
1850020 171
1850030 171
1850040 171
1850050 171
1850060 171
1850070 171
1850080 171
1850090 171
1850100 171
1850110 171
1850120 171
1850130 171
1850140 171
1850150 171
1850160 171
1850170 171
1850180 171
1850190 171
1850200 171
1850210 171
1850220 171
1850230 171
1850240 171
1850250 171
1850260 170
1850270 170
1850280 170
1850290 170
1850300 170
1850310 170
1850320 171
1850330 171
1850340 170
1850350 170
1850360 170
1850370 170
1850380 170
1850390 170
1850400 170
1850410 170
1850420 170
1850430 170
1850440 170
1850450 170
1850460 170
1850470 170
1850480 170
1850490 170
1850500 170
1850510 170
1850520 170
1850530 170
1850540 170
1850550 170
1850560 170
1850570 170
1850580 171
1850590 171
1850600 171
1850610 171
1850620 171
1850630 171
1850640 171
1850650 171
1850660 171
1850670 172
1850680 172
1850690 172
1850700 172
1850710 172
1850720 172
1850730 172
1850740 172
1850750 172
1850760 172
1850770 172
1850780 172
1850790 172
1850800 172
1850810 172
1850820 172
1850830 172
1850840 172
1850850 172
1850860 172
1850870 172
1850880 172
1850890 172
1850900 172
1850910 172
1850920 173
1850930 173
1850940 173
1850950 173
1850960 173
1850970 173
1850980 173
1850990 173
1851000 174
1851010 174
1851020 174
1851030 174
1851040 174
1851050 174
1851060 174
1851070 174
1851080 174
1851090 174
1851100 174
1851110 175
1851120 175
1851130 175
1851140 175
1851150 175
1851160 175
1851170 175
1851180 175
1851190 175
1851200 175
1851210 175
1851220 174
1851230 174
1851240 174
1851250 174
1851260 174
1851270 174
1851280 174
1851290 173
1851300 173
1851310 173
1851320 173
1851330 173
1851340 173
1851350 172
1851360 172
1851370 172
1851380 172
1851390 172
1851400 172
1851410 172
1851420 172
1851430 171
1851440 171
1851450 171
1851460 171
1851470 171
1851480 171
1851490 171
1851500 171
1851510 171
1851520 171
1851530 171
1851540 171
1851550 171
1851560 170
1851570 170
1851580 170
1851590 170
1851600 170
1851610 170
1851620 170
1851630 170
1851640 170
1851650 171
1851660 171
1851670 171
1851680 171
1851690 171
1851700 171
1851710 171
1851720 171
1851730 171
1851740 171
1851750 171
1851760 171
1851770 171
1851780 171
1851790 171
1851800 171
1851810 171
1851820 171
1851830 171
1851840 171
1851850 170
1851860 170
1851870 170
1851880 170
1851890 170
1851900 170
1851910 170
1851920 170
1851930 170
1851940 170
1851950 170
1851960 170
1851970 170
1851980 170
1851990 170
1852000 170
1852010 171
1852020 171
1852030 171
1852040 171
1852050 171
1852060 171
1852070 171
1852080 171
1852090 171
1852100 171
1852110 171
1852120 171
1852130 171
1852140 171
1852150 171
1852160 171
1852170 171
1852180 171
1852190 171
1852200 171
1852210 171
1852220 171
1852230 171
1852240 171
1852250 171
1852260 171
1852270 171
1852280 171
1852290 172
1852300 172
1852310 172
1852320 171
1852330 171
1852340 172
1852350 172
1852360 172
1852370 172
1852380 172
1852390 172
1852400 172
1852410 172
1852420 172
1852430 172
1852440 172
1852450 172
1852460 172
1852470 172
1852480 172
1852490 172
1852500 172
1852510 172
1852520 172
1852530 172
1852540 172
1852550 172
1852560 172
1852570 172
1852580 172
1852590 172
1852600 172
1852610 172
1852620 172
1852630 172
1852640 172
1852650 172
1852660 172
1852670 172
1852680 172
1852690 172
1852700 172
1852710 172
1852720 172
1852730 172
1852740 172
1852750 172
1852760 172
1852770 173
1852780 173
1852790 173
1852800 173
1852810 173
1852820 172
1852830 172
1852840 172
1852850 172
1852860 172
1852870 172
1852880 172
1852890 172
1852900 172
1852910 172
1852920 172
1852930 172
1852940 172
1852950 172
1852960 172
1852970 172
1852980 172
1852990 172
1853000 173
1853010 173
1853020 173
1853030 173
1853040 173
1853050 173
1853060 173
1853070 173
1853080 173
1853090 174
1853100 174
1853110 174
1853120 174
1853130 174
1853140 174
1853150 174
1853160 174
1853170 174
1853180 175
1853190 175
1853200 175
1853210 175
1853220 175
1853230 175
1853240 175
1853250 175
1853260 175
1853270 175
1853280 175
1853290 175
1853300 175
1853310 175
1853320 175
1853330 175
1853340 175
1853350 175
1853360 175
1853370 175
1853380 175
1853390 175
1853400 175
1853410 174
1853420 174
1853430 174
1853440 174
1853450 174
1853460 174
1853470 174
1853480 174
1853490 174
1853500 174
1853510 174
1853520 174
1853530 174
1853540 174
1853550 174
1853560 174
1853570 174
1853580 174
1853590 174
1853600 174
1853610 174
1853620 174
1853630 174
1853640 174
1853650 174
1853660 174
1853670 174
1853680 174
1853690 174
1853700 175
1853710 175
1853720 175
1853730 175
1853740 175
1853750 175
1853760 174
1853770 174
1853780 174
1853790 174
1853800 174
1853810 174
1853820 174
1853830 174
1853840 174
1853850 174
1853860 174
1853870 174
1853880 174
1853890 174
1853900 174
1853910 174
1853920 174
1853930 174
1853940 174
1853950 174
1853960 174
1853970 174
1853980 174
1853990 174
1854000 174
1854010 174
1854020 174
1854030 174
1854040 174
1854050 174
1854060 174
1854070 174
1854080 174
1854090 174
1854100 174
1854110 174
1854120 174
1854130 174
1854140 174
1854150 174
1854160 174
1854170 174
1854180 174
1854190 174
1854200 174
1854210 174
1854220 174
1854230 174
1854240 174
1854250 174
1854260 174
1854270 174
1854280 174
1854290 174
1854300 174
1854310 174
1854320 174
1854330 174
1854340 174
1854350 174
1854360 173
1854370 173
1854380 173
1854390 173
1854400 173
1854410 173
1854420 173
1854430 173
1854440 173
1854450 173
1854460 173
1854470 173
1854480 173
1854490 173
1854500 173
1854510 173
1854520 173
1854530 173
1854540 173
1854550 173
1854560 173
1854570 173
1854580 173
1854590 173
1854600 173
1854610 173
1854620 173
1854630 173
1854640 173
1854650 173
1854660 173
1854670 173
1854680 173
1854690 173
1854700 173
1854710 172
1854720 172
1854730 172
1854740 172
1854750 172
1854760 172
1854770 172
1854780 172
1854790 172
1854800 172
1854810 172
1854820 172
1854830 172
1854840 172
1854850 172
1854860 172
1854870 172
1854880 172
1854890 172
1854900 172
1854910 172
1854920 172
1854930 172
1854940 173
1854950 173
1854960 173
1854970 173
1854980 173
1854990 173
1855000 174
1855010 174
1855020 174
1855030 175
1855040 175
1855050 175
1855060 176
1855070 176
1855080 176
1855090 177
1855100 177
1855110 177
1855120 177
1855130 176
1855140 176
1855150 176
1855160 176
1855170 176
1855180 175
1855190 175
1855200 175
1855210 174
1855220 174
1855230 174
1855240 174
1855250 173
1855260 173
1855270 173
1855280 172
1855290 172
1855300 172
1855310 172
1855320 172
1855330 171
1855340 171
1855350 171
1855360 171
1855370 171
1855380 171
1855390 171
1855400 170
1855410 170
1855420 171
1855430 171
1855440 171
1855450 170
1855460 170
1855470 170
1855480 170
1855490 170
1855500 170
1855510 170
1855520 169
1855530 169
1855540 169
1855550 169
1855560 169
1855570 169
1855580 168
1855590 168
1855600 168
1855610 168
1855620 168
1855630 167
1855640 167
1855650 167
1855660 167
1855670 167
1855680 167
1855690 166
1855700 166
1855710 166
1855720 166
1855730 165
1855740 165
1855750 165
1855760 165
1855770 165
1855780 165
1855790 165
1855800 165
1855810 165
1855820 164
1855830 164
1855840 164
1855850 164
1855860 164
1855870 164
1855880 164
1855890 164
1855900 164
1855910 164
1855920 164
1855930 164
1855940 164
1855950 164
1855960 164
1855970 164
1855980 164
1855990 164
1856000 163
1856010 163
1856020 163
1856030 163
1856040 163
1856050 163
1856060 163
1856070 162
1856080 162
1856090 162
1856100 162
1856110 162
1856120 162
1856130 162
1856140 162
1856150 162
1856160 162
1856170 162
1856180 162
1856190 162
1856200 162
1856210 162
1856220 162
1856230 162
1856240 162
1856250 162
1856260 162
1856270 162
1856280 161
1856290 161
1856300 161
1856310 161
1856320 161
1856330 161
1856340 161
1856350 161
1856360 161
1856370 161
1856380 161
1856390 160
1856400 160
1856410 160
1856420 160
1856430 160
1856440 160
1856450 160
1856460 159
1856470 159
1856480 159
1856490 159
1856500 159
1856510 159
1856520 159
1856530 159
1856540 159
1856550 159
1856560 159
1856570 159
1856580 159
1856590 159
1856600 159
1856610 159
1856620 159
1856630 159
1856640 159
1856650 159
1856660 159
1856670 159
1856680 159
1856690 159
1856700 159
1856710 159
1856720 159
1856730 159
1856740 159
1856750 159
1856760 159
1856770 159
1856780 159
1856790 159
1856800 159
1856810 159
1856820 159
1856830 159
1856840 159
1856850 159
1856860 159
1856870 159
1856880 159
1856890 159
1856900 159
1856910 159
1856920 159
1856930 159
1856940 159
1856950 159
1856960 159
1856970 159
1856980 159
1856990 159
1857000 159
1857010 159
1857020 159
1857030 159
1857040 159
1857050 159
1857060 159
1857070 159
1857080 159
1857090 160
1857100 160
1857110 160
1857120 160
1857130 160
1857140 160
1857150 160
1857160 160
1857170 160
1857180 160
1857190 160
1857200 160
1857210 160
1857220 160
1857230 160
1857240 160
1857250 160
1857260 160
1857270 160
1857280 160
1857290 160
1857300 160
1857310 160
1857320 160
1857330 160
1857340 160
1857350 160
1857360 160
1857370 160
1857380 160
1857390 160
1857400 160
1857410 160
1857420 160
1857430 160
1857440 160
1857450 160
1857460 160
1857470 160
1857480 160
1857490 160
1857500 160
1857510 160
1857520 160
1857530 160
1857540 160
1857550 161
1857560 161
1857570 161
1857580 161
1857590 161
1857600 161
1857610 161
1857620 161
1857630 161
1857640 161
1857650 161
1857660 161
1857670 161
1857680 161
1857690 161
1857700 161
1857710 161
1857720 161
1857730 162
1857740 162
1857750 162
1857760 161
1857770 161
1857780 161
1857790 161
1857800 161
1857810 161
1857820 161
1857830 161
1857840 162
1857850 161
1857860 161
1857870 162
1857880 161
1857890 161
1857900 162
1857910 162
1857920 162
1857930 162
1857940 162
1857950 162
1857960 162
1857970 162
1857980 162
1857990 162
1858000 162
1858010 162
1858020 162
1858030 162
1858040 162
1858050 162
1858060 162
1858070 162
1858080 162
1858090 162
1858100 162
1858110 162
1858120 162
1858130 162
1858140 162
1858150 162
1858160 163
1858170 163
1858180 163
1858190 163
1858200 163
1858210 163
1858220 163
1858230 163
1858240 163
1858250 163
1858260 163
1858270 163
1858280 163
1858290 163
1858300 163
1858310 163
1858320 163
1858330 163
1858340 163
1858350 163
1858360 163
1858370 163
1858380 163
1858390 163
1858400 163
1858410 163
1858420 163
1858430 163
1858440 163
1858450 164
1858460 164
1858470 164
1858480 164
1858490 164
1858500 164
1858510 164
1858520 164
1858530 164
1858540 164
1858550 164
1858560 164
1858570 164
1858580 164
1858590 164
1858600 164
1858610 164
1858620 164
1858630 164
1858640 164
1858650 164
1858660 164
1858670 164
1858680 164
1858690 164
1858700 164
1858710 164
1858720 164
1858730 164
1858740 164
1858750 164
1858760 163
1858770 163
1858780 163
1858790 163
1858800 163
1858810 163
1858820 163
1858830 163
1858840 163
1858850 163
1858860 163
1858870 163
1858880 163
1858890 163
1858900 163
1858910 163
1858920 163
1858930 163
1858940 163
1858950 163
1858960 162
1858970 162
1858980 162
1858990 162
1859000 162
1859010 162
1859020 162
1859030 162
1859040 162
1859050 162
1859060 162
1859070 162
1859080 162
1859090 162
1859100 162
1859110 162
1859120 162
1859130 162
1859140 162
1859150 162
1859160 162
1859170 162
1859180 162
1859190 161
1859200 161
1859210 161
1859220 161
1859230 161
1859240 161
1859250 161
1859260 161
1859270 161
1859280 161
1859290 161
1859300 161
1859310 161
1859320 161
1859330 161
1859340 161
1859350 161
1859360 161
1859370 161
1859380 161
1859390 161
1859400 161
1859410 161
1859420 161
1859430 161
1859440 161
1859450 161
1859460 161
1859470 161
1859480 161
1859490 161
1859500 161
1859510 161
1859520 161
1859530 161
1859540 161
1859550 161
1859560 161
1859570 161
1859580 161
1859590 161
1859600 161
1859610 161
1859620 161
1859630 161
1859640 161
1859650 161
1859660 161
1859670 161
1859680 161
1859690 161
1859700 161
1859710 161
1859720 161
1859730 161
1859740 161
1859750 161
1859760 161
1859770 161
1859780 161
1859790 160
1859800 160
1859810 160
1859820 160
1859830 160
1859840 160
1859850 160
1859860 160
1859870 160
1859880 160
1859890 160
1859900 160
1859910 160
1859920 160
1859930 160
1859940 160
1859950 160
1859960 160
1859970 160
1859980 160
1859990 160
