1840000 174
1840010 174
1840020 174
1840030 174
1840040 174
1840050 174
1840060 175
1840070 175
1840080 175
1840090 175
1840100 175
1840110 175
1840120 175
1840130 175
1840140 175
1840150 175
1840160 175
1840170 175
1840180 175
1840190 175
1840200 175
1840210 175
1840220 175
1840230 175
1840240 175
1840250 175
1840260 174
1840270 174
1840280 174
1840290 174
1840300 174
1840310 174
1840320 174
1840330 174
1840340 174
1840350 174
1840360 174
1840370 173
1840380 173
1840390 173
1840400 173
1840410 173
1840420 173
1840430 173
1840440 173
1840450 173
1840460 173
1840470 174
1840480 174
1840490 174
1840500 173
1840510 173
1840520 173
1840530 173
1840540 173
1840550 173
1840560 173
1840570 173
1840580 173
1840590 173
1840600 173
1840610 173
1840620 173
1840630 173
1840640 173
1840650 173
1840660 173
1840670 173
1840680 173
1840690 173
1840700 173
1840710 173
1840720 173
1840730 173
1840740 173
1840750 173
1840760 173
1840770 173
1840780 173
1840790 173
1840800 173
1840810 173
1840820 173
1840830 173
1840840 173
1840850 173
1840860 173
1840870 173
1840880 173
1840890 173
1840900 173
1840910 173
1840920 173
1840930 173
1840940 173
1840950 173
1840960 173
1840970 173
1840980 173
1840990 173
1841000 173
1841010 173
1841020 173
1841030 173
1841040 173
1841050 173
1841060 173
1841070 173
1841080 173
1841090 173
1841100 173
1841110 173
1841120 173
1841130 173
1841140 173
1841150 173
1841160 173
1841170 173
1841180 173
1841190 173
1841200 173
1841210 173
1841220 173
1841230 173
1841240 173
1841250 173
1841260 173
1841270 173
1841280 173
1841290 173
1841300 173
1841310 173
1841320 173
1841330 173
1841340 173
1841350 173
1841360 173
1841370 173
1841380 173
1841390 173
1841400 173
1841410 173
1841420 173
1841430 173
1841440 173
1841450 173
1841460 173
1841470 173
1841480 173
1841490 173
1841500 173
1841510 173
1841520 173
1841530 173
1841540 173
1841550 173
1841560 173
1841570 173
1841580 173
1841590 173
1841600 173
1841610 173
1841620 173
1841630 173
1841640 173
1841650 173
1841660 173
1841670 172
1841680 172
1841690 172
1841700 172
1841710 172
1841720 172
1841730 172
1841740 172
1841750 172
1841760 172
1841770 172
1841780 172
1841790 173
1841800 173
1841810 173
1841820 173
1841830 172
1841840 172
1841850 172
1841860 172
1841870 172
1841880 173
1841890 172
1841900 172
1841910 172
1841920 172
1841930 172
1841940 172
1841950 172
1841960 172
1841970 172
1841980 172
1841990 172
1842000 173
1842010 173
1842020 173
1842030 172
1842040 172
1842050 172
1842060 172
1842070 172
1842080 172
1842090 172
1842100 172
1842110 172
1842120 172
1842130 172
1842140 172
1842150 172
1842160 172
1842170 172
1842180 172
1842190 172
1842200 172
1842210 172
1842220 172
1842230 172
1842240 172
1842250 172
1842260 172
1842270 172
1842280 172
1842290 172
1842300 172
1842310 172
1842320 172
1842330 172
1842340 172
1842350 172
1842360 172
1842370 172
1842380 172
1842390 172
1842400 172
1842410 172
1842420 172
1842430 172
1842440 172
1842450 172
1842460 172
1842470 172
1842480 172
1842490 172
1842500 172
1842510 172
1842520 172
1842530 172
1842540 172
1842550 172
1842560 172
1842570 172
1842580 172
1842590 172
1842600 172
1842610 172
1842620 172
1842630 172
1842640 172
1842650 172
1842660 171
1842670 171
1842680 171
1842690 171
1842700 171
1842710 171
1842720 171
1842730 171
1842740 171
1842750 171
1842760 171
1842770 171
1842780 171
1842790 171
1842800 171
1842810 171
1842820 171
1842830 171
1842840 171
1842850 171
1842860 171
1842870 171
1842880 171
1842890 171
1842900 171
1842910 171
1842920 171
1842930 171
1842940 171
1842950 171
1842960 171
1842970 171
1842980 171
1842990 171
1843000 171
1843010 171
1843020 171
1843030 171
1843040 171
1843050 171
1843060 171
1843070 171
1843080 171
1843090 171
1843100 171
1843110 171
1843120 171
1843130 171
1843140 171
1843150 171
1843160 171
1843170 171
1843180 171
1843190 171
1843200 171
1843210 171
1843220 171
1843230 171
1843240 171
1843250 171
1843260 171
1843270 171
1843280 171
1843290 171
1843300 171
1843310 171
1843320 171
1843330 171
1843340 171
1843350 171
1843360 171
1843370 171
1843380 171
1843390 171
1843400 171
1843410 171
1843420 171
1843430 171
1843440 171
1843450 171
1843460 171
1843470 171
1843480 171
1843490 171
1843500 171
1843510 171
1843520 171
1843530 171
1843540 171
1843550 171
1843560 171
1843570 171
1843580 171
1843590 171
1843600 171
1843610 171
1843620 171
1843630 170
1843640 170
1843650 170
1843660 170
1843670 170
1843680 170
1843690 170
1843700 170
1843710 170
1843720 170
1843730 170
1843740 170
1843750 170
1843760 170
1843770 170
1843780 170
1843790 170
1843800 170
1843810 170
1843820 170
1843830 170
1843840 170
1843850 170
1843860 170
1843870 170
1843880 170
1843890 170
1843900 170
1843910 170
1843920 170
1843930 170
1843940 170
1843950 170
1843960 170
1843970 170
1843980 170
1843990 170
1844000 170
1844010 170
1844020 170
1844030 170
1844040 170
1844050 170
1844060 170
1844070 170
1844080 170
1844090 170
1844100 170
1844110 170
1844120 170
1844130 170
1844140 170
1844150 170
1844160 170
1844170 170
1844180 170
1844190 170
1844200 170
1844210 170
1844220 170
1844230 170
1844240 170
1844250 170
1844260 170
1844270 170
1844280 170
1844290 170
1844300 170
1844310 170
1844320 170
1844330 170
1844340 169
1844350 169
1844360 169
1844370 169
1844380 169
1844390 169
1844400 169
1844410 169
1844420 169
1844430 169
1844440 169
1844450 169
1844460 169
1844470 169
1844480 170
1844490 170
1844500 170
1844510 169
1844520 169
1844530 169
1844540 169
1844550 169
1844560 169
1844570 169
1844580 169
1844590 169
1844600 169
1844610 169
1844620 169
1844630 169
1844640 169
1844650 169
1844660 169
1844670 169
1844680 169
1844690 169
1844700 170
1844710 170
1844720 170
1844730 170
1844740 170
1844750 168
1844760 168
1844770 168
1844780 168
1844790 168
1844800 168
1844810 168
1844820 169
1844830 169
1844840 170
1844850 171
1844860 171
1844870 171
1844880 171
1844890 171
1844900 171
1844910 169
1844920 169
1844930 168
1844940 168
1844950 168
1844960 168
1844970 168
1844980 168
1844990 168
1845000 168
1845010 168
1845020 168
1845030 168
1845040 168
1845050 168
1845060 168
1845070 168
1845080 168
1845090 169
1845100 169
1845110 170
1845120 170
1845130 170
1845140 170
1845150 169
1845160 169
1845170 169
1845180 169
1845190 169
1845200 169
1845210 169
1845220 169
1845230 169
1845240 169
1845250 169
1845260 169
1845270 169
1845280 169
1845290 169
1845300 169
1845310 170
1845320 170
1845330 169
1845340 169
1845350 169
1845360 169
1845370 170
1845380 170
1845390 170
1845400 170
1845410 170
1845420 170
1845430 170
1845440 170
1845450 170
1845460 170
1845470 170
1845480 170
1845490 170
1845500 170
1845510 170
1845520 170
1845530 170
1845540 170
1845550 170
1845560 170
1845570 170
1845580 170
1845590 170
1845600 170
1845610 170
1845620 170
1845630 170
1845640 170
1845650 170
1845660 170
1845670 170
1845680 170
1845690 170
1845700 170
1845710 170
1845720 170
1845730 170
1845740 170
1845750 170
1845760 170
1845770 170
1845780 170
1845790 170
1845800 170
1845810 170
1845820 170
1845830 170
1845840 170
1845850 170
1845860 170
1845870 170
1845880 170
1845890 170
1845900 170
1845910 170
1845920 170
1845930 170
1845940 170
1845950 170
1845960 170
1845970 170
1845980 170
1845990 170
1846000 170
1846010 170
1846020 170
1846030 170
1846040 170
1846050 170
1846060 170
1846070 170
1846080 170
1846090 170
1846100 170
1846110 170
1846120 170
1846130 170
1846140 170
1846150 170
1846160 170
1846170 170
1846180 170
1846190 170
1846200 170
1846210 170
1846220 170
1846230 170
1846240 170
1846250 170
1846260 170
1846270 170
1846280 170
1846290 170
1846300 170
1846310 170
1846320 170
1846330 170
1846340 170
1846350 170
1846360 170
1846370 170
1846380 171
1846390 171
1846400 171
1846410 171
1846420 171
1846430 171
1846440 171
1846450 171
1846460 171
1846470 171
1846480 171
1846490 171
1846500 171
1846510 171
1846520 171
1846530 171
1846540 171
1846550 171
1846560 172
1846570 172
1846580 172
1846590 172
1846600 172
1846610 172
1846620 172
1846630 172
1846640 172
1846650 172
1846660 172
1846670 171
1846680 171
1846690 171
1846700 171
1846710 171
1846720 171
1846730 171
1846740 171
1846750 171
1846760 171
1846770 171
1846780 171
1846790 171
1846800 171
1846810 171
1846820 171
1846830 171
1846840 171
1846850 171
1846860 171
1846870 171
1846880 171
1846890 171
1846900 171
1846910 171
1846920 171
1846930 171
1846940 171
1846950 171
1846960 172
1846970 172
1846980 172
1846990 172
1847000 171
1847010 171
1847020 171
1847030 171
1847040 171
1847050 171
1847060 171
1847070 171
1847080 171
1847090 171
1847100 171
1847110 171
1847120 171
1847130 171
1847140 171
1847150 171
1847160 171
1847170 171
1847180 171
1847190 171
1847200 171
1847210 171
1847220 171
1847230 171
1847240 171
1847250 171
1847260 171
1847270 171
1847280 171
1847290 171
1847300 171
1847310 171
1847320 171
1847330 171
1847340 171
1847350 171
1847360 171
1847370 171
1847380 171
1847390 171
1847400 171
1847410 171
1847420 171
1847430 171
1847440 171
1847450 171
1847460 171
1847470 171
1847480 171
1847490 171
1847500 171
1847510 171
1847520 171
1847530 171
1847540 171
1847550 171
1847560 171
1847570 171
1847580 171
1847590 171
1847600 171
1847610 171
1847620 171
1847630 170
1847640 170
1847650 171
1847660 170
1847670 170
1847680 170
1847690 170
1847700 170
1847710 170
1847720 170
1847730 170
1847740 170
1847750 170
1847760 170
1847770 170
1847780 170
1847790 170
1847800 170
1847810 170
1847820 170
1847830 170
1847840 170
1847850 170
1847860 170
1847870 170
1847880 170
1847890 170
1847900 170
1847910 170
1847920 170
1847930 170
1847940 170
1847950 170
1847960 170
1847970 170
1847980 170
1847990 170
1848000 169
1848010 169
1848020 169
1848030 169
1848040 169
1848050 170
1848060 170
1848070 170
1848080 170
1848090 170
1848100 170
1848110 170
1848120 170
1848130 170
1848140 170
1848150 170
1848160 170
1848170 170
1848180 170
1848190 170
1848200 170
1848210 170
1848220 170
1848230 170
1848240 170
1848250 170
1848260 170
1848270 170
1848280 170
1848290 170
1848300 170
1848310 170
1848320 170
1848330 170
1848340 170
1848350 169
1848360 169
1848370 169
1848380 169
1848390 169
1848400 169
1848410 169
1848420 169
1848430 169
1848440 169
1848450 170
1848460 170
1848470 170
1848480 170
1848490 170
1848500 170
1848510 170
1848520 170
1848530 170
1848540 170
1848550 170
1848560 170
1848570 169
1848580 169
1848590 169
1848600 169
1848610 169
1848620 169
1848630 169
1848640 169
1848650 169
1848660 169
1848670 169
1848680 169
1848690 169
1848700 169
1848710 169
1848720 169
1848730 169
1848740 169
1848750 169
1848760 169
1848770 169
1848780 169
1848790 169
1848800 169
1848810 169
1848820 169
1848830 169
1848840 169
1848850 169
1848860 169
1848870 169
1848880 169
1848890 169
1848900 169
1848910 169
1848920 169
1848930 169
1848940 169
1848950 169
1848960 169
1848970 169
1848980 169
1848990 169
1849000 169
1849010 169
1849020 169
1849030 169
1849040 169
1849050 169
1849060 169
1849070 169
1849080 169
1849090 169
1849100 169
1849110 169
1849120 169
1849130 169
1849140 169
1849150 169
1849160 169
1849170 169
1849180 169
1849190 169
1849200 169
1849210 169
1849220 169
1849230 169
1849240 169
1849250 169
1849260 169
1849270 169
1849280 169
1849290 169
1849300 169
1849310 169
1849320 169
1849330 169
1849340 169
1849350 169
1849360 169
1849370 169
1849380 169
1849390 168
1849400 168
1849410 168
1849420 168
1849430 168
1849440 168
1849450 168
1849460 168
1849470 169
1849480 168
1849490 168
1849500 168
1849510 168
1849520 168
1849530 168
1849540 168
1849550 168
1849560 168
1849570 168
1849580 168
1849590 168
1849600 168
1849610 168
1849620 168
1849630 168
1849640 168
1849650 168
1849660 168
1849670 168
1849680 168
1849690 168
1849700 168
1849710 168
1849720 168
1849730 168
1849740 168
1849750 168
1849760 168
1849770 168
1849780 168
1849790 168
1849800 168
1849810 168
1849820 168
1849830 168
1849840 168
1849850 168
1849860 168
1849870 168
1849880 168
1849890 168
1849900 168
1849910 168
1849920 168
1849930 168
1849940 168
1849950 168
1849960 168
1849970 168
1849980 168
1849990 168
1850000 168
1850010 168
1850020 168
1850030 168
1850040 168
1850050 168
1850060 168
1850070 168
1850080 168
1850090 168
1850100 168
1850110 168
1850120 168
1850130 168
1850140 168
1850150 168
1850160 168
1850170 168
1850180 168
1850190 168
1850200 168
1850210 168
1850220 168
1850230 168
1850240 168
1850250 168
1850260 168
1850270 168
1850280 168
1850290 169
1850300 169
1850310 169
1850320 169
1850330 169
1850340 168
1850350 168
1850360 168
1850370 168
1850380 168
1850390 168
1850400 168
1850410 168
1850420 168
1850430 168
1850440 168
1850450 168
1850460 168
1850470 168
1850480 168
1850490 168
1850500 168
1850510 168
1850520 168
1850530 168
1850540 168
1850550 168
1850560 168
1850570 168
1850580 168
1850590 168
1850600 168
1850610 168
1850620 168
1850630 168
1850640 168
1850650 168
1850660 168
1850670 168
1850680 168
1850690 168
1850700 168
1850710 168
1850720 168
1850730 168
1850740 168
1850750 168
1850760 168
1850770 168
1850780 168
1850790 168
1850800 168
1850810 168
1850820 168
1850830 168
1850840 168
1850850 168
1850860 168
1850870 168
1850880 168
1850890 168
1850900 168
1850910 168
1850920 168
1850930 168
1850940 168
1850950 168
1850960 168
1850970 168
1850980 168
1850990 168
1851000 168
1851010 168
1851020 168
1851030 168
1851040 168
1851050 168
1851060 168
1851070 168
1851080 168
1851090 168
1851100 168
1851110 168
1851120 168
1851130 168
1851140 168
1851150 168
1851160 168
1851170 168
1851180 168
1851190 168
1851200 168
1851210 168
1851220 168
1851230 168
1851240 168
1851250 168
1851260 168
1851270 168
1851280 168
1851290 168
1851300 168
1851310 168
1851320 168
1851330 168
1851340 168
1851350 168
1851360 168
1851370 168
1851380 167
1851390 167
1851400 167
1851410 167
1851420 167
1851430 167
1851440 167
1851450 167
1851460 167
1851470 167
1851480 167
1851490 167
1851500 167
1851510 167
1851520 167
1851530 167
1851540 167
1851550 167
1851560 167
1851570 167
1851580 167
1851590 167
1851600 167
1851610 167
1851620 167
1851630 167
1851640 167
1851650 167
1851660 167
1851670 167
1851680 168
1851690 168
1851700 168
1851710 167
1851720 167
1851730 167
1851740 167
1851750 167
1851760 167
1851770 167
1851780 167
1851790 167
1851800 167
1851810 167
1851820 167
1851830 167
1851840 167
1851850 167
1851860 167
1851870 167
1851880 167
1851890 168
1851900 168
1851910 168
1851920 168
1851930 167
1851940 167
1851950 167
1851960 167
1851970 167
1851980 167
1851990 167
1852000 167
1852010 167
1852020 167
1852030 167
1852040 167
1852050 167
1852060 167
1852070 167
1852080 167
1852090 167
1852100 167
1852110 167
1852120 167
1852130 167
1852140 167
1852150 167
1852160 167
1852170 167
1852180 167
1852190 167
1852200 167
1852210 167
1852220 167
1852230 168
1852240 168
1852250 168
1852260 167
1852270 167
1852280 167
1852290 167
1852300 167
1852310 167
1852320 167
1852330 167
1852340 167
1852350 167
1852360 167
1852370 167
1852380 167
1852390 167
1852400 167
1852410 168
1852420 168
1852430 168
1852440 168
1852450 168
1852460 168
1852470 168
1852480 168
1852490 168
1852500 168
1852510 168
1852520 168
1852530 168
1852540 168
1852550 168
1852560 168
1852570 168
1852580 168
1852590 168
1852600 168
1852610 168
1852620 168
1852630 168
1852640 168
1852650 168
1852660 168
1852670 168
1852680 168
1852690 168
1852700 168
1852710 168
1852720 168
1852730 168
1852740 168
1852750 168
1852760 168
1852770 168
1852780 168
1852790 168
1852800 168
1852810 168
1852820 168
1852830 168
1852840 168
1852850 168
1852860 168
1852870 168
1852880 168
1852890 168
1852900 168
1852910 168
1852920 168
1852930 168
1852940 168
1852950 168
1852960 168
1852970 168
1852980 168
1852990 168
1853000 168
1853010 168
1853020 168
1853030 168
1853040 168
1853050 168
1853060 168
1853070 168
1853080 168
1853090 168
1853100 168
1853110 168
1853120 168
1853130 168
1853140 168
1853150 168
1853160 168
1853170 168
1853180 168
1853190 168
1853200 168
1853210 168
1853220 168
1853230 168
1853240 168
1853250 168
1853260 168
1853270 168
1853280 168
1853290 168
1853300 168
1853310 168
1853320 168
1853330 168
1853340 168
1853350 168
1853360 168
1853370 168
1853380 168
1853390 168
1853400 168
1853410 168
1853420 168
1853430 168
1853440 168
1853450 168
1853460 169
1853470 169
1853480 169
1853490 169
1853500 169
1853510 169
1853520 169
1853530 169
1853540 169
1853550 169
1853560 169
1853570 169
1853580 169
1853590 169
1853600 169
1853610 169
1853620 169
1853630 169
1853640 169
1853650 169
1853660 169
1853670 169
1853680 169
1853690 169
1853700 169
1853710 168
1853720 168
1853730 168
1853740 168
1853750 168
1853760 168
1853770 168
1853780 168
1853790 168
1853800 168
1853810 168
1853820 168
1853830 168
1853840 168
1853850 168
1853860 168
1853870 168
1853880 168
1853890 168
1853900 168
1853910 168
1853920 168
1853930 168
1853940 168
1853950 168
1853960 168
1853970 167
1853980 167
1853990 167
1854000 167
1854010 167
1854020 167
1854030 167
1854040 167
1854050 167
1854060 167
1854070 167
1854080 167
1854090 167
1854100 167
1854110 167
1854120 167
1854130 167
1854140 167
1854150 166
1854160 167
1854170 167
1854180 166
1854190 166
1854200 166
1854210 166
1854220 166
1854230 166
1854240 166
1854250 166
1854260 166
1854270 166
1854280 166
1854290 166
1854300 166
1854310 166
1854320 166
1854330 166
1854340 166
1854350 166
1854360 166
1854370 166
1854380 166
1854390 166
1854400 166
1854410 166
1854420 166
1854430 166
1854440 166
1854450 166
1854460 166
1854470 166
1854480 166
1854490 166
1854500 166
1854510 166
1854520 166
1854530 166
1854540 166
1854550 166
1854560 165
1854570 165
1854580 165
1854590 165
1854600 165
1854610 165
1854620 165
1854630 165
1854640 165
1854650 165
1854660 165
1854670 165
1854680 165
1854690 165
1854700 165
1854710 165
1854720 165
1854730 165
1854740 165
1854750 165
1854760 165
1854770 165
1854780 165
1854790 165
1854800 165
1854810 165
1854820 165
1854830 165
1854840 165
1854850 165
1854860 165
1854870 165
1854880 165
1854890 165
1854900 165
1854910 165
1854920 165
1854930 165
1854940 164
1854950 164
1854960 164
1854970 164
1854980 164
1854990 164
1855000 164
1855010 164
1855020 164
1855030 164
1855040 164
1855050 164
1855060 164
1855070 164
1855080 164
1855090 164
1855100 164
1855110 164
1855120 164
1855130 164
1855140 164
1855150 164
1855160 164
1855170 164
1855180 164
1855190 164
1855200 164
1855210 164
1855220 164
1855230 164
1855240 164
1855250 164
1855260 164
1855270 164
1855280 164
1855290 164
1855300 164
1855310 164
1855320 164
1855330 164
1855340 164
1855350 164
1855360 164
1855370 164
1855380 164
1855390 164
1855400 164
1855410 164
1855420 164
1855430 164
1855440 164
1855450 164
1855460 164
1855470 164
1855480 164
1855490 164
1855500 164
1855510 164
1855520 164
1855530 164
1855540 164
1855550 164
1855560 164
1855570 164
1855580 164
1855590 164
1855600 164
1855610 164
1855620 163
1855630 163
1855640 163
1855650 163
1855660 163
1855670 163
1855680 163
1855690 163
1855700 163
1855710 163
1855720 163
1855730 163
1855740 164
1855750 164
1855760 164
1855770 164
1855780 164
1855790 164
1855800 164
1855810 164
1855820 164
1855830 164
1855840 164
1855850 164
1855860 164
1855870 164
1855880 164
1855890 163
1855900 163
1855910 164
1855920 164
1855930 164
1855940 164
1855950 164
1855960 164
1855970 164
1855980 164
1855990 164
1856000 164
1856010 164
1856020 164
1856030 164
1856040 164
1856050 164
1856060 164
1856070 164
1856080 164
1856090 164
1856100 164
1856110 164
1856120 164
1856130 164
1856140 164
1856150 164
1856160 164
1856170 164
1856180 164
1856190 164
1856200 164
1856210 164
1856220 164
1856230 164
1856240 164
1856250 164
1856260 164
1856270 164
1856280 164
1856290 164
1856300 164
1856310 164
1856320 164
1856330 164
1856340 164
1856350 164
1856360 164
1856370 164
1856380 164
1856390 164
1856400 163
1856410 163
1856420 164
1856430 163
1856440 163
1856450 164
1856460 164
1856470 164
1856480 164
1856490 164
1856500 164
1856510 164
1856520 163
1856530 163
1856540 163
1856550 163
1856560 163
1856570 164
1856580 164
1856590 164
1856600 164
1856610 164
1856620 164
1856630 164
1856640 164
1856650 164
1856660 164
1856670 164
1856680 164
1856690 164
1856700 164
1856710 164
1856720 164
1856730 164
1856740 164
1856750 164
1856760 164
1856770 164
1856780 164
1856790 164
1856800 164
1856810 164
1856820 164
1856830 164
1856840 164
1856850 164
1856860 164
1856870 164
1856880 164
1856890 164
1856900 164
1856910 164
1856920 164
1856930 164
1856940 164
1856950 164
1856960 164
1856970 164
1856980 164
1856990 164
1857000 164
1857010 164
1857020 164
1857030 164
1857040 164
1857050 164
1857060 164
1857070 164
1857080 164
1857090 164
1857100 164
1857110 164
1857120 164
1857130 163
1857140 163
1857150 163
1857160 163
1857170 163
1857180 163
1857190 163
1857200 163
1857210 163
1857220 164
1857230 164
1857240 164
1857250 164
1857260 164
1857270 164
1857280 164
1857290 164
1857300 164
1857310 164
1857320 164
1857330 164
1857340 164
1857350 164
1857360 164
1857370 164
1857380 164
1857390 164
1857400 164
1857410 164
1857420 164
1857430 164
1857440 164
1857450 164
1857460 164
1857470 164
1857480 164
1857490 163
1857500 163
1857510 163
1857520 163
1857530 163
1857540 163
1857550 163
1857560 163
1857570 163
1857580 163
1857590 163
1857600 163
1857610 163
1857620 163
1857630 163
1857640 163
1857650 163
1857660 163
1857670 162
1857680 162
1857690 162
1857700 162
1857710 162
1857720 162
1857730 162
1857740 162
1857750 162
1857760 162
1857770 162
1857780 162
1857790 162
1857800 162
1857810 162
1857820 162
1857830 162
1857840 162
1857850 163
1857860 163
1857870 163
1857880 163
1857890 163
1857900 163
1857910 163
1857920 163
1857930 163
1857940 163
1857950 163
1857960 163
1857970 163
1857980 163
1857990 163
1858000 163
1858010 163
1858020 163
1858030 163
1858040 163
1858050 163
1858060 163
1858070 163
1858080 163
1858090 163
1858100 163
1858110 163
1858120 163
1858130 163
1858140 163
1858150 163
1858160 163
1858170 163
1858180 163
1858190 163
1858200 163
1858210 163
1858220 163
1858230 163
1858240 162
1858250 162
1858260 162
1858270 162
1858280 162
1858290 162
1858300 162
1858310 162
1858320 162
1858330 162
1858340 162
1858350 162
1858360 162
1858370 162
1858380 162
1858390 162
1858400 163
1858410 163
1858420 163
1858430 163
1858440 163
1858450 163
1858460 163
1858470 163
1858480 163
1858490 163
1858500 163
1858510 163
1858520 163
1858530 163
1858540 163
1858550 163
1858560 163
1858570 163
1858580 163
1858590 163
1858600 163
1858610 163
1858620 163
1858630 163
1858640 163
1858650 163
1858660 163
1858670 163
1858680 163
1858690 163
1858700 163
1858710 163
1858720 163
1858730 162
1858740 162
1858750 162
1858760 162
1858770 162
1858780 162
1858790 162
1858800 162
1858810 162
1858820 162
1858830 162
1858840 162
1858850 162
1858860 162
1858870 162
1858880 162
1858890 162
1858900 162
1858910 162
1858920 162
1858930 162
1858940 161
1858950 161
1858960 161
1858970 161
1858980 161
1858990 161
1859000 161
1859010 161
1859020 161
1859030 161
1859040 161
1859050 161
1859060 161
1859070 161
1859080 161
1859090 161
1859100 161
1859110 161
1859120 161
1859130 161
1859140 161
1859150 160
1859160 160
1859170 160
1859180 160
1859190 160
1859200 160
1859210 160
1859220 160
1859230 160
1859240 160
1859250 160
1859260 160
1859270 160
1859280 160
1859290 160
1859300 160
1859310 160
1859320 160
1859330 160
1859340 160
1859350 160
1859360 160
1859370 160
1859380 160
1859390 160
1859400 160
1859410 160
1859420 160
1859430 160
1859440 160
1859450 160
1859460 160
1859470 159
1859480 159
1859490 159
1859500 159
1859510 159
1859520 159
1859530 159
1859540 159
1859550 159
1859560 159
1859570 159
1859580 159
1859590 159
1859600 159
1859610 159
1859620 159
1859630 159
1859640 159
1859650 159
1859660 159
1859670 159
1859680 159
1859690 159
1859700 159
1859710 159
1859720 159
1859730 159
1859740 159
1859750 159
1859760 159
1859770 159
1859780 159
1859790 159
1859800 159
1859810 159
1859820 159
1859830 159
1859840 159
1859850 159
1859860 159
1859870 159
1859880 159
1859890 159
1859900 159
1859910 159
1859920 159
1859930 159
1859940 159
1859950 159
1859960 159
1859970 159
1859980 159
1859990 159
