1840000 189
1840010 190
1840020 190
1840030 190
1840040 190
1840050 190
1840060 190
1840070 190
1840080 190
1840090 191
1840100 191
1840110 191
1840120 191
1840130 191
1840140 192
1840150 193
1840160 193
1840170 193
1840180 192
1840190 192
1840200 192
1840210 192
1840220 192
1840230 192
1840240 192
1840250 192
1840260 191
1840270 191
1840280 191
1840290 190
1840300 190
1840310 190
1840320 190
1840330 190
1840340 190
1840350 190
1840360 190
1840370 190
1840380 190
1840390 190
1840400 190
1840410 190
1840420 191
1840430 191
1840440 192
1840450 193
1840460 193
1840470 194
1840480 195
1840490 195
1840500 196
1840510 198
1840520 198
1840530 199
1840540 200
1840550 200
1840560 201
1840570 202
1840580 202
1840590 202
1840600 203
1840610 203
1840620 203
1840630 204
1840640 204
1840650 204
1840660 204
1840670 205
1840680 205
1840690 205
1840700 205
1840710 206
1840720 206
1840730 206
1840740 206
1840750 206
1840760 206
1840770 206
1840780 206
1840790 206
1840800 206
1840810 206
1840820 206
1840830 206
1840840 206
1840850 206
1840860 206
1840870 205
1840880 205
1840890 205
1840900 205
1840910 205
1840920 205
1840930 204
1840940 204
1840950 204
1840960 204
1840970 204
1840980 203
1840990 203
1841000 203
1841010 203
1841020 203
1841030 203
1841040 202
1841050 202
1841060 202
1841070 201
1841080 201
1841090 201
1841100 201
1841110 200
1841120 200
1841130 200
1841140 199
1841150 199
1841160 199
1841170 199
1841180 199
1841190 198
1841200 198
1841210 198
1841220 197
1841230 197
1841240 197
1841250 197
1841260 196
1841270 196
1841280 196
1841290 196
1841300 196
1841310 196
1841320 195
1841330 195
1841340 195
1841350 195
1841360 195
1841370 195
1841380 194
1841390 194
1841400 194
1841410 194
1841420 194
1841430 194
1841440 194
1841450 194
1841460 193
1841470 193
1841480 193
1841490 193
1841500 192
1841510 192
1841520 191
1841530 191
1841540 191
1841550 191
1841560 190
1841570 190
1841580 190
1841590 190
1841600 190
1841610 189
1841620 189
1841630 189
1841640 188
1841650 188
1841660 187
1841670 187
1841680 187
1841690 186
1841700 186
1841710 185
1841720 185
1841730 185
1841740 184
1841750 184
1841760 184
1841770 183
1841780 183
1841790 183
1841800 182
1841810 182
1841820 182
1841830 181
1841840 181
1841850 181
1841860 181
1841870 181
1841880 181
1841890 180
1841900 180
1841910 180
1841920 179
1841930 179
1841940 179
1841950 177
1841960 178
1841970 178
1841980 178
1841990 178
1842000 178
1842010 177
1842020 177
1842030 177
1842040 176
1842050 176
1842060 176
1842070 176
1842080 175
1842090 175
1842100 175
1842110 175
1842120 175
1842130 175
1842140 175
1842150 175
1842160 175
1842170 175
1842180 175
1842190 174
1842200 174
1842210 174
1842220 174
1842230 174
1842240 174
1842250 174
1842260 173
1842270 173
1842280 173
1842290 173
1842300 173
1842310 173
1842320 173
1842330 173
1842340 172
1842350 172
1842360 172
1842370 172
1842380 171
1842390 171
1842400 171
1842410 171
1842420 171
1842430 170
1842440 170
1842450 170
1842460 169
1842470 169
1842480 169
1842490 169
1842500 168
1842510 168
1842520 168
1842530 168
1842540 168
1842550 168
1842560 168
1842570 168
1842580 168
1842590 167
1842600 167
1842610 167
1842620 167
1842630 167
1842640 167
1842650 167
1842660 167
1842670 167
1842680 167
1842690 167
1842700 167
1842710 167
1842720 167
1842730 167
1842740 167
1842750 167
1842760 167
1842770 167
1842780 167
1842790 167
1842800 167
1842810 167
1842820 167
1842830 167
1842840 167
1842850 167
1842860 167
1842870 167
1842880 167
1842890 168
1842900 168
1842910 168
1842920 168
1842930 168
1842940 168
1842950 168
1842960 168
1842970 168
1842980 168
1842990 168
1843000 168
1843010 168
1843020 168
1843030 169
1843040 169
1843050 169
1843060 169
1843070 169
1843080 169
1843090 169
1843100 169
1843110 169
1843120 168
1843130 168
1843140 168
1843150 168
1843160 167
1843170 167
1843180 168
1843190 168
1843200 169
1843210 169
1843220 168
1843230 168
1843240 168
1843250 167
1843260 167
1843270 167
1843280 167
1843290 167
1843300 167
1843310 166
1843320 166
1843330 166
1843340 166
1843350 166
1843360 166
1843370 166
1843380 166
1843390 166
1843400 166
1843410 166
1843420 166
1843430 166
1843440 166
1843450 166
1843460 166
1843470 166
1843480 166
1843490 166
1843500 166
1843510 166
1843520 166
1843530 166
1843540 166
1843550 166
1843560 166
1843570 166
1843580 166
1843590 166
1843600 166
1843610 166
1843620 166
1843630 166
1843640 166
1843650 166
1843660 166
1843670 166
1843680 166
1843690 166
1843700 166
1843710 166
1843720 166
1843730 166
1843740 166
1843750 166
1843760 165
1843770 166
1843780 166
1843790 166
1843800 166
1843810 166
1843820 165
1843830 165
1843840 165
1843850 165
1843860 165
1843870 165
1843880 165
1843890 165
1843900 165
1843910 165
1843920 165
1843930 165
1843940 165
1843950 165
1843960 165
1843970 165
1843980 165
1843990 165
1844000 165
1844010 165
1844020 165
1844030 165
1844040 165
1844050 165
1844060 165
1844070 165
1844080 165
1844090 165
1844100 165
1844110 165
1844120 165
1844130 165
1844140 165
1844150 165
1844160 165
1844170 165
1844180 165
1844190 165
1844200 165
1844210 165
1844220 165
1844230 165
1844240 165
1844250 165
1844260 165
1844270 165
1844280 165
1844290 165
1844300 165
1844310 165
1844320 165
1844330 165
1844340 165
1844350 165
1844360 164
1844370 164
1844380 164
1844390 164
1844400 164
1844410 164
1844420 164
1844430 165
1844440 165
1844450 165
1844460 165
1844470 165
1844480 165
1844490 164
1844500 164
1844510 165
1844520 165
1844530 165
1844540 165
1844550 165
1844560 165
1844570 165
1844580 165
1844590 165
1844600 164
1844610 164
1844620 164
1844630 165
1844640 164
1844650 164
1844660 164
1844670 164
1844680 164
1844690 164
1844700 164
1844710 164
1844720 164
1844730 164
1844740 164
1844750 164
1844760 164
1844770 164
1844780 164
1844790 164
1844800 164
1844810 164
1844820 164
1844830 164
1844840 164
1844850 164
1844860 164
1844870 164
1844880 164
1844890 164
1844900 164
1844910 164
1844920 164
1844930 164
1844940 164
1844950 164
1844960 164
1844970 164
1844980 164
1844990 164
1845000 164
1845010 164
1845020 164
1845030 164
1845040 164
1845050 164
1845060 164
1845070 164
1845080 164
1845090 164
1845100 164
1845110 164
1845120 164
1845130 164
1845140 164
1845150 164
1845160 164
1845170 164
1845180 163
1845190 164
1845200 164
1845210 163
1845220 163
1845230 163
1845240 163
1845250 163
1845260 163
1845270 163
1845280 163
1845290 163
1845300 163
1845310 164
1845320 164
1845330 164
1845340 163
1845350 163
1845360 163
1845370 163
1845380 163
1845390 163
1845400 163
1845410 163
1845420 163
1845430 163
1845440 163
1845450 163
1845460 163
1845470 163
1845480 163
1845490 163
1845500 163
1845510 163
1845520 163
1845530 163
1845540 163
1845550 163
1845560 163
1845570 163
1845580 163
1845590 163
1845600 163
1845610 163
1845620 163
1845630 163
1845640 163
1845650 163
1845660 162
1845670 163
1845680 163
1845690 163
1845700 163
1845710 163
1845720 163
1845730 163
1845740 163
1845750 163
1845760 163
1845770 163
1845780 163
1845790 163
1845800 163
1845810 163
1845820 163
1845830 163
1845840 163
1845850 163
1845860 163
1845870 163
1845880 163
1845890 163
1845900 163
1845910 163
1845920 163
1845930 163
1845940 163
1845950 163
1845960 163
1845970 163
1845980 163
1845990 163
1846000 163
1846010 163
1846020 163
1846030 163
1846040 163
1846050 163
1846060 163
1846070 163
1846080 163
1846090 163
1846100 163
1846110 163
1846120 162
1846130 162
1846140 162
1846150 162
1846160 162
1846170 162
1846180 162
1846190 162
1846200 162
1846210 162
1846220 162
1846230 162
1846240 163
1846250 163
1846260 163
1846270 163
1846280 163
1846290 163
1846300 163
1846310 163
1846320 163
1846330 163
1846340 163
1846350 163
1846360 163
1846370 163
1846380 163
1846390 163
1846400 163
1846410 163
1846420 162
1846430 162
1846440 162
1846450 162
1846460 162
1846470 162
1846480 162
1846490 163
1846500 163
1846510 163
1846520 163
1846530 163
1846540 163
1846550 163
1846560 163
1846570 164
1846580 164
1846590 164
1846600 164
1846610 164
1846620 164
1846630 164
1846640 164
1846650 164
1846660 164
1846670 164
1846680 164
1846690 162
1846700 163
1846710 163
1846720 163
1846730 163
1846740 163
1846750 164
1846760 163
1846770 163
1846780 162
1846790 162
1846800 162
1846810 162
1846820 162
1846830 162
1846840 162
1846850 162
1846860 162
1846870 162
1846880 162
1846890 162
1846900 162
1846910 162
1846920 162
1846930 162
1846940 162
1846950 162
1846960 162
1846970 162
1846980 162
1846990 162
1847000 162
1847010 162
1847020 162
1847030 162
1847040 162
1847050 162
1847060 162
1847070 162
1847080 162
1847090 162
1847100 162
1847110 162
1847120 162
1847130 162
1847140 162
1847150 162
1847160 162
1847170 162
1847180 162
1847190 162
1847200 162
1847210 162
1847220 162
1847230 162
1847240 162
1847250 162
1847260 162
1847270 162
1847280 162
1847290 162
1847300 162
1847310 162
1847320 162
1847330 162
1847340 162
1847350 162
1847360 162
1847370 162
1847380 162
1847390 162
1847400 162
1847410 162
1847420 162
1847430 162
1847440 162
1847450 162
1847460 162
1847470 162
1847480 162
1847490 162
1847500 162
1847510 162
1847520 162
1847530 162
1847540 163
1847550 163
1847560 163
1847570 163
1847580 163
1847590 163
1847600 162
1847610 162
1847620 162
1847630 162
1847640 162
1847650 162
1847660 162
1847670 162
1847680 162
1847690 162
1847700 162
1847710 162
1847720 162
1847730 162
1847740 162
1847750 162
1847760 162
1847770 162
1847780 162
1847790 162
1847800 162
1847810 162
1847820 162
1847830 162
1847840 162
1847850 162
1847860 162
1847870 162
1847880 162
1847890 162
1847900 162
1847910 162
1847920 162
1847930 162
1847940 162
1847950 162
1847960 162
1847970 162
1847980 162
1847990 162
1848000 162
1848010 162
1848020 162
1848030 162
1848040 162
1848050 162
1848060 162
1848070 162
1848080 162
1848090 162
1848100 162
1848110 162
1848120 161
1848130 161
1848140 162
1848150 162
1848160 162
1848170 162
1848180 162
1848190 162
1848200 162
1848210 162
1848220 162
1848230 162
1848240 162
1848250 162
1848260 162
1848270 161
1848280 161
1848290 162
1848300 161
1848310 161
1848320 162
1848330 162
1848340 162
1848350 161
1848360 161
1848370 161
1848380 162
1848390 162
1848400 162
1848410 162
1848420 161
1848430 161
1848440 161
1848450 161
1848460 161
1848470 161
1848480 161
1848490 161
1848500 161
1848510 161
1848520 161
1848530 161
1848540 161
1848550 161
1848560 161
1848570 161
1848580 161
1848590 161
1848600 161
1848610 161
1848620 161
1848630 161
1848640 161
1848650 161
1848660 161
1848670 161
1848680 161
1848690 161
1848700 161
1848710 161
1848720 161
1848730 161
1848740 161
1848750 161
1848760 161
1848770 161
1848780 162
1848790 162
1848800 162
1848810 162
1848820 162
1848830 162
1848840 162
1848850 162
1848860 162
1848870 162
1848880 162
1848890 162
1848900 162
1848910 162
1848920 162
1848930 162
1848940 162
1848950 162
1848960 162
1848970 162
1848980 162
1848990 162
1849000 162
1849010 161
1849020 161
1849030 161
1849040 161
1849050 161
1849060 161
1849070 161
1849080 161
1849090 161
1849100 162
1849110 162
1849120 162
1849130 162
1849140 162
1849150 162
1849160 162
1849170 162
1849180 162
1849190 162
1849200 162
1849210 162
1849220 162
1849230 162
1849240 162
1849250 162
1849260 162
1849270 162
1849280 162
1849290 162
1849300 162
1849310 162
1849320 162
1849330 162
1849340 162
1849350 162
1849360 162
1849370 162
1849380 162
1849390 162
1849400 162
1849410 163
1849420 163
1849430 163
1849440 163
1849450 163
1849460 163
1849470 163
1849480 163
1849490 163
1849500 163
1849510 163
1849520 163
1849530 163
1849540 163
1849550 163
1849560 163
1849570 163
1849580 163
1849590 163
1849600 163
1849610 163
1849620 163
1849630 163
1849640 163
1849650 163
1849660 164
1849670 164
1849680 164
1849690 164
1849700 164
1849710 164
1849720 164
1849730 164
1849740 165
1849750 165
1849760 165
1849770 166
1849780 167
1849790 167
1849800 167
1849810 166
1849820 166
1849830 167
1849840 168
1849850 168
1849860 171
1849870 172
1849880 172
1849890 174
1849900 176
1849910 176
1849920 178
1849930 178
1849940 178
1849950 179
1849960 180
1849970 180
1849980 181
1849990 184
1850000 184
1850010 185
1850020 186
1850030 186
1850040 186
1850050 187
1850060 187
1850070 186
1850080 186
1850090 186
1850100 185
1850110 184
1850120 184
1850130 183
1850140 182
1850150 182
1850160 181
1850170 180
1850180 180
1850190 179
1850200 178
1850210 178
1850220 178
1850230 178
1850240 178
1850250 179
1850260 180
1850270 180
1850280 182
1850290 184
1850300 184
1850310 186
1850320 187
1850330 187
1850340 188
1850350 188
1850360 188
1850370 188
1850380 188
1850390 188
1850400 188
1850410 188
1850420 188
1850430 189
1850440 189
1850450 189
1850460 189
1850470 189
1850480 189
1850490 189
1850500 189
1850510 189
1850520 190
1850530 190
1850540 190
1850550 190
1850560 190
1850570 190
1850580 191
1850590 191
1850600 191
1850610 192
1850620 192
1850630 192
1850640 193
1850650 194
1850660 194
1850670 194
1850680 194
1850690 194
1850700 195
1850710 196
1850720 196
1850730 196
1850740 196
1850750 196
1850760 196
1850770 196
1850780 196
1850790 195
1850800 195
1850810 195
1850820 195
1850830 195
1850840 195
1850850 194
1850860 194
1850870 194
1850880 193
1850890 193
1850900 193
1850910 193
1850920 193
1850930 193
1850940 193
1850950 192
1850960 192
1850970 192
1850980 192
1850990 192
1851000 193
1851010 193
1851020 193
1851030 192
1851040 192
1851050 193
1851060 193
1851070 193
1851080 193
1851090 193
1851100 193
1851110 193
1851120 193
1851130 193
1851140 193
1851150 193
1851160 193
1851170 193
1851180 193
1851190 193
1851200 193
1851210 193
1851220 193
1851230 193
1851240 193
1851250 193
1851260 192
1851270 192
1851280 192
1851290 192
1851300 192
1851310 192
1851320 191
1851330 191
1851340 191
1851350 191
1851360 191
1851370 191
1851380 191
1851390 191
1851400 192
1851410 192
1851420 192
1851430 193
1851440 193
1851450 193
1851460 193
1851470 193
1851480 193
1851490 193
1851500 193
1851510 193
1851520 193
1851530 193
1851540 193
1851550 192
1851560 192
1851570 192
1851580 192
1851590 192
1851600 192
1851610 192
1851620 191
1851630 191
1851640 191
1851650 191
1851660 191
1851670 190
1851680 190
1851690 190
1851700 190
1851710 189
1851720 189
1851730 189
1851740 188
1851750 188
1851760 187
1851770 187
1851780 187
1851790 187
1851800 187
1851810 187
1851820 187
1851830 187
1851840 187
1851850 188
1851860 188
1851870 188
1851880 188
1851890 189
1851900 189
1851910 189
1851920 189
1851930 189
1851940 188
1851950 188
1851960 188
1851970 187
1851980 186
1851990 186
1852000 185
1852010 184
1852020 184
1852030 183
1852040 182
1852050 182
1852060 182
1852070 183
1852080 183
1852090 183
1852100 184
1852110 184
1852120 184
1852130 185
1852140 185
1852150 186
1852160 186
1852170 186
1852180 186
1852190 186
1852200 186
1852210 186
1852220 186
1852230 186
1852240 186
1852250 186
1852260 186
1852270 186
1852280 186
1852290 186
1852300 185
1852310 185
1852320 185
1852330 185
1852340 185
1852350 185
1852360 185
1852370 185
1852380 185
1852390 184
1852400 184
1852410 184
1852420 184
1852430 184
1852440 184
1852450 184
1852460 184
1852470 184
1852480 184
1852490 184
1852500 184
1852510 184
1852520 184
1852530 184
1852540 185
1852550 188
1852560 188
1852570 190
1852580 193
1852590 193
1852600 196
1852610 197
1852620 197
1852630 199
1852640 201
1852650 201
1852660 200
1852670 201
1852680 201
1852690 201
1852700 202
1852710 202
1852720 202
1852730 203
1852740 203
1852750 203
1852760 204
1852770 204
1852780 204
1852790 204
1852800 204
1852810 202
1852820 202
1852830 202
1852840 202
1852850 201
1852860 199
1852870 199
1852880 198
1852890 197
1852900 197
1852910 196
1852920 194
1852930 194
1852940 194
1852950 193
1852960 193
1852970 193
1852980 193
1852990 193
1853000 193
1853010 193
1853020 193
1853030 193
1853040 193
1853050 193
1853060 193
1853070 193
1853080 193
1853090 193
1853100 193
1853110 193
1853120 194
1853130 194
1853140 194
1853150 194
1853160 194
1853170 194
1853180 194
1853190 194
1853200 194
1853210 194
1853220 195
1853230 195
1853240 195
1853250 195
1853260 195
1853270 195
1853280 195
1853290 195
1853300 195
1853310 195
1853320 195
1853330 196
1853340 196
1853350 196
1853360 196
1853370 196
1853380 196
1853390 197
1853400 197
1853410 197
1853420 198
1853430 198
1853440 198
1853450 198
1853460 199
1853470 199
1853480 200
1853490 200
1853500 200
1853510 201
1853520 202
1853530 202
1853540 202
1853550 203
1853560 203
1853570 204
1853580 204
1853590 204
1853600 205
1853610 206
1853620 206
1853630 207
1853640 208
1853650 208
1853660 209
1853670 210
1853680 210
1853690 211
1853700 212
1853710 212
1853720 213
1853730 213
1853740 213
1853750 214
1853760 214
1853770 214
1853780 214
1853790 215
1853800 215
1853810 215
1853820 216
1853830 216
1853840 216
1853850 216
1853860 218
1853870 218
1853880 218
1853890 218
1853900 218
1853910 218
1853920 218
1853930 218
1853940 219
1853950 219
1853960 220
1853970 221
1853980 221
1853990 222
1854000 222
1854010 222
1854020 223
1854030 223
1854040 223
1854050 223
1854060 223
1854070 223
1854080 223
1854090 224
1854100 224
1854110 223
1854120 223
1854130 223
1854140 223
1854150 222
1854160 222
1854170 221
1854180 221
1854190 221
1854200 220
1854210 219
1854220 219
1854230 218
1854240 217
1854250 217
1854260 216
1854270 215
1854280 215
1854290 215
1854300 214
1854310 214
1854320 214
1854330 213
1854340 213
1854350 213
1854360 213
1854370 213
1854380 213
1854390 213
1854400 213
1854410 213
1854420 213
1854430 213
1854440 213
1854450 214
1854460 214
1854470 214
1854480 215
1854490 215
1854500 215
1854510 215
1854520 216
1854530 216
1854540 216
1854550 217
1854560 218
1854570 219
1854580 220
1854590 220
1854600 220
1854610 221
1854620 221
1854630 221
1854640 222
1854650 222
1854660 223
1854670 224
1854680 224
1854690 225
1854700 226
1854710 226
1854720 227
1854730 228
1854740 228
1854750 229
1854760 230
1854770 230
1854780 231
1854790 231
1854800 231
1854810 232
1854820 232
1854830 232
1854840 232
1854850 232
1854860 232
1854870 232
1854880 232
1854890 232
1854900 232
1854910 233
1854920 233
1854930 233
1854940 233
1854950 233
1854960 233
1854970 233
1854980 233
1854990 233
1855000 234
1855010 234
1855020 234
1855030 233
1855040 233
1855050 233
1855060 233
1855070 233
1855080 232
1855090 231
1855100 231
1855110 231
1855120 230
1855130 230
1855140 229
1855150 227
1855160 227
1855170 226
1855180 225
1855190 225
1855200 224
1855210 222
1855220 222
1855230 221
1855240 220
1855250 220
1855260 219
1855270 217
1855280 217
1855290 216
1855300 215
1855310 215
1855320 213
1855330 212
1855340 212
1855350 210
1855360 209
1855370 209
1855380 209
1855390 209
1855400 209
1855410 210
1855420 211
1855430 211
1855440 213
1855450 213
1855460 213
1855470 214
1855480 214
1855490 214
1855500 214
1855510 214
1855520 214
1855530 215
1855540 215
1855550 215
1855560 215
1855570 215
1855580 215
1855590 215
1855600 216
1855610 216
1855620 216
1855630 215
1855640 215
1855650 215
1855660 215
1855670 215
1855680 214
1855690 214
1855700 214
1855710 214
1855720 214
1855730 214
1855740 214
1855750 214
1855760 214
1855770 214
1855780 215
1855790 215
1855800 215
1855810 216
1855820 216
1855830 216
1855840 217
1855850 217
1855860 217
1855870 218
1855880 218
1855890 218
1855900 218
1855910 218
1855920 219
1855930 219
1855940 219
1855950 219
1855960 219
1855970 219
1855980 219
1855990 218
1856000 218
1856010 218
1856020 218
1856030 218
1856040 218
1856050 217
1856060 217
1856070 217
1856080 216
1856090 216
1856100 216
1856110 215
1856120 215
1856130 215
1856140 214
1856150 214
1856160 214
1856170 213
1856180 213
1856190 213
1856200 213
1856210 212
1856220 212
1856230 212
1856240 211
1856250 211
1856260 211
1856270 211
1856280 211
1856290 210
1856300 210
1856310 210
1856320 210
1856330 209
1856340 209
1856350 209
1856360 209
1856370 209
1856380 208
1856390 208
1856400 208
1856410 207
1856420 207
1856430 207
1856440 207
1856450 207
1856460 207
1856470 206
1856480 206
1856490 206
1856500 206
1856510 206
1856520 206
1856530 206
1856540 206
1856550 206
1856560 206
1856570 206
1856580 206
1856590 206
1856600 206
1856610 206
1856620 206
1856630 206
1856640 206
1856650 206
1856660 206
1856670 206
1856680 206
1856690 206
1856700 206
1856710 206
1856720 207
1856730 207
1856740 207
1856750 207
1856760 207
1856770 208
1856780 208
1856790 208
1856800 208
1856810 208
1856820 208
1856830 208
1856840 208
1856850 208
1856860 209
1856870 209
1856880 209
1856890 209
1856900 209
1856910 209
1856920 210
1856930 210
1856940 210
1856950 210
1856960 210
1856970 210
1856980 211
1856990 211
1857000 212
1857010 212
1857020 212
1857030 212
1857040 213
1857050 213
1857060 213
1857070 213
1857080 214
1857090 214
1857100 214
1857110 215
1857120 215
1857130 215
1857140 216
1857150 216
1857160 216
1857170 216
1857180 216
1857190 217
1857200 217
1857210 217
1857220 217
1857230 217
1857240 217
1857250 217
1857260 217
1857270 217
1857280 218
1857290 218
1857300 218
1857310 218
1857320 218
1857330 218
1857340 218
1857350 218
1857360 218
1857370 218
1857380 218
1857390 218
1857400 219
1857410 219
1857420 219
1857430 219
1857440 218
1857450 218
1857460 218
1857470 218
1857480 218
1857490 218
1857500 217
1857510 217
1857520 217
1857530 217
1857540 217
1857550 217
1857560 217
1857570 217
1857580 217
1857590 216
1857600 216
1857610 216
1857620 216
1857630 216
1857640 216
1857650 216
1857660 216
1857670 216
1857680 216
1857690 215
1857700 215
1857710 215
1857720 215
1857730 215
1857740 214
1857750 214
1857760 214
1857770 213
1857780 213
1857790 213
1857800 212
1857810 212
1857820 212
1857830 211
1857840 210
1857850 210
1857860 210
1857870 209
1857880 209
1857890 209
1857900 209
1857910 209
1857920 209
1857930 209
1857940 209
1857950 208
1857960 208
1857970 208
1857980 208
1857990 208
1858000 208
1858010 208
1858020 208
1858030 208
1858040 208
1858050 208
1858060 208
1858070 207
1858080 207
1858090 207
1858100 206
1858110 206
1858120 206
1858130 205
1858140 205
1858150 205
1858160 204
1858170 203
1858180 203
1858190 202
1858200 202
1858210 202
1858220 201
1858230 200
1858240 200
1858250 199
1858260 198
1858270 198
1858280 196
1858290 195
1858300 195
1858310 192
1858320 190
1858330 190
1858340 188
1858350 186
1858360 186
1858370 185
1858380 184
1858390 184
1858400 183
1858410 183
1858420 183
1858430 183
1858440 183
1858450 183
1858460 183
1858470 184
1858480 184
1858490 187
1858500 191
1858510 191
1858520 196
1858530 199
1858540 199
1858550 201
1858560 201
1858570 201
1858580 201
1858590 201
1858600 201
1858610 201
1858620 200
1858630 200
1858640 200
1858650 199
1858660 199
1858670 198
1858680 197
1858690 197
1858700 197
1858710 196
1858720 196
1858730 196
1858740 196
1858750 196
1858760 195
1858770 195
1858780 195
1858790 195
1858800 195
1858810 195
1858820 194
1858830 194
1858840 194
1858850 194
1858860 194
1858870 194
1858880 194
1858890 194
1858900 194
1858910 194
1858920 193
1858930 193
1858940 193
1858950 192
1858960 192
1858970 189
1858980 187
1858990 187
1859000 186
1859010 187
1859020 187
1859030 187
1859040 187
1859050 187
1859060 187
1859070 190
1859080 190
1859090 192
1859100 192
1859110 192
1859120 191
1859130 191
1859140 191
1859150 190
1859160 190
1859170 190
1859180 190
1859190 189
1859200 189
1859210 189
1859220 189
1859230 188
1859240 188
1859250 188
1859260 187
1859270 187
1859280 187
1859290 187
1859300 187
1859310 186
1859320 186
1859330 186
1859340 185
1859350 185
1859360 185
1859370 185
1859380 184
1859390 184
1859400 184
1859410 183
1859420 183
1859430 183
1859440 182
1859450 182
1859460 182
1859470 181
1859480 181
1859490 180
1859500 180
1859510 180
1859520 179
1859530 179
1859540 179
1859550 178
1859560 178
1859570 178
1859580 178
1859590 177
1859600 177
1859610 177
1859620 176
1859630 176
1859640 176
1859650 176
1859660 176
1859670 176
1859680 175
1859690 175
1859700 175
1859710 175
1859720 175
1859730 173
1859740 171
1859750 171
1859760 171
1859770 172
1859780 172
1859790 172
1859800 173
1859810 173
1859820 174
1859830 174
1859840 174
1859850 173
1859860 172
1859870 172
1859880 171
1859890 170
1859900 170
1859910 170
1859920 170
1859930 170
1859940 170
1859950 170
1859960 170
1859970 169
1859980 169
1859990 169
