1840000 221
1840010 222
1840020 222
1840030 222
1840040 222
1840050 222
1840060 222
1840070 222
1840080 222
1840090 222
1840100 221
1840110 221
1840120 221
1840130 222
1840140 222
1840150 222
1840160 222
1840170 223
1840180 223
1840190 223
1840200 224
1840210 224
1840220 224
1840230 224
1840240 224
1840250 224
1840260 224
1840270 224
1840280 224
1840290 224
1840300 224
1840310 224
1840320 224
1840330 225
1840340 225
1840350 225
1840360 225
1840370 225
1840380 225
1840390 225
1840400 225
1840410 225
1840420 225
1840430 225
1840440 225
1840450 225
1840460 225
1840470 225
1840480 226
1840490 226
1840500 226
1840510 226
1840520 226
1840530 226
1840540 226
1840550 226
1840560 227
1840570 227
1840580 227
1840590 227
1840600 227
1840610 227
1840620 227
1840630 227
1840640 227
1840650 227
1840660 227
1840670 227
1840680 227
1840690 227
1840700 227
1840710 227
1840720 227
1840730 227
1840740 227
1840750 227
1840760 227
1840770 227
1840780 227
1840790 227
1840800 228
1840810 228
1840820 228
1840830 228
1840840 228
1840850 228
1840860 228
1840870 229
1840880 229
1840890 229
1840900 229
1840910 229
1840920 229
1840930 229
1840940 229
1840950 229
1840960 229
1840970 229
1840980 229
1840990 229
1841000 229
1841010 230
1841020 229
1841030 229
1841040 228
1841050 228
1841060 228
1841070 228
1841080 228
1841090 228
1841100 228
1841110 228
1841120 228
1841130 228
1841140 228
1841150 228
1841160 228
1841170 230
1841180 230
1841190 231
1841200 230
1841210 230
1841220 229
1841230 229
1841240 229
1841250 228
1841260 228
1841270 228
1841280 228
1841290 228
1841300 228
1841310 227
1841320 229
1841330 229
1841340 231
1841350 230
1841360 230
1841370 228
1841380 228
1841390 228
1841400 230
1841410 228
1841420 228
1841430 228
1841440 228
1841450 228
1841460 228
1841470 228
1841480 228
1841490 228
1841500 231
1841510 231
1841520 233
1841530 230
1841540 230
1841550 229
1841560 229
1841570 229
1841580 229
1841590 229
1841600 229
1841610 229
1841620 229
1841630 229
1841640 229
1841650 230
1841660 230
1841670 230
1841680 229
1841690 229
1841700 230
1841710 230
1841720 230
1841730 230
1841740 231
1841750 231
1841760 232
1841770 231
1841780 231
1841790 231
1841800 231
1841810 231
1841820 231
1841830 231
1841840 231
1841850 231
1841860 231
1841870 231
1841880 231
1841890 231
1841900 231
1841910 231
1841920 231
1841930 231
1841940 231
1841950 231
1841960 231
1841970 231
1841980 232
1841990 232
1842000 232
1842010 232
1842020 232
1842030 232
1842040 231
1842050 230
1842060 230
1842070 229
1842080 229
1842090 229
1842100 229
1842110 229
1842120 227
1842130 227
1842140 225
1842150 225
1842160 224
1842170 223
1842180 223
1842190 222
1842200 222
1842210 222
1842220 222
1842230 221
1842240 221
1842250 220
1842260 218
1842270 218
1842280 217
1842290 215
1842300 215
1842310 214
1842320 213
1842330 213
1842340 212
1842350 211
1842360 211
1842370 211
1842380 211
1842390 211
1842400 210
1842410 210
1842420 210
1842430 209
1842440 209
1842450 209
1842460 208
1842470 207
1842480 207
1842490 207
1842500 207
1842510 207
1842520 207
1842530 207
1842540 207
1842550 208
1842560 208
1842570 208
1842580 208
1842590 208
1842600 208
1842610 208
1842620 209
1842630 209
1842640 209
1842650 209
1842660 209
1842670 208
1842680 208
1842690 208
1842700 208
1842710 207
1842720 207
1842730 207
1842740 207
1842750 207
1842760 207
1842770 206
1842780 206
1842790 206
1842800 206
1842810 206
1842820 205
1842830 205
1842840 206
1842850 206
1842860 205
1842870 205
1842880 205
1842890 204
1842900 204
1842910 204
1842920 204
1842930 204
1842940 203
1842950 203
1842960 203
1842970 203
1842980 202
1842990 202
1843000 202
1843010 202
1843020 202
1843030 202
1843040 202
1843050 202
1843060 201
1843070 201
1843080 201
1843090 201
1843100 200
1843110 200
1843120 200
1843130 200
1843140 200
1843150 200
1843160 199
1843170 199
1843180 199
1843190 199
1843200 199
1843210 199
1843220 199
1843230 199
1843240 198
1843250 198
1843260 198
1843270 198
1843280 197
1843290 197
1843300 197
1843310 197
1843320 197
1843330 196
1843340 196
1843350 196
1843360 196
1843370 195
1843380 195
1843390 195
1843400 194
1843410 194
1843420 194
1843430 193
1843440 193
1843450 193
1843460 192
1843470 192
1843480 192
1843490 191
1843500 191
1843510 191
1843520 190
1843530 190
1843540 190
1843550 189
1843560 188
1843570 188
1843580 187
1843590 186
1843600 186
1843610 185
1843620 185
1843630 185
1843640 184
1843650 184
1843660 184
1843670 183
1843680 183
1843690 183
1843700 183
1843710 183
1843720 183
1843730 183
1843740 182
1843750 182
1843760 182
1843770 182
1843780 182
1843790 182
1843800 182
1843810 182
1843820 182
1843830 182
1843840 182
1843850 181
1843860 181
1843870 181
1843880 181
1843890 181
1843900 181
1843910 180
1843920 180
1843930 180
1843940 180
1843950 180
1843960 180
1843970 179
1843980 179
1843990 179
1844000 178
1844010 178
1844020 178
1844030 178
1844040 178
1844050 178
1844060 178
1844070 178
1844080 178
1844090 177
1844100 177
1844110 177
1844120 177
1844130 177
1844140 177
1844150 177
1844160 177
1844170 177
1844180 177
1844190 177
1844200 177
1844210 177
1844220 176
1844230 176
1844240 176
1844250 176
1844260 176
1844270 176
1844280 176
1844290 176
1844300 176
1844310 176
1844320 176
1844330 176
1844340 176
1844350 176
1844360 176
1844370 176
1844380 176
1844390 175
1844400 175
1844410 175
1844420 175
1844430 175
1844440 175
1844450 175
1844460 175
1844470 175
1844480 174
1844490 174
1844500 174
1844510 174
1844520 173
1844530 173
1844540 173
1844550 173
1844560 173
1844570 172
1844580 172
1844590 172
1844600 172
1844610 172
1844620 172
1844630 171
1844640 172
1844650 172
1844660 171
1844670 171
1844680 171
1844690 171
1844700 171
1844710 171
1844720 171
1844730 171
1844740 171
1844750 170
1844760 170
1844770 170
1844780 170
1844790 170
1844800 170
1844810 170
1844820 170
1844830 170
1844840 170
1844850 169
1844860 169
1844870 169
1844880 169
1844890 169
1844900 169
1844910 169
1844920 169
1844930 169
1844940 169
1844950 169
1844960 169
1844970 169
1844980 169
1844990 169
1845000 168
1845010 168
1845020 168
1845030 168
1845040 168
1845050 168
1845060 168
1845070 168
1845080 168
1845090 168
1845100 168
1845110 168
1845120 168
1845130 168
1845140 168
1845150 168
1845160 168
1845170 168
1845180 167
1845190 167
1845200 167
1845210 167
1845220 167
1845230 167
1845240 167
1845250 167
1845260 167
1845270 167
1845280 167
1845290 167
1845300 167
1845310 167
1845320 167
1845330 167
1845340 167
1845350 167
1845360 167
1845370 167
1845380 167
1845390 166
1845400 166
1845410 166
1845420 166
1845430 166
1845440 166
1845450 166
1845460 166
1845470 166
1845480 166
1845490 166
1845500 166
1845510 166
1845520 166
1845530 166
1845540 166
1845550 166
1845560 166
1845570 166
1845580 166
1845590 166
1845600 165
1845610 165
1845620 165
1845630 165
1845640 165
1845650 165
1845660 165
1845670 165
1845680 165
1845690 164
1845700 164
1845710 164
1845720 164
1845730 164
1845740 164
1845750 164
1845760 164
1845770 164
1845780 164
1845790 164
1845800 164
1845810 164
1845820 164
1845830 164
1845840 164
1845850 164
1845860 164
1845870 164
1845880 164
1845890 164
1845900 164
1845910 164
1845920 164
1845930 164
1845940 165
1845950 165
1845960 165
1845970 165
1845980 165
1845990 164
1846000 164
1846010 164
1846020 164
1846030 164
1846040 164
1846050 164
1846060 164
1846070 164
1846080 164
1846090 164
1846100 164
1846110 164
1846120 164
1846130 164
1846140 164
1846150 164
1846160 164
1846170 164
1846180 164
1846190 164
1846200 164
1846210 164
1846220 164
1846230 164
1846240 164
1846250 164
1846260 164
1846270 164
1846280 164
1846290 164
1846300 164
1846310 164
1846320 163
1846330 163
1846340 163
1846350 163
1846360 163
1846370 163
1846380 163
1846390 163
1846400 163
1846410 163
1846420 163
1846430 163
1846440 163
1846450 163
1846460 163
1846470 163
1846480 163
1846490 163
1846500 163
1846510 163
1846520 163
1846530 163
1846540 163
1846550 163
1846560 163
1846570 163
1846580 163
1846590 162
1846600 162
1846610 162
1846620 162
1846630 162
1846640 162
1846650 162
1846660 162
1846670 162
1846680 162
1846690 161
1846700 161
1846710 161
1846720 160
1846730 160
1846740 160
1846750 160
1846760 160
1846770 160
1846780 160
1846790 160
1846800 160
1846810 160
1846820 160
1846830 161
1846840 160
1846850 160
1846860 160
1846870 160
1846880 160
1846890 160
1846900 160
1846910 160
1846920 160
1846930 160
1846940 160
1846950 160
1846960 160
1846970 160
1846980 160
1846990 160
1847000 160
1847010 160
1847020 160
1847030 160
1847040 160
1847050 160
1847060 160
1847070 160
1847080 160
1847090 159
1847100 159
1847110 158
1847120 159
1847130 159
1847140 159
1847150 159
1847160 159
1847170 160
1847180 160
1847190 160
1847200 160
1847210 160
1847220 160
1847230 159
1847240 159
1847250 159
1847260 159
1847270 160
1847280 160
1847290 160
1847300 160
1847310 160
1847320 160
1847330 160
1847340 160
1847350 160
1847360 160
1847370 160
1847380 160
1847390 160
1847400 160
1847410 160
1847420 160
1847430 160
1847440 160
1847450 160
1847460 160
1847470 160
1847480 160
1847490 160
1847500 159
1847510 159
1847520 159
1847530 160
1847540 160
1847550 160
1847560 160
1847570 160
1847580 160
1847590 160
1847600 160
1847610 160
1847620 161
1847630 161
1847640 161
1847650 161
1847660 160
1847670 160
1847680 161
1847690 161
1847700 161
1847710 161
1847720 160
1847730 160
1847740 161
1847750 161
1847760 161
1847770 161
1847780 161
1847790 161
1847800 160
1847810 160
1847820 160
1847830 160
1847840 160
1847850 160
1847860 159
1847870 159
1847880 159
1847890 159
1847900 159
1847910 159
1847920 160
1847930 160
1847940 160
1847950 160
1847960 161
1847970 161
1847980 161
1847990 161
1848000 161
1848010 161
1848020 161
1848030 161
1848040 161
1848050 161
1848060 161
1848070 161
1848080 161
1848090 161
1848100 161
1848110 161
1848120 161
1848130 161
1848140 161
1848150 161
1848160 161
1848170 160
1848180 160
1848190 160
1848200 160
1848210 160
1848220 160
1848230 160
1848240 160
1848250 161
1848260 161
1848270 161
1848280 161
1848290 161
1848300 161
1848310 161
1848320 161
1848330 161
1848340 161
1848350 161
1848360 161
1848370 161
1848380 161
1848390 161
1848400 161
1848410 160
1848420 160
1848430 159
1848440 159
1848450 159
1848460 159
1848470 159
1848480 159
1848490 159
1848500 159
1848510 159
1848520 159
1848530 159
1848540 159
1848550 159
1848560 159
1848570 159
1848580 159
1848590 159
1848600 159
1848610 159
1848620 159
1848630 160
1848640 160
1848650 160
1848660 160
1848670 160
1848680 160
1848690 160
1848700 160
1848710 160
1848720 160
1848730 160
1848740 160
1848750 160
1848760 160
1848770 160
1848780 160
1848790 160
1848800 160
1848810 160
1848820 160
1848830 160
1848840 160
1848850 160
1848860 161
1848870 161
1848880 161
1848890 161
1848900 160
1848910 160
1848920 160
1848930 160
1848940 160
1848950 160
1848960 160
1848970 160
1848980 161
1848990 161
1849000 161
1849010 161
1849020 161
1849030 161
1849040 161
1849050 161
1849060 161
1849070 161
1849080 161
1849090 161
1849100 161
1849110 161
1849120 161
1849130 161
1849140 161
1849150 161
1849160 161
1849170 161
1849180 161
1849190 161
1849200 161
1849210 161
1849220 161
1849230 161
1849240 161
1849250 161
1849260 161
1849270 161
1849280 161
1849290 161
1849300 161
1849310 161
1849320 161
1849330 161
1849340 161
1849350 161
1849360 161
1849370 162
1849380 162
1849390 162
1849400 162
1849410 162
1849420 162
1849430 162
1849440 162
1849450 162
1849460 162
1849470 162
1849480 162
1849490 163
1849500 163
1849510 163
1849520 163
1849530 163
1849540 163
1849550 164
1849560 164
1849570 164
1849580 164
1849590 165
1849600 165
1849610 165
1849620 165
1849630 165
1849640 165
1849650 165
1849660 165
1849670 165
1849680 166
1849690 166
1849700 166
1849710 166
1849720 166
1849730 166
1849740 166
1849750 166
1849760 167
1849770 167
1849780 167
1849790 167
1849800 168
1849810 168
1849820 168
1849830 169
1849840 169
1849850 169
1849860 170
1849870 170
1849880 171
1849890 172
1849900 172
1849910 173
1849920 173
1849930 173
1849940 174
1849950 175
1849960 175
1849970 176
1849980 177
1849990 178
1850000 179
1850010 180
1850020 180
1850030 181
1850040 182
1850050 182
1850060 183
1850070 184
1850080 184
1850090 185
1850100 186
1850110 186
1850120 188
1850130 189
1850140 189
1850150 190
1850160 191
1850170 191
1850180 192
1850190 192
1850200 192
1850210 193
1850220 194
1850230 194
1850240 195
1850250 197
1850260 197
1850270 198
1850280 200
1850290 200
1850300 201
1850310 202
1850320 202
1850330 204
1850340 206
1850350 207
1850360 207
1850370 209
1850380 210
1850390 210
1850400 211
1850410 212
1850420 212
1850430 213
1850440 214
1850450 214
1850460 215
1850470 215
1850480 215
1850490 216
1850500 216
1850510 216
1850520 217
1850530 218
1850540 218
1850550 219
1850560 220
1850570 220
1850580 221
1850590 222
1850600 222
1850610 223
1850620 224
1850630 224
1850640 225
1850650 226
1850660 226
1850670 226
1850680 226
1850690 226
1850700 225
1850710 225
1850720 225
1850730 225
1850740 225
1850750 225
1850760 225
1850770 225
1850780 225
1850790 226
1850800 226
1850810 226
1850820 227
1850830 227
1850840 227
1850850 227
1850860 227
1850870 227
1850880 227
1850890 227
1850900 227
1850910 227
1850920 227
1850930 227
1850940 227
1850950 227
1850960 227
1850970 227
1850980 227
1850990 227
1851000 226
1851010 226
1851020 226
1851030 225
1851040 225
1851050 224
1851060 223
1851070 223
1851080 223
1851090 223
1851100 223
1851110 223
1851120 222
1851130 221
1851140 221
1851150 220
1851160 219
1851170 219
1851180 218
1851190 218
1851200 218
1851210 217
1851220 217
1851230 217
1851240 217
1851250 217
1851260 217
1851270 218
1851280 219
1851290 219
1851300 220
1851310 221
1851320 221
1851330 222
1851340 224
1851350 224
1851360 225
1851370 226
1851380 226
1851390 227
1851400 228
1851410 228
1851420 229
1851430 230
1851440 230
1851450 230
1851460 230
1851470 230
1851480 230
1851490 230
1851500 230
1851510 229
1851520 228
1851530 228
1851540 227
1851550 227
1851560 227
1851570 226
1851580 225
1851590 225
1851600 225
1851610 224
1851620 224
1851630 224
1851640 223
1851650 223
1851660 223
1851670 223
1851680 223
1851690 223
1851700 223
1851710 223
1851720 222
1851730 222
1851740 222
1851750 222
1851760 222
1851770 222
1851780 222
1851790 222
1851800 222
1851810 222
1851820 223
1851830 223
1851840 223
1851850 223
1851860 223
1851870 223
1851880 223
1851890 223
1851900 223
1851910 223
1851920 223
1851930 223
1851940 223
1851950 223
1851960 223
1851970 223
1851980 223
1851990 223
1852000 223
1852010 223
1852020 223
1852030 223
1852040 223
1852050 223
1852060 223
1852070 222
1852080 222
1852090 222
1852100 222
1852110 222
1852120 222
1852130 221
1852140 221
1852150 221
1852160 221
1852170 221
1852180 221
1852190 220
1852200 220
1852210 220
1852220 220
1852230 220
1852240 220
1852250 220
1852260 220
1852270 220
1852280 220
1852290 220
1852300 220
1852310 220
1852320 220
1852330 220
1852340 220
1852350 220
1852360 220
1852370 220
1852380 220
1852390 221
1852400 221
1852410 221
1852420 221
1852430 221
1852440 221
1852450 221
1852460 221
1852470 221
1852480 221
1852490 221
1852500 221
1852510 221
1852520 221
1852530 221
1852540 221
1852550 221
1852560 221
1852570 221
1852580 221
1852590 221
1852600 221
1852610 221
1852620 221
1852630 221
1852640 221
1852650 221
1852660 221
1852670 220
1852680 220
1852690 220
1852700 220
1852710 220
1852720 220
1852730 220
1852740 220
1852750 220
1852760 220
1852770 220
1852780 220
1852790 220
1852800 220
1852810 220
1852820 220
1852830 220
1852840 220
1852850 220
1852860 220
1852870 220
1852880 220
1852890 220
1852900 221
1852910 221
1852920 221
1852930 221
1852940 221
1852950 221
1852960 221
1852970 221
1852980 221
1852990 221
1853000 221
1853010 221
1853020 221
1853030 221
1853040 221
1853050 220
1853060 220
1853070 220
1853080 220
1853090 220
1853100 220
1853110 220
1853120 220
1853130 220
1853140 220
1853150 220
1853160 220
1853170 220
1853180 220
1853190 220
1853200 220
1853210 219
1853220 219
1853230 219
1853240 219
1853250 219
1853260 219
1853270 219
1853280 219
1853290 219
1853300 219
1853310 219
1853320 219
1853330 219
1853340 219
1853350 219
1853360 219
1853370 219
1853380 219
1853390 219
1853400 219
1853410 219
1853420 219
1853430 219
1853440 219
1853450 220
1853460 220
1853470 220
1853480 220
1853490 220
1853500 219
1853510 219
1853520 219
1853530 219
1853540 219
1853550 219
1853560 219
1853570 218
1853580 218
1853590 218
1853600 218
1853610 218
1853620 218
1853630 218
1853640 218
1853650 217
1853660 217
1853670 217
1853680 217
1853690 217
1853700 217
1853710 217
1853720 217
1853730 217
1853740 217
1853750 217
1853760 217
1853770 217
1853780 217
1853790 217
1853800 217
1853810 217
1853820 217
1853830 217
1853840 217
1853850 217
1853860 217
1853870 217
1853880 217
1853890 217
1853900 217
1853910 217
1853920 217
1853930 217
1853940 217
1853950 217
1853960 217
1853970 217
1853980 217
1853990 217
1854000 218
1854010 218
1854020 218
1854030 219
1854040 219
1854050 219
1854060 220
1854070 220
1854080 220
1854090 220
1854100 220
1854110 221
1854120 221
1854130 221
1854140 221
1854150 221
1854160 221
1854170 221
1854180 222
1854190 222
1854200 222
1854210 222
1854220 222
1854230 222
1854240 222
1854250 222
1854260 222
1854270 222
1854280 222
1854290 222
1854300 222
1854310 222
1854320 222
1854330 222
1854340 222
1854350 222
1854360 222
1854370 222
1854380 222
1854390 222
1854400 222
1854410 222
1854420 222
1854430 222
1854440 221
1854450 221
1854460 221
1854470 221
1854480 221
1854490 221
1854500 221
1854510 221
1854520 221
1854530 221
1854540 220
1854550 220
1854560 220
1854570 220
1854580 220
1854590 220
1854600 219
1854610 219
1854620 219
1854630 219
1854640 219
1854650 218
1854660 218
1854670 218
1854680 218
1854690 217
1854700 217
1854710 217
1854720 216
1854730 216
1854740 216
1854750 215
1854760 215
1854770 215
1854780 215
1854790 215
1854800 214
1854810 214
1854820 214
1854830 214
1854840 213
1854850 213
1854860 213
1854870 213
1854880 213
1854890 213
1854900 213
1854910 213
1854920 213
1854930 212
1854940 212
1854950 212
1854960 212
1854970 212
1854980 212
1854990 211
1855000 211
1855010 211
1855020 210
1855030 210
1855040 210
1855050 210
1855060 210
1855070 209
1855080 209
1855090 209
1855100 208
1855110 208
1855120 208
1855130 207
1855140 206
1855150 206
1855160 206
1855170 205
1855180 205
1855190 205
1855200 204
1855210 204
1855220 204
1855230 203
1855240 203
1855250 203
1855260 203
1855270 203
1855280 202
1855290 202
1855300 202
1855310 202
1855320 202
1855330 202
1855340 202
1855350 202
1855360 202
1855370 201
1855380 201
1855390 201
1855400 201
1855410 201
1855420 201
1855430 201
1855440 201
1855450 201
1855460 201
1855470 202
1855480 202
1855490 202
1855500 203
1855510 203
1855520 203
1855530 203
1855540 203
1855550 203
1855560 203
1855570 204
1855580 204
1855590 204
1855600 207
1855610 207
1855620 207
1855630 208
1855640 208
1855650 208
1855660 208
1855670 208
1855680 209
1855690 209
1855700 209
1855710 209
1855720 209
1855730 209
1855740 209
1855750 210
1855760 210
1855770 210
1855780 211
1855790 211
1855800 211
1855810 212
1855820 212
1855830 212
1855840 212
1855850 212
1855860 212
1855870 212
1855880 212
1855890 211
1855900 211
1855910 211
1855920 210
1855930 209
1855940 209
1855950 208
1855960 208
1855970 208
1855980 208
1855990 208
1856000 208
1856010 209
1856020 209
1856030 209
1856040 210
1856050 210
1856060 210
1856070 210
1856080 211
1856090 211
1856100 211
1856110 211
1856120 211
1856130 211
1856140 211
1856150 211
1856160 211
1856170 212
1856180 212
1856190 212
1856200 212
1856210 212
1856220 212
1856230 212
1856240 212
1856250 213
1856260 213
1856270 213
1856280 213
1856290 213
1856300 213
1856310 213
1856320 213
1856330 213
1856340 213
1856350 213
1856360 213
1856370 213
1856380 212
1856390 212
1856400 212
1856410 212
1856420 212
1856430 212
1856440 212
1856450 212
1856460 212
1856470 212
1856480 212
1856490 211
1856500 211
1856510 211
1856520 211
1856530 211
1856540 211
1856550 211
1856560 211
1856570 211
1856580 211
1856590 211
1856600 211
1856610 211
1856620 211
1856630 211
1856640 211
1856650 211
1856660 211
1856670 211
1856680 211
1856690 211
1856700 211
1856710 211
1856720 211
1856730 211
1856740 211
1856750 211
1856760 211
1856770 211
1856780 211
1856790 211
1856800 211
1856810 211
1856820 211
1856830 211
1856840 211
1856850 210
1856860 210
1856870 210
1856880 210
1856890 210
1856900 210
1856910 210
1856920 209
1856930 209
1856940 209
1856950 209
1856960 209
1856970 209
1856980 209
1856990 209
1857000 209
1857010 209
1857020 209
1857030 208
1857040 208
1857050 208
1857060 208
1857070 208
1857080 208
1857090 208
1857100 207
1857110 207
1857120 207
1857130 205
1857140 205
1857150 202
1857160 203
1857170 203
1857180 203
1857190 202
1857200 202
1857210 202
1857220 204
1857230 205
1857240 205
1857250 205
1857260 205
1857270 205
1857280 205
1857290 204
1857300 204
1857310 204
1857320 204
1857330 204
1857340 203
1857350 203
1857360 203
1857370 202
1857380 202
1857390 202
1857400 201
1857410 200
1857420 200
1857430 199
1857440 198
1857450 198
1857460 197
1857470 197
1857480 197
1857490 197
1857500 196
1857510 196
1857520 196
1857530 195
1857540 195
1857550 195
1857560 194
1857570 194
1857580 194
1857590 194
1857600 194
1857610 193
1857620 193
1857630 193
1857640 193
1857650 193
1857660 193
1857670 192
1857680 192
1857690 192
1857700 192
1857710 193
1857720 193
1857730 193
1857740 193
1857750 193
1857760 193
1857770 194
1857780 194
1857790 194
1857800 194
1857810 194
1857820 195
1857830 195
1857840 195
1857850 196
1857860 196
1857870 196
1857880 196
1857890 196
1857900 196
1857910 196
1857920 197
1857930 197
1857940 197
1857950 197
1857960 197
1857970 198
1857980 198
1857990 198
1858000 198
1858010 198
1858020 198
1858030 199
1858040 200
1858050 200
1858060 200
1858070 200
1858080 200
1858090 200
1858100 200
1858110 200
1858120 201
1858130 201
1858140 201
1858150 201
1858160 201
1858170 201
1858180 201
1858190 200
1858200 200
1858210 200
1858220 200
1858230 200
1858240 200
1858250 200
1858260 200
1858270 200
1858280 199
1858290 199
1858300 199
1858310 199
1858320 199
1858330 199
1858340 199
1858350 199
1858360 198
1858370 198
1858380 199
1858390 198
1858400 198
1858410 198
1858420 198
1858430 198
1858440 198
1858450 198
1858460 197
1858470 197
1858480 197
1858490 197
1858500 197
1858510 196
1858520 196
1858530 196
1858540 195
1858550 195
1858560 195
1858570 194
1858580 193
1858590 193
1858600 193
1858610 192
1858620 192
1858630 192
1858640 191
1858650 191
1858660 191
1858670 190
1858680 190
1858690 190
1858700 190
1858710 190
1858720 189
1858730 189
1858740 189
1858750 189
1858760 189
1858770 189
1858780 188
1858790 188
1858800 188
1858810 188
1858820 187
1858830 187
1858840 187
1858850 187
1858860 187
1858870 187
1858880 186
1858890 186
1858900 186
1858910 186
1858920 186
1858930 186
1858940 185
1858950 185
1858960 185
1858970 185
1858980 185
1858990 185
1859000 185
1859010 185
1859020 185
1859030 185
1859040 185
1859050 185
1859060 185
1859070 185
1859080 185
1859090 186
1859100 186
1859110 186
1859120 186
1859130 186
1859140 186
1859150 187
1859160 187
1859170 187
1859180 187
1859190 188
1859200 188
1859210 188
1859220 188
1859230 188
1859240 188
1859250 189
1859260 189
1859270 189
1859280 190
1859290 190
1859300 190
1859310 191
1859320 191
1859330 192
1859340 193
1859350 193
1859360 194
1859370 194
1859380 194
1859390 195
1859400 196
1859410 196
1859420 199
1859430 199
1859440 199
1859450 199
1859460 199
1859470 199
1859480 199
1859490 198
1859500 198
1859510 198
1859520 198
1859530 198
1859540 197
1859550 197
1859560 197
1859570 196
1859580 196
1859590 196
1859600 195
1859610 195
1859620 195
1859630 196
1859640 196
1859650 196
1859660 197
1859670 197
1859680 197
1859690 198
1859700 199
1859710 199
1859720 200
1859730 201
1859740 201
1859750 201
1859760 202
1859770 202
1859780 202
1859790 202
1859800 202
1859810 202
1859820 202
1859830 202
1859840 202
1859850 202
1859860 202
1859870 203
1859880 203
1859890 203
1859900 203
1859910 203
1859920 203
1859930 203
1859940 202
1859950 202
1859960 202
1859970 202
1859980 202
1859990 202
