1840000 218
1840010 218
1840020 218
1840030 218
1840040 218
1840050 218
1840060 219
1840070 219
1840080 219
1840090 219
1840100 219
1840110 219
1840120 219
1840130 219
1840140 220
1840150 220
1840160 220
1840170 220
1840180 220
1840190 220
1840200 220
1840210 221
1840220 221
1840230 221
1840240 222
1840250 222
1840260 223
1840270 223
1840280 223
1840290 223
1840300 223
1840310 224
1840320 224
1840330 224
1840340 224
1840350 224
1840360 224
1840370 224
1840380 224
1840390 224
1840400 224
1840410 224
1840420 224
1840430 224
1840440 224
1840450 224
1840460 224
1840470 224
1840480 224
1840490 224
1840500 224
1840510 224
1840520 224
1840530 224
1840540 224
1840550 224
1840560 224
1840570 224
1840580 224
1840590 225
1840600 225
1840610 225
1840620 225
1840630 225
1840640 225
1840650 225
1840660 225
1840670 225
1840680 225
1840690 225
1840700 225
1840710 225
1840720 226
1840730 226
1840740 226
1840750 226
1840760 226
1840770 226
1840780 226
1840790 226
1840800 226
1840810 227
1840820 227
1840830 227
1840840 227
1840850 227
1840860 227
1840870 227
1840880 227
1840890 227
1840900 227
1840910 227
1840920 227
1840930 227
1840940 227
1840950 227
1840960 227
1840970 228
1840980 228
1840990 228
1841000 228
1841010 228
1841020 228
1841030 228
1841040 228
1841050 228
1841060 228
1841070 228
1841080 228
1841090 227
1841100 227
1841110 228
1841120 228
1841130 228
1841140 228
1841150 228
1841160 228
1841170 228
1841180 228
1841190 228
1841200 228
1841210 228
1841220 228
1841230 228
1841240 228
1841250 228
1841260 228
1841270 225
1841280 225
1841290 221
1841300 220
1841310 220
1841320 219
1841330 219
1841340 219
1841350 215
1841360 213
1841370 213
1841380 212
1841390 212
1841400 212
1841410 212
1841420 213
1841430 213
1841440 215
1841450 213
1841460 213
1841470 215
1841480 215
1841490 215
1841500 215
1841510 214
1841520 214
1841530 211
1841540 210
1841550 210
1841560 211
1841570 211
1841580 211
1841590 211
1841600 212
1841610 212
1841620 213
1841630 219
1841640 219
1841650 225
1841660 229
1841670 229
1841680 231
1841690 231
1841700 231
1841710 231
1841720 231
1841730 231
1841740 232
1841750 233
1841760 233
1841770 233
1841780 233
1841790 233
1841800 233
1841810 234
1841820 234
1841830 236
1841840 235
1841850 235
1841860 236
1841870 237
1841880 237
1841890 236
1841900 234
1841910 234
1841920 232
1841930 231
1841940 231
1841950 232
1841960 230
1841970 230
1841980 230
1841990 230
1842000 230
1842010 230
1842020 229
1842030 229
1842040 229
1842050 229
1842060 229
1842070 229
1842080 228
1842090 228
1842100 228
1842110 228
1842120 228
1842130 228
1842140 228
1842150 228
1842160 228
1842170 227
1842180 227
1842190 227
1842200 226
1842210 226
1842220 226
1842230 225
1842240 225
1842250 225
1842260 225
1842270 225
1842280 225
1842290 224
1842300 224
1842310 224
1842320 223
1842330 223
1842340 223
1842350 223
1842360 223
1842370 223
1842380 222
1842390 222
1842400 222
1842410 221
1842420 221
1842430 221
1842440 220
1842450 220
1842460 220
1842470 220
1842480 219
1842490 219
1842500 218
1842510 218
1842520 218
1842530 218
1842540 218
1842550 218
1842560 217
1842570 217
1842580 217
1842590 216
1842600 216
1842610 216
1842620 216
1842630 216
1842640 216
1842650 215
1842660 215
1842670 215
1842680 214
1842690 214
1842700 214
1842710 213
1842720 213
1842730 213
1842740 212
1842750 211
1842760 211
1842770 211
1842780 210
1842790 210
1842800 210
1842810 209
1842820 209
1842830 209
1842840 208
1842850 208
1842860 207
1842870 207
1842880 207
1842890 206
1842900 204
1842910 204
1842920 203
1842930 203
1842940 203
1842950 202
1842960 201
1842970 201
1842980 200
1842990 199
1843000 199
1843010 197
1843020 197
1843030 197
1843040 196
1843050 196
1843060 196
1843070 195
1843080 195
1843090 195
1843100 195
1843110 195
1843120 195
1843130 195
1843140 195
1843150 195
1843160 195
1843170 195
1843180 195
1843190 195
1843200 197
1843210 197
1843220 197
1843230 197
1843240 197
1843250 197
1843260 197
1843270 197
1843280 196
1843290 196
1843300 196
1843310 196
1843320 196
1843330 196
1843340 196
1843350 196
1843360 196
1843370 197
1843380 197
1843390 197
1843400 196
1843410 196
1843420 196
1843430 196
1843440 196
1843450 196
1843460 195
1843470 195
1843480 195
1843490 194
1843500 193
1843510 193
1843520 193
1843530 192
1843540 192
1843550 191
1843560 190
1843570 190
1843580 190
1843590 189
1843600 189
1843610 189
1843620 189
1843630 189
1843640 189
1843650 189
1843660 189
1843670 189
1843680 189
1843690 189
1843700 189
1843710 189
1843720 189
1843730 188
1843740 189
1843750 189
1843760 189
1843770 189
1843780 189
1843790 189
1843800 189
1843810 189
1843820 188
1843830 188
1843840 188
1843850 188
1843860 187
1843870 187
1843880 186
1843890 186
1843900 186
1843910 186
1843920 186
1843930 186
1843940 186
1843950 186
1843960 186
1843970 186
1843980 186
1843990 186
1844000 186
1844010 186
1844020 186
1844030 186
1844040 186
1844050 186
1844060 185
1844070 185
1844080 185
1844090 185
1844100 184
1844110 184
1844120 184
1844130 184
1844140 184
1844150 183
1844160 183
1844170 183
1844180 183
1844190 182
1844200 182
1844210 182
1844220 182
1844230 182
1844240 181
1844250 181
1844260 181
1844270 181
1844280 181
1844290 181
1844300 180
1844310 180
1844320 180
1844330 180
1844340 180
1844350 180
1844360 180
1844370 179
1844380 179
1844390 179
1844400 179
1844410 179
1844420 179
1844430 179
1844440 179
1844450 179
1844460 178
1844470 178
1844480 178
1844490 178
1844500 178
1844510 178
1844520 178
1844530 178
1844540 178
1844550 177
1844560 177
1844570 177
1844580 177
1844590 177
1844600 177
1844610 177
1844620 177
1844630 177
1844640 177
1844650 177
1844660 177
1844670 176
1844680 176
1844690 176
1844700 176
1844710 176
1844720 176
1844730 176
1844740 176
1844750 176
1844760 176
1844770 176
1844780 176
1844790 175
1844800 175
1844810 175
1844820 175
1844830 175
1844840 175
1844850 175
1844860 175
1844870 175
1844880 175
1844890 174
1844900 174
1844910 174
1844920 174
1844930 174
1844940 174
1844950 174
1844960 174
1844970 173
1844980 173
1844990 173
1845000 173
1845010 173
1845020 173
1845030 173
1845040 172
1845050 172
1845060 172
1845070 172
1845080 172
1845090 172
1845100 172
1845110 172
1845120 171
1845130 171
1845140 171
1845150 171
1845160 171
1845170 171
1845180 171
1845190 171
1845200 171
1845210 172
1845220 172
1845230 172
1845240 171
1845250 171
1845260 171
1845270 171
1845280 171
1845290 171
1845300 171
1845310 171
1845320 171
1845330 171
1845340 170
1845350 170
1845360 170
1845370 170
1845380 170
1845390 170
1845400 170
1845410 170
1845420 170
1845430 170
1845440 170
1845450 170
1845460 170
1845470 170
1845480 170
1845490 170
1845500 170
1845510 169
1845520 169
1845530 169
1845540 169
1845550 169
1845560 169
1845570 169
1845580 168
1845590 168
1845600 168
1845610 167
1845620 167
1845630 167
1845640 167
1845650 167
1845660 167
1845670 167
1845680 167
1845690 167
1845700 167
1845710 167
1845720 167
1845730 167
1845740 167
1845750 167
1845760 167
1845770 167
1845780 167
1845790 167
1845800 167
1845810 166
1845820 166
1845830 166
1845840 166
1845850 165
1845860 165
1845870 165
1845880 165
1845890 165
1845900 165
1845910 165
1845920 165
1845930 165
1845940 165
1845950 165
1845960 165
1845970 165
1845980 165
1845990 164
1846000 164
1846010 164
1846020 164
1846030 164
1846040 164
1846050 164
1846060 164
1846070 164
1846080 164
1846090 164
1846100 164
1846110 164
1846120 164
1846130 164
1846140 164
1846150 164
1846160 164
1846170 164
1846180 164
1846190 164
1846200 164
1846210 163
1846220 163
1846230 163
1846240 163
1846250 163
1846260 163
1846270 163
1846280 163
1846290 163
1846300 163
1846310 163
1846320 163
1846330 163
1846340 163
1846350 163
1846360 163
1846370 164
1846380 164
1846390 163
1846400 163
1846410 163
1846420 163
1846430 163
1846440 163
1846450 163
1846460 163
1846470 163
1846480 163
1846490 163
1846500 163
1846510 163
1846520 163
1846530 163
1846540 163
1846550 163
1846560 163
1846570 163
1846580 163
1846590 163
1846600 163
1846610 163
1846620 163
1846630 163
1846640 163
1846650 163
1846660 163
1846670 163
1846680 163
1846690 163
1846700 163
1846710 163
1846720 162
1846730 162
1846740 162
1846750 162
1846760 162
1846770 162
1846780 161
1846790 161
1846800 161
1846810 161
1846820 161
1846830 161
1846840 161
1846850 160
1846860 160
1846870 160
1846880 160
1846890 160
1846900 160
1846910 160
1846920 160
1846930 160
1846940 160
1846950 160
1846960 160
1846970 160
1846980 160
1846990 160
1847000 160
1847010 160
1847020 160
1847030 160
1847040 160
1847050 160
1847060 160
1847070 160
1847080 160
1847090 160
1847100 160
1847110 160
1847120 160
1847130 160
1847140 160
1847150 160
1847160 160
1847170 160
1847180 160
1847190 160
1847200 160
1847210 160
1847220 160
1847230 160
1847240 160
1847250 160
1847260 160
1847270 160
1847280 160
1847290 160
1847300 160
1847310 160
1847320 161
1847330 161
1847340 161
1847350 161
1847360 161
1847370 161
1847380 161
1847390 161
1847400 161
1847410 163
1847420 164
1847430 164
1847440 162
1847450 161
1847460 161
1847470 160
1847480 159
1847490 159
1847500 159
1847510 158
1847520 158
1847530 158
1847540 159
1847550 159
1847560 159
1847570 159
1847580 159
1847590 159
1847600 159
1847610 159
1847620 160
1847630 160
1847640 160
1847650 159
1847660 159
1847670 159
1847680 159
1847690 159
1847700 159
1847710 159
1847720 159
1847730 159
1847740 159
1847750 159
1847760 159
1847770 159
1847780 159
1847790 159
1847800 159
1847810 160
1847820 160
1847830 160
1847840 161
1847850 161
1847860 160
1847870 160
1847880 160
1847890 160
1847900 160
1847910 160
1847920 160
1847930 160
1847940 159
1847950 159
1847960 159
1847970 160
1847980 160
1847990 160
1848000 160
1848010 160
1848020 160
1848030 160
1848040 160
1848050 161
1848060 161
1848070 161
1848080 161
1848090 161
1848100 161
1848110 161
1848120 161
1848130 161
1848140 161
1848150 161
1848160 161
1848170 160
1848180 160
1848190 160
1848200 160
1848210 160
1848220 160
1848230 160
1848240 159
1848250 159
1848260 159
1848270 159
1848280 159
1848290 159
1848300 159
1848310 159
1848320 159
1848330 159
1848340 159
1848350 160
1848360 160
1848370 160
1848380 160
1848390 160
1848400 160
1848410 160
1848420 160
1848430 160
1848440 160
1848450 160
1848460 160
1848470 160
1848480 160
1848490 160
1848500 159
1848510 159
1848520 159
1848530 159
1848540 159
1848550 159
1848560 158
1848570 159
1848580 159
1848590 159
1848600 159
1848610 159
1848620 159
1848630 159
1848640 159
1848650 159
1848660 160
1848670 160
1848680 160
1848690 160
1848700 160
1848710 160
1848720 160
1848730 160
1848740 160
1848750 160
1848760 160
1848770 160
1848780 160
1848790 160
1848800 160
1848810 160
1848820 160
1848830 160
1848840 161
1848850 161
1848860 160
1848870 160
1848880 160
1848890 160
1848900 159
1848910 159
1848920 159
1848930 160
1848940 160
1848950 160
1848960 160
1848970 160
1848980 160
1848990 160
1849000 160
1849010 161
1849020 161
1849030 161
1849040 162
1849050 162
1849060 162
1849070 162
1849080 162
1849090 162
1849100 162
1849110 162
1849120 162
1849130 162
1849140 161
1849150 161
1849160 161
1849170 161
1849180 161
1849190 161
1849200 161
1849210 161
1849220 161
1849230 161
1849240 161
1849250 161
1849260 161
1849270 161
1849280 161
1849290 161
1849300 161
1849310 161
1849320 161
1849330 161
1849340 161
1849350 161
1849360 161
1849370 161
1849380 161
1849390 161
1849400 161
1849410 162
1849420 162
1849430 162
1849440 162
1849450 162
1849460 162
1849470 162
1849480 162
1849490 162
1849500 162
1849510 162
1849520 162
1849530 162
1849540 162
1849550 162
1849560 162
1849570 162
1849580 162
1849590 162
1849600 163
1849610 163
1849620 163
1849630 163
1849640 163
1849650 163
1849660 164
1849670 164
1849680 164
1849690 164
1849700 164
1849710 164
1849720 165
1849730 165
1849740 165
1849750 165
1849760 165
1849770 166
1849780 166
1849790 166
1849800 167
1849810 167
1849820 167
1849830 168
1849840 170
1849850 170
1849860 171
1849870 173
1849880 173
1849890 177
1849900 181
1849910 181
1849920 181
1849930 182
1849940 182
1849950 183
1849960 185
1849970 185
1849980 186
1849990 189
1850000 189
1850010 191
1850020 193
1850030 193
1850040 195
1850050 197
1850060 197
1850070 199
1850080 201
1850090 201
1850100 203
1850110 204
1850120 204
1850130 206
1850140 207
1850150 207
1850160 209
1850170 211
1850180 211
1850190 212
1850200 213
1850210 213
1850220 214
1850230 215
1850240 215
1850250 216
1850260 217
1850270 217
1850280 217
1850290 217
1850300 217
1850310 217
1850320 217
1850330 217
1850340 216
1850350 216
1850360 216
1850370 216
1850380 216
1850390 216
1850400 217
1850410 217
1850420 217
1850430 217
1850440 217
1850450 217
1850460 217
1850470 216
1850480 216
1850490 216
1850500 216
1850510 216
1850520 216
1850530 215
1850540 215
1850550 215
1850560 214
1850570 214
1850580 214
1850590 213
1850600 213
1850610 213
1850620 213
1850630 213
1850640 213
1850650 213
1850660 213
1850670 213
1850680 213
1850690 213
1850700 212
1850710 211
1850720 211
1850730 210
1850740 208
1850750 208
1850760 207
1850770 206
1850780 206
1850790 204
1850800 203
1850810 203
1850820 201
1850830 200
1850840 200
1850850 198
1850860 197
1850870 197
1850880 196
1850890 195
1850900 195
1850910 195
1850920 195
1850930 195
1850940 195
1850950 195
1850960 195
1850970 195
1850980 195
1850990 195
1851000 196
1851010 196
1851020 196
1851030 196
1851040 196
1851050 195
1851060 195
1851070 195
1851080 195
1851090 195
1851100 196
1851110 196
1851120 197
1851130 197
1851140 197
1851150 198
1851160 199
1851170 199
1851180 200
1851190 201
1851200 201
1851210 202
1851220 203
1851230 203
1851240 204
1851250 204
1851260 205
1851270 205
1851280 206
1851290 207
1851300 207
1851310 207
1851320 208
1851330 208
1851340 209
1851350 210
1851360 210
1851370 210
1851380 211
1851390 211
1851400 212
1851410 212
1851420 212
1851430 213
1851440 213
1851450 213
1851460 214
1851470 214
1851480 214
1851490 214
1851500 215
1851510 215
1851520 215
1851530 215
1851540 215
1851550 215
1851560 215
1851570 215
1851580 215
1851590 215
1851600 215
1851610 215
1851620 215
1851630 215
1851640 215
1851650 215
1851660 215
1851670 215
1851680 214
1851690 214
1851700 214
1851710 214
1851720 214
1851730 214
1851740 214
1851750 213
1851760 213
1851770 213
1851780 213
1851790 213
1851800 213
1851810 213
1851820 213
1851830 213
1851840 213
1851850 213
1851860 212
1851870 212
1851880 212
1851890 212
1851900 212
1851910 212
1851920 212
1851930 212
1851940 212
1851950 212
1851960 212
1851970 212
1851980 212
1851990 212
1852000 213
1852010 213
1852020 213
1852030 213
1852040 213
1852050 213
1852060 213
1852070 213
1852080 213
1852090 213
1852100 213
1852110 213
1852120 213
1852130 213
1852140 213
1852150 214
1852160 214
1852170 214
1852180 214
1852190 214
1852200 214
1852210 214
1852220 214
1852230 214
1852240 214
1852250 214
1852260 214
1852270 214
1852280 214
1852290 214
1852300 215
1852310 215
1852320 215
1852330 215
1852340 215
1852350 215
1852360 215
1852370 215
1852380 215
1852390 215
1852400 215
1852410 215
1852420 215
1852430 216
1852440 216
1852450 216
1852460 216
1852470 216
1852480 216
1852490 216
1852500 216
1852510 215
1852520 215
1852530 215
1852540 215
1852550 215
1852560 215
1852570 215
1852580 215
1852590 215
1852600 215
1852610 215
1852620 215
1852630 215
1852640 215
1852650 215
1852660 215
1852670 215
1852680 215
1852690 215
1852700 215
1852710 215
1852720 215
1852730 215
1852740 215
1852750 216
1852760 216
1852770 216
1852780 216
1852790 216
1852800 216
1852810 215
1852820 215
1852830 215
1852840 215
1852850 214
1852860 214
1852870 214
1852880 213
1852890 213
1852900 213
1852910 213
1852920 213
1852930 212
1852940 212
1852950 212
1852960 212
1852970 212
1852980 212
1852990 212
1853000 212
1853010 213
1853020 213
1853030 213
1853040 213
1853050 213
1853060 213
1853070 214
1853080 214
1853090 214
1853100 214
1853110 214
1853120 214
1853130 214
1853140 214
1853150 214
1853160 214
1853170 214
1853180 214
1853190 214
1853200 214
1853210 214
1853220 214
1853230 214
1853240 214
1853250 214
1853260 214
1853270 214
1853280 214
1853290 214
1853300 215
1853310 215
1853320 215
1853330 215
1853340 215
1853350 215
1853360 215
1853370 216
1853380 216
1853390 216
1853400 216
1853410 216
1853420 216
1853430 216
1853440 216
1853450 217
1853460 217
1853470 217
1853480 217
1853490 217
1853500 217
1853510 218
1853520 218
1853530 218
1853540 218
1853550 219
1853560 219
1853570 219
1853580 219
1853590 219
1853600 219
1853610 220
1853620 220
1853630 220
1853640 220
1853650 220
1853660 220
1853670 220
1853680 220
1853690 221
1853700 221
1853710 221
1853720 221
1853730 222
1853740 222
1853750 222
1853760 223
1853770 223
1853780 223
1853790 224
1853800 224
1853810 225
1853820 225
1853830 225
1853840 226
1853850 226
1853860 227
1853870 227
1853880 227
1853890 227
1853900 227
1853910 227
1853920 227
1853930 227
1853940 227
1853950 227
1853960 227
1853970 227
1853980 227
1853990 227
1854000 227
1854010 227
1854020 227
1854030 227
1854040 227
1854050 227
1854060 227
1854070 227
1854080 226
1854090 226
1854100 226
1854110 226
1854120 226
1854130 226
1854140 225
1854150 225
1854160 225
1854170 225
1854180 224
1854190 224
1854200 224
1854210 224
1854220 224
1854230 223
1854240 223
1854250 223
1854260 222
1854270 222
1854280 222
1854290 222
1854300 221
1854310 221
1854320 221
1854330 221
1854340 221
1854350 221
1854360 221
1854370 221
1854380 220
1854390 220
1854400 220
1854410 220
1854420 219
1854430 219
1854440 219
1854450 218
1854460 218
1854470 218
1854480 218
1854490 218
1854500 217
1854510 217
1854520 217
1854530 217
1854540 216
1854550 216
1854560 216
1854570 215
1854580 215
1854590 215
1854600 214
1854610 214
1854620 213
1854630 213
1854640 213
1854650 212
1854660 212
1854670 212
1854680 212
1854690 212
1854700 212
1854710 213
1854720 213
1854730 213
1854740 213
1854750 214
1854760 214
1854770 214
1854780 214
1854790 214
1854800 214
1854810 214
1854820 214
1854830 214
1854840 214
1854850 213
1854860 213
1854870 213
1854880 213
1854890 213
1854900 212
1854910 211
1854920 211
1854930 210
1854940 210
1854950 210
1854960 209
1854970 209
1854980 209
1854990 209
1855000 209
1855010 209
1855020 209
1855030 210
1855040 210
1855050 211
1855060 212
1855070 212
1855080 213
1855090 214
1855100 214
1855110 214
1855120 215
1855130 215
1855140 216
1855150 216
1855160 216
1855170 216
1855180 217
1855190 217
1855200 218
1855210 218
1855220 218
1855230 219
1855240 219
1855250 219
1855260 220
1855270 220
1855280 220
1855290 220
1855300 220
1855310 220
1855320 220
1855330 220
1855340 220
1855350 220
1855360 221
1855370 221
1855380 221
1855390 222
1855400 222
1855410 222
1855420 223
1855430 223
1855440 223
1855450 223
1855460 223
1855470 223
1855480 224
1855490 224
1855500 224
1855510 224
1855520 224
1855530 224
1855540 224
1855550 224
1855560 224
1855570 224
1855580 224
1855590 224
1855600 224
1855610 224
1855620 224
1855630 224
1855640 224
1855650 224
1855660 224
1855670 224
1855680 224
1855690 223
1855700 223
1855710 223
1855720 223
1855730 223
1855740 223
1855750 223
1855760 223
1855770 222
1855780 222
1855790 222
1855800 222
1855810 222
1855820 222
1855830 221
1855840 221
1855850 221
1855860 221
1855870 221
1855880 221
1855890 220
1855900 220
1855910 220
1855920 220
1855930 220
1855940 220
1855950 219
1855960 219
1855970 219
1855980 219
1855990 219
1856000 219
1856010 218
1856020 218
1856030 218
1856040 218
1856050 217
1856060 217
1856070 217
1856080 217
1856090 217
1856100 216
1856110 216
1856120 216
1856130 216
1856140 216
1856150 216
1856160 216
1856170 215
1856180 215
1856190 215
1856200 215
1856210 215
1856220 215
1856230 214
1856240 214
1856250 214
1856260 214
1856270 214
1856280 213
1856290 213
1856300 213
1856310 212
1856320 212
1856330 212
1856340 212
1856350 211
1856360 211
1856370 211
1856380 211
1856390 211
1856400 210
1856410 210
1856420 210
1856430 210
1856440 210
1856450 210
1856460 210
1856470 210
1856480 210
1856490 211
1856500 211
1856510 211
1856520 211
1856530 211
1856540 211
1856550 211
1856560 211
1856570 211
1856580 211
1856590 211
1856600 210
1856610 210
1856620 210
1856630 210
1856640 210
1856650 210
1856660 210
1856670 210
1856680 209
1856690 209
1856700 209
1856710 209
1856720 209
1856730 209
1856740 208
1856750 208
1856760 208
1856770 208
1856780 207
1856790 207
1856800 206
1856810 206
1856820 206
1856830 205
1856840 205
1856850 205
1856860 204
1856870 204
1856880 204
1856890 203
1856900 202
1856910 202
1856920 201
1856930 202
1856940 202
1856950 205
1856960 207
1856970 207
1856980 206
1856990 203
1857000 201
1857010 201
1857020 201
1857030 201
1857040 201
1857050 201
1857060 201
1857070 200
1857080 200
1857090 200
1857100 200
1857110 200
1857120 200
1857130 200
1857140 200
1857150 200
1857160 200
1857170 199
1857180 199
1857190 199
1857200 199
1857210 199
1857220 198
1857230 198
1857240 198
1857250 197
1857260 197
1857270 197
1857280 197
1857290 196
1857300 196
1857310 196
1857320 196
1857330 196
1857340 196
1857350 196
1857360 196
1857370 196
1857380 196
1857390 196
1857400 196
1857410 196
1857420 196
1857430 196
1857440 196
1857450 196
1857460 197
1857470 197
1857480 197
1857490 197
1857500 197
1857510 197
1857520 197
1857530 197
1857540 197
1857550 198
1857560 198
1857570 198
1857580 198
1857590 199
1857600 199
1857610 199
1857620 200
1857630 200
1857640 200
1857650 201
1857660 201
1857670 201
1857680 201
1857690 202
1857700 202
1857710 202
1857720 202
1857730 203
1857740 204
1857750 204
1857760 204
1857770 204
1857780 204
1857790 205
1857800 205
1857810 205
1857820 205
1857830 205
1857840 205
1857850 206
1857860 206
1857870 206
1857880 206
1857890 206
1857900 206
1857910 206
1857920 206
1857930 206
1857940 206
1857950 206
1857960 206
1857970 206
1857980 206
1857990 206
1858000 206
1858010 206
1858020 206
1858030 206
1858040 206
1858050 206
1858060 206
1858070 206
1858080 206
1858090 206
1858100 206
1858110 206
1858120 206
1858130 206
1858140 206
1858150 206
1858160 206
1858170 206
1858180 205
1858190 205
1858200 205
1858210 205
1858220 205
1858230 205
1858240 205
1858250 205
1858260 205
1858270 205
1858280 204
1858290 204
1858300 204
1858310 204
1858320 204
1858330 204
1858340 203
1858350 202
1858360 202
1858370 202
1858380 201
1858390 201
1858400 200
1858410 199
1858420 199
1858430 199
1858440 198
1858450 198
1858460 198
1858470 197
1858480 197
1858490 197
1858500 196
1858510 196
1858520 196
1858530 195
1858540 195
1858550 195
1858560 194
1858570 194
1858580 194
1858590 193
1858600 193
1858610 193
1858620 193
1858630 193
1858640 192
1858650 192
1858660 192
1858670 191
1858680 191
1858690 191
1858700 191
1858710 191
1858720 191
1858730 190
1858740 190
1858750 190
1858760 190
1858770 190
1858780 190
1858790 190
1858800 190
1858810 190
1858820 189
1858830 190
1858840 190
1858850 190
1858860 190
1858870 190
1858880 190
1858890 190
1858900 190
1858910 190
1858920 190
1858930 190
1858940 190
1858950 190
1858960 190
1858970 191
1858980 191
1858990 191
1859000 191
1859010 192
1859020 192
1859030 192
1859040 193
1859050 193
1859060 195
1859070 196
1859080 196
1859090 197
1859100 197
1859110 197
1859120 198
1859130 199
1859140 199
1859150 199
1859160 200
1859170 200
1859180 201
1859190 202
1859200 202
1859210 203
1859220 204
1859230 204
1859240 205
1859250 206
1859260 206
1859270 207
1859280 207
1859290 207
1859300 208
1859310 208
1859320 208
1859330 208
1859340 208
1859350 208
1859360 208
1859370 207
1859380 207
1859390 207
1859400 207
1859410 207
1859420 207
1859430 207
1859440 207
1859450 207
1859460 207
1859470 207
1859480 207
1859490 207
1859500 207
1859510 207
1859520 208
1859530 208
1859540 208
1859550 208
1859560 208
1859570 209
1859580 209
1859590 209
1859600 210
1859610 210
1859620 210
1859630 211
1859640 211
1859650 211
1859660 212
1859670 212
1859680 212
1859690 212
1859700 213
1859710 213
1859720 213
1859730 213
1859740 213
1859750 213
1859760 214
1859770 214
1859780 214
1859790 214
1859800 214
1859810 214
1859820 214
1859830 214
1859840 214
1859850 214
1859860 214
1859870 214
1859880 214
1859890 214
1859900 214
1859910 214
1859920 214
1859930 214
1859940 214
1859950 214
1859960 214
1859970 214
1859980 214
1859990 214
