1840000 221
1840010 221
1840020 221
1840030 221
1840040 221
1840050 221
1840060 221
1840070 221
1840080 221
1840090 221
1840100 220
1840110 221
1840120 221
1840130 221
1840140 222
1840150 222
1840160 222
1840170 223
1840180 223
1840190 223
1840200 224
1840210 224
1840220 224
1840230 224
1840240 224
1840250 224
1840260 224
1840270 224
1840280 224
1840290 224
1840300 224
1840310 224
1840320 224
1840330 224
1840340 224
1840350 224
1840360 224
1840370 224
1840380 225
1840390 225
1840400 225
1840410 225
1840420 225
1840430 225
1840440 225
1840450 225
1840460 225
1840470 225
1840480 225
1840490 225
1840500 225
1840510 225
1840520 225
1840530 226
1840540 226
1840550 226
1840560 226
1840570 226
1840580 226
1840590 226
1840600 226
1840610 226
1840620 226
1840630 226
1840640 226
1840650 227
1840660 227
1840670 227
1840680 227
1840690 227
1840700 227
1840710 227
1840720 227
1840730 227
1840740 227
1840750 227
1840760 227
1840770 227
1840780 227
1840790 228
1840800 228
1840810 228
1840820 228
1840830 228
1840840 228
1840850 228
1840860 228
1840870 228
1840880 228
1840890 228
1840900 228
1840910 228
1840920 229
1840930 229
1840940 229
1840950 229
1840960 229
1840970 229
1840980 229
1840990 229
1841000 229
1841010 229
1841020 229
1841030 229
1841040 229
1841050 229
1841060 229
1841070 229
1841080 229
1841090 229
1841100 228
1841110 225
1841120 225
1841130 222
1841140 220
1841150 220
1841160 217
1841170 214
1841180 214
1841190 212
1841200 211
1841210 211
1841220 210
1841230 210
1841240 210
1841250 215
1841260 219
1841270 219
1841280 226
1841290 228
1841300 228
1841310 228
1841320 228
1841330 228
1841340 228
1841350 231
1841360 231
1841370 230
1841380 230
1841390 230
1841400 228
1841410 226
1841420 226
1841430 224
1841440 223
1841450 223
1841460 225
1841470 228
1841480 228
1841490 228
1841500 228
1841510 228
1841520 229
1841530 229
1841540 229
1841550 229
1841560 229
1841570 229
1841580 229
1841590 230
1841600 230
1841610 231
1841620 232
1841630 232
1841640 233
1841650 233
1841660 233
1841670 232
1841680 231
1841690 231
1841700 230
1841710 231
1841720 231
1841730 231
1841740 231
1841750 231
1841760 233
1841770 231
1841780 231
1841790 231
1841800 231
1841810 231
1841820 230
1841830 230
1841840 230
1841850 230
1841860 231
1841870 231
1841880 231
1841890 231
1841900 231
1841910 230
1841920 230
1841930 230
1841940 230
1841950 230
1841960 230
1841970 229
1841980 229
1841990 229
1842000 228
1842010 228
1842020 228
1842030 227
1842040 226
1842050 226
1842060 226
1842070 225
1842080 225
1842090 225
1842100 224
1842110 224
1842120 222
1842130 220
1842140 220
1842150 219
1842160 218
1842170 218
1842180 218
1842190 217
1842200 217
1842210 216
1842220 216
1842230 216
1842240 215
1842250 215
1842260 215
1842270 214
1842280 214
1842290 214
1842300 214
1842310 214
1842320 214
1842330 213
1842340 213
1842350 213
1842360 213
1842370 212
1842380 212
1842390 212
1842400 212
1842410 212
1842420 211
1842430 211
1842440 211
1842450 211
1842460 211
1842470 211
1842480 212
1842490 212
1842500 212
1842510 212
1842520 213
1842530 213
1842540 213
1842550 213
1842560 213
1842570 213
1842580 213
1842590 213
1842600 213
1842610 212
1842620 212
1842630 212
1842640 211
1842650 211
1842660 211
1842670 211
1842680 211
1842690 210
1842700 210
1842710 210
1842720 210
1842730 209
1842740 209
1842750 209
1842760 209
1842770 208
1842780 208
1842790 208
1842800 208
1842810 208
1842820 207
1842830 207
1842840 207
1842850 207
1842860 207
1842870 207
1842880 206
1842890 206
1842900 206
1842910 206
1842920 206
1842930 206
1842940 205
1842950 205
1842960 205
1842970 205
1842980 204
1842990 204
1843000 204
1843010 204
1843020 204
1843030 204
1843040 203
1843050 203
1843060 203
1843070 203
1843080 203
1843090 202
1843100 202
1843110 202
1843120 202
1843130 201
1843140 201
1843150 201
1843160 201
1843170 201
1843180 200
1843190 200
1843200 200
1843210 200
1843220 199
1843230 199
1843240 199
1843250 198
1843260 198
1843270 198
1843280 198
1843290 198
1843300 197
1843310 197
1843320 197
1843330 196
1843340 196
1843350 196
1843360 195
1843370 194
1843380 194
1843390 194
1843400 193
1843410 193
1843420 193
1843430 192
1843440 192
1843450 191
1843460 191
1843470 191
1843480 190
1843490 189
1843500 189
1843510 188
1843520 187
1843530 187
1843540 187
1843550 186
1843560 186
1843570 186
1843580 186
1843590 186
1843600 186
1843610 186
1843620 186
1843630 186
1843640 186
1843650 186
1843660 185
1843670 185
1843680 185
1843690 185
1843700 185
1843710 185
1843720 185
1843730 184
1843740 184
1843750 184
1843760 184
1843770 184
1843780 184
1843790 183
1843800 183
1843810 183
1843820 183
1843830 183
1843840 182
1843850 182
1843860 182
1843870 182
1843880 181
1843890 181
1843900 181
1843910 181
1843920 180
1843930 180
1843940 180
1843950 180
1843960 180
1843970 180
1843980 180
1843990 179
1844000 179
1844010 179
1844020 179
1844030 179
1844040 179
1844050 179
1844060 179
1844070 179
1844080 179
1844090 179
1844100 179
1844110 179
1844120 178
1844130 178
1844140 178
1844150 178
1844160 178
1844170 178
1844180 178
1844190 178
1844200 178
1844210 177
1844220 177
1844230 177
1844240 177
1844250 177
1844260 177
1844270 177
1844280 177
1844290 177
1844300 177
1844310 177
1844320 177
1844330 177
1844340 177
1844350 177
1844360 177
1844370 177
1844380 177
1844390 176
1844400 176
1844410 176
1844420 176
1844430 176
1844440 176
1844450 175
1844460 175
1844470 175
1844480 175
1844490 174
1844500 174
1844510 174
1844520 174
1844530 174
1844540 174
1844550 173
1844560 173
1844570 173
1844580 173
1844590 173
1844600 173
1844610 173
1844620 173
1844630 173
1844640 173
1844650 173
1844660 173
1844670 173
1844680 173
1844690 173
1844700 172
1844710 172
1844720 172
1844730 172
1844740 172
1844750 172
1844760 171
1844770 171
1844780 171
1844790 171
1844800 171
1844810 171
1844820 171
1844830 171
1844840 170
1844850 170
1844860 170
1844870 170
1844880 170
1844890 170
1844900 169
1844910 169
1844920 169
1844930 169
1844940 169
1844950 169
1844960 169
1844970 169
1844980 169
1844990 169
1845000 169
1845010 169
1845020 169
1845030 169
1845040 169
1845050 169
1845060 169
1845070 169
1845080 169
1845090 169
1845100 169
1845110 169
1845120 168
1845130 168
1845140 168
1845150 168
1845160 168
1845170 168
1845180 167
1845190 167
1845200 168
1845210 167
1845220 167
1845230 167
1845240 167
1845250 167
1845260 168
1845270 168
1845280 168
1845290 168
1845300 168
1845310 168
1845320 167
1845330 167
1845340 167
1845350 167
1845360 167
1845370 167
1845380 167
1845390 167
1845400 167
1845410 167
1845420 167
1845430 167
1845440 166
1845450 166
1845460 166
1845470 166
1845480 167
1845490 167
1845500 167
1845510 167
1845520 167
1845530 167
1845540 166
1845550 166
1845560 166
1845570 166
1845580 166
1845590 166
1845600 165
1845610 165
1845620 165
1845630 165
1845640 165
1845650 165
1845660 165
1845670 165
1845680 165
1845690 164
1845700 164
1845710 164
1845720 164
1845730 164
1845740 164
1845750 164
1845760 164
1845770 164
1845780 164
1845790 164
1845800 164
1845810 164
1845820 164
1845830 165
1845840 165
1845850 165
1845860 165
1845870 165
1845880 165
1845890 165
1845900 165
1845910 165
1845920 165
1845930 165
1845940 165
1845950 165
1845960 165
1845970 165
1845980 165
1845990 165
1846000 165
1846010 165
1846020 165
1846030 165
1846040 165
1846050 165
1846060 165
1846070 165
1846080 164
1846090 164
1846100 164
1846110 164
1846120 164
1846130 164
1846140 164
1846150 164
1846160 164
1846170 164
1846180 164
1846190 164
1846200 164
1846210 163
1846220 163
1846230 163
1846240 163
1846250 163
1846260 163
1846270 163
1846280 163
1846290 163
1846300 163
1846310 163
1846320 163
1846330 163
1846340 163
1846350 163
1846360 163
1846370 163
1846380 163
1846390 163
1846400 163
1846410 163
1846420 163
1846430 163
1846440 163
1846450 163
1846460 163
1846470 163
1846480 163
1846490 163
1846500 163
1846510 163
1846520 163
1846530 163
1846540 163
1846550 163
1846560 163
1846570 163
1846580 163
1846590 163
1846600 162
1846610 162
1846620 162
1846630 162
1846640 162
1846650 162
1846660 162
1846670 162
1846680 162
1846690 161
1846700 161
1846710 161
1846720 160
1846730 160
1846740 160
1846750 160
1846760 160
1846770 160
1846780 160
1846790 160
1846800 160
1846810 160
1846820 160
1846830 160
1846840 160
1846850 160
1846860 161
1846870 161
1846880 161
1846890 161
1846900 160
1846910 160
1846920 160
1846930 161
1846940 161
1846950 161
1846960 161
1846970 161
1846980 161
1846990 161
1847000 161
1847010 160
1847020 160
1847030 160
1847040 160
1847050 161
1847060 161
1847070 161
1847080 161
1847090 161
1847100 160
1847110 160
1847120 160
1847130 160
1847140 160
1847150 160
1847160 160
1847170 160
1847180 160
1847190 159
1847200 158
1847210 158
1847220 159
1847230 159
1847240 159
1847250 160
1847260 160
1847270 160
1847280 160
1847290 160
1847300 160
1847310 160
1847320 160
1847330 160
1847340 160
1847350 160
1847360 160
1847370 160
1847380 160
1847390 160
1847400 160
1847410 160
1847420 160
1847430 160
1847440 160
1847450 160
1847460 160
1847470 159
1847480 159
1847490 159
1847500 159
1847510 159
1847520 160
1847530 160
1847540 160
1847550 160
1847560 160
1847570 160
1847580 160
1847590 160
1847600 160
1847610 160
1847620 160
1847630 160
1847640 161
1847650 161
1847660 161
1847670 161
1847680 160
1847690 160
1847700 160
1847710 160
1847720 160
1847730 160
1847740 160
1847750 160
1847760 160
1847770 160
1847780 160
1847790 160
1847800 160
1847810 160
1847820 160
1847830 160
1847840 160
1847850 160
1847860 160
1847870 160
1847880 160
1847890 160
1847900 160
1847910 160
1847920 159
1847930 159
1847940 159
1847950 160
1847960 160
1847970 160
1847980 160
1847990 161
1848000 161
1848010 161
1848020 161
1848030 161
1848040 161
1848050 161
1848060 161
1848070 161
1848080 161
1848090 161
1848100 161
1848110 161
1848120 161
1848130 161
1848140 161
1848150 161
1848160 161
1848170 161
1848180 161
1848190 160
1848200 160
1848210 160
1848220 160
1848230 160
1848240 160
1848250 160
1848260 160
1848270 160
1848280 160
1848290 160
1848300 160
1848310 161
1848320 161
1848330 161
1848340 161
1848350 161
1848360 161
1848370 161
1848380 161
1848390 161
1848400 161
1848410 161
1848420 161
1848430 161
1848440 159
1848450 159
1848460 159
1848470 159
1848480 159
1848490 159
1848500 159
1848510 159
1848520 159
1848530 159
1848540 159
1848550 159
1848560 159
1848570 159
1848580 159
1848590 159
1848600 159
1848610 159
1848620 159
1848630 159
1848640 159
1848650 159
1848660 159
1848670 159
1848680 159
1848690 159
1848700 159
1848710 159
1848720 159
1848730 159
1848740 159
1848750 159
1848760 159
1848770 159
1848780 159
1848790 159
1848800 159
1848810 159
1848820 160
1848830 160
1848840 160
1848850 160
1848860 160
1848870 160
1848880 161
1848890 160
1848900 160
1848910 160
1848920 160
1848930 160
1848940 160
1848950 160
1848960 160
1848970 160
1848980 161
1848990 161
1849000 161
1849010 161
1849020 161
1849030 161
1849040 161
1849050 161
1849060 161
1849070 162
1849080 162
1849090 161
1849100 161
1849110 161
1849120 161
1849130 161
1849140 161
1849150 161
1849160 161
1849170 161
1849180 161
1849190 161
1849200 161
1849210 161
1849220 161
1849230 161
1849240 161
1849250 161
1849260 161
1849270 161
1849280 161
1849290 161
1849300 161
1849310 161
1849320 161
1849330 161
1849340 161
1849350 161
1849360 161
1849370 161
1849380 161
1849390 161
1849400 161
1849410 161
1849420 162
1849430 162
1849440 162
1849450 162
1849460 162
1849470 162
1849480 162
1849490 162
1849500 163
1849510 163
1849520 163
1849530 163
1849540 163
1849550 164
1849560 164
1849570 164
1849580 164
1849590 164
1849600 164
1849610 164
1849620 164
1849630 164
1849640 164
1849650 164
1849660 164
1849670 164
1849680 165
1849690 165
1849700 165
1849710 165
1849720 165
1849730 165
1849740 166
1849750 166
1849760 166
1849770 166
1849780 166
1849790 167
1849800 167
1849810 167
1849820 168
1849830 169
1849840 169
1849850 170
1849860 171
1849870 171
1849880 172
1849890 173
1849900 173
1849910 175
1849920 177
1849930 177
1849940 178
1849950 178
1849960 178
1849970 179
1849980 180
1849990 180
1850000 181
1850010 182
1850020 182
1850030 183
1850040 185
1850050 185
1850060 186
1850070 187
1850080 187
1850090 189
1850100 190
1850110 190
1850120 191
1850130 192
1850140 192
1850150 193
1850160 194
1850170 194
1850180 195
1850190 196
1850200 196
1850210 197
1850220 198
1850230 198
1850240 199
1850250 200
1850260 200
1850270 201
1850280 202
1850290 202
1850300 204
1850310 205
1850320 205
1850330 206
1850340 208
1850350 208
1850360 209
1850370 210
1850380 210
1850390 211
1850400 212
1850410 212
1850420 213
1850430 214
1850440 214
1850450 215
1850460 216
1850470 216
1850480 217
1850490 217
1850500 217
1850510 218
1850520 218
1850530 218
1850540 219
1850550 220
1850560 220
1850570 221
1850580 223
1850590 223
1850600 224
1850610 224
1850620 224
1850630 224
1850640 224
1850650 224
1850660 224
1850670 224
1850680 224
1850690 223
1850700 223
1850710 223
1850720 223
1850730 223
1850740 223
1850750 223
1850760 224
1850770 224
1850780 224
1850790 224
1850800 224
1850810 225
1850820 225
1850830 225
1850840 226
1850850 226
1850860 226
1850870 225
1850880 225
1850890 225
1850900 225
1850910 224
1850920 224
1850930 224
1850940 223
1850950 223
1850960 223
1850970 222
1850980 222
1850990 221
1851000 220
1851010 220
1851020 220
1851030 220
1851040 220
1851050 219
1851060 219
1851070 219
1851080 219
1851090 219
1851100 219
1851110 218
1851120 217
1851130 217
1851140 216
1851150 214
1851160 214
1851170 213
1851180 213
1851190 213
1851200 212
1851210 212
1851220 212
1851230 212
1851240 213
1851250 214
1851260 214
1851270 215
1851280 217
1851290 217
1851300 218
1851310 219
1851320 219
1851330 220
1851340 221
1851350 221
1851360 222
1851370 223
1851380 223
1851390 225
1851400 225
1851410 225
1851420 226
1851430 226
1851440 226
1851450 227
1851460 227
1851470 227
1851480 227
1851490 227
1851500 227
1851510 227
1851520 226
1851530 226
1851540 226
1851550 225
1851560 225
1851570 224
1851580 224
1851590 224
1851600 223
1851610 223
1851620 223
1851630 222
1851640 222
1851650 222
1851660 221
1851670 221
1851680 221
1851690 221
1851700 221
1851710 221
1851720 221
1851730 221
1851740 221
1851750 221
1851760 221
1851770 221
1851780 221
1851790 221
1851800 221
1851810 221
1851820 222
1851830 222
1851840 222
1851850 222
1851860 222
1851870 222
1851880 222
1851890 222
1851900 222
1851910 222
1851920 222
1851930 222
1851940 222
1851950 222
1851960 222
1851970 222
1851980 222
1851990 222
1852000 222
1852010 222
1852020 222
1852030 222
1852040 222
1852050 221
1852060 221
1852070 221
1852080 221
1852090 221
1852100 221
1852110 220
1852120 220
1852130 220
1852140 220
1852150 219
1852160 219
1852170 219
1852180 219
1852190 219
1852200 219
1852210 219
1852220 219
1852230 218
1852240 218
1852250 218
1852260 218
1852270 218
1852280 218
1852290 219
1852300 219
1852310 219
1852320 219
1852330 219
1852340 219
1852350 219
1852360 220
1852370 220
1852380 220
1852390 220
1852400 220
1852410 220
1852420 220
1852430 220
1852440 220
1852450 220
1852460 220
1852470 220
1852480 220
1852490 220
1852500 220
1852510 220
1852520 220
1852530 220
1852540 220
1852550 220
1852560 220
1852570 220
1852580 220
1852590 220
1852600 220
1852610 220
1852620 220
1852630 220
1852640 220
1852650 220
1852660 220
1852670 220
1852680 220
1852690 219
1852700 219
1852710 219
1852720 219
1852730 219
1852740 219
1852750 219
1852760 219
1852770 220
1852780 220
1852790 220
1852800 220
1852810 220
1852820 220
1852830 220
1852840 220
1852850 220
1852860 220
1852870 220
1852880 220
1852890 220
1852900 220
1852910 220
1852920 220
1852930 220
1852940 220
1852950 220
1852960 220
1852970 220
1852980 220
1852990 220
1853000 220
1853010 220
1853020 220
1853030 220
1853040 220
1853050 220
1853060 219
1853070 219
1853080 219
1853090 219
1853100 219
1853110 219
1853120 219
1853130 219
1853140 219
1853150 219
1853160 218
1853170 218
1853180 218
1853190 218
1853200 218
1853210 218
1853220 218
1853230 218
1853240 218
1853250 218
1853260 218
1853270 218
1853280 218
1853290 218
1853300 218
1853310 218
1853320 218
1853330 218
1853340 218
1853350 218
1853360 218
1853370 218
1853380 218
1853390 218
1853400 218
1853410 218
1853420 218
1853430 218
1853440 218
1853450 218
1853460 218
1853470 218
1853480 218
1853490 218
1853500 218
1853510 218
1853520 218
1853530 218
1853540 218
1853550 218
1853560 218
1853570 218
1853580 218
1853590 217
1853600 217
1853610 217
1853620 217
1853630 217
1853640 217
1853650 217
1853660 217
1853670 217
1853680 217
1853690 217
1853700 217
1853710 217
1853720 217
1853730 217
1853740 217
1853750 217
1853760 217
1853770 217
1853780 217
1853790 217
1853800 217
1853810 217
1853820 217
1853830 217
1853840 217
1853850 217
1853860 217
1853870 217
1853880 217
1853890 217
1853900 217
1853910 217
1853920 217
1853930 217
1853940 217
1853950 217
1853960 217
1853970 217
1853980 217
1853990 218
1854000 218
1854010 218
1854020 218
1854030 218
1854040 219
1854050 220
1854060 220
1854070 220
1854080 221
1854090 221
1854100 221
1854110 221
1854120 221
1854130 222
1854140 222
1854150 222
1854160 222
1854170 222
1854180 222
1854190 222
1854200 222
1854210 223
1854220 223
1854230 223
1854240 223
1854250 223
1854260 222
1854270 222
1854280 222
1854290 223
1854300 223
1854310 222
1854320 222
1854330 222
1854340 222
1854350 222
1854360 222
1854370 222
1854380 221
1854390 221
1854400 221
1854410 221
1854420 221
1854430 221
1854440 221
1854450 221
1854460 220
1854470 220
1854480 220
1854490 220
1854500 220
1854510 220
1854520 219
1854530 219
1854540 219
1854550 219
1854560 219
1854570 219
1854580 218
1854590 218
1854600 218
1854610 218
1854620 218
1854630 218
1854640 217
1854650 217
1854660 217
1854670 217
1854680 216
1854690 216
1854700 216
1854710 216
1854720 215
1854730 215
1854740 215
1854750 215
1854760 215
1854770 214
1854780 214
1854790 214
1854800 213
1854810 213
1854820 213
1854830 212
1854840 212
1854850 212
1854860 212
1854870 211
1854880 211
1854890 211
1854900 211
1854910 210
1854920 210
1854930 209
1854940 209
1854950 209
1854960 209
1854970 209
1854980 208
1854990 208
1855000 208
1855010 208
1855020 208
1855030 208
1855040 207
1855050 207
1855060 207
1855070 206
1855080 206
1855090 206
1855100 205
1855110 205
1855120 205
1855130 204
1855140 204
1855150 204
1855160 204
1855170 204
1855180 204
1855190 204
1855200 204
1855210 204
1855220 203
1855230 203
1855240 203
1855250 203
1855260 203
1855270 203
1855280 203
1855290 203
1855300 203
1855310 203
1855320 203
1855330 203
1855340 203
1855350 203
1855360 203
1855370 203
1855380 204
1855390 204
1855400 204
1855410 204
1855420 204
1855430 205
1855440 205
1855450 205
1855460 206
1855470 206
1855480 206
1855490 207
1855500 207
1855510 207
1855520 208
1855530 208
1855540 208
1855550 209
1855560 209
1855570 209
1855580 210
1855590 210
1855600 210
1855610 212
1855620 213
1855630 213
1855640 213
1855650 213
1855660 213
1855670 214
1855680 214
1855690 214
1855700 214
1855710 214
1855720 214
1855730 214
1855740 214
1855750 214
1855760 215
1855770 215
1855780 215
1855790 215
1855800 215
1855810 215
1855820 215
1855830 215
1855840 215
1855850 215
1855860 214
1855870 214
1855880 214
1855890 213
1855900 213
1855910 212
1855920 212
1855930 212
1855940 211
1855950 212
1855960 212
1855970 213
1855980 213
1855990 213
1856000 213
1856010 214
1856020 214
1856030 214
1856040 214
1856050 214
1856060 214
1856070 214
1856080 214
1856090 214
1856100 214
1856110 214
1856120 214
1856130 214
1856140 214
1856150 215
1856160 215
1856170 215
1856180 215
1856190 215
1856200 215
1856210 215
1856220 215
1856230 215
1856240 215
1856250 215
1856260 215
1856270 215
1856280 214
1856290 214
1856300 214
1856310 214
1856320 214
1856330 214
1856340 214
1856350 214
1856360 214
1856370 214
1856380 213
1856390 213
1856400 213
1856410 213
1856420 213
1856430 213
1856440 213
1856450 213
1856460 213
1856470 212
1856480 212
1856490 212
1856500 212
1856510 212
1856520 212
1856530 212
1856540 212
1856550 212
1856560 212
1856570 212
1856580 211
1856590 211
1856600 211
1856610 211
1856620 211
1856630 211
1856640 211
1856650 211
1856660 211
1856670 211
1856680 211
1856690 211
1856700 211
1856710 212
1856720 212
1856730 211
1856740 211
1856750 211
1856760 211
1856770 211
1856780 211
1856790 211
1856800 211
1856810 211
1856820 210
1856830 210
1856840 210
1856850 210
1856860 210
1856870 210
1856880 209
1856890 209
1856900 209
1856910 209
1856920 209
1856930 209
1856940 209
1856950 209
1856960 209
1856970 208
1856980 208
1856990 208
1857000 208
1857010 208
1857020 208
1857030 208
1857040 208
1857050 208
1857060 207
1857070 206
1857080 206
1857090 203
1857100 203
1857110 203
1857120 204
1857130 203
1857140 203
1857150 203
1857160 204
1857170 204
1857180 206
1857190 205
1857200 205
1857210 205
1857220 205
1857230 205
1857240 204
1857250 204
1857260 204
1857270 204
1857280 204
1857290 204
1857300 203
1857310 203
1857320 203
1857330 202
1857340 201
1857350 201
1857360 201
1857370 200
1857380 200
1857390 200
1857400 199
1857410 199
1857420 198
1857430 197
1857440 197
1857450 197
1857460 196
1857470 196
1857480 195
1857490 195
1857500 195
1857510 195
1857520 194
1857530 194
1857540 194
1857550 194
1857560 194
1857570 193
1857580 193
1857590 193
1857600 193
1857610 193
1857620 193
1857630 193
1857640 193
1857650 193
1857660 193
1857670 193
1857680 193
1857690 194
1857700 194
1857710 194
1857720 195
1857730 195
1857740 195
1857750 195
1857760 196
1857770 196
1857780 196
1857790 197
1857800 197
1857810 197
1857820 198
1857830 198
1857840 198
1857850 199
1857860 199
1857870 199
1857880 199
1857890 199
1857900 199
1857910 199
1857920 199
1857930 200
1857940 200
1857950 200
1857960 200
1857970 200
1857980 200
1857990 200
1858000 201
1858010 201
1858020 201
1858030 201
1858040 202
1858050 202
1858060 202
1858070 202
1858080 202
1858090 202
1858100 202
1858110 202
1858120 202
1858130 202
1858140 202
1858150 202
1858160 201
1858170 201
1858180 201
1858190 201
1858200 201
1858210 201
1858220 201
1858230 201
1858240 201
1858250 201
1858260 201
1858270 201
1858280 200
1858290 200
1858300 200
1858310 200
1858320 200
1858330 200
1858340 200
1858350 200
1858360 200
1858370 199
1858380 199
1858390 199
1858400 199
1858410 199
1858420 198
1858430 198
1858440 198
1858450 197
1858460 197
1858470 197
1858480 196
1858490 196
1858500 196
1858510 195
1858520 195
1858530 195
1858540 194
1858550 194
1858560 194
1858570 193
1858580 193
1858590 193
1858600 192
1858610 192
1858620 192
1858630 191
1858640 191
1858650 191
1858660 191
1858670 190
1858680 190
1858690 190
1858700 190
1858710 190
1858720 190
1858730 189
1858740 189
1858750 189
1858760 189
1858770 189
1858780 189
1858790 188
1858800 188
1858810 188
1858820 188
1858830 188
1858840 188
1858850 187
1858860 187
1858870 187
1858880 187
1858890 187
1858900 186
1858910 186
1858920 186
1858930 186
1858940 186
1858950 186
1858960 186
1858970 186
1858980 186
1858990 186
1859000 186
1859010 186
1859020 186
1859030 186
1859040 186
1859050 186
1859060 186
1859070 187
1859080 188
1859090 188
1859100 188
1859110 188
1859120 189
1859130 189
1859140 189
1859150 189
1859160 189
1859170 189
1859180 189
1859190 189
1859200 190
1859210 190
1859220 190
1859230 191
1859240 191
1859250 191
1859260 192
1859270 193
1859280 193
1859290 195
1859300 197
1859310 197
1859320 198
1859330 199
1859340 199
1859350 200
1859360 201
1859370 201
1859380 201
1859390 201
1859400 201
1859410 201
1859420 202
1859430 202
1859440 202
1859450 201
1859460 201
1859470 201
1859480 200
1859490 200
1859500 200
1859510 199
1859520 199
1859530 199
1859540 198
1859550 198
1859560 198
1859570 198
1859580 198
1859590 198
1859600 198
1859610 198
1859620 199
1859630 199
1859640 199
1859650 200
1859660 201
1859670 201
1859680 201
1859690 202
1859700 202
1859710 202
1859720 203
1859730 203
1859740 203
1859750 203
1859760 204
1859770 204
1859780 204
1859790 204
1859800 204
1859810 204
1859820 204
1859830 204
1859840 205
1859850 205
1859860 205
1859870 205
1859880 205
1859890 205
1859900 205
1859910 205
1859920 205
1859930 205
1859940 205
1859950 205
1859960 204
1859970 204
1859980 204
1859990 203
