1840000 175
1840010 175
1840020 175
1840030 175
1840040 175
1840050 175
1840060 175
1840070 176
1840080 176
1840090 176
1840100 176
1840110 176
1840120 176
1840130 177
1840140 177
1840150 177
1840160 177
1840170 177
1840180 177
1840190 177
1840200 178
1840210 178
1840220 178
1840230 178
1840240 178
1840250 178
1840260 178
1840270 178
1840280 178
1840290 178
1840300 178
1840310 178
1840320 178
1840330 178
1840340 178
1840350 178
1840360 178
1840370 178
1840380 178
1840390 178
1840400 178
1840410 178
1840420 178
1840430 178
1840440 178
1840450 178
1840460 178
1840470 178
1840480 178
1840490 178
1840500 178
1840510 178
1840520 178
1840530 178
1840540 178
1840550 178
1840560 178
1840570 178
1840580 177
1840590 177
1840600 177
1840610 177
1840620 177
1840630 177
1840640 177
1840650 176
1840660 176
1840670 176
1840680 176
1840690 176
1840700 176
1840710 176
1840720 176
1840730 176
1840740 175
1840750 175
1840760 175
1840770 175
1840780 175
1840790 175
1840800 175
1840810 175
1840820 175
1840830 175
1840840 175
1840850 175
1840860 175
1840870 175
1840880 175
1840890 174
1840900 174
1840910 174
1840920 175
1840930 175
1840940 174
1840950 174
1840960 174
1840970 174
1840980 175
1840990 175
1841000 175
1841010 175
1841020 175
1841030 176
1841040 176
1841050 176
1841060 176
1841070 176
1841080 176
1841090 176
1841100 176
1841110 176
1841120 176
1841130 176
1841140 176
1841150 176
1841160 176
1841170 176
1841180 176
1841190 176
1841200 176
1841210 176
1841220 176
1841230 176
1841240 176
1841250 176
1841260 176
1841270 176
1841280 176
1841290 176
1841300 176
1841310 176
1841320 176
1841330 176
1841340 176
1841350 177
1841360 177
1841370 177
1841380 177
1841390 177
1841400 177
1841410 177
1841420 177
1841430 177
1841440 177
1841450 177
1841460 177
1841470 177
1841480 177
1841490 177
1841500 177
1841510 177
1841520 177
1841530 177
1841540 177
1841550 177
1841560 177
1841570 177
1841580 177
1841590 177
1841600 177
1841610 177
1841620 177
1841630 177
1841640 177
1841650 177
1841660 177
1841670 177
1841680 177
1841690 177
1841700 177
1841710 177
1841720 177
1841730 177
1841740 177
1841750 177
1841760 177
1841770 177
1841780 177
1841790 177
1841800 176
1841810 176
1841820 176
1841830 176
1841840 176
1841850 176
1841860 176
1841870 176
1841880 176
1841890 176
1841900 176
1841910 177
1841920 177
1841930 177
1841940 177
1841950 177
1841960 177
1841970 177
1841980 176
1841990 176
1842000 176
1842010 176
1842020 176
1842030 176
1842040 176
1842050 176
1842060 176
1842070 175
1842080 175
1842090 175
1842100 175
1842110 175
1842120 175
1842130 175
1842140 175
1842150 175
1842160 175
1842170 175
1842180 175
1842190 175
1842200 175
1842210 175
1842220 175
1842230 175
1842240 175
1842250 175
1842260 175
1842270 175
1842280 175
1842290 175
1842300 175
1842310 175
1842320 175
1842330 175
1842340 175
1842350 175
1842360 175
1842370 175
1842380 175
1842390 175
1842400 175
1842410 175
1842420 176
1842430 176
1842440 176
1842450 176
1842460 176
1842470 176
1842480 176
1842490 176
1842500 176
1842510 176
1842520 176
1842530 176
1842540 176
1842550 176
1842560 176
1842570 176
1842580 176
1842590 176
1842600 176
1842610 176
1842620 176
1842630 176
1842640 176
1842650 176
1842660 176
1842670 176
1842680 176
1842690 176
1842700 176
1842710 176
1842720 176
1842730 176
1842740 176
1842750 176
1842760 176
1842770 176
1842780 176
1842790 176
1842800 176
1842810 176
1842820 176
1842830 176
1842840 176
1842850 176
1842860 176
1842870 176
1842880 176
1842890 176
1842900 176
1842910 176
1842920 176
1842930 176
1842940 176
1842950 176
1842960 176
1842970 176
1842980 176
1842990 176
1843000 176
1843010 176
1843020 176
1843030 176
1843040 176
1843050 176
1843060 176
1843070 176
1843080 176
1843090 176
1843100 176
1843110 176
1843120 176
1843130 176
1843140 176
1843150 176
1843160 176
1843170 176
1843180 176
1843190 176
1843200 176
1843210 176
1843220 176
1843230 176
1843240 176
1843250 176
1843260 176
1843270 176
1843280 176
1843290 176
1843300 176
1843310 176
1843320 176
1843330 176
1843340 176
1843350 176
1843360 176
1843370 176
1843380 176
1843390 176
1843400 176
1843410 176
1843420 177
1843430 177
1843440 177
1843450 177
1843460 177
1843470 177
1843480 177
1843490 177
1843500 177
1843510 177
1843520 177
1843530 177
1843540 177
1843550 177
1843560 177
1843570 177
1843580 177
1843590 177
1843600 177
1843610 177
1843620 177
1843630 177
1843640 177
1843650 177
1843660 177
1843670 177
1843680 177
1843690 177
1843700 177
1843710 177
1843720 177
1843730 177
1843740 177
1843750 177
1843760 178
1843770 178
1843780 178
1843790 177
1843800 177
1843810 177
1843820 177
1843830 177
1843840 177
1843850 177
1843860 177
1843870 177
1843880 177
1843890 177
1843900 177
1843910 178
1843920 178
1843930 178
1843940 178
1843950 178
1843960 178
1843970 178
1843980 178
1843990 178
1844000 178
1844010 178
1844020 178
1844030 178
1844040 178
1844050 178
1844060 178
1844070 178
1844080 178
1844090 178
1844100 178
1844110 178
1844120 177
1844130 177
1844140 178
1844150 178
1844160 178
1844170 178
1844180 178
1844190 178
1844200 178
1844210 177
1844220 177
1844230 177
1844240 177
1844250 177
1844260 177
1844270 177
1844280 177
1844290 177
1844300 178
1844310 178
1844320 178
1844330 178
1844340 178
1844350 178
1844360 178
1844370 178
1844380 178
1844390 178
1844400 178
1844410 178
1844420 178
1844430 178
1844440 178
1844450 178
1844460 178
1844470 178
1844480 178
1844490 178
1844500 178
1844510 178
1844520 178
1844530 178
1844540 178
1844550 178
1844560 178
1844570 178
1844580 178
1844590 179
1844600 179
1844610 179
1844620 179
1844630 179
1844640 179
1844650 179
1844660 179
1844670 179
1844680 179
1844690 179
1844700 179
1844710 179
1844720 179
1844730 179
1844740 179
1844750 179
1844760 179
1844770 179
1844780 180
1844790 180
1844800 180
1844810 180
1844820 180
1844830 179
1844840 179
1844850 179
1844860 179
1844870 179
1844880 179
1844890 179
1844900 180
1844910 180
1844920 180
1844930 180
1844940 180
1844950 180
1844960 180
1844970 180
1844980 180
1844990 180
1845000 180
1845010 180
1845020 180
1845030 180
1845040 180
1845050 180
1845060 180
1845070 180
1845080 180
1845090 180
1845100 180
1845110 180
1845120 180
1845130 180
1845140 180
1845150 180
1845160 180
1845170 180
1845180 180
1845190 180
1845200 180
1845210 181
1845220 181
1845230 181
1845240 181
1845250 181
1845260 181
1845270 181
1845280 181
1845290 181
1845300 181
1845310 181
1845320 181
1845330 181
1845340 181
1845350 181
1845360 181
1845370 181
1845380 181
1845390 181
1845400 181
1845410 181
1845420 181
1845430 181
1845440 181
1845450 181
1845460 181
1845470 181
1845480 181
1845490 181
1845500 181
1845510 181
1845520 181
1845530 181
1845540 181
1845550 181
1845560 181
1845570 181
1845580 181
1845590 181
1845600 181
1845610 181
1845620 181
1845630 181
1845640 181
1845650 181
1845660 181
1845670 181
1845680 181
1845690 181
1845700 181
1845710 181
1845720 181
1845730 180
1845740 180
1845750 180
1845760 180
1845770 180
1845780 180
1845790 180
1845800 180
1845810 180
1845820 180
1845830 180
1845840 180
1845850 180
1845860 180
1845870 180
1845880 179
1845890 179
1845900 179
1845910 178
1845920 178
1845930 178
1845940 178
1845950 178
1845960 178
1845970 178
1845980 178
1845990 178
1846000 178
1846010 179
1846020 179
1846030 179
1846040 181
1846050 181
1846060 181
1846070 179
1846080 179
1846090 178
1846100 178
1846110 178
1846120 178
1846130 178
1846140 178
1846150 179
1846160 179
1846170 179
1846180 179
1846190 179
1846200 179
1846210 179
1846220 179
1846230 179
1846240 179
1846250 179
1846260 178
1846270 178
1846280 178
1846290 178
1846300 178
1846310 178
1846320 175
1846330 175
1846340 174
1846350 177
1846360 177
1846370 177
1846380 177
1846390 177
1846400 177
1846410 177
1846420 177
1846430 177
1846440 177
1846450 177
1846460 177
1846470 177
1846480 177
1846490 177
1846500 178
1846510 178
1846520 178
1846530 178
1846540 178
1846550 178
1846560 178
1846570 178
1846580 178
1846590 178
1846600 178
1846610 179
1846620 178
1846630 178
1846640 173
1846650 172
1846660 172
1846670 172
1846680 173
1846690 173
1846700 174
1846710 175
1846720 175
1846730 176
1846740 178
1846750 178
1846760 182
1846770 186
1846780 186
1846790 182
1846800 179
1846810 179
1846820 184
1846830 190
1846840 190
1846850 191
1846860 191
1846870 191
1846880 190
1846890 189
1846900 189
1846910 188
1846920 185
1846930 185
1846940 179
1846950 182
1846960 182
1846970 182
1846980 182
1846990 182
1847000 181
1847010 180
1847020 180
1847030 179
1847040 180
1847050 180
1847060 179
1847070 180
1847080 180
1847090 180
1847100 180
1847110 180
1847120 179
1847130 177
1847140 177
1847150 176
1847160 179
1847170 179
1847180 181
1847190 182
1847200 182
1847210 183
1847220 184
1847230 184
1847240 184
1847250 184
1847260 184
1847270 184
1847280 184
1847290 184
1847300 185
1847310 186
1847320 186
1847330 188
1847340 188
1847350 188
1847360 194
1847370 194
1847380 194
1847390 194
1847400 194
1847410 194
1847420 193
1847430 192
1847440 192
1847450 189
1847460 189
1847470 189
1847480 188
1847490 182
1847500 182
1847510 176
1847520 173
1847530 173
1847540 173
1847550 172
1847560 172
1847570 172
1847580 172
1847590 172
1847600 171
1847610 171
1847620 171
1847630 171
1847640 170
1847650 170
1847660 170
1847670 168
1847680 168
1847690 166
1847700 166
1847710 167
1847720 168
1847730 168
1847740 168
1847750 168
1847760 168
1847770 168
1847780 167
1847790 166
1847800 166
1847810 166
1847820 166
1847830 166
1847840 166
1847850 165
1847860 165
1847870 165
1847880 164
1847890 164
1847900 164
1847910 164
1847920 164
1847930 163
1847940 163
1847950 163
1847960 162
1847970 162
1847980 162
1847990 162
1848000 161
1848010 161
1848020 161
1848030 160
1848040 160
1848050 160
1848060 160
1848070 160
1848080 160
1848090 159
1848100 159
1848110 159
1848120 159
1848130 159
1848140 158
1848150 158
1848160 158
1848170 158
1848180 159
1848190 159
1848200 158
1848210 158
1848220 158
1848230 158
1848240 158
1848250 158
1848260 158
1848270 157
1848280 157
1848290 157
1848300 157
1848310 157
1848320 157
1848330 157
1848340 157
1848350 156
1848360 156
1848370 156
1848380 156
1848390 156
1848400 156
1848410 156
1848420 155
1848430 155
1848440 155
1848450 155
1848460 155
1848470 155
1848480 153
1848490 153
1848500 153
1848510 152
1848520 152
1848530 153
1848540 152
1848550 152
1848560 152
1848570 152
1848580 152
1848590 152
1848600 152
1848610 152
1848620 152
1848630 153
1848640 152
1848650 152
1848660 152
1848670 152
1848680 152
1848690 152
1848700 152
1848710 152
1848720 152
1848730 152
1848740 152
1848750 152
1848760 152
1848770 152
1848780 152
1848790 152
1848800 152
1848810 151
1848820 151
1848830 151
1848840 151
1848850 150
1848860 150
1848870 150
1848880 150
1848890 150
1848900 150
1848910 150
1848920 150
1848930 150
1848940 150
1848950 150
1848960 150
1848970 150
1848980 150
1848990 149
1849000 148
1849010 148
1849020 147
1849030 147
1849040 147
1849050 150
1849060 151
1849070 151
1849080 151
1849090 151
1849100 151
1849110 152
1849120 152
1849130 152
1849140 152
1849150 152
1849160 152
1849170 152
1849180 153
1849190 153
1849200 153
1849210 153
1849220 153
1849230 153
1849240 153
1849250 153
1849260 153
1849270 154
1849280 154
1849290 154
1849300 154
1849310 154
1849320 155
1849330 154
1849340 154
1849350 154
1849360 154
1849370 154
1849380 154
1849390 154
1849400 154
1849410 154
1849420 155
1849430 155
1849440 155
1849450 155
1849460 155
1849470 155
1849480 155
1849490 154
1849500 155
1849510 155
1849520 155
1849530 155
1849540 155
1849550 155
1849560 155
1849570 155
1849580 155
1849590 155
1849600 155
1849610 155
1849620 155
1849630 155
1849640 155
1849650 155
1849660 155
1849670 155
1849680 155
1849690 156
1849700 156
1849710 155
1849720 154
1849730 154
1849740 153
1849750 152
1849760 152
1849770 151
1849780 151
1849790 151
1849800 150
1849810 149
1849820 149
1849830 148
1849840 146
1849850 146
1849860 146
1849870 146
1849880 146
1849890 146
1849900 146
1849910 146
1849920 146
1849930 146
1849940 146
1849950 147
1849960 147
1849970 147
1849980 147
1849990 148
1850000 148
1850010 148
1850020 148
1850030 148
1850040 148
1850050 148
1850060 148
1850070 147
1850080 147
1850090 147
1850100 147
1850110 147
1850120 147
1850130 148
1850140 149
1850150 149
1850160 150
1850170 153
1850180 153
1850190 154
1850200 157
1850210 157
1850220 159
1850230 161
1850240 161
1850250 162
1850260 162
1850270 162
1850280 162
1850290 161
1850300 161
1850310 161
1850320 162
1850330 162
1850340 160
1850350 156
1850360 156
1850370 153
1850380 150
1850390 150
1850400 150
1850410 150
1850420 150
1850430 150
1850440 149
1850450 149
1850460 149
1850470 149
1850480 149
1850490 149
1850500 149
1850510 149
1850520 149
1850530 149
1850540 149
1850550 149
1850560 149
1850570 149
1850580 149
1850590 149
1850600 149
1850610 150
1850620 150
1850630 150
1850640 150
1850650 150
1850660 150
1850670 150
1850680 150
1850690 150
1850700 150
1850710 150
1850720 150
1850730 150
1850740 149
1850750 149
1850760 149
1850770 149
1850780 149
1850790 149
1850800 149
1850810 149
1850820 149
1850830 149
1850840 149
1850850 149
1850860 149
1850870 149
1850880 149
1850890 149
1850900 149
1850910 150
1850920 150
1850930 150
1850940 150
1850950 150
1850960 150
1850970 150
1850980 150
1850990 150
1851000 150
1851010 151
1851020 151
1851030 152
1851040 152
1851050 152
1851060 152
1851070 152
1851080 152
1851090 152
1851100 152
1851110 152
1851120 152
1851130 152
1851140 152
1851150 152
1851160 152
1851170 152
1851180 152
1851190 152
1851200 152
1851210 152
1851220 152
1851230 150
1851240 150
1851250 149
1851260 151
1851270 151
1851280 151
1851290 151
1851300 151
1851310 151
1851320 151
1851330 151
1851340 151
1851350 151
1851360 151
1851370 151
1851380 151
1851390 151
1851400 150
1851410 150
1851420 150
1851430 150
1851440 150
1851450 150
1851460 150
1851470 150
1851480 150
1851490 150
1851500 149
1851510 149
1851520 149
1851530 149
1851540 149
1851550 149
1851560 149
1851570 149
1851580 150
1851590 150
1851600 150
1851610 151
1851620 151
1851630 151
1851640 151
1851650 151
1851660 151
1851670 151
1851680 150
1851690 150
1851700 150
1851710 150
1851720 150
1851730 150
1851740 150
1851750 150
1851760 150
1851770 149
1851780 149
1851790 149
1851800 149
1851810 149
1851820 149
1851830 149
1851840 149
1851850 149
1851860 149
1851870 149
1851880 149
1851890 149
1851900 149
1851910 149
1851920 149
1851930 149
1851940 149
1851950 149
1851960 149
1851970 150
1851980 150
1851990 150
1852000 150
1852010 150
1852020 150
1852030 150
1852040 149
1852050 149
1852060 149
1852070 149
1852080 149
1852090 149
1852100 149
1852110 149
1852120 149
1852130 149
1852140 149
1852150 149
1852160 149
1852170 149
1852180 149
1852190 149
1852200 149
1852210 148
1852220 148
1852230 148
1852240 148
1852250 148
1852260 148
1852270 148
1852280 148
1852290 148
1852300 148
1852310 148
1852320 150
1852330 149
1852340 149
1852350 149
1852360 149
1852370 149
1852380 149
1852390 149
1852400 149
1852410 149
1852420 149
1852430 149
1852440 149
1852450 149
1852460 149
1852470 149
1852480 149
1852490 149
1852500 149
1852510 149
1852520 149
1852530 149
1852540 149
1852550 149
1852560 149
1852570 148
1852580 148
1852590 148
1852600 149
1852610 149
1852620 149
1852630 149
1852640 149
1852650 149
1852660 149
1852670 151
1852680 151
1852690 151
1852700 151
1852710 151
1852720 151
1852730 151
1852740 151
1852750 151
1852760 151
1852770 151
1852780 151
1852790 151
1852800 151
1852810 151
1852820 151
1852830 151
1852840 151
1852850 151
1852860 151
1852870 151
1852880 151
1852890 151
1852900 151
1852910 151
1852920 151
1852930 151
1852940 151
1852950 151
1852960 151
1852970 151
1852980 151
1852990 151
1853000 151
1853010 151
1853020 153
1853030 153
1853040 153
1853050 153
1853060 153
1853070 153
1853080 152
1853090 152
1853100 152
1853110 153
1853120 153
1853130 153
1853140 153
1853150 153
1853160 153
1853170 153
1853180 152
1853190 152
1853200 152
1853210 152
1853220 152
1853230 152
1853240 152
1853250 152
1853260 152
1853270 152
1853280 152
1853290 152
1853300 152
1853310 152
1853320 152
1853330 153
1853340 153
1853350 153
1853360 153
1853370 152
1853380 152
1853390 152
1853400 152
1853410 152
1853420 152
1853430 152
1853440 152
1853450 152
1853460 152
1853470 152
1853480 152
1853490 152
1853500 152
1853510 152
1853520 152
1853530 152
1853540 152
1853550 152
1853560 152
1853570 152
1853580 152
1853590 152
1853600 152
1853610 152
1853620 152
1853630 152
1853640 152
1853650 152
1853660 152
1853670 152
1853680 152
1853690 152
1853700 152
1853710 152
1853720 148
1853730 148
1853740 148
1853750 148
1853760 149
1853770 149
1853780 149
1853790 149
1853800 149
1853810 149
1853820 150
1853830 150
1853840 150
1853850 150
1853860 150
1853870 149
1853880 149
1853890 149
1853900 149
1853910 149
1853920 149
1853930 149
1853940 149
1853950 149
1853960 149
1853970 149
1853980 149
1853990 149
1854000 149
1854010 149
1854020 149
1854030 149
1854040 149
1854050 149
1854060 148
1854070 148
1854080 148
1854090 148
1854100 148
1854110 147
1854120 147
1854130 147
1854140 148
1854150 149
1854160 149
1854170 149
1854180 149
1854190 149
1854200 149
1854210 149
1854220 149
1854230 149
1854240 149
1854250 149
1854260 149
1854270 149
1854280 149
1854290 149
1854300 149
1854310 149
1854320 149
1854330 148
1854340 148
1854350 148
1854360 148
1854370 148
1854380 149
1854390 149
1854400 149
1854410 149
1854420 148
1854430 148
1854440 148
1854450 149
1854460 149
1854470 149
1854480 149
1854490 149
1854500 149
1854510 149
1854520 149
1854530 149
1854540 149
1854550 149
1854560 149
1854570 149
1854580 149
1854590 149
1854600 149
1854610 149
1854620 148
1854630 149
1854640 149
1854650 149
1854660 149
1854670 149
1854680 149
1854690 149
1854700 149
1854710 149
1854720 149
1854730 149
1854740 149
1854750 149
1854760 149
1854770 149
1854780 149
1854790 149
1854800 149
1854810 149
1854820 149
1854830 149
1854840 149
1854850 149
1854860 148
1854870 148
1854880 148
1854890 148
1854900 148
1854910 148
1854920 148
1854930 148
1854940 148
1854950 148
1854960 148
1854970 148
1854980 149
1854990 148
1855000 148
1855010 148
1855020 148
1855030 148
1855040 148
1855050 148
1855060 148
1855070 148
1855080 148
1855090 148
1855100 148
1855110 148
1855120 148
1855130 148
1855140 147
1855150 147
1855160 148
1855170 148
1855180 148
1855190 148
1855200 148
1855210 148
1855220 149
1855230 150
1855240 150
1855250 149
1855260 150
1855270 150
1855280 149
1855290 149
1855300 149
1855310 149
1855320 149
1855330 149
1855340 149
1855350 149
1855360 149
1855370 149
1855380 149
1855390 149
1855400 149
1855410 149
1855420 149
1855430 149
1855440 149
1855450 149
1855460 149
1855470 149
1855480 149
1855490 149
1855500 149
1855510 149
1855520 149
1855530 149
1855540 149
1855550 149
1855560 148
1855570 148
1855580 148
1855590 148
1855600 148
1855610 149
1855620 149
1855630 149
1855640 148
1855650 148
1855660 148
1855670 147
1855680 147
1855690 147
1855700 148
1855710 148
1855720 148
1855730 148
1855740 148
1855750 148
1855760 148
1855770 148
1855780 148
1855790 148
1855800 148
1855810 148
1855820 148
1855830 148
1855840 148
1855850 148
1855860 148
1855870 148
1855880 148
1855890 149
1855900 149
1855910 149
1855920 149
1855930 149
1855940 149
1855950 149
1855960 149
1855970 149
1855980 149
1855990 149
1856000 149
1856010 149
1856020 149
1856030 149
1856040 148
1856050 147
1856060 147
1856070 147
1856080 148
1856090 148
1856100 149
1856110 151
1856120 151
1856130 152
1856140 154
1856150 154
1856160 154
1856170 153
1856180 153
1856190 149
1856200 149
1856210 149
1856220 152
1856230 154
1856240 154
1856250 154
1856260 152
1856270 152
1856280 150
1856290 149
1856300 149
1856310 149
1856320 148
1856330 148
1856340 147
1856350 147
1856360 147
1856370 146
1856380 146
1856390 146
1856400 146
1856410 146
1856420 146
1856430 146
1856440 146
1856450 146
1856460 146
1856470 146
1856480 146
1856490 146
1856500 146
1856510 146
1856520 146
1856530 146
1856540 146
1856550 146
1856560 146
1856570 146
1856580 146
1856590 146
1856600 146
1856610 146
1856620 146
1856630 146
1856640 146
1856650 146
1856660 146
1856670 146
1856680 146
1856690 146
1856700 146
1856710 146
1856720 146
1856730 146
1856740 146
1856750 146
1856760 146
1856770 146
1856780 146
1856790 146
1856800 146
1856810 146
1856820 146
1856830 146
1856840 146
1856850 146
1856860 146
1856870 146
1856880 146
1856890 146
1856900 146
1856910 146
1856920 146
1856930 146
1856940 146
1856950 146
1856960 146
1856970 146
1856980 146
1856990 146
1857000 146
1857010 146
1857020 146
1857030 146
1857040 146
1857050 146
1857060 146
1857070 146
1857080 146
1857090 146
1857100 146
1857110 146
1857120 146
1857130 146
1857140 146
1857150 146
1857160 146
1857170 146
1857180 146
1857190 146
1857200 146
1857210 146
1857220 146
1857230 146
1857240 146
1857250 146
1857260 146
1857270 146
1857280 146
1857290 146
1857300 146
1857310 146
1857320 146
1857330 147
1857340 147
1857350 147
1857360 147
1857370 147
1857380 147
1857390 148
1857400 148
1857410 148
1857420 148
1857430 149
1857440 149
1857450 149
1857460 149
1857470 149
1857480 149
1857490 149
1857500 149
1857510 149
1857520 149
1857530 149
1857540 149
1857550 149
1857560 149
1857570 149
1857580 148
1857590 148
1857600 147
1857610 146
1857620 146
1857630 146
1857640 146
1857650 146
1857660 146
1857670 146
1857680 146
1857690 146
1857700 146
1857710 146
1857720 146
1857730 146
1857740 146
1857750 146
1857760 146
1857770 146
1857780 146
1857790 146
1857800 146
1857810 146
1857820 147
1857830 147
1857840 147
1857850 147
1857860 147
1857870 146
1857880 146
1857890 146
1857900 146
1857910 146
1857920 146
1857930 146
1857940 146
1857950 146
1857960 146
1857970 146
1857980 146
1857990 146
1858000 146
1858010 146
1858020 146
1858030 146
1858040 146
1858050 146
1858060 146
1858070 146
1858080 146
1858090 146
1858100 146
1858110 147
1858120 147
1858130 147
1858140 147
1858150 148
1858160 148
1858170 148
1858180 148
1858190 148
1858200 148
1858210 148
1858220 148
1858230 149
1858240 149
1858250 149
1858260 149
1858270 149
1858280 149
1858290 149
1858300 149
1858310 149
1858320 149
1858330 149
1858340 149
1858350 149
1858360 150
1858370 150
1858380 150
1858390 149
1858400 149
1858410 149
1858420 150
1858430 150
1858440 150
1858450 150
1858460 150
1858470 150
1858480 150
1858490 150
1858500 150
1858510 149
1858520 149
1858530 149
1858540 150
1858550 150
1858560 150
1858570 149
1858580 149
1858590 149
1858600 149
1858610 150
1858620 150
1858630 149
1858640 150
1858650 150
1858660 150
1858670 149
1858680 149
1858690 149
1858700 150
1858710 150
1858720 150
1858730 150
1858740 150
1858750 150
1858760 149
1858770 149
1858780 148
1858790 147
1858800 147
1858810 146
1858820 146
1858830 146
1858840 146
1858850 145
1858860 145
1858870 145
1858880 145
1858890 145
1858900 145
1858910 145
1858920 145
1858930 145
1858940 145
1858950 145
1858960 145
1858970 145
1858980 145
1858990 145
1859000 145
1859010 145
1859020 145
1859030 145
1859040 145
1859050 145
1859060 145
1859070 145
1859080 145
1859090 145
1859100 145
1859110 145
1859120 145
1859130 145
1859140 145
1859150 145
1859160 145
1859170 145
1859180 145
1859190 145
1859200 145
1859210 145
1859220 145
1859230 145
1859240 145
1859250 145
1859260 145
1859270 145
1859280 145
1859290 145
1859300 145
1859310 145
1859320 145
1859330 145
1859340 145
1859350 145
1859360 145
1859370 145
1859380 145
1859390 145
1859400 145
1859410 145
1859420 145
1859430 145
1859440 145
1859450 145
1859460 145
1859470 145
1859480 145
1859490 145
1859500 145
1859510 145
1859520 145
1859530 145
1859540 145
1859550 145
1859560 145
1859570 145
1859580 145
1859590 145
1859600 145
1859610 145
1859620 145
1859630 145
1859640 145
1859650 145
1859660 145
1859670 145
1859680 145
1859690 145
1859700 145
1859710 145
1859720 145
1859730 145
1859740 145
1859750 145
1859760 145
1859770 145
1859780 145
1859790 145
1859800 145
1859810 145
1859820 145
1859830 145
1859840 145
1859850 145
1859860 145
1859870 145
1859880 145
1859890 145
1859900 145
1859910 145
1859920 145
1859930 145
1859940 145
1859950 145
1859960 145
1859970 145
1859980 145
1859990 145
