1840000 156
1840010 156
1840020 156
1840030 156
1840040 156
1840050 156
1840060 156
1840070 156
1840080 156
1840090 156
1840100 156
1840110 156
1840120 156
1840130 156
1840140 156
1840150 156
1840160 156
1840170 156
1840180 156
1840190 156
1840200 156
1840210 156
1840220 156
1840230 156
1840240 156
1840250 155
1840260 155
1840270 155
1840280 155
1840290 155
1840300 155
1840310 155
1840320 155
1840330 155
1840340 155
1840350 155
1840360 155
1840370 155
1840380 155
1840390 155
1840400 155
1840410 155
1840420 155
1840430 155
1840440 155
1840450 155
1840460 155
1840470 155
1840480 155
1840490 155
1840500 155
1840510 155
1840520 155
1840530 155
1840540 155
1840550 156
1840560 156
1840570 156
1840580 156
1840590 156
1840600 156
1840610 156
1840620 156
1840630 156
1840640 156
1840650 156
1840660 156
1840670 156
1840680 156
1840690 156
1840700 156
1840710 156
1840720 156
1840730 156
1840740 156
1840750 156
1840760 156
1840770 156
1840780 156
1840790 156
1840800 156
1840810 156
1840820 156
1840830 156
1840840 156
1840850 155
1840860 155
1840870 155
1840880 155
1840890 155
1840900 155
1840910 155
1840920 154
1840930 154
1840940 154
1840950 154
1840960 154
1840970 154
1840980 154
1840990 154
1841000 154
1841010 154
1841020 154
1841030 154
1841040 154
1841050 154
1841060 155
1841070 155
1841080 155
1841090 154
1841100 154
1841110 154
1841120 154
1841130 154
1841140 154
1841150 155
1841160 155
1841170 155
1841180 155
1841190 155
1841200 155
1841210 155
1841220 155
1841230 155
1841240 155
1841250 155
1841260 155
1841270 155
1841280 155
1841290 155
1841300 155
1841310 155
1841320 155
1841330 155
1841340 155
1841350 155
1841360 155
1841370 155
1841380 155
1841390 155
1841400 155
1841410 155
1841420 155
1841430 155
1841440 155
1841450 155
1841460 155
1841470 155
1841480 155
1841490 155
1841500 155
1841510 155
1841520 155
1841530 155
1841540 155
1841550 155
1841560 155
1841570 154
1841580 154
1841590 154
1841600 154
1841610 154
1841620 154
1841630 154
1841640 154
1841650 154
1841660 154
1841670 155
1841680 155
1841690 155
1841700 155
1841710 155
1841720 155
1841730 155
1841740 155
1841750 155
1841760 155
1841770 155
1841780 155
1841790 155
1841800 155
1841810 154
1841820 154
1841830 154
1841840 154
1841850 154
1841860 154
1841870 154
1841880 154
1841890 154
1841900 154
1841910 154
1841920 154
1841930 154
1841940 154
1841950 154
1841960 154
1841970 155
1841980 155
1841990 154
1842000 155
1842010 155
1842020 155
1842030 155
1842040 155
1842050 155
1842060 155
1842070 155
1842080 155
1842090 155
1842100 155
1842110 155
1842120 155
1842130 155
1842140 155
1842150 155
1842160 155
1842170 155
1842180 155
1842190 155
1842200 155
1842210 155
1842220 155
1842230 155
1842240 156
1842250 156
1842260 156
1842270 156
1842280 156
1842290 156
1842300 156
1842310 156
1842320 156
1842330 155
1842340 155
1842350 155
1842360 155
1842370 155
1842380 155
1842390 154
1842400 155
1842410 154
1842420 154
1842430 154
1842440 154
1842450 154
1842460 154
1842470 154
1842480 154
1842490 154
1842500 154
1842510 154
1842520 154
1842530 154
1842540 154
1842550 154
1842560 154
1842570 154
1842580 154
1842590 154
1842600 155
1842610 155
1842620 154
1842630 154
1842640 154
1842650 154
1842660 154
1842670 154
1842680 154
1842690 154
1842700 154
1842710 154
1842720 154
1842730 154
1842740 154
1842750 154
1842760 154
1842770 154
1842780 154
1842790 154
1842800 154
1842810 154
1842820 154
1842830 154
1842840 154
1842850 154
1842860 154
1842870 154
1842880 154
1842890 154
1842900 154
1842910 154
1842920 154
1842930 154
1842940 154
1842950 154
1842960 154
1842970 154
1842980 154
1842990 154
1843000 154
1843010 154
1843020 154
1843030 154
1843040 154
1843050 154
1843060 154
1843070 154
1843080 154
1843090 154
1843100 154
1843110 154
1843120 154
1843130 154
1843140 154
1843150 154
1843160 154
1843170 154
1843180 154
1843190 154
1843200 154
1843210 154
1843220 155
1843230 155
1843240 155
1843250 155
1843260 155
1843270 155
1843280 155
1843290 155
1843300 155
1843310 155
1843320 155
1843330 155
1843340 155
1843350 154
1843360 154
1843370 154
1843380 154
1843390 154
1843400 154
1843410 154
1843420 154
1843430 155
1843440 155
1843450 155
1843460 154
1843470 154
1843480 154
1843490 154
1843500 154
1843510 154
1843520 154
1843530 154
1843540 154
1843550 154
1843560 154
1843570 154
1843580 154
1843590 155
1843600 155
1843610 155
1843620 155
1843630 155
1843640 155
1843650 154
1843660 154
1843670 154
1843680 154
1843690 154
1843700 154
1843710 154
1843720 154
1843730 154
1843740 154
1843750 154
1843760 154
1843770 155
1843780 155
1843790 155
1843800 155
1843810 155
1843820 155
1843830 155
1843840 155
1843850 155
1843860 155
1843870 155
1843880 154
1843890 154
1843900 154
1843910 154
1843920 154
1843930 154
1843940 154
1843950 153
1843960 153
1843970 153
1843980 153
1843990 153
1844000 153
1844010 153
1844020 153
1844030 153
1844040 153
1844050 153
1844060 153
1844070 153
1844080 153
1844090 153
1844100 154
1844110 154
1844120 154
1844130 154
1844140 154
1844150 154
1844160 154
1844170 154
1844180 154
1844190 154
1844200 154
1844210 153
1844220 153
1844230 153
1844240 153
1844250 153
1844260 153
1844270 153
1844280 153
1844290 153
1844300 153
1844310 153
1844320 153
1844330 152
1844340 153
1844350 153
1844360 153
1844370 153
1844380 153
1844390 153
1844400 153
1844410 153
1844420 154
1844430 154
1844440 154
1844450 154
1844460 154
1844470 154
1844480 154
1844490 154
1844500 154
1844510 155
1844520 155
1844530 155
1844540 155
1844550 155
1844560 155
1844570 155
1844580 155
1844590 155
1844600 155
1844610 155
1844620 155
1844630 154
1844640 154
1844650 154
1844660 154
1844670 154
1844680 154
1844690 154
1844700 154
1844710 154
1844720 155
1844730 154
1844740 154
1844750 154
1844760 154
1844770 154
1844780 154
1844790 154
1844800 154
1844810 154
1844820 154
1844830 154
1844840 155
1844850 155
1844860 155
1844870 155
1844880 155
1844890 155
1844900 155
1844910 155
1844920 155
1844930 154
1844940 154
1844950 154
1844960 154
1844970 154
1844980 154
1844990 154
1845000 154
1845010 154
1845020 154
1845030 154
1845040 154
1845050 154
1845060 154
1845070 154
1845080 154
1845090 154
1845100 154
1845110 154
1845120 154
1845130 154
1845140 154
1845150 154
1845160 154
1845170 154
1845180 154
1845190 154
1845200 154
1845210 154
1845220 154
1845230 154
1845240 154
1845250 154
1845260 154
1845270 154
1845280 154
1845290 154
1845300 154
1845310 154
1845320 154
1845330 154
1845340 154
1845350 154
1845360 154
1845370 154
1845380 154
1845390 154
1845400 154
1845410 154
1845420 154
1845430 154
1845440 154
1845450 154
1845460 154
1845470 154
1845480 154
1845490 154
1845500 154
1845510 154
1845520 154
1845530 154
1845540 154
1845550 154
1845560 154
1845570 154
1845580 154
1845590 154
1845600 154
1845610 154
1845620 154
1845630 154
1845640 154
1845650 154
1845660 154
1845670 154
1845680 154
1845690 154
1845700 154
1845710 154
1845720 154
1845730 154
1845740 154
1845750 155
1845760 155
1845770 155
1845780 155
1845790 155
1845800 155
1845810 155
1845820 155
1845830 155
1845840 155
1845850 155
1845860 155
1845870 155
1845880 155
1845890 155
1845900 155
1845910 155
1845920 155
1845930 155
1845940 155
1845950 155
1845960 155
1845970 155
1845980 155
1845990 155
1846000 155
1846010 155
1846020 155
1846030 155
1846040 154
1846050 154
1846060 154
1846070 154
1846080 154
1846090 154
1846100 154
1846110 154
1846120 154
1846130 154
1846140 154
1846150 154
1846160 154
1846170 154
1846180 154
1846190 154
1846200 154
1846210 154
1846220 154
1846230 154
1846240 154
1846250 154
1846260 154
1846270 154
1846280 154
1846290 154
1846300 154
1846310 154
1846320 154
1846330 154
1846340 154
1846350 154
1846360 154
1846370 154
1846380 154
1846390 154
1846400 154
1846410 154
1846420 154
1846430 154
1846440 154
1846450 154
1846460 154
1846470 154
1846480 154
1846490 154
1846500 154
1846510 154
1846520 154
1846530 154
1846540 154
1846550 154
1846560 154
1846570 154
1846580 154
1846590 154
1846600 154
1846610 154
1846620 154
1846630 154
1846640 154
1846650 154
1846660 154
1846670 154
1846680 154
1846690 154
1846700 154
1846710 154
1846720 154
1846730 154
1846740 154
1846750 154
1846760 154
1846770 154
1846780 154
1846790 154
1846800 154
1846810 154
1846820 154
1846830 154
1846840 154
1846850 154
1846860 154
1846870 154
1846880 154
1846890 154
1846900 154
1846910 154
1846920 154
1846930 154
1846940 154
1846950 153
1846960 153
1846970 153
1846980 153
1846990 153
1847000 153
1847010 153
1847020 153
1847030 153
1847040 154
1847050 154
1847060 154
1847070 154
1847080 153
1847090 153
1847100 153
1847110 153
1847120 153
1847130 153
1847140 153
1847150 154
1847160 154
1847170 154
1847180 154
1847190 154
1847200 154
1847210 153
1847220 153
1847230 153
1847240 153
1847250 153
1847260 153
1847270 153
1847280 153
1847290 153
1847300 153
1847310 153
1847320 153
1847330 153
1847340 153
1847350 153
1847360 153
1847370 153
1847380 153
1847390 153
1847400 153
1847410 153
1847420 153
1847430 153
1847440 153
1847450 153
1847460 153
1847470 153
1847480 153
1847490 153
1847500 153
1847510 153
1847520 153
1847530 153
1847540 153
1847550 153
1847560 153
1847570 153
1847580 153
1847590 153
1847600 153
1847610 153
1847620 153
1847630 153
1847640 153
1847650 153
1847660 153
1847670 153
1847680 153
1847690 153
1847700 153
1847710 153
1847720 153
1847730 153
1847740 153
1847750 153
1847760 153
1847770 153
1847780 153
1847790 153
1847800 153
1847810 153
1847820 153
1847830 153
1847840 153
1847850 153
1847860 153
1847870 153
1847880 153
1847890 153
1847900 153
1847910 153
1847920 153
1847930 153
1847940 153
1847950 153
1847960 154
1847970 154
1847980 154
1847990 154
1848000 154
1848010 154
1848020 154
1848030 154
1848040 154
1848050 154
1848060 154
1848070 154
1848080 154
1848090 154
1848100 154
1848110 154
1848120 154
1848130 154
1848140 154
1848150 153
1848160 153
1848170 153
1848180 153
1848190 153
1848200 153
1848210 153
1848220 153
1848230 153
1848240 153
1848250 153
1848260 153
1848270 153
1848280 153
1848290 153
1848300 153
1848310 153
1848320 153
1848330 153
1848340 153
1848350 153
1848360 153
1848370 153
1848380 153
1848390 153
1848400 153
1848410 153
1848420 153
1848430 153
1848440 153
1848450 153
1848460 153
1848470 153
1848480 153
1848490 153
1848500 153
1848510 153
1848520 153
1848530 153
1848540 154
1848550 154
1848560 154
1848570 154
1848580 154
1848590 154
1848600 154
1848610 154
1848620 154
1848630 154
1848640 154
1848650 154
1848660 154
1848670 154
1848680 154
1848690 154
1848700 154
1848710 154
1848720 153
1848730 153
1848740 153
1848750 153
1848760 153
1848770 153
1848780 153
1848790 153
1848800 153
1848810 153
1848820 153
1848830 153
1848840 153
1848850 153
1848860 153
1848870 153
1848880 153
1848890 153
1848900 153
1848910 153
1848920 153
1848930 153
1848940 153
1848950 153
1848960 153
1848970 153
1848980 154
1848990 154
1849000 154
1849010 153
1849020 153
1849030 153
1849040 154
1849050 154
1849060 154
1849070 153
1849080 153
1849090 153
1849100 153
1849110 153
1849120 153
1849130 152
1849140 152
1849150 152
1849160 153
1849170 153
1849180 153
1849190 153
1849200 153
1849210 153
1849220 153
1849230 153
1849240 153
1849250 153
1849260 153
1849270 153
1849280 153
1849290 153
1849300 153
1849310 153
1849320 153
1849330 153
1849340 153
1849350 153
1849360 153
1849370 153
1849380 153
1849390 153
1849400 153
1849410 153
1849420 153
1849430 153
1849440 153
1849450 153
1849460 153
1849470 153
1849480 153
1849490 153
1849500 153
1849510 153
1849520 153
1849530 153
1849540 153
1849550 153
1849560 153
1849570 153
1849580 153
1849590 153
1849600 153
1849610 153
1849620 153
1849630 153
1849640 153
1849650 153
1849660 153
1849670 153
1849680 153
1849690 153
1849700 153
1849710 153
1849720 153
1849730 153
1849740 153
1849750 153
1849760 153
1849770 153
1849780 153
1849790 153
1849800 153
1849810 153
1849820 153
1849830 153
1849840 153
1849850 153
1849860 153
1849870 153
1849880 153
1849890 153
1849900 153
1849910 153
1849920 153
1849930 153
1849940 153
1849950 153
1849960 153
1849970 153
1849980 152
1849990 152
1850000 152
1850010 152
1850020 152
1850030 153
1850040 153
1850050 153
1850060 153
1850070 153
1850080 153
1850090 153
1850100 153
1850110 153
1850120 152
1850130 152
1850140 152
1850150 152
1850160 152
1850170 152
1850180 152
1850190 152
1850200 152
1850210 153
1850220 153
1850230 153
1850240 153
1850250 153
1850260 153
1850270 153
1850280 153
1850290 153
1850300 153
1850310 153
1850320 153
1850330 153
1850340 153
1850350 153
1850360 153
1850370 153
1850380 153
1850390 153
1850400 153
1850410 153
1850420 153
1850430 153
1850440 153
1850450 153
1850460 153
1850470 153
1850480 153
1850490 153
1850500 153
1850510 153
1850520 153
1850530 153
1850540 153
1850550 153
1850560 153
1850570 153
1850580 153
1850590 153
1850600 153
1850610 153
1850620 153
1850630 153
1850640 153
1850650 153
1850660 153
1850670 153
1850680 153
1850690 153
1850700 153
1850710 153
1850720 153
1850730 153
1850740 153
1850750 153
1850760 153
1850770 153
1850780 153
1850790 152
1850800 152
1850810 152
1850820 152
1850830 152
1850840 152
1850850 152
1850860 152
1850870 152
1850880 152
1850890 152
1850900 151
1850910 151
1850920 151
1850930 151
1850940 151
1850950 151
1850960 151
1850970 151
1850980 151
1850990 152
1851000 152
1851010 152
1851020 152
1851030 152
1851040 152
1851050 152
1851060 152
1851070 152
1851080 152
1851090 152
1851100 152
1851110 153
1851120 153
1851130 153
1851140 153
1851150 153
1851160 153
1851170 153
1851180 153
1851190 153
1851200 153
1851210 153
1851220 153
1851230 153
1851240 153
1851250 153
1851260 153
1851270 153
1851280 153
1851290 153
1851300 153
1851310 153
1851320 152
1851330 152
1851340 152
1851350 152
1851360 152
1851370 152
1851380 152
1851390 152
1851400 152
1851410 152
1851420 152
1851430 152
1851440 152
1851450 152
1851460 152
1851470 152
1851480 152
1851490 152
1851500 152
1851510 152
1851520 152
1851530 152
1851540 152
1851550 152
1851560 152
1851570 152
1851580 152
1851590 152
1851600 152
1851610 152
1851620 152
1851630 152
1851640 152
1851650 152
1851660 152
1851670 152
1851680 152
1851690 152
1851700 152
1851710 152
1851720 152
1851730 152
1851740 152
1851750 152
1851760 152
1851770 151
1851780 151
1851790 151
1851800 151
1851810 151
1851820 151
1851830 151
1851840 151
1851850 151
1851860 151
1851870 151
1851880 151
1851890 151
1851900 151
1851910 151
1851920 151
1851930 152
1851940 152
1851950 152
1851960 151
1851970 151
1851980 151
1851990 151
1852000 151
1852010 152
1852020 152
1852030 152
1852040 152
1852050 152
1852060 152
1852070 152
1852080 152
1852090 152
1852100 152
1852110 152
1852120 152
1852130 152
1852140 152
1852150 152
1852160 152
1852170 152
1852180 152
1852190 152
1852200 152
1852210 152
1852220 152
1852230 152
1852240 152
1852250 152
1852260 152
1852270 152
1852280 152
1852290 152
1852300 152
1852310 152
1852320 152
1852330 152
1852340 152
1852350 152
1852360 152
1852370 152
1852380 152
1852390 152
1852400 152
1852410 152
1852420 152
1852430 152
1852440 152
1852450 152
1852460 152
1852470 152
1852480 152
1852490 152
1852500 152
1852510 152
1852520 152
1852530 152
1852540 152
1852550 152
1852560 152
1852570 152
1852580 152
1852590 152
1852600 152
1852610 152
1852620 152
1852630 152
1852640 152
1852650 152
1852660 152
1852670 152
1852680 152
1852690 152
1852700 152
1852710 152
1852720 152
1852730 152
1852740 152
1852750 152
1852760 152
1852770 152
1852780 152
1852790 152
1852800 151
1852810 151
1852820 151
1852830 151
1852840 151
1852850 151
1852860 151
1852870 151
1852880 151
1852890 151
1852900 151
1852910 151
1852920 151
1852930 151
1852940 151
1852950 151
1852960 151
1852970 151
1852980 151
1852990 151
1853000 151
1853010 151
1853020 151
1853030 151
1853040 151
1853050 151
1853060 151
1853070 151
1853080 151
1853090 151
1853100 151
1853110 151
1853120 151
1853130 151
1853140 151
1853150 151
1853160 151
1853170 151
1853180 151
1853190 151
1853200 151
1853210 151
1853220 151
1853230 151
1853240 151
1853250 151
1853260 151
1853270 151
1853280 151
1853290 151
1853300 151
1853310 151
1853320 151
1853330 151
1853340 151
1853350 151
1853360 151
1853370 151
1853380 151
1853390 151
1853400 151
1853410 151
1853420 151
1853430 151
1853440 151
1853450 151
1853460 151
1853470 151
1853480 151
1853490 151
1853500 151
1853510 151
1853520 151
1853530 151
1853540 151
1853550 151
1853560 151
1853570 151
1853580 151
1853590 151
1853600 151
1853610 151
1853620 151
1853630 151
1853640 151
1853650 151
1853660 151
1853670 151
1853680 151
1853690 151
1853700 151
1853710 151
1853720 151
1853730 151
1853740 151
1853750 151
1853760 151
1853770 151
1853780 151
1853790 151
1853800 151
1853810 151
1853820 151
1853830 151
1853840 151
1853850 151
1853860 151
1853870 151
1853880 151
1853890 151
1853900 151
1853910 151
1853920 151
1853930 151
1853940 151
1853950 151
1853960 151
1853970 151
1853980 151
1853990 151
1854000 151
1854010 151
1854020 151
1854030 151
1854040 151
1854050 151
1854060 151
1854070 151
1854080 151
1854090 151
1854100 151
1854110 151
1854120 151
1854130 151
1854140 151
1854150 151
1854160 152
1854170 152
1854180 152
1854190 152
1854200 152
1854210 152
1854220 152
1854230 152
1854240 152
1854250 152
1854260 152
1854270 152
1854280 152
1854290 152
1854300 152
1854310 152
1854320 152
1854330 152
1854340 152
1854350 152
1854360 152
1854370 152
1854380 152
1854390 152
1854400 152
1854410 152
1854420 152
1854430 152
1854440 152
1854450 152
1854460 152
1854470 152
1854480 152
1854490 152
1854500 152
1854510 151
1854520 151
1854530 151
1854540 151
1854550 151
1854560 151
1854570 152
1854580 152
1854590 152
1854600 152
1854610 152
1854620 152
1854630 152
1854640 152
1854650 151
1854660 151
1854670 151
1854680 151
1854690 151
1854700 151
1854710 151
1854720 151
1854730 151
1854740 151
1854750 151
1854760 151
1854770 151
1854780 151
1854790 151
1854800 151
1854810 151
1854820 151
1854830 151
1854840 151
1854850 151
1854860 151
1854870 151
1854880 151
1854890 151
1854900 151
1854910 151
1854920 151
1854930 151
1854940 151
1854950 151
1854960 151
1854970 151
1854980 150
1854990 150
1855000 150
1855010 150
1855020 150
1855030 150
1855040 150
1855050 151
1855060 151
1855070 151
1855080 151
1855090 151
1855100 151
1855110 152
1855120 152
1855130 151
1855140 151
1855150 151
1855160 151
1855170 151
1855180 151
1855190 151
1855200 151
1855210 151
1855220 151
1855230 151
1855240 151
1855250 151
1855260 151
1855270 151
1855280 151
1855290 151
1855300 151
1855310 151
1855320 151
1855330 151
1855340 151
1855350 151
1855360 151
1855370 151
1855380 151
1855390 151
1855400 151
1855410 151
1855420 151
1855430 151
1855440 151
1855450 151
1855460 151
1855470 151
1855480 151
1855490 151
1855500 151
1855510 151
1855520 151
1855530 151
1855540 151
1855550 151
1855560 151
1855570 151
1855580 151
1855590 151
1855600 151
1855610 151
1855620 151
1855630 151
1855640 151
1855650 151
1855660 151
1855670 151
1855680 151
1855690 151
1855700 150
1855710 150
1855720 150
1855730 150
1855740 150
1855750 150
1855760 150
1855770 150
1855780 150
1855790 150
1855800 150
1855810 150
1855820 150
1855830 150
1855840 150
1855850 151
1855860 151
1855870 151
1855880 151
1855890 151
1855900 151
1855910 151
1855920 151
1855930 151
1855940 150
1855950 151
1855960 151
1855970 151
1855980 151
1855990 151
1856000 151
1856010 151
1856020 151
1856030 151
1856040 151
1856050 151
1856060 151
1856070 151
1856080 151
1856090 151
1856100 151
1856110 151
1856120 151
1856130 151
1856140 151
1856150 151
1856160 151
1856170 151
1856180 151
1856190 151
1856200 151
1856210 150
1856220 149
1856230 149
1856240 150
1856250 151
1856260 151
1856270 151
1856280 151
1856290 151
1856300 151
1856310 151
1856320 151
1856330 151
1856340 150
1856350 150
1856360 150
1856370 150
1856380 150
1856390 150
1856400 150
1856410 150
1856420 150
1856430 150
1856440 150
1856450 149
1856460 149
1856470 149
1856480 149
1856490 149
1856500 149
1856510 149
1856520 149
1856530 149
1856540 149
1856550 149
1856560 149
1856570 149
1856580 149
1856590 149
1856600 149
1856610 150
1856620 150
1856630 150
1856640 150
1856650 150
1856660 150
1856670 150
1856680 150
1856690 150
1856700 150
1856710 150
1856720 150
1856730 149
1856740 149
1856750 149
1856760 150
1856770 150
1856780 150
1856790 150
1856800 150
1856810 150
1856820 150
1856830 150
1856840 150
1856850 150
1856860 150
1856870 150
1856880 150
1856890 150
1856900 150
1856910 149
1856920 149
1856930 149
1856940 149
1856950 149
1856960 149
1856970 149
1856980 149
1856990 149
1857000 149
1857010 149
1857020 149
1857030 149
1857040 149
1857050 149
1857060 149
1857070 149
1857080 150
1857090 150
1857100 150
1857110 149
1857120 150
1857130 150
1857140 150
1857150 150
1857160 150
1857170 150
1857180 150
1857190 150
1857200 150
1857210 150
1857220 150
1857230 150
1857240 150
1857250 150
1857260 151
1857270 150
1857280 150
1857290 150
1857300 151
1857310 151
1857320 151
1857330 151
1857340 151
1857350 150
1857360 150
1857370 150
1857380 150
1857390 150
1857400 150
1857410 150
1857420 150
1857430 150
1857440 150
1857450 149
1857460 149
1857470 149
1857480 149
1857490 149
1857500 149
1857510 149
1857520 149
1857530 149
1857540 149
1857550 149
1857560 149
1857570 149
1857580 149
1857590 149
1857600 149
1857610 149
1857620 149
1857630 149
1857640 149
1857650 149
1857660 149
1857670 149
1857680 149
1857690 149
1857700 149
1857710 149
1857720 149
1857730 149
1857740 149
1857750 149
1857760 149
1857770 149
1857780 150
1857790 150
1857800 150
1857810 150
1857820 150
1857830 149
1857840 149
1857850 149
1857860 149
1857870 149
1857880 149
1857890 149
1857900 149
1857910 149
1857920 149
1857930 149
1857940 149
1857950 149
1857960 149
1857970 149
1857980 149
1857990 149
1858000 149
1858010 149
1858020 149
1858030 149
1858040 149
1858050 149
1858060 149
1858070 149
1858080 149
1858090 149
1858100 149
1858110 149
1858120 149
1858130 149
1858140 149
1858150 149
1858160 149
1858170 149
1858180 149
1858190 149
1858200 149
1858210 149
1858220 149
1858230 149
1858240 149
1858250 149
1858260 149
1858270 149
1858280 148
1858290 148
1858300 148
1858310 148
1858320 148
1858330 148
1858340 149
1858350 149
1858360 149
1858370 149
1858380 149
1858390 149
1858400 150
1858410 150
1858420 150
1858430 150
1858440 150
1858450 150
1858460 150
1858470 150
1858480 150
1858490 150
1858500 150
1858510 150
1858520 150
1858530 150
1858540 150
1858550 150
1858560 150
1858570 150
1858580 150
1858590 149
1858600 149
1858610 149
1858620 149
1858630 149
1858640 148
1858650 148
1858660 148
1858670 147
1858680 147
1858690 147
1858700 147
1858710 148
1858720 148
1858730 148
1858740 148
1858750 148
1858760 148
1858770 148
1858780 148
1858790 148
1858800 148
1858810 148
1858820 148
1858830 148
1858840 148
1858850 148
1858860 148
1858870 148
1858880 148
1858890 148
1858900 148
1858910 148
1858920 148
1858930 148
1858940 148
1858950 148
1858960 148
1858970 148
1858980 148
1858990 148
1859000 148
1859010 148
1859020 148
1859030 148
1859040 148
1859050 148
1859060 148
1859070 148
1859080 148
1859090 149
1859100 149
1859110 149
1859120 149
1859130 149
1859140 149
1859150 149
1859160 149
1859170 149
1859180 149
1859190 149
1859200 149
1859210 149
1859220 150
1859230 150
1859240 150
1859250 150
1859260 150
1859270 150
1859280 150
1859290 150
1859300 150
1859310 150
1859320 150
1859330 150
1859340 150
1859350 150
1859360 150
1859370 150
1859380 150
1859390 150
1859400 150
1859410 150
1859420 149
1859430 149
1859440 149
1859450 149
1859460 149
1859470 149
1859480 149
1859490 149
1859500 149
1859510 149
1859520 149
1859530 149
1859540 149
1859550 149
1859560 149
1859570 149
1859580 149
1859590 149
1859600 149
1859610 149
1859620 149
1859630 149
1859640 149
1859650 149
1859660 149
1859670 149
1859680 149
1859690 149
1859700 149
1859710 149
1859720 149
1859730 149
1859740 149
1859750 149
1859760 149
1859770 149
1859780 149
1859790 149
1859800 149
1859810 149
1859820 149
1859830 149
1859840 149
1859850 149
1859860 149
1859870 149
1859880 149
1859890 149
1859900 149
1859910 149
1859920 149
1859930 149
1859940 149
1859950 149
1859960 149
1859970 149
1859980 149
1859990 149
