1840000 156
1840010 156
1840020 156
1840030 156
1840040 156
1840050 156
1840060 156
1840070 156
1840080 156
1840090 156
1840100 156
1840110 156
1840120 156
1840130 156
1840140 156
1840150 156
1840160 156
1840170 156
1840180 156
1840190 156
1840200 156
1840210 156
1840220 156
1840230 156
1840240 156
1840250 156
1840260 156
1840270 156
1840280 156
1840290 156
1840300 156
1840310 156
1840320 156
1840330 156
1840340 156
1840350 156
1840360 156
1840370 156
1840380 156
1840390 156
1840400 156
1840410 156
1840420 156
1840430 156
1840440 156
1840450 156
1840460 156
1840470 156
1840480 156
1840490 156
1840500 156
1840510 156
1840520 156
1840530 156
1840540 156
1840550 155
1840560 155
1840570 155
1840580 155
1840590 155
1840600 155
1840610 155
1840620 155
1840630 156
1840640 155
1840650 155
1840660 155
1840670 155
1840680 155
1840690 155
1840700 155
1840710 155
1840720 155
1840730 155
1840740 155
1840750 155
1840760 155
1840770 155
1840780 155
1840790 155
1840800 155
1840810 155
1840820 155
1840830 155
1840840 156
1840850 156
1840860 156
1840870 156
1840880 156
1840890 156
1840900 155
1840910 156
1840920 156
1840930 156
1840940 156
1840950 156
1840960 155
1840970 155
1840980 155
1840990 155
1841000 155
1841010 155
1841020 155
1841030 155
1841040 155
1841050 155
1841060 156
1841070 156
1841080 156
1841090 156
1841100 156
1841110 156
1841120 156
1841130 156
1841140 157
1841150 157
1841160 157
1841170 157
1841180 157
1841190 157
1841200 157
1841210 157
1841220 157
1841230 157
1841240 157
1841250 157
1841260 157
1841270 156
1841280 156
1841290 156
1841300 156
1841310 156
1841320 156
1841330 156
1841340 156
1841350 156
1841360 156
1841370 156
1841380 156
1841390 156
1841400 156
1841410 156
1841420 156
1841430 156
1841440 156
1841450 156
1841460 156
1841470 155
1841480 155
1841490 155
1841500 155
1841510 155
1841520 155
1841530 155
1841540 155
1841550 155
1841560 155
1841570 155
1841580 155
1841590 155
1841600 155
1841610 155
1841620 155
1841630 155
1841640 155
1841650 155
1841660 155
1841670 155
1841680 155
1841690 155
1841700 155
1841710 155
1841720 155
1841730 155
1841740 155
1841750 155
1841760 155
1841770 155
1841780 155
1841790 155
1841800 155
1841810 155
1841820 155
1841830 155
1841840 155
1841850 155
1841860 155
1841870 155
1841880 155
1841890 155
1841900 155
1841910 155
1841920 155
1841930 155
1841940 155
1841950 155
1841960 155
1841970 155
1841980 155
1841990 155
1842000 155
1842010 155
1842020 155
1842030 155
1842040 155
1842050 155
1842060 155
1842070 155
1842080 155
1842090 155
1842100 155
1842110 155
1842120 155
1842130 155
1842140 155
1842150 155
1842160 155
1842170 155
1842180 155
1842190 155
1842200 155
1842210 155
1842220 155
1842230 155
1842240 155
1842250 155
1842260 155
1842270 155
1842280 155
1842290 155
1842300 155
1842310 155
1842320 155
1842330 155
1842340 155
1842350 155
1842360 155
1842370 155
1842380 155
1842390 155
1842400 155
1842410 155
1842420 155
1842430 155
1842440 155
1842450 155
1842460 154
1842470 154
1842480 154
1842490 155
1842500 156
1842510 156
1842520 156
1842530 155
1842540 155
1842550 155
1842560 156
1842570 156
1842580 155
1842590 155
1842600 155
1842610 155
1842620 156
1842630 156
1842640 156
1842650 156
1842660 156
1842670 156
1842680 156
1842690 156
1842700 156
1842710 156
1842720 156
1842730 155
1842740 155
1842750 155
1842760 155
1842770 155
1842780 155
1842790 156
1842800 157
1842810 157
1842820 156
1842830 156
1842840 156
1842850 155
1842860 154
1842870 154
1842880 151
1842890 151
1842900 151
1842910 151
1842920 151
1842930 151
1842940 151
1842950 151
1842960 151
1842970 151
1842980 151
1842990 151
1843000 151
1843010 151
1843020 151
1843030 151
1843040 151
1843050 151
1843060 153
1843070 153
1843080 153
1843090 153
1843100 152
1843110 152
1843120 153
1843130 153
1843140 153
1843150 153
1843160 154
1843170 154
1843180 154
1843190 154
1843200 154
1843210 154
1843220 154
1843230 154
1843240 151
1843250 150
1843260 150
1843270 150
1843280 150
1843290 150
1843300 150
1843310 150
1843320 150
1843330 150
1843340 150
1843350 150
1843360 150
1843370 150
1843380 150
1843390 150
1843400 151
1843410 151
1843420 151
1843430 152
1843440 152
1843450 154
1843460 154
1843470 154
1843480 154
1843490 154
1843500 154
1843510 154
1843520 154
1843530 154
1843540 154
1843550 154
1843560 154
1843570 154
1843580 154
1843590 154
1843600 154
1843610 154
1843620 154
1843630 154
1843640 154
1843650 154
1843660 154
1843670 154
1843680 154
1843690 154
1843700 154
1843710 154
1843720 154
1843730 155
1843740 155
1843750 155
1843760 155
1843770 155
1843780 155
1843790 155
1843800 155
1843810 155
1843820 155
1843830 155
1843840 155
1843850 155
1843860 155
1843870 155
1843880 156
1843890 156
1843900 155
1843910 156
1843920 156
1843930 156
1843940 156
1843950 156
1843960 156
1843970 156
1843980 156
1843990 156
1844000 156
1844010 156
1844020 156
1844030 156
1844040 156
1844050 156
1844060 155
1844070 155
1844080 155
1844090 155
1844100 155
1844110 155
1844120 155
1844130 155
1844140 155
1844150 155
1844160 155
1844170 155
1844180 155
1844190 155
1844200 155
1844210 155
1844220 155
1844230 155
1844240 155
1844250 155
1844260 155
1844270 155
1844280 155
1844290 155
1844300 155
1844310 155
1844320 155
1844330 155
1844340 155
1844350 155
1844360 155
1844370 155
1844380 155
1844390 155
1844400 155
1844410 155
1844420 155
1844430 155
1844440 155
1844450 155
1844460 155
1844470 155
1844480 155
1844490 155
1844500 155
1844510 155
1844520 155
1844530 155
1844540 155
1844550 155
1844560 155
1844570 155
1844580 155
1844590 155
1844600 155
1844610 155
1844620 155
1844630 155
1844640 155
1844650 154
1844660 154
1844670 154
1844680 154
1844690 155
1844700 155
1844710 155
1844720 155
1844730 155
1844740 154
1844750 154
1844760 154
1844770 155
1844780 155
1844790 155
1844800 155
1844810 155
1844820 155
1844830 155
1844840 155
1844850 155
1844860 155
1844870 155
1844880 155
1844890 155
1844900 155
1844910 155
1844920 155
1844930 155
1844940 155
1844950 155
1844960 154
1844970 154
1844980 154
1844990 154
1845000 154
1845010 154
1845020 154
1845030 154
1845040 154
1845050 154
1845060 154
1845070 154
1845080 154
1845090 154
1845100 154
1845110 154
1845120 154
1845130 155
1845140 155
1845150 155
1845160 155
1845170 155
1845180 155
1845190 155
1845200 154
1845210 154
1845220 154
1845230 154
1845240 154
1845250 154
1845260 154
1845270 154
1845280 154
1845290 154
1845300 154
1845310 154
1845320 154
1845330 154
1845340 154
1845350 154
1845360 154
1845370 154
1845380 154
1845390 154
1845400 154
1845410 154
1845420 154
1845430 154
1845440 154
1845450 154
1845460 154
1845470 154
1845480 154
1845490 154
1845500 154
1845510 154
1845520 154
1845530 154
1845540 154
1845550 154
1845560 154
1845570 154
1845580 154
1845590 154
1845600 154
1845610 154
1845620 154
1845630 154
1845640 154
1845650 154
1845660 154
1845670 154
1845680 154
1845690 154
1845700 154
1845710 154
1845720 154
1845730 154
1845740 154
1845750 154
1845760 154
1845770 154
1845780 154
1845790 154
1845800 154
1845810 154
1845820 154
1845830 154
1845840 154
1845850 154
1845860 154
1845870 154
1845880 154
1845890 154
1845900 154
1845910 154
1845920 154
1845930 154
1845940 155
1845950 155
1845960 155
1845970 155
1845980 155
1845990 155
1846000 155
1846010 155
1846020 155
1846030 155
1846040 155
1846050 155
1846060 154
1846070 154
1846080 154
1846090 154
1846100 155
1846110 155
1846120 155
1846130 154
1846140 154
1846150 154
1846160 154
1846170 154
1846180 154
1846190 154
1846200 154
1846210 154
1846220 154
1846230 154
1846240 154
1846250 154
1846260 154
1846270 154
1846280 154
1846290 154
1846300 154
1846310 154
1846320 154
1846330 154
1846340 154
1846350 154
1846360 154
1846370 154
1846380 154
1846390 154
1846400 154
1846410 154
1846420 154
1846430 155
1846440 155
1846450 155
1846460 155
1846470 155
1846480 155
1846490 155
1846500 155
1846510 155
1846520 154
1846530 154
1846540 154
1846550 154
1846560 154
1846570 154
1846580 155
1846590 155
1846600 155
1846610 155
1846620 154
1846630 154
1846640 154
1846650 154
1846660 154
1846670 154
1846680 154
1846690 154
1846700 154
1846710 154
1846720 154
1846730 154
1846740 154
1846750 154
1846760 154
1846770 154
1846780 154
1846790 154
1846800 154
1846810 154
1846820 154
1846830 154
1846840 154
1846850 154
1846860 154
1846870 154
1846880 154
1846890 154
1846900 154
1846910 154
1846920 154
1846930 154
1846940 154
1846950 154
1846960 154
1846970 154
1846980 154
1846990 154
1847000 154
1847010 154
1847020 154
1847030 154
1847040 154
1847050 154
1847060 154
1847070 154
1847080 154
1847090 154
1847100 154
1847110 154
1847120 154
1847130 154
1847140 154
1847150 154
1847160 154
1847170 154
1847180 154
1847190 154
1847200 154
1847210 154
1847220 154
1847230 154
1847240 154
1847250 154
1847260 154
1847270 154
1847280 154
1847290 154
1847300 154
1847310 154
1847320 154
1847330 154
1847340 154
1847350 154
1847360 154
1847370 154
1847380 154
1847390 154
1847400 154
1847410 154
1847420 154
1847430 154
1847440 154
1847450 154
1847460 154
1847470 154
1847480 154
1847490 154
1847500 154
1847510 154
1847520 154
1847530 154
1847540 154
1847550 154
1847560 154
1847570 154
1847580 154
1847590 154
1847600 154
1847610 154
1847620 154
1847630 154
1847640 154
1847650 154
1847660 154
1847670 154
1847680 154
1847690 154
1847700 154
1847710 154
1847720 154
1847730 154
1847740 154
1847750 154
1847760 154
1847770 154
1847780 154
1847790 154
1847800 154
1847810 154
1847820 154
1847830 154
1847840 154
1847850 154
1847860 154
1847870 154
1847880 154
1847890 154
1847900 154
1847910 154
1847920 154
1847930 154
1847940 154
1847950 154
1847960 154
1847970 154
1847980 154
1847990 154
1848000 154
1848010 154
1848020 154
1848030 154
1848040 154
1848050 154
1848060 154
1848070 154
1848080 154
1848090 154
1848100 154
1848110 154
1848120 154
1848130 154
1848140 154
1848150 154
1848160 154
1848170 154
1848180 154
1848190 154
1848200 154
1848210 154
1848220 154
1848230 154
1848240 154
1848250 154
1848260 154
1848270 154
1848280 154
1848290 154
1848300 154
1848310 154
1848320 154
1848330 154
1848340 154
1848350 154
1848360 154
1848370 154
1848380 154
1848390 154
1848400 154
1848410 154
1848420 154
1848430 154
1848440 154
1848450 154
1848460 154
1848470 154
1848480 154
1848490 154
1848500 154
1848510 154
1848520 154
1848530 154
1848540 154
1848550 154
1848560 153
1848570 153
1848580 153
1848590 153
1848600 153
1848610 153
1848620 153
1848630 153
1848640 153
1848650 153
1848660 153
1848670 153
1848680 153
1848690 153
1848700 153
1848710 153
1848720 153
1848730 153
1848740 153
1848750 153
1848760 153
1848770 153
1848780 153
1848790 153
1848800 153
1848810 153
1848820 153
1848830 154
1848840 154
1848850 154
1848860 154
1848870 154
1848880 154
1848890 153
1848900 153
1848910 154
1848920 154
1848930 154
1848940 154
1848950 154
1848960 154
1848970 154
1848980 153
1848990 153
1849000 153
1849010 153
1849020 153
1849030 153
1849040 153
1849050 153
1849060 153
1849070 153
1849080 153
1849090 153
1849100 153
1849110 153
1849120 153
1849130 153
1849140 153
1849150 153
1849160 153
1849170 153
1849180 153
1849190 153
1849200 153
1849210 153
1849220 153
1849230 153
1849240 153
1849250 153
1849260 153
1849270 153
1849280 154
1849290 154
1849300 154
1849310 154
1849320 154
1849330 154
1849340 154
1849350 154
1849360 153
1849370 153
1849380 153
1849390 153
1849400 153
1849410 153
1849420 154
1849430 154
1849440 154
1849450 154
1849460 154
1849470 154
1849480 154
1849490 154
1849500 154
1849510 154
1849520 154
1849530 154
1849540 154
1849550 154
1849560 154
1849570 154
1849580 154
1849590 154
1849600 154
1849610 154
1849620 154
1849630 154
1849640 154
1849650 154
1849660 154
1849670 154
1849680 154
1849690 154
1849700 153
1849710 153
1849720 153
1849730 153
1849740 153
1849750 153
1849760 153
1849770 153
1849780 153
1849790 153
1849800 153
1849810 153
1849820 153
1849830 153
1849840 153
1849850 153
1849860 153
1849870 153
1849880 153
1849890 153
1849900 153
1849910 153
1849920 153
1849930 153
1849940 153
1849950 153
1849960 153
1849970 153
1849980 153
1849990 153
1850000 153
1850010 153
1850020 153
1850030 153
1850040 153
1850050 153
1850060 153
1850070 153
1850080 153
1850090 153
1850100 153
1850110 153
1850120 153
1850130 153
1850140 153
1850150 153
1850160 153
1850170 152
1850180 153
1850190 153
1850200 152
1850210 152
1850220 152
1850230 152
1850240 152
1850250 152
1850260 152
1850270 152
1850280 152
1850290 152
1850300 152
1850310 152
1850320 152
1850330 152
1850340 152
1850350 152
1850360 152
1850370 152
1850380 152
1850390 152
1850400 152
1850410 152
1850420 152
1850430 152
1850440 152
1850450 152
1850460 152
1850470 153
1850480 153
1850490 153
1850500 153
1850510 153
1850520 153
1850530 153
1850540 153
1850550 153
1850560 153
1850570 153
1850580 153
1850590 153
1850600 153
1850610 153
1850620 153
1850630 153
1850640 153
1850650 153
1850660 153
1850670 153
1850680 153
1850690 152
1850700 152
1850710 152
1850720 152
1850730 152
1850740 152
1850750 152
1850760 152
1850770 153
1850780 153
1850790 153
1850800 153
1850810 153
1850820 153
1850830 153
1850840 153
1850850 153
1850860 153
1850870 153
1850880 153
1850890 153
1850900 153
1850910 153
1850920 153
1850930 153
1850940 153
1850950 153
1850960 153
1850970 153
1850980 153
1850990 153
1851000 153
1851010 153
1851020 153
1851030 153
1851040 153
1851050 153
1851060 153
1851070 152
1851080 153
1851090 153
1851100 153
1851110 152
1851120 152
1851130 152
1851140 152
1851150 152
1851160 152
1851170 152
1851180 152
1851190 152
1851200 152
1851210 152
1851220 152
1851230 152
1851240 152
1851250 152
1851260 152
1851270 152
1851280 152
1851290 152
1851300 152
1851310 152
1851320 152
1851330 152
1851340 152
1851350 152
1851360 152
1851370 152
1851380 152
1851390 152
1851400 152
1851410 152
1851420 152
1851430 152
1851440 152
1851450 152
1851460 151
1851470 151
1851480 151
1851490 151
1851500 151
1851510 151
1851520 151
1851530 152
1851540 152
1851550 152
1851560 152
1851570 152
1851580 152
1851590 152
1851600 152
1851610 152
1851620 152
1851630 152
1851640 152
1851650 152
1851660 152
1851670 152
1851680 152
1851690 152
1851700 152
1851710 152
1851720 152
1851730 152
1851740 152
1851750 152
1851760 152
1851770 152
1851780 152
1851790 152
1851800 152
1851810 152
1851820 152
1851830 152
1851840 152
1851850 152
1851860 152
1851870 152
1851880 152
1851890 152
1851900 152
1851910 152
1851920 152
1851930 152
1851940 152
1851950 152
1851960 152
1851970 152
1851980 152
1851990 152
1852000 152
1852010 152
1852020 152
1852030 152
1852040 152
1852050 152
1852060 152
1852070 152
1852080 152
1852090 152
1852100 152
1852110 152
1852120 152
1852130 152
1852140 152
1852150 151
1852160 151
1852170 151
1852180 152
1852190 151
1852200 151
1852210 151
1852220 152
1852230 152
1852240 152
1852250 152
1852260 152
1852270 152
1852280 152
1852290 152
1852300 152
1852310 152
1852320 152
1852330 152
1852340 152
1852350 152
1852360 152
1852370 152
1852380 152
1852390 152
1852400 152
1852410 152
1852420 152
1852430 152
1852440 152
1852450 152
1852460 152
1852470 152
1852480 152
1852490 152
1852500 152
1852510 152
1852520 152
1852530 152
1852540 152
1852550 152
1852560 152
1852570 152
1852580 152
1852590 152
1852600 152
1852610 152
1852620 152
1852630 152
1852640 152
1852650 152
1852660 152
1852670 152
1852680 152
1852690 152
1852700 152
1852710 152
1852720 152
1852730 152
1852740 152
1852750 152
1852760 152
1852770 152
1852780 152
1852790 152
1852800 152
1852810 152
1852820 152
1852830 152
1852840 152
1852850 152
1852860 152
1852870 152
1852880 152
1852890 152
1852900 152
1852910 152
1852920 152
1852930 152
1852940 152
1852950 152
1852960 152
1852970 152
1852980 152
1852990 152
1853000 152
1853010 152
1853020 152
1853030 152
1853040 152
1853050 152
1853060 152
1853070 152
1853080 152
1853090 152
1853100 152
1853110 152
1853120 152
1853130 152
1853140 152
1853150 152
1853160 152
1853170 152
1853180 152
1853190 152
1853200 152
1853210 151
1853220 151
1853230 151
1853240 151
1853250 151
1853260 151
1853270 151
1853280 151
1853290 151
1853300 151
1853310 151
1853320 151
1853330 152
1853340 152
1853350 151
1853360 151
1853370 151
1853380 151
1853390 151
1853400 151
1853410 151
1853420 151
1853430 151
1853440 151
1853450 151
1853460 151
1853470 151
1853480 151
1853490 151
1853500 151
1853510 151
1853520 151
1853530 151
1853540 151
1853550 151
1853560 151
1853570 151
1853580 151
1853590 151
1853600 151
1853610 151
1853620 151
1853630 152
1853640 152
1853650 152
1853660 152
1853670 152
1853680 152
1853690 152
1853700 152
1853710 152
1853720 152
1853730 152
1853740 152
1853750 152
1853760 152
1853770 152
1853780 152
1853790 152
1853800 152
1853810 152
1853820 152
1853830 152
1853840 152
1853850 152
1853860 152
1853870 152
1853880 152
1853890 152
1853900 151
1853910 151
1853920 151
1853930 151
1853940 151
1853950 152
1853960 152
1853970 152
1853980 152
1853990 152
1854000 152
1854010 152
1854020 152
1854030 152
1854040 152
1854050 152
1854060 151
1854070 151
1854080 151
1854090 151
1854100 151
1854110 151
1854120 151
1854130 151
1854140 151
1854150 151
1854160 151
1854170 151
1854180 151
1854190 151
1854200 151
1854210 151
1854220 152
1854230 152
1854240 152
1854250 152
1854260 152
1854270 152
1854280 152
1854290 152
1854300 152
1854310 152
1854320 152
1854330 152
1854340 152
1854350 152
1854360 152
1854370 152
1854380 152
1854390 152
1854400 152
1854410 152
1854420 152
1854430 152
1854440 151
1854450 151
1854460 151
1854470 151
1854480 151
1854490 151
1854500 151
1854510 151
1854520 151
1854530 151
1854540 151
1854550 151
1854560 151
1854570 151
1854580 151
1854590 151
1854600 151
1854610 151
1854620 151
1854630 151
1854640 151
1854650 151
1854660 151
1854670 151
1854680 151
1854690 151
1854700 151
1854710 151
1854720 151
1854730 151
1854740 151
1854750 151
1854760 151
1854770 151
1854780 151
1854790 151
1854800 151
1854810 151
1854820 151
1854830 151
1854840 151
1854850 151
1854860 151
1854870 151
1854880 151
1854890 151
1854900 151
1854910 151
1854920 151
1854930 151
1854940 151
1854950 151
1854960 151
1854970 151
1854980 151
1854990 151
1855000 151
1855010 151
1855020 151
1855030 151
1855040 151
1855050 151
1855060 151
1855070 151
1855080 151
1855090 151
1855100 151
1855110 151
1855120 151
1855130 151
1855140 151
1855150 151
1855160 151
1855170 151
1855180 151
1855190 152
1855200 152
1855210 152
1855220 152
1855230 152
1855240 151
1855250 151
1855260 151
1855270 151
1855280 151
1855290 151
1855300 151
1855310 151
1855320 151
1855330 151
1855340 151
1855350 151
1855360 150
1855370 150
1855380 150
1855390 150
1855400 150
1855410 150
1855420 150
1855430 150
1855440 150
1855450 150
1855460 150
1855470 150
1855480 150
1855490 150
1855500 150
1855510 150
1855520 150
1855530 150
1855540 150
1855550 150
1855560 150
1855570 150
1855580 150
1855590 150
1855600 151
1855610 151
1855620 151
1855630 151
1855640 150
1855650 150
1855660 151
1855670 151
1855680 151
1855690 151
1855700 151
1855710 151
1855720 151
1855730 151
1855740 151
1855750 151
1855760 151
1855770 151
1855780 151
1855790 151
1855800 151
1855810 151
1855820 151
1855830 151
1855840 151
1855850 151
1855860 151
1855870 151
1855880 151
1855890 151
1855900 151
1855910 151
1855920 151
1855930 151
1855940 151
1855950 151
1855960 151
1855970 151
1855980 151
1855990 151
1856000 151
1856010 151
1856020 151
1856030 150
1856040 150
1856050 150
1856060 150
1856070 150
1856080 150
1856090 150
1856100 150
1856110 150
1856120 150
1856130 150
1856140 150
1856150 150
1856160 150
1856170 150
1856180 149
1856190 149
1856200 149
1856210 149
1856220 149
1856230 149
1856240 149
1856250 149
1856260 149
1856270 149
1856280 149
1856290 149
1856300 149
1856310 149
1856320 149
1856330 149
1856340 149
1856350 149
1856360 149
1856370 149
1856380 149
1856390 149
1856400 149
1856410 149
1856420 149
1856430 149
1856440 149
1856450 150
1856460 150
1856470 150
1856480 149
1856490 149
1856500 149
1856510 149
1856520 149
1856530 149
1856540 149
1856550 149
1856560 149
1856570 149
1856580 149
1856590 149
1856600 149
1856610 149
1856620 149
1856630 149
1856640 149
1856650 150
1856660 150
1856670 150
1856680 150
1856690 150
1856700 150
1856710 150
1856720 150
1856730 150
1856740 150
1856750 150
1856760 150
1856770 150
1856780 150
1856790 150
1856800 150
1856810 150
1856820 150
1856830 150
1856840 150
1856850 150
1856860 150
1856870 150
1856880 150
1856890 150
1856900 150
1856910 150
1856920 150
1856930 150
1856940 150
1856950 150
1856960 150
1856970 150
1856980 150
1856990 149
1857000 149
1857010 149
1857020 149
1857030 149
1857040 149
1857050 149
1857060 149
1857070 149
1857080 149
1857090 149
1857100 149
1857110 149
1857120 149
1857130 149
1857140 149
1857150 149
1857160 149
1857170 149
1857180 149
1857190 149
1857200 149
1857210 149
1857220 150
1857230 150
1857240 150
1857250 150
1857260 150
1857270 150
1857280 150
1857290 150
1857300 149
1857310 149
1857320 149
1857330 149
1857340 149
1857350 149
1857360 149
1857370 150
1857380 150
1857390 150
1857400 150
1857410 150
1857420 150
1857430 150
1857440 150
1857450 150
1857460 150
1857470 150
1857480 150
1857490 150
1857500 150
1857510 150
1857520 150
1857530 150
1857540 150
1857550 149
1857560 149
1857570 149
1857580 149
1857590 149
1857600 149
1857610 149
1857620 149
1857630 148
1857640 148
1857650 148
1857660 148
1857670 148
1857680 148
1857690 148
1857700 148
1857710 148
1857720 148
1857730 148
1857740 148
1857750 148
1857760 148
1857770 148
1857780 149
1857790 149
1857800 149
1857810 149
1857820 149
1857830 149
1857840 150
1857850 150
1857860 150
1857870 150
1857880 149
1857890 149
1857900 149
1857910 149
1857920 149
1857930 149
1857940 149
1857950 149
1857960 149
1857970 149
1857980 149
1857990 149
1858000 149
1858010 149
1858020 149
1858030 149
1858040 149
1858050 149
1858060 149
1858070 149
1858080 149
1858090 149
1858100 149
1858110 149
1858120 149
1858130 149
1858140 149
1858150 149
1858160 149
1858170 149
1858180 149
1858190 149
1858200 149
1858210 149
1858220 149
1858230 149
1858240 149
1858250 149
1858260 149
1858270 149
1858280 149
1858290 149
1858300 149
1858310 149
1858320 149
1858330 148
1858340 148
1858350 148
1858360 149
1858370 149
1858380 150
1858390 150
1858400 150
1858410 150
1858420 150
1858430 150
1858440 150
1858450 150
1858460 150
1858470 150
1858480 150
1858490 150
1858500 150
1858510 150
1858520 150
1858530 150
1858540 150
1858550 150
1858560 150
1858570 150
1858580 150
1858590 150
1858600 149
1858610 149
1858620 149
1858630 150
1858640 150
1858650 149
1858660 149
1858670 149
1858680 149
1858690 150
1858700 150
1858710 150
1858720 150
1858730 150
1858740 150
1858750 150
1858760 150
1858770 150
1858780 150
1858790 150
1858800 150
1858810 150
1858820 150
1858830 150
1858840 149
1858850 149
1858860 149
1858870 149
1858880 149
1858890 149
1858900 149
1858910 149
1858920 149
1858930 149
1858940 149
1858950 149
1858960 149
1858970 149
1858980 149
1858990 149
1859000 149
1859010 149
1859020 149
1859030 149
1859040 149
1859050 149
1859060 149
1859070 149
1859080 149
1859090 149
1859100 149
1859110 149
1859120 149
1859130 149
1859140 149
1859150 149
1859160 149
1859170 149
1859180 149
1859190 149
1859200 149
1859210 149
1859220 149
1859230 149
1859240 149
1859250 149
1859260 149
1859270 149
1859280 149
1859290 149
1859300 149
1859310 149
1859320 149
1859330 149
1859340 149
1859350 149
1859360 149
1859370 149
1859380 149
1859390 149
1859400 149
1859410 149
1859420 149
1859430 149
1859440 149
1859450 149
1859460 149
1859470 149
1859480 149
1859490 149
1859500 149
1859510 149
1859520 149
1859530 149
1859540 149
1859550 149
1859560 149
1859570 149
1859580 149
1859590 149
1859600 149
1859610 150
1859620 150
1859630 150
1859640 148
1859650 149
1859660 149
1859670 150
1859680 150
1859690 150
1859700 151
1859710 152
1859720 152
1859730 153
1859740 152
1859750 152
1859760 152
1859770 152
1859780 152
1859790 152
1859800 152
1859810 152
1859820 152
1859830 152
1859840 152
1859850 152
1859860 152
1859870 152
1859880 152
1859890 152
1859900 152
1859910 152
1859920 152
1859930 152
1859940 152
1859950 152
1859960 152
1859970 152
1859980 151
1859990 151
