1840000 157
1840010 157
1840020 157
1840030 157
1840040 157
1840050 156
1840060 156
1840070 156
1840080 156
1840090 156
1840100 156
1840110 156
1840120 156
1840130 156
1840140 156
1840150 156
1840160 156
1840170 156
1840180 156
1840190 156
1840200 156
1840210 156
1840220 156
1840230 156
1840240 156
1840250 156
1840260 156
1840270 156
1840280 156
1840290 156
1840300 156
1840310 156
1840320 156
1840330 156
1840340 156
1840350 156
1840360 156
1840370 156
1840380 156
1840390 156
1840400 156
1840410 156
1840420 156
1840430 156
1840440 156
1840450 156
1840460 156
1840470 157
1840480 157
1840490 157
1840500 157
1840510 157
1840520 157
1840530 157
1840540 157
1840550 157
1840560 157
1840570 157
1840580 156
1840590 156
1840600 156
1840610 156
1840620 156
1840630 156
1840640 156
1840650 156
1840660 156
1840670 156
1840680 157
1840690 157
1840700 157
1840710 157
1840720 157
1840730 157
1840740 157
1840750 157
1840760 157
1840770 157
1840780 157
1840790 157
1840800 157
1840810 157
1840820 157
1840830 157
1840840 157
1840850 157
1840860 157
1840870 157
1840880 157
1840890 157
1840900 157
1840910 157
1840920 157
1840930 157
1840940 157
1840950 157
1840960 157
1840970 156
1840980 156
1840990 156
1841000 156
1841010 156
1841020 156
1841030 156
1841040 156
1841050 156
1841060 156
1841070 156
1841080 156
1841090 156
1841100 156
1841110 156
1841120 156
1841130 156
1841140 156
1841150 156
1841160 156
1841170 156
1841180 156
1841190 156
1841200 156
1841210 156
1841220 156
1841230 156
1841240 156
1841250 156
1841260 156
1841270 156
1841280 155
1841290 155
1841300 156
1841310 156
1841320 156
1841330 156
1841340 156
1841350 156
1841360 156
1841370 156
1841380 156
1841390 156
1841400 156
1841410 156
1841420 156
1841430 156
1841440 156
1841450 156
1841460 156
1841470 156
1841480 156
1841490 156
1841500 156
1841510 156
1841520 156
1841530 156
1841540 157
1841550 157
1841560 157
1841570 157
1841580 157
1841590 157
1841600 157
1841610 156
1841620 156
1841630 157
1841640 157
1841650 157
1841660 156
1841670 156
1841680 156
1841690 156
1841700 156
1841710 156
1841720 156
1841730 156
1841740 156
1841750 155
1841760 155
1841770 155
1841780 155
1841790 155
1841800 155
1841810 155
1841820 155
1841830 155
1841840 156
1841850 156
1841860 156
1841870 156
1841880 156
1841890 156
1841900 156
1841910 156
1841920 156
1841930 156
1841940 156
1841950 156
1841960 156
1841970 156
1841980 156
1841990 156
1842000 156
1842010 156
1842020 156
1842030 156
1842040 156
1842050 156
1842060 156
1842070 156
1842080 156
1842090 156
1842100 156
1842110 156
1842120 156
1842130 156
1842140 156
1842150 156
1842160 156
1842170 156
1842180 156
1842190 156
1842200 156
1842210 156
1842220 156
1842230 156
1842240 156
1842250 156
1842260 156
1842270 156
1842280 156
1842290 156
1842300 156
1842310 156
1842320 156
1842330 156
1842340 156
1842350 156
1842360 156
1842370 156
1842380 156
1842390 156
1842400 156
1842410 156
1842420 156
1842430 156
1842440 156
1842450 156
1842460 156
1842470 156
1842480 156
1842490 156
1842500 156
1842510 156
1842520 156
1842530 156
1842540 156
1842550 156
1842560 156
1842570 156
1842580 156
1842590 156
1842600 156
1842610 156
1842620 156
1842630 156
1842640 156
1842650 156
1842660 156
1842670 156
1842680 156
1842690 156
1842700 156
1842710 156
1842720 156
1842730 156
1842740 156
1842750 156
1842760 156
1842770 156
1842780 156
1842790 156
1842800 156
1842810 156
1842820 156
1842830 155
1842840 155
1842850 155
1842860 155
1842870 155
1842880 155
1842890 155
1842900 155
1842910 155
1842920 154
1842930 154
1842940 154
1842950 154
1842960 154
1842970 154
1842980 154
1842990 154
1843000 155
1843010 155
1843020 155
1843030 155
1843040 155
1843050 155
1843060 155
1843070 156
1843080 156
1843090 156
1843100 156
1843110 156
1843120 156
1843130 156
1843140 156
1843150 156
1843160 156
1843170 156
1843180 156
1843190 156
1843200 156
1843210 156
1843220 156
1843230 156
1843240 156
1843250 156
1843260 156
1843270 156
1843280 156
1843290 156
1843300 156
1843310 156
1843320 156
1843330 156
1843340 156
1843350 156
1843360 156
1843370 155
1843380 155
1843390 155
1843400 155
1843410 155
1843420 155
1843430 155
1843440 155
1843450 155
1843460 155
1843470 155
1843480 155
1843490 155
1843500 155
1843510 155
1843520 156
1843530 156
1843540 156
1843550 156
1843560 156
1843570 156
1843580 156
1843590 156
1843600 156
1843610 157
1843620 157
1843630 156
1843640 156
1843650 156
1843660 156
1843670 156
1843680 156
1843690 156
1843700 156
1843710 156
1843720 155
1843730 155
1843740 155
1843750 155
1843760 155
1843770 155
1843780 156
1843790 156
1843800 156
1843810 156
1843820 156
1843830 156
1843840 156
1843850 156
1843860 156
1843870 156
1843880 156
1843890 156
1843900 156
1843910 156
1843920 156
1843930 156
1843940 156
1843950 156
1843960 156
1843970 156
1843980 156
1843990 156
1844000 156
1844010 156
1844020 156
1844030 156
1844040 156
1844050 156
1844060 156
1844070 156
1844080 156
1844090 156
1844100 156
1844110 156
1844120 156
1844130 156
1844140 156
1844150 156
1844160 156
1844170 156
1844180 156
1844190 156
1844200 156
1844210 156
1844220 156
1844230 157
1844240 157
1844250 157
1844260 157
1844270 157
1844280 157
1844290 157
1844300 157
1844310 157
1844320 157
1844330 157
1844340 157
1844350 156
1844360 156
1844370 156
1844380 156
1844390 156
1844400 156
1844410 156
1844420 156
1844430 156
1844440 156
1844450 156
1844460 156
1844470 156
1844480 156
1844490 156
1844500 156
1844510 156
1844520 156
1844530 156
1844540 156
1844550 156
1844560 156
1844570 156
1844580 156
1844590 156
1844600 156
1844610 156
1844620 155
1844630 155
1844640 155
1844650 155
1844660 155
1844670 155
1844680 155
1844690 155
1844700 155
1844710 155
1844720 155
1844730 155
1844740 155
1844750 155
1844760 155
1844770 155
1844780 155
1844790 155
1844800 155
1844810 155
1844820 155
1844830 155
1844840 155
1844850 155
1844860 155
1844870 155
1844880 155
1844890 155
1844900 155
1844910 155
1844920 155
1844930 155
1844940 155
1844950 155
1844960 155
1844970 155
1844980 155
1844990 155
1845000 155
1845010 155
1845020 155
1845030 155
1845040 155
1845050 155
1845060 155
1845070 155
1845080 155
1845090 155
1845100 155
1845110 156
1845120 156
1845130 156
1845140 155
1845150 155
1845160 155
1845170 156
1845180 156
1845190 156
1845200 155
1845210 155
1845220 155
1845230 155
1845240 155
1845250 155
1845260 155
1845270 155
1845280 155
1845290 155
1845300 155
1845310 155
1845320 155
1845330 155
1845340 155
1845350 155
1845360 155
1845370 155
1845380 155
1845390 155
1845400 155
1845410 155
1845420 155
1845430 155
1845440 154
1845450 154
1845460 155
1845470 155
1845480 155
1845490 155
1845500 155
1845510 155
1845520 155
1845530 155
1845540 155
1845550 155
1845560 156
1845570 156
1845580 156
1845590 156
1845600 156
1845610 155
1845620 155
1845630 155
1845640 155
1845650 155
1845660 155
1845670 155
1845680 155
1845690 155
1845700 155
1845710 155
1845720 155
1845730 155
1845740 155
1845750 155
1845760 155
1845770 155
1845780 155
1845790 155
1845800 155
1845810 155
1845820 155
1845830 155
1845840 155
1845850 155
1845860 155
1845870 155
1845880 155
1845890 155
1845900 155
1845910 155
1845920 155
1845930 155
1845940 155
1845950 155
1845960 155
1845970 154
1845980 154
1845990 154
1846000 154
1846010 154
1846020 154
1846030 154
1846040 154
1846050 154
1846060 154
1846070 155
1846080 155
1846090 155
1846100 155
1846110 155
1846120 155
1846130 156
1846140 156
1846150 156
1846160 156
1846170 156
1846180 155
1846190 155
1846200 155
1846210 155
1846220 155
1846230 155
1846240 155
1846250 155
1846260 155
1846270 155
1846280 155
1846290 155
1846300 155
1846310 155
1846320 155
1846330 155
1846340 155
1846350 155
1846360 155
1846370 155
1846380 155
1846390 155
1846400 155
1846410 155
1846420 155
1846430 155
1846440 155
1846450 155
1846460 155
1846470 155
1846480 155
1846490 155
1846500 155
1846510 155
1846520 154
1846530 154
1846540 154
1846550 154
1846560 154
1846570 154
1846580 155
1846590 155
1846600 154
1846610 155
1846620 155
1846630 154
1846640 155
1846650 155
1846660 155
1846670 154
1846680 154
1846690 154
1846700 154
1846710 154
1846720 154
1846730 154
1846740 154
1846750 154
1846760 154
1846770 154
1846780 154
1846790 154
1846800 154
1846810 153
1846820 153
1846830 153
1846840 153
1846850 153
1846860 153
1846870 154
1846880 154
1846890 154
1846900 154
1846910 155
1846920 155
1846930 155
1846940 155
1846950 155
1846960 155
1846970 155
1846980 155
1846990 155
1847000 155
1847010 155
1847020 155
1847030 155
1847040 155
1847050 155
1847060 155
1847070 155
1847080 155
1847090 155
1847100 155
1847110 155
1847120 155
1847130 155
1847140 155
1847150 155
1847160 155
1847170 155
1847180 155
1847190 155
1847200 155
1847210 155
1847220 155
1847230 155
1847240 155
1847250 155
1847260 154
1847270 154
1847280 154
1847290 154
1847300 154
1847310 154
1847320 154
1847330 154
1847340 154
1847350 154
1847360 155
1847370 155
1847380 154
1847390 154
1847400 154
1847410 153
1847420 150
1847430 150
1847440 150
1847450 150
1847460 150
1847470 150
1847480 150
1847490 150
1847500 150
1847510 150
1847520 150
1847530 150
1847540 150
1847550 150
1847560 150
1847570 150
1847580 150
1847590 150
1847600 150
1847610 150
1847620 150
1847630 151
1847640 151
1847650 153
1847660 155
1847670 155
1847680 155
1847690 155
1847700 155
1847710 155
1847720 155
1847730 155
1847740 156
1847750 156
1847760 156
1847770 156
1847780 156
1847790 156
1847800 156
1847810 156
1847820 156
1847830 157
1847840 157
1847850 157
1847860 157
1847870 157
1847880 157
1847890 157
1847900 156
1847910 156
1847920 157
1847930 156
1847940 156
1847950 156
1847960 156
1847970 156
1847980 156
1847990 156
1848000 156
1848010 156
1848020 156
1848030 156
1848040 156
1848050 156
1848060 156
1848070 156
1848080 155
1848090 155
1848100 155
1848110 155
1848120 155
1848130 155
1848140 155
1848150 155
1848160 155
1848170 155
1848180 155
1848190 155
1848200 155
1848210 155
1848220 155
1848230 155
1848240 155
1848250 154
1848260 154
1848270 154
1848280 154
1848290 154
1848300 154
1848310 154
1848320 154
1848330 154
1848340 154
1848350 153
1848360 153
1848370 153
1848380 153
1848390 153
1848400 153
1848410 153
1848420 153
1848430 153
1848440 153
1848450 153
1848460 153
1848470 153
1848480 153
1848490 153
1848500 153
1848510 153
1848520 153
1848530 153
1848540 153
1848550 153
1848560 153
1848570 153
1848580 153
1848590 153
1848600 153
1848610 153
1848620 153
1848630 153
1848640 153
1848650 154
1848660 154
1848670 154
1848680 155
1848690 155
1848700 155
1848710 155
1848720 155
1848730 155
1848740 154
1848750 154
1848760 154
1848770 154
1848780 154
1848790 154
1848800 154
1848810 154
1848820 154
1848830 154
1848840 154
1848850 154
1848860 154
1848870 154
1848880 154
1848890 154
1848900 154
1848910 153
1848920 153
1848930 153
1848940 153
1848950 153
1848960 153
1848970 153
1848980 153
1848990 153
1849000 153
1849010 153
1849020 153
1849030 153
1849040 153
1849050 153
1849060 153
1849070 153
1849080 153
1849090 153
1849100 153
1849110 153
1849120 153
1849130 153
1849140 153
1849150 153
1849160 153
1849170 153
1849180 153
1849190 154
1849200 154
1849210 154
1849220 154
1849230 154
1849240 154
1849250 154
1849260 154
1849270 154
1849280 153
1849290 153
1849300 153
1849310 153
1849320 153
1849330 153
1849340 153
1849350 153
1849360 153
1849370 153
1849380 153
1849390 153
1849400 153
1849410 153
1849420 153
1849430 153
1849440 153
1849450 153
1849460 153
1849470 153
1849480 153
1849490 153
1849500 153
1849510 153
1849520 153
1849530 153
1849540 153
1849550 153
1849560 153
1849570 153
1849580 153
1849590 153
1849600 153
1849610 153
1849620 153
1849630 153
1849640 153
1849650 153
1849660 153
1849670 153
1849680 153
1849690 153
1849700 153
1849710 153
1849720 153
1849730 153
1849740 153
1849750 153
1849760 153
1849770 153
1849780 153
1849790 153
1849800 153
1849810 153
1849820 153
1849830 154
1849840 154
1849850 154
1849860 154
1849870 154
1849880 154
1849890 154
1849900 154
1849910 154
1849920 154
1849930 154
1849940 154
1849950 154
1849960 154
1849970 154
1849980 154
1849990 154
1850000 154
1850010 154
1850020 154
1850030 154
1850040 154
1850050 154
1850060 154
1850070 154
1850080 154
1850090 154
1850100 154
1850110 154
1850120 154
1850130 154
1850140 154
1850150 154
1850160 154
1850170 154
1850180 154
1850190 154
1850200 154
1850210 154
1850220 154
1850230 154
1850240 154
1850250 154
1850260 154
1850270 154
1850280 153
1850290 153
1850300 153
1850310 153
1850320 153
1850330 153
1850340 153
1850350 153
1850360 153
1850370 153
1850380 153
1850390 153
1850400 153
1850410 153
1850420 153
1850430 153
1850440 153
1850450 153
1850460 153
1850470 153
1850480 153
1850490 153
1850500 153
1850510 153
1850520 153
1850530 153
1850540 153
1850550 153
1850560 153
1850570 153
1850580 153
1850590 153
1850600 153
1850610 153
1850620 153
1850630 153
1850640 153
1850650 153
1850660 153
1850670 153
1850680 153
1850690 153
1850700 153
1850710 153
1850720 153
1850730 153
1850740 153
1850750 153
1850760 153
1850770 153
1850780 153
1850790 153
1850800 153
1850810 153
1850820 153
1850830 153
1850840 153
1850850 153
1850860 153
1850870 153
1850880 153
1850890 153
1850900 153
1850910 153
1850920 152
1850930 152
1850940 152
1850950 152
1850960 152
1850970 152
1850980 152
1850990 152
1851000 152
1851010 152
1851020 152
1851030 153
1851040 153
1851050 153
1851060 153
1851070 153
1851080 153
1851090 153
1851100 153
1851110 153
1851120 153
1851130 153
1851140 153
1851150 153
1851160 153
1851170 153
1851180 153
1851190 153
1851200 153
1851210 153
1851220 153
1851230 153
1851240 153
1851250 153
1851260 153
1851270 153
1851280 153
1851290 153
1851300 153
1851310 153
1851320 153
1851330 153
1851340 153
1851350 153
1851360 153
1851370 153
1851380 153
1851390 153
1851400 153
1851410 153
1851420 153
1851430 153
1851440 153
1851450 152
1851460 152
1851470 153
1851480 152
1851490 152
1851500 152
1851510 152
1851520 152
1851530 152
1851540 152
1851550 152
1851560 152
1851570 152
1851580 152
1851590 152
1851600 152
1851610 152
1851620 152
1851630 152
1851640 152
1851650 152
1851660 152
1851670 152
1851680 152
1851690 152
1851700 152
1851710 152
1851720 152
1851730 152
1851740 152
1851750 152
1851760 152
1851770 152
1851780 152
1851790 152
1851800 152
1851810 152
1851820 152
1851830 152
1851840 152
1851850 152
1851860 152
1851870 152
1851880 152
1851890 152
1851900 152
1851910 152
1851920 152
1851930 152
1851940 152
1851950 152
1851960 153
1851970 153
1851980 153
1851990 153
1852000 152
1852010 152
1852020 152
1852030 152
1852040 152
1852050 152
1852060 152
1852070 152
1852080 153
1852090 153
1852100 153
1852110 153
1852120 153
1852130 153
1852140 153
1852150 153
1852160 153
1852170 153
1852180 153
1852190 153
1852200 152
1852210 152
1852220 152
1852230 152
1852240 152
1852250 152
1852260 152
1852270 152
1852280 152
1852290 152
1852300 152
1852310 152
1852320 152
1852330 152
1852340 152
1852350 152
1852360 152
1852370 152
1852380 151
1852390 151
1852400 151
1852410 151
1852420 152
1852430 152
1852440 152
1852450 153
1852460 153
1852470 152
1852480 151
1852490 151
1852500 151
1852510 151
1852520 151
1852530 151
1852540 151
1852550 151
1852560 151
1852570 151
1852580 151
1852590 152
1852600 152
1852610 152
1852620 152
1852630 152
1852640 152
1852650 152
1852660 151
1852670 151
1852680 151
1852690 151
1852700 151
1852710 151
1852720 152
1852730 152
1852740 152
1852750 152
1852760 152
1852770 152
1852780 152
1852790 152
1852800 152
1852810 152
1852820 152
1852830 152
1852840 152
1852850 152
1852860 152
1852870 152
1852880 152
1852890 152
1852900 152
1852910 152
1852920 152
1852930 153
1852940 153
1852950 152
1852960 152
1852970 152
1852980 152
1852990 152
1853000 152
1853010 152
1853020 152
1853030 152
1853040 152
1853050 152
1853060 152
1853070 152
1853080 152
1853090 152
1853100 152
1853110 152
1853120 152
1853130 152
1853140 152
1853150 152
1853160 152
1853170 152
1853180 152
1853190 152
1853200 152
1853210 152
1853220 152
1853230 152
1853240 152
1853250 152
1853260 152
1853270 152
1853280 152
1853290 152
1853300 152
1853310 152
1853320 151
1853330 151
1853340 152
1853350 151
1853360 151
1853370 152
1853380 152
1853390 152
1853400 152
1853410 152
1853420 152
1853430 152
1853440 152
1853450 152
1853460 152
1853470 152
1853480 152
1853490 152
1853500 152
1853510 152
1853520 152
1853530 152
1853540 152
1853550 152
1853560 152
1853570 152
1853580 152
1853590 152
1853600 152
1853610 152
1853620 152
1853630 152
1853640 152
1853650 152
1853660 152
1853670 152
1853680 152
1853690 152
1853700 152
1853710 152
1853720 152
1853730 152
1853740 152
1853750 152
1853760 152
1853770 152
1853780 152
1853790 152
1853800 152
1853810 152
1853820 152
1853830 152
1853840 152
1853850 151
1853860 151
1853870 151
1853880 152
1853890 152
1853900 152
1853910 152
1853920 152
1853930 152
1853940 152
1853950 152
1853960 152
1853970 152
1853980 152
1853990 152
1854000 152
1854010 152
1854020 152
1854030 152
1854040 152
1854050 152
1854060 152
1854070 152
1854080 152
1854090 152
1854100 152
1854110 152
1854120 152
1854130 152
1854140 152
1854150 152
1854160 152
1854170 152
1854180 152
1854190 152
1854200 152
1854210 152
1854220 152
1854230 152
1854240 152
1854250 152
1854260 152
1854270 152
1854280 152
1854290 152
1854300 152
1854310 152
1854320 152
1854330 152
1854340 152
1854350 152
1854360 152
1854370 152
1854380 152
1854390 152
1854400 152
1854410 152
1854420 152
1854430 152
1854440 152
1854450 152
1854460 151
1854470 151
1854480 151
1854490 151
1854500 151
1854510 151
1854520 151
1854530 151
1854540 151
1854550 151
1854560 151
1854570 151
1854580 151
1854590 151
1854600 152
1854610 152
1854620 152
1854630 151
1854640 151
1854650 151
1854660 151
1854670 151
1854680 151
1854690 151
1854700 151
1854710 151
1854720 151
1854730 152
1854740 152
1854750 152
1854760 152
1854770 152
1854780 152
1854790 152
1854800 152
1854810 152
1854820 152
1854830 152
1854840 152
1854850 152
1854860 152
1854870 152
1854880 152
1854890 152
1854900 152
1854910 152
1854920 152
1854930 152
1854940 152
1854950 152
1854960 152
1854970 152
1854980 152
1854990 152
1855000 152
1855010 152
1855020 152
1855030 152
1855040 152
1855050 152
1855060 152
1855070 152
1855080 152
1855090 152
1855100 152
1855110 152
1855120 152
1855130 152
1855140 152
1855150 152
1855160 152
1855170 152
1855180 152
1855190 152
1855200 152
1855210 151
1855220 151
1855230 151
1855240 151
1855250 151
1855260 151
1855270 151
1855280 151
1855290 151
1855300 151
1855310 151
1855320 151
1855330 151
1855340 151
1855350 151
1855360 151
1855370 151
1855380 151
1855390 151
1855400 151
1855410 151
1855420 151
1855430 151
1855440 151
1855450 151
1855460 151
1855470 151
1855480 151
1855490 151
1855500 151
1855510 151
1855520 151
1855530 151
1855540 151
1855550 151
1855560 151
1855570 151
1855580 151
1855590 151
1855600 151
1855610 151
1855620 151
1855630 151
1855640 151
1855650 151
1855660 151
1855670 151
1855680 151
1855690 151
1855700 151
1855710 151
1855720 151
1855730 151
1855740 151
1855750 152
1855760 152
1855770 152
1855780 151
1855790 151
1855800 151
1855810 151
1855820 151
1855830 151
1855840 151
1855850 151
1855860 151
1855870 151
1855880 151
1855890 151
1855900 151
1855910 151
1855920 151
1855930 151
1855940 151
1855950 151
1855960 151
1855970 151
1855980 151
1855990 151
1856000 151
1856010 151
1856020 151
1856030 151
1856040 151
1856050 151
1856060 151
1856070 151
1856080 151
1856090 151
1856100 151
1856110 151
1856120 151
1856130 151
1856140 151
1856150 151
1856160 151
1856170 151
1856180 151
1856190 151
1856200 151
1856210 151
1856220 151
1856230 151
1856240 151
1856250 151
1856260 151
1856270 151
1856280 151
1856290 151
1856300 151
1856310 151
1856320 151
1856330 151
1856340 151
1856350 151
1856360 151
1856370 151
1856380 151
1856390 151
1856400 151
1856410 151
1856420 151
1856430 151
1856440 151
1856450 151
1856460 151
1856470 151
1856480 151
1856490 151
1856500 151
1856510 151
1856520 151
1856530 151
1856540 151
1856550 151
1856560 151
1856570 151
1856580 151
1856590 151
1856600 151
1856610 151
1856620 151
1856630 151
1856640 151
1856650 151
1856660 151
1856670 151
1856680 151
1856690 151
1856700 151
1856710 151
1856720 151
1856730 151
1856740 151
1856750 151
1856760 151
1856770 151
1856780 151
1856790 151
1856800 151
1856810 151
1856820 151
1856830 151
1856840 151
1856850 151
1856860 151
1856870 151
1856880 151
1856890 151
1856900 151
1856910 151
1856920 150
1856930 150
1856940 151
1856950 151
1856960 151
1856970 151
1856980 151
1856990 151
1857000 151
1857010 151
1857020 151
1857030 151
1857040 151
1857050 151
1857060 151
1857070 151
1857080 151
1857090 150
1857100 150
1857110 150
1857120 150
1857130 150
1857140 151
1857150 151
1857160 151
1857170 151
1857180 150
1857190 150
1857200 150
1857210 151
1857220 151
1857230 151
1857240 150
1857250 150
1857260 151
1857270 150
1857280 150
1857290 151
1857300 151
1857310 151
1857320 150
1857330 150
1857340 150
1857350 150
1857360 150
1857370 150
1857380 150
1857390 150
1857400 150
1857410 150
1857420 150
1857430 150
1857440 150
1857450 150
1857460 150
1857470 150
1857480 150
1857490 150
1857500 150
1857510 150
1857520 150
1857530 150
1857540 150
1857550 150
1857560 150
1857570 150
1857580 150
1857590 150
1857600 150
1857610 150
1857620 150
1857630 150
1857640 150
1857650 150
1857660 150
1857670 150
1857680 150
1857690 150
1857700 150
1857710 150
1857720 150
1857730 150
1857740 150
1857750 150
1857760 150
1857770 150
1857780 150
1857790 150
1857800 150
1857810 150
1857820 150
1857830 150
1857840 150
1857850 150
1857860 150
1857870 150
1857880 150
1857890 150
1857900 150
1857910 150
1857920 150
1857930 150
1857940 150
1857950 150
1857960 150
1857970 150
1857980 150
1857990 150
1858000 150
1858010 150
1858020 150
1858030 150
1858040 150
1858050 150
1858060 150
1858070 150
1858080 150
1858090 150
1858100 150
1858110 150
1858120 150
1858130 150
1858140 150
1858150 150
1858160 150
1858170 150
1858180 150
1858190 150
1858200 150
1858210 150
1858220 150
1858230 150
1858240 150
1858250 150
1858260 150
1858270 150
1858280 150
1858290 150
1858300 150
1858310 150
1858320 150
1858330 150
1858340 150
1858350 150
1858360 150
1858370 150
1858380 150
1858390 150
1858400 150
1858410 150
1858420 150
1858430 150
1858440 150
1858450 150
1858460 150
1858470 150
1858480 150
1858490 150
1858500 150
1858510 150
1858520 150
1858530 150
1858540 150
1858550 150
1858560 150
1858570 150
1858580 149
1858590 149
1858600 149
1858610 149
1858620 149
1858630 149
1858640 149
1858650 149
1858660 149
1858670 149
1858680 149
1858690 149
1858700 149
1858710 149
1858720 149
1858730 149
1858740 149
1858750 149
1858760 149
1858770 149
1858780 149
1858790 149
1858800 149
1858810 149
1858820 150
1858830 150
1858840 150
1858850 150
1858860 150
1858870 150
1858880 150
1858890 150
1858900 150
1858910 150
1858920 150
1858930 150
1858940 150
1858950 150
1858960 150
1858970 150
1858980 150
1858990 150
1859000 150
1859010 150
1859020 150
1859030 150
1859040 150
1859050 150
1859060 150
1859070 150
1859080 150
1859090 150
1859100 150
1859110 150
1859120 150
1859130 150
1859140 150
1859150 150
1859160 150
1859170 150
1859180 150
1859190 150
1859200 150
1859210 150
1859220 150
1859230 150
1859240 150
1859250 150
1859260 150
1859270 150
1859280 150
1859290 150
1859300 150
1859310 150
1859320 150
1859330 150
1859340 150
1859350 150
1859360 150
1859370 150
1859380 150
1859390 150
1859400 150
1859410 150
1859420 150
1859430 150
1859440 150
1859450 150
1859460 150
1859470 150
1859480 150
1859490 150
1859500 150
1859510 149
1859520 149
1859530 149
1859540 149
1859550 149
1859560 149
1859570 149
1859580 149
1859590 149
1859600 149
1859610 149
1859620 149
1859630 149
1859640 149
1859650 149
1859660 149
1859670 149
1859680 149
1859690 149
1859700 149
1859710 149
1859720 149
1859730 149
1859740 149
1859750 149
1859760 149
1859770 149
1859780 149
1859790 149
1859800 149
1859810 149
1859820 149
1859830 149
1859840 149
1859850 149
1859860 149
1859870 149
1859880 149
1859890 149
1859900 149
1859910 149
1859920 149
1859930 149
1859940 149
1859950 149
1859960 149
1859970 149
1859980 149
1859990 149
