1840000 158
1840010 158
1840020 158
1840030 158
1840040 158
1840050 158
1840060 158
1840070 158
1840080 158
1840090 157
1840100 157
1840110 157
1840120 158
1840130 158
1840140 157
1840150 157
1840160 157
1840170 158
1840180 158
1840190 158
1840200 158
1840210 158
1840220 158
1840230 158
1840240 158
1840250 158
1840260 158
1840270 158
1840280 158
1840290 158
1840300 158
1840310 158
1840320 158
1840330 157
1840340 157
1840350 157
1840360 157
1840370 157
1840380 157
1840390 157
1840400 157
1840410 157
1840420 157
1840430 157
1840440 157
1840450 157
1840460 157
1840470 157
1840480 157
1840490 157
1840500 157
1840510 158
1840520 158
1840530 158
1840540 158
1840550 158
1840560 157
1840570 157
1840580 157
1840590 157
1840600 157
1840610 157
1840620 157
1840630 157
1840640 157
1840650 157
1840660 157
1840670 157
1840680 157
1840690 157
1840700 157
1840710 157
1840720 157
1840730 157
1840740 157
1840750 157
1840760 157
1840770 157
1840780 157
1840790 157
1840800 157
1840810 157
1840820 157
1840830 157
1840840 157
1840850 157
1840860 157
1840870 157
1840880 157
1840890 157
1840900 157
1840910 157
1840920 157
1840930 157
1840940 157
1840950 157
1840960 157
1840970 157
1840980 157
1840990 157
1841000 157
1841010 157
1841020 157
1841030 157
1841040 157
1841050 157
1841060 157
1841070 157
1841080 157
1841090 157
1841100 157
1841110 157
1841120 157
1841130 157
1841140 157
1841150 157
1841160 157
1841170 157
1841180 157
1841190 157
1841200 157
1841210 157
1841220 157
1841230 157
1841240 157
1841250 157
1841260 157
1841270 157
1841280 157
1841290 157
1841300 157
1841310 157
1841320 157
1841330 157
1841340 157
1841350 157
1841360 157
1841370 157
1841380 157
1841390 157
1841400 157
1841410 157
1841420 157
1841430 157
1841440 157
1841450 157
1841460 157
1841470 157
1841480 157
1841490 157
1841500 157
1841510 157
1841520 157
1841530 157
1841540 157
1841550 157
1841560 157
1841570 157
1841580 157
1841590 157
1841600 157
1841610 157
1841620 156
1841630 156
1841640 156
1841650 157
1841660 157
1841670 158
1841680 159
1841690 159
1841700 159
1841710 159
1841720 159
1841730 159
1841740 159
1841750 159
1841760 157
1841770 156
1841780 156
1841790 156
1841800 156
1841810 156
1841820 156
1841830 156
1841840 156
1841850 156
1841860 156
1841870 156
1841880 156
1841890 156
1841900 156
1841910 156
1841920 156
1841930 156
1841940 156
1841950 156
1841960 156
1841970 156
1841980 156
1841990 156
1842000 156
1842010 156
1842020 156
1842030 156
1842040 156
1842050 156
1842060 156
1842070 156
1842080 156
1842090 156
1842100 156
1842110 156
1842120 156
1842130 156
1842140 156
1842150 156
1842160 156
1842170 156
1842180 156
1842190 156
1842200 156
1842210 156
1842220 156
1842230 156
1842240 156
1842250 156
1842260 156
1842270 156
1842280 156
1842290 156
1842300 156
1842310 156
1842320 156
1842330 156
1842340 156
1842350 156
1842360 156
1842370 156
1842380 156
1842390 156
1842400 156
1842410 156
1842420 156
1842430 156
1842440 156
1842450 156
1842460 156
1842470 156
1842480 156
1842490 155
1842500 155
1842510 157
1842520 157
1842530 157
1842540 156
1842550 156
1842560 156
1842570 156
1842580 156
1842590 156
1842600 156
1842610 156
1842620 156
1842630 156
1842640 156
1842650 157
1842660 157
1842670 157
1842680 156
1842690 157
1842700 157
1842710 157
1842720 157
1842730 157
1842740 157
1842750 157
1842760 157
1842770 157
1842780 157
1842790 157
1842800 156
1842810 156
1842820 156
1842830 156
1842840 157
1842850 157
1842860 157
1842870 157
1842880 157
1842890 157
1842900 157
1842910 157
1842920 157
1842930 157
1842940 157
1842950 157
1842960 157
1842970 157
1842980 157
1842990 157
1843000 157
1843010 157
1843020 157
1843030 157
1843040 157
1843050 157
1843060 157
1843070 157
1843080 158
1843090 158
1843100 158
1843110 159
1843120 159
1843130 158
1843140 158
1843150 158
1843160 158
1843170 158
1843180 158
1843190 158
1843200 158
1843210 158
1843220 158
1843230 157
1843240 157
1843250 157
1843260 157
1843270 157
1843280 157
1843290 157
1843300 157
1843310 157
1843320 157
1843330 157
1843340 157
1843350 157
1843360 157
1843370 158
1843380 159
1843390 159
1843400 159
1843410 159
1843420 159
1843430 159
1843440 159
1843450 159
1843460 159
1843470 159
1843480 159
1843490 159
1843500 159
1843510 159
1843520 159
1843530 160
1843540 160
1843550 160
1843560 160
1843570 160
1843580 160
1843590 160
1843600 160
1843610 160
1843620 160
1843630 160
1843640 160
1843650 160
1843660 160
1843670 160
1843680 160
1843690 160
1843700 160
1843710 160
1843720 160
1843730 161
1843740 161
1843750 161
1843760 161
1843770 161
1843780 161
1843790 161
1843800 162
1843810 162
1843820 162
1843830 162
1843840 162
1843850 162
1843860 162
1843870 162
1843880 163
1843890 163
1843900 163
1843910 163
1843920 163
1843930 163
1843940 163
1843950 164
1843960 164
1843970 164
1843980 164
1843990 164
1844000 164
1844010 164
1844020 164
1844030 164
1844040 164
1844050 164
1844060 164
1844070 164
1844080 164
1844090 164
1844100 164
1844110 164
1844120 164
1844130 164
1844140 164
1844150 164
1844160 164
1844170 164
1844180 164
1844190 164
1844200 164
1844210 164
1844220 164
1844230 164
1844240 164
1844250 164
1844260 164
1844270 164
1844280 164
1844290 164
1844300 164
1844310 164
1844320 164
1844330 164
1844340 164
1844350 164
1844360 164
1844370 164
1844380 164
1844390 164
1844400 164
1844410 164
1844420 164
1844430 164
1844440 164
1844450 164
1844460 164
1844470 164
1844480 164
1844490 164
1844500 164
1844510 164
1844520 164
1844530 164
1844540 164
1844550 164
1844560 164
1844570 164
1844580 164
1844590 164
1844600 164
1844610 164
1844620 164
1844630 164
1844640 164
1844650 164
1844660 164
1844670 164
1844680 164
1844690 163
1844700 163
1844710 163
1844720 163
1844730 163
1844740 163
1844750 163
1844760 163
1844770 163
1844780 163
1844790 163
1844800 163
1844810 163
1844820 163
1844830 163
1844840 163
1844850 163
1844860 163
1844870 163
1844880 163
1844890 163
1844900 163
1844910 163
1844920 163
1844930 163
1844940 163
1844950 163
1844960 163
1844970 163
1844980 163
1844990 163
1845000 163
1845010 163
1845020 163
1845030 163
1845040 163
1845050 163
1845060 163
1845070 163
1845080 163
1845090 163
1845100 163
1845110 163
1845120 163
1845130 163
1845140 163
1845150 163
1845160 163
1845170 163
1845180 163
1845190 163
1845200 163
1845210 163
1845220 163
1845230 163
1845240 163
1845250 163
1845260 163
1845270 163
1845280 163
1845290 163
1845300 163
1845310 163
1845320 163
1845330 163
1845340 163
1845350 163
1845360 163
1845370 163
1845380 163
1845390 163
1845400 163
1845410 163
1845420 163
1845430 163
1845440 163
1845450 163
1845460 163
1845470 163
1845480 163
1845490 163
1845500 163
1845510 163
1845520 163
1845530 163
1845540 163
1845550 163
1845560 163
1845570 163
1845580 163
1845590 163
1845600 163
1845610 163
1845620 163
1845630 163
1845640 163
1845650 163
1845660 163
1845670 163
1845680 163
1845690 163
1845700 163
1845710 163
1845720 163
1845730 163
1845740 163
1845750 163
1845760 163
1845770 163
1845780 163
1845790 163
1845800 163
1845810 163
1845820 163
1845830 163
1845840 163
1845850 163
1845860 163
1845870 163
1845880 163
1845890 163
1845900 163
1845910 163
1845920 163
1845930 163
1845940 163
1845950 163
1845960 163
1845970 163
1845980 163
1845990 163
1846000 163
1846010 163
1846020 163
1846030 163
1846040 163
1846050 163
1846060 163
1846070 163
1846080 163
1846090 163
1846100 163
1846110 163
1846120 163
1846130 163
1846140 162
1846150 162
1846160 162
1846170 162
1846180 162
1846190 162
1846200 162
1846210 162
1846220 163
1846230 163
1846240 162
1846250 162
1846260 162
1846270 162
1846280 162
1846290 162
1846300 162
1846310 162
1846320 162
1846330 162
1846340 162
1846350 162
1846360 163
1846370 163
1846380 163
1846390 163
1846400 163
1846410 163
1846420 163
1846430 163
1846440 163
1846450 163
1846460 163
1846470 163
1846480 163
1846490 163
1846500 163
1846510 163
1846520 163
1846530 163
1846540 163
1846550 163
1846560 163
1846570 163
1846580 163
1846590 163
1846600 163
1846610 163
1846620 163
1846630 163
1846640 163
1846650 163
1846660 163
1846670 163
1846680 163
1846690 163
1846700 163
1846710 163
1846720 163
1846730 163
1846740 163
1846750 163
1846760 163
1846770 163
1846780 163
1846790 163
1846800 163
1846810 163
1846820 163
1846830 163
1846840 163
1846850 163
1846860 163
1846870 163
1846880 163
1846890 163
1846900 163
1846910 163
1846920 163
1846930 163
1846940 163
1846950 163
1846960 163
1846970 163
1846980 163
1846990 163
1847000 163
1847010 163
1847020 163
1847030 163
1847040 163
1847050 163
1847060 163
1847070 163
1847080 163
1847090 163
1847100 163
1847110 163
1847120 163
1847130 163
1847140 163
1847150 163
1847160 163
1847170 163
1847180 163
1847190 163
1847200 163
1847210 163
1847220 163
1847230 163
1847240 163
1847250 163
1847260 163
1847270 163
1847280 163
1847290 163
1847300 163
1847310 163
1847320 163
1847330 163
1847340 163
1847350 163
1847360 163
1847370 163
1847380 163
1847390 163
1847400 163
1847410 162
1847420 162
1847430 162
1847440 162
1847450 162
1847460 162
1847470 162
1847480 162
1847490 162
1847500 162
1847510 162
1847520 162
1847530 162
1847540 162
1847550 162
1847560 162
1847570 162
1847580 162
1847590 162
1847600 162
1847610 162
1847620 162
1847630 162
1847640 162
1847650 162
1847660 162
1847670 162
1847680 162
1847690 162
1847700 162
1847710 162
1847720 162
1847730 162
1847740 162
1847750 162
1847760 162
1847770 162
1847780 162
1847790 162
1847800 162
1847810 162
1847820 162
1847830 162
1847840 162
1847850 162
1847860 162
1847870 162
1847880 162
1847890 162
1847900 162
1847910 162
1847920 162
1847930 162
1847940 162
1847950 162
1847960 162
1847970 162
1847980 162
1847990 162
1848000 162
1848010 162
1848020 162
1848030 162
1848040 162
1848050 162
1848060 162
1848070 162
1848080 162
1848090 162
1848100 162
1848110 162
1848120 162
1848130 162
1848140 162
1848150 162
1848160 162
1848170 162
1848180 162
1848190 162
1848200 162
1848210 162
1848220 162
1848230 162
1848240 162
1848250 162
1848260 162
1848270 162
1848280 162
1848290 162
1848300 162
1848310 162
1848320 162
1848330 162
1848340 162
1848350 162
1848360 162
1848370 162
1848380 162
1848390 162
1848400 162
1848410 162
1848420 162
1848430 162
1848440 162
1848450 162
1848460 163
1848470 163
1848480 163
1848490 163
1848500 163
1848510 163
1848520 163
1848530 162
1848540 162
1848550 162
1848560 162
1848570 162
1848580 162
1848590 162
1848600 162
1848610 162
1848620 162
1848630 162
1848640 162
1848650 162
1848660 162
1848670 162
1848680 162
1848690 162
1848700 162
1848710 162
1848720 162
1848730 162
1848740 162
1848750 162
1848760 162
1848770 162
1848780 162
1848790 162
1848800 162
1848810 162
1848820 162
1848830 162
1848840 162
1848850 163
1848860 163
1848870 163
1848880 163
1848890 163
1848900 163
1848910 163
1848920 163
1848930 163
1848940 163
1848950 163
1848960 163
1848970 163
1848980 163
1848990 163
1849000 163
1849010 163
1849020 163
1849030 165
1849040 165
1849050 165
1849060 165
1849070 163
1849080 163
1849090 163
1849100 166
1849110 166
1849120 164
1849130 164
1849140 164
1849150 164
1849160 163
1849170 163
1849180 163
1849190 163
1849200 163
1849210 163
1849220 163
1849230 163
1849240 164
1849250 164
1849260 164
1849270 163
1849280 163
1849290 163
1849300 163
1849310 164
1849320 164
1849330 164
1849340 164
1849350 164
1849360 163
1849370 163
1849380 163
1849390 163
1849400 163
1849410 163
1849420 163
1849430 163
1849440 163
1849450 163
1849460 163
1849470 163
1849480 163
1849490 163
1849500 163
1849510 163
1849520 163
1849530 163
1849540 163
1849550 163
1849560 163
1849570 163
1849580 163
1849590 163
1849600 163
1849610 163
1849620 163
1849630 163
1849640 163
1849650 163
1849660 163
1849670 163
1849680 163
1849690 163
1849700 163
1849710 163
1849720 163
1849730 163
1849740 163
1849750 163
1849760 163
1849770 163
1849780 163
1849790 163
1849800 163
1849810 163
1849820 163
1849830 163
1849840 163
1849850 163
1849860 163
1849870 163
1849880 163
1849890 163
1849900 163
1849910 163
1849920 163
1849930 163
1849940 163
1849950 163
1849960 163
1849970 163
1849980 163
1849990 163
1850000 163
1850010 163
1850020 163
1850030 163
1850040 163
1850050 163
1850060 163
1850070 163
1850080 163
1850090 163
1850100 163
1850110 163
1850120 163
1850130 163
1850140 163
1850150 163
1850160 163
1850170 163
1850180 163
1850190 163
1850200 163
1850210 163
1850220 163
1850230 163
1850240 163
1850250 163
1850260 163
1850270 163
1850280 163
1850290 163
1850300 163
1850310 163
1850320 163
1850330 163
1850340 163
1850350 163
1850360 163
1850370 163
1850380 163
1850390 163
1850400 163
1850410 163
1850420 163
1850430 163
1850440 163
1850450 163
1850460 163
1850470 163
1850480 163
1850490 163
1850500 163
1850510 163
1850520 163
1850530 163
1850540 163
1850550 163
1850560 164
1850570 164
1850580 164
1850590 165
1850600 165
1850610 165
1850620 165
1850630 165
1850640 165
1850650 165
1850660 165
1850670 165
1850680 165
1850690 165
1850700 165
1850710 165
1850720 165
1850730 164
1850740 164
1850750 164
1850760 163
1850770 163
1850780 163
1850790 163
1850800 163
1850810 163
1850820 163
1850830 163
1850840 163
1850850 163
1850860 163
1850870 163
1850880 163
1850890 163
1850900 163
1850910 163
1850920 163
1850930 163
1850940 163
1850950 163
1850960 163
1850970 163
1850980 163
1850990 163
1851000 163
1851010 163
1851020 163
1851030 163
1851040 163
1851050 163
1851060 164
1851070 162
1851080 162
1851090 158
1851100 158
1851110 158
1851120 158
1851130 158
1851140 158
1851150 157
1851160 157
1851170 157
1851180 156
1851190 156
1851200 156
1851210 156
1851220 156
1851230 156
1851240 156
1851250 157
1851260 157
1851270 158
1851280 158
1851290 158
1851300 158
1851310 158
1851320 158
1851330 158
1851340 159
1851350 159
1851360 163
1851370 165
1851380 165
1851390 162
1851400 159
1851410 159
1851420 158
1851430 158
1851440 158
1851450 158
1851460 158
1851470 158
1851480 158
1851490 159
1851500 159
1851510 162
1851520 164
1851530 164
1851540 164
1851550 163
1851560 163
1851570 163
1851580 163
1851590 163
1851600 163
1851610 163
1851620 163
1851630 163
1851640 163
1851650 163
1851660 163
1851670 163
1851680 163
1851690 163
1851700 163
1851710 163
1851720 163
1851730 163
1851740 163
1851750 163
1851760 163
1851770 163
1851780 163
1851790 163
1851800 163
1851810 163
1851820 163
1851830 163
1851840 163
1851850 163
1851860 163
1851870 163
1851880 163
1851890 163
1851900 163
1851910 159
1851920 159
1851930 157
1851940 157
1851950 157
1851960 157
1851970 157
1851980 157
1851990 157
1852000 157
1852010 157
1852020 158
1852030 156
1852040 156
1852050 156
1852060 156
1852070 156
1852080 157
1852090 157
1852100 157
1852110 157
1852120 157
1852130 157
1852140 156
1852150 156
1852160 156
1852170 157
1852180 157
1852190 157
1852200 156
1852210 156
1852220 156
1852230 156
1852240 156
1852250 156
1852260 157
1852270 156
1852280 156
1852290 156
1852300 156
1852310 156
1852320 157
1852330 156
1852340 156
1852350 156
1852360 156
1852370 156
1852380 157
1852390 157
1852400 157
1852410 157
1852420 157
1852430 157
1852440 158
1852450 158
1852460 158
1852470 158
1852480 158
1852490 158
1852500 158
1852510 158
1852520 158
1852530 158
1852540 157
1852550 157
1852560 157
1852570 157
1852580 157
1852590 158
1852600 158
1852610 158
1852620 158
1852630 158
1852640 158
1852650 158
1852660 158
1852670 158
1852680 158
1852690 158
1852700 158
1852710 158
1852720 158
1852730 158
1852740 158
1852750 158
1852760 158
1852770 158
1852780 158
1852790 158
1852800 158
1852810 158
1852820 158
1852830 158
1852840 158
1852850 158
1852860 158
1852870 158
1852880 158
1852890 158
1852900 158
1852910 158
1852920 158
1852930 158
1852940 158
1852950 158
1852960 158
1852970 158
1852980 158
1852990 158
1853000 158
1853010 158
1853020 158
1853030 158
1853040 158
1853050 158
1853060 158
1853070 158
1853080 158
1853090 158
1853100 158
1853110 158
1853120 158
1853130 158
1853140 158
1853150 158
1853160 158
1853170 158
1853180 158
1853190 158
1853200 158
1853210 158
1853220 158
1853230 158
1853240 158
1853250 158
1853260 158
1853270 158
1853280 160
1853290 162
1853300 162
1853310 163
1853320 163
1853330 163
1853340 163
1853350 163
1853360 163
1853370 163
1853380 163
1853390 163
1853400 163
1853410 163
1853420 163
1853430 163
1853440 163
1853450 163
1853460 163
1853470 163
1853480 162
1853490 162
1853500 162
1853510 162
1853520 162
1853530 162
1853540 162
1853550 162
1853560 162
1853570 162
1853580 162
1853590 162
1853600 162
1853610 162
1853620 162
1853630 162
1853640 161
1853650 161
1853660 161
1853670 161
1853680 161
1853690 161
1853700 161
1853710 161
1853720 161
1853730 161
1853740 161
1853750 162
1853760 162
1853770 162
1853780 162
1853790 162
1853800 162
1853810 162
1853820 162
1853830 162
1853840 162
1853850 162
1853860 162
1853870 162
1853880 162
1853890 162
1853900 162
1853910 161
1853920 161
1853930 161
1853940 161
1853950 161
1853960 161
1853970 161
1853980 161
1853990 162
1854000 162
1854010 162
1854020 162
1854030 162
1854040 162
1854050 162
1854060 162
1854070 162
1854080 162
1854090 162
1854100 162
1854110 163
1854120 163
1854130 163
1854140 163
1854150 163
1854160 163
1854170 163
1854180 163
1854190 163
1854200 163
1854210 163
1854220 163
1854230 163
1854240 163
1854250 163
1854260 163
1854270 163
1854280 163
1854290 163
1854300 163
1854310 163
1854320 163
1854330 164
1854340 164
1854350 164
1854360 164
1854370 164
1854380 164
1854390 164
1854400 164
1854410 164
1854420 164
1854430 164
1854440 164
1854450 164
1854460 164
1854470 164
1854480 164
1854490 164
1854500 164
1854510 164
1854520 164
1854530 164
1854540 164
1854550 164
1854560 164
1854570 164
1854580 164
1854590 164
1854600 164
1854610 164
1854620 164
1854630 164
1854640 164
1854650 164
1854660 164
1854670 164
1854680 164
1854690 164
1854700 164
1854710 164
1854720 164
1854730 164
1854740 164
1854750 163
1854760 163
1854770 164
1854780 163
1854790 163
1854800 163
1854810 163
1854820 163
1854830 163
1854840 163
1854850 163
1854860 164
1854870 164
1854880 164
1854890 164
1854900 164
1854910 164
1854920 164
1854930 164
1854940 164
1854950 164
1854960 164
1854970 164
1854980 164
1854990 164
1855000 164
1855010 164
1855020 163
1855030 163
1855040 164
1855050 164
1855060 164
1855070 164
1855080 164
1855090 164
1855100 164
1855110 164
1855120 164
1855130 164
1855140 164
1855150 164
1855160 164
1855170 164
1855180 164
1855190 164
1855200 164
1855210 164
1855220 164
1855230 164
1855240 164
1855250 164
1855260 164
1855270 164
1855280 164
1855290 164
1855300 164
1855310 164
1855320 163
1855330 163
1855340 164
1855350 164
1855360 164
1855370 164
1855380 164
1855390 164
1855400 163
1855410 163
1855420 163
1855430 163
1855440 163
1855450 163
1855460 163
1855470 163
1855480 163
1855490 163
1855500 163
1855510 163
1855520 163
1855530 163
1855540 163
1855550 163
1855560 163
1855570 163
1855580 163
1855590 163
1855600 163
1855610 163
1855620 163
1855630 163
1855640 163
1855650 163
1855660 163
1855670 163
1855680 163
1855690 163
1855700 163
1855710 163
1855720 163
1855730 163
1855740 163
1855750 163
1855760 163
1855770 163
1855780 163
1855790 163
1855800 163
1855810 163
1855820 163
1855830 163
1855840 163
1855850 163
1855860 163
1855870 163
1855880 163
1855890 163
1855900 163
1855910 163
1855920 163
1855930 163
1855940 163
1855950 163
1855960 163
1855970 163
1855980 163
1855990 163
1856000 163
1856010 163
1856020 163
1856030 163
1856040 163
1856050 163
1856060 163
1856070 163
1856080 163
1856090 163
1856100 163
1856110 163
1856120 163
1856130 163
1856140 163
1856150 163
1856160 163
1856170 163
1856180 163
1856190 163
1856200 163
1856210 163
1856220 163
1856230 163
1856240 163
1856250 163
1856260 163
1856270 163
1856280 163
1856290 163
1856300 163
1856310 162
1856320 162
1856330 162
1856340 162
1856350 162
1856360 162
1856370 162
1856380 162
1856390 162
1856400 162
1856410 162
1856420 162
1856430 162
1856440 162
1856450 162
1856460 162
1856470 162
1856480 162
1856490 162
1856500 162
1856510 162
1856520 162
1856530 162
1856540 162
1856550 162
1856560 162
1856570 162
1856580 162
1856590 162
1856600 163
1856610 163
1856620 163
1856630 163
1856640 163
1856650 163
1856660 163
1856670 163
1856680 163
1856690 163
1856700 163
1856710 163
1856720 163
1856730 163
1856740 163
1856750 163
1856760 163
1856770 163
1856780 163
1856790 163
1856800 163
1856810 163
1856820 163
1856830 163
1856840 163
1856850 163
1856860 163
1856870 163
1856880 164
1856890 164
1856900 164
1856910 164
1856920 164
1856930 163
1856940 163
1856950 163
1856960 163
1856970 163
1856980 163
1856990 163
1857000 163
1857010 163
1857020 163
1857030 163
1857040 163
1857050 163
1857060 163
1857070 163
1857080 163
1857090 163
1857100 163
1857110 163
1857120 163
1857130 163
1857140 163
1857150 163
1857160 163
1857170 163
1857180 163
1857190 163
1857200 163
1857210 163
1857220 163
1857230 163
1857240 163
1857250 163
1857260 163
1857270 163
1857280 163
1857290 163
1857300 163
1857310 163
1857320 163
1857330 163
1857340 163
1857350 163
1857360 163
1857370 163
1857380 163
1857390 163
1857400 163
1857410 163
1857420 163
1857430 163
1857440 163
1857450 163
1857460 163
1857470 163
1857480 163
1857490 162
1857500 162
1857510 162
1857520 162
1857530 162
1857540 162
1857550 161
1857560 161
1857570 161
1857580 161
1857590 161
1857600 161
1857610 161
1857620 161
1857630 161
1857640 161
1857650 161
1857660 161
1857670 161
1857680 161
1857690 161
1857700 161
1857710 161
1857720 161
1857730 161
1857740 161
1857750 161
1857760 161
1857770 160
1857780 160
1857790 160
1857800 159
1857810 159
1857820 158
1857830 158
1857840 158
1857850 157
1857860 157
1857870 157
1857880 156
1857890 156
1857900 156
1857910 156
1857920 156
1857930 156
1857940 155
1857950 155
1857960 155
1857970 155
1857980 155
1857990 155
1858000 155
1858010 154
1858020 154
1858030 154
1858040 154
1858050 154
1858060 154
1858070 154
1858080 154
1858090 154
1858100 154
1858110 154
1858120 154
1858130 154
1858140 154
1858150 153
1858160 153
1858170 153
1858180 153
1858190 153
1858200 153
1858210 153
1858220 153
1858230 153
1858240 153
1858250 153
1858260 153
1858270 153
1858280 153
1858290 153
1858300 153
1858310 153
1858320 153
1858330 153
1858340 153
1858350 153
1858360 153
1858370 153
1858380 153
1858390 153
1858400 153
1858410 153
1858420 153
1858430 153
1858440 153
1858450 153
1858460 153
1858470 153
1858480 153
1858490 153
1858500 153
1858510 153
1858520 153
1858530 153
1858540 153
1858550 153
1858560 153
1858570 153
1858580 153
1858590 153
1858600 153
1858610 153
1858620 153
1858630 153
1858640 153
1858650 153
1858660 153
1858670 153
1858680 153
1858690 153
1858700 153
1858710 153
1858720 153
1858730 153
1858740 153
1858750 153
1858760 153
1858770 153
1858780 153
1858790 153
1858800 153
1858810 153
1858820 153
1858830 153
1858840 153
1858850 152
1858860 152
1858870 152
1858880 152
1858890 152
1858900 152
1858910 152
1858920 152
1858930 152
1858940 152
1858950 152
1858960 152
1858970 152
1858980 152
1858990 152
1859000 152
1859010 152
1859020 152
1859030 152
1859040 152
1859050 152
1859060 152
1859070 152
1859080 152
1859090 152
1859100 152
1859110 152
1859120 152
1859130 152
1859140 152
1859150 152
1859160 152
1859170 152
1859180 152
1859190 152
1859200 152
1859210 152
1859220 152
1859230 152
1859240 152
1859250 152
1859260 152
1859270 152
1859280 152
1859290 152
1859300 152
1859310 152
1859320 152
1859330 152
1859340 152
1859350 152
1859360 152
1859370 152
1859380 153
1859390 152
1859400 152
1859410 152
1859420 152
1859430 152
1859440 152
1859450 152
1859460 152
1859470 152
1859480 152
1859490 152
1859500 152
1859510 152
1859520 152
1859530 152
1859540 152
1859550 152
1859560 152
1859570 152
1859580 152
1859590 152
1859600 152
1859610 152
1859620 151
1859630 151
1859640 151
1859650 151
1859660 151
1859670 151
1859680 151
1859690 151
1859700 151
1859710 151
1859720 151
1859730 151
1859740 151
1859750 151
1859760 151
1859770 151
1859780 151
1859790 151
1859800 151
1859810 151
1859820 151
1859830 151
1859840 151
1859850 151
1859860 151
1859870 151
1859880 151
1859890 151
1859900 151
1859910 151
1859920 151
1859930 151
1859940 151
1859950 151
1859960 151
1859970 151
1859980 151
1859990 151
