1840000 161
1840010 160
1840020 160
1840030 160
1840040 160
1840050 160
1840060 160
1840070 159
1840080 159
1840090 159
1840100 159
1840110 159
1840120 160
1840130 161
1840140 161
1840150 161
1840160 164
1840170 164
1840180 163
1840190 163
1840200 163
1840210 163
1840220 163
1840230 163
1840240 163
1840250 163
1840260 163
1840270 163
1840280 163
1840290 163
1840300 164
1840310 164
1840320 164
1840330 164
1840340 164
1840350 164
1840360 164
1840370 163
1840380 163
1840390 163
1840400 163
1840410 163
1840420 163
1840430 163
1840440 163
1840450 163
1840460 163
1840470 163
1840480 163
1840490 163
1840500 163
1840510 163
1840520 163
1840530 163
1840540 163
1840550 163
1840560 163
1840570 163
1840580 163
1840590 163
1840600 163
1840610 163
1840620 163
1840630 163
1840640 163
1840650 163
1840660 163
1840670 163
1840680 163
1840690 163
1840700 163
1840710 163
1840720 163
1840730 163
1840740 163
1840750 163
1840760 163
1840770 163
1840780 163
1840790 163
1840800 163
1840810 163
1840820 163
1840830 163
1840840 163
1840850 163
1840860 163
1840870 163
1840880 163
1840890 163
1840900 163
1840910 163
1840920 163
1840930 163
1840940 163
1840950 163
1840960 163
1840970 163
1840980 163
1840990 163
1841000 163
1841010 163
1841020 163
1841030 163
1841040 163
1841050 163
1841060 162
1841070 162
1841080 162
1841090 162
1841100 162
1841110 162
1841120 162
1841130 162
1841140 162
1841150 162
1841160 162
1841170 162
1841180 162
1841190 162
1841200 162
1841210 162
1841220 162
1841230 162
1841240 162
1841250 162
1841260 162
1841270 162
1841280 162
1841290 162
1841300 162
1841310 162
1841320 162
1841330 162
1841340 162
1841350 162
1841360 162
1841370 162
1841380 162
1841390 162
1841400 162
1841410 162
1841420 162
1841430 162
1841440 162
1841450 162
1841460 162
1841470 162
1841480 162
1841490 162
1841500 162
1841510 162
1841520 162
1841530 162
1841540 162
1841550 162
1841560 162
1841570 162
1841580 162
1841590 162
1841600 162
1841610 162
1841620 162
1841630 162
1841640 162
1841650 162
1841660 162
1841670 162
1841680 162
1841690 162
1841700 162
1841710 162
1841720 162
1841730 162
1841740 162
1841750 162
1841760 162
1841770 162
1841780 162
1841790 162
1841800 162
1841810 162
1841820 162
1841830 162
1841840 162
1841850 162
1841860 162
1841870 162
1841880 162
1841890 162
1841900 162
1841910 162
1841920 162
1841930 162
1841940 162
1841950 162
1841960 162
1841970 162
1841980 162
1841990 162
1842000 162
1842010 162
1842020 162
1842030 162
1842040 162
1842050 162
1842060 162
1842070 162
1842080 162
1842090 162
1842100 162
1842110 162
1842120 162
1842130 162
1842140 162
1842150 162
1842160 162
1842170 162
1842180 162
1842190 162
1842200 162
1842210 162
1842220 162
1842230 162
1842240 162
1842250 162
1842260 162
1842270 161
1842280 161
1842290 161
1842300 161
1842310 161
1842320 161
1842330 161
1842340 161
1842350 161
1842360 161
1842370 161
1842380 161
1842390 161
1842400 161
1842410 161
1842420 161
1842430 161
1842440 161
1842450 161
1842460 161
1842470 161
1842480 161
1842490 161
1842500 161
1842510 161
1842520 161
1842530 161
1842540 161
1842550 161
1842560 161
1842570 161
1842580 161
1842590 161
1842600 161
1842610 161
1842620 161
1842630 161
1842640 161
1842650 161
1842660 161
1842670 161
1842680 161
1842690 161
1842700 161
1842710 161
1842720 161
1842730 161
1842740 161
1842750 161
1842760 161
1842770 161
1842780 161
1842790 161
1842800 161
1842810 161
1842820 161
1842830 161
1842840 161
1842850 160
1842860 160
1842870 160
1842880 160
1842890 160
1842900 160
1842910 160
1842920 160
1842930 160
1842940 160
1842950 160
1842960 160
1842970 160
1842980 160
1842990 160
1843000 160
1843010 160
1843020 160
1843030 161
1843040 161
1843050 160
1843060 160
1843070 160
1843080 160
1843090 160
1843100 160
1843110 160
1843120 160
1843130 160
1843140 160
1843150 160
1843160 160
1843170 160
1843180 160
1843190 160
1843200 160
1843210 160
1843220 160
1843230 161
1843240 160
1843250 160
1843260 161
1843270 161
1843280 161
1843290 160
1843300 161
1843310 161
1843320 161
1843330 161
1843340 161
1843350 161
1843360 161
1843370 161
1843380 161
1843390 162
1843400 162
1843410 162
1843420 162
1843430 162
1843440 162
1843450 161
1843460 161
1843470 161
1843480 161
1843490 161
1843500 160
1843510 160
1843520 160
1843530 160
1843540 161
1843550 161
1843560 161
1843570 162
1843580 162
1843590 161
1843600 161
1843610 161
1843620 160
1843630 160
1843640 160
1843650 160
1843660 160
1843670 160
1843680 160
1843690 160
1843700 160
1843710 160
1843720 160
1843730 160
1843740 160
1843750 160
1843760 160
1843770 160
1843780 160
1843790 160
1843800 160
1843810 161
1843820 161
1843830 160
1843840 161
1843850 161
1843860 161
1843870 161
1843880 161
1843890 161
1843900 161
1843910 161
1843920 160
1843930 160
1843940 160
1843950 161
1843960 161
1843970 161
1843980 162
1843990 160
1844000 160
1844010 160
1844020 160
1844030 160
1844040 160
1844050 160
1844060 160
1844070 160
1844080 160
1844090 160
1844100 160
1844110 160
1844120 160
1844130 160
1844140 160
1844150 160
1844160 160
1844170 160
1844180 160
1844190 160
1844200 160
1844210 160
1844220 160
1844230 160
1844240 160
1844250 160
1844260 160
1844270 160
1844280 159
1844290 159
1844300 159
1844310 159
1844320 159
1844330 159
1844340 159
1844350 159
1844360 159
1844370 159
1844380 159
1844390 159
1844400 159
1844410 159
1844420 159
1844430 159
1844440 159
1844450 160
1844460 159
1844470 159
1844480 159
1844490 159
1844500 159
1844510 159
1844520 159
1844530 159
1844540 159
1844550 159
1844560 159
1844570 159
1844580 159
1844590 159
1844600 159
1844610 159
1844620 159
1844630 159
1844640 159
1844650 159
1844660 159
1844670 159
1844680 159
1844690 159
1844700 159
1844710 159
1844720 159
1844730 159
1844740 159
1844750 160
1844760 160
1844770 160
1844780 160
1844790 160
1844800 160
1844810 159
1844820 159
1844830 159
1844840 159
1844850 159
1844860 159
1844870 159
1844880 159
1844890 159
1844900 159
1844910 159
1844920 159
1844930 159
1844940 160
1844950 160
1844960 160
1844970 160
1844980 160
1844990 160
1845000 160
1845010 160
1845020 160
1845030 160
1845040 160
1845050 160
1845060 160
1845070 160
1845080 160
1845090 160
1845100 160
1845110 160
1845120 160
1845130 160
1845140 160
1845150 160
1845160 160
1845170 160
1845180 160
1845190 160
1845200 160
1845210 160
1845220 160
1845230 160
1845240 160
1845250 160
1845260 160
1845270 160
1845280 160
1845290 160
1845300 160
1845310 160
1845320 160
1845330 160
1845340 160
1845350 160
1845360 160
1845370 160
1845380 160
1845390 160
1845400 160
1845410 160
1845420 160
1845430 160
1845440 160
1845450 160
1845460 160
1845470 160
1845480 160
1845490 160
1845500 160
1845510 160
1845520 160
1845530 160
1845540 160
1845550 160
1845560 160
1845570 160
1845580 160
1845590 160
1845600 160
1845610 160
1845620 160
1845630 160
1845640 160
1845650 160
1845660 160
1845670 160
1845680 160
1845690 160
1845700 160
1845710 160
1845720 160
1845730 160
1845740 161
1845750 161
1845760 161
1845770 161
1845780 161
1845790 161
1845800 161
1845810 161
1845820 161
1845830 161
1845840 161
1845850 161
1845860 161
1845870 161
1845880 161
1845890 161
1845900 161
1845910 161
1845920 161
1845930 161
1845940 161
1845950 161
1845960 160
1845970 160
1845980 160
1845990 160
1846000 160
1846010 160
1846020 160
1846030 160
1846040 160
1846050 160
1846060 160
1846070 160
1846080 160
1846090 160
1846100 160
1846110 160
1846120 160
1846130 160
1846140 160
1846150 160
1846160 160
1846170 160
1846180 160
1846190 160
1846200 160
1846210 160
1846220 160
1846230 160
1846240 160
1846250 160
1846260 160
1846270 160
1846280 160
1846290 160
1846300 160
1846310 160
1846320 160
1846330 160
1846340 160
1846350 160
1846360 160
1846370 160
1846380 160
1846390 160
1846400 160
1846410 160
1846420 160
1846430 160
1846440 160
1846450 160
1846460 160
1846470 160
1846480 160
1846490 160
1846500 160
1846510 160
1846520 160
1846530 160
1846540 160
1846550 160
1846560 160
1846570 160
1846580 160
1846590 160
1846600 160
1846610 160
1846620 160
1846630 160
1846640 160
1846650 160
1846660 160
1846670 160
1846680 160
1846690 160
1846700 160
1846710 160
1846720 160
1846730 160
1846740 160
1846750 160
1846760 160
1846770 160
1846780 160
1846790 160
1846800 160
1846810 160
1846820 160
1846830 160
1846840 160
1846850 160
1846860 160
1846870 160
1846880 160
1846890 160
1846900 159
1846910 159
1846920 159
1846930 160
1846940 160
1846950 160
1846960 160
1846970 160
1846980 160
1846990 160
1847000 161
1847010 161
1847020 161
1847030 161
1847040 161
1847050 161
1847060 162
1847070 162
1847080 162
1847090 162
1847100 162
1847110 162
1847120 163
1847130 163
1847140 163
1847150 163
1847160 163
1847170 163
1847180 164
1847190 163
1847200 163
1847210 163
1847220 163
1847230 163
1847240 163
1847250 163
1847260 163
1847270 162
1847280 162
1847290 162
1847300 162
1847310 162
1847320 163
1847330 163
1847340 163
1847350 162
1847360 162
1847370 162
1847380 162
1847390 162
1847400 162
1847410 162
1847420 162
1847430 162
1847440 162
1847450 163
1847460 163
1847470 162
1847480 162
1847490 162
1847500 162
1847510 162
1847520 162
1847530 162
1847540 161
1847550 161
1847560 161
1847570 161
1847580 161
1847590 161
1847600 161
1847610 161
1847620 161
1847630 161
1847640 161
1847650 161
1847660 161
1847670 161
1847680 161
1847690 161
1847700 161
1847710 161
1847720 162
1847730 162
1847740 162
1847750 162
1847760 162
1847770 162
1847780 162
1847790 162
1847800 162
1847810 162
1847820 162
1847830 162
1847840 162
1847850 162
1847860 163
1847870 163
1847880 163
1847890 163
1847900 163
1847910 163
1847920 163
1847930 163
1847940 163
1847950 163
1847960 163
1847970 163
1847980 162
1847990 162
1848000 162
1848010 162
1848020 162
1848030 162
1848040 162
1848050 162
1848060 162
1848070 162
1848080 162
1848090 162
1848100 163
1848110 163
1848120 163
1848130 163
1848140 163
1848150 163
1848160 163
1848170 163
1848180 163
1848190 163
1848200 163
1848210 163
1848220 163
1848230 163
1848240 163
1848250 163
1848260 162
1848270 162
1848280 162
1848290 162
1848300 162
1848310 162
1848320 162
1848330 162
1848340 162
1848350 162
1848360 162
1848370 163
1848380 163
1848390 163
1848400 163
1848410 163
1848420 163
1848430 163
1848440 164
1848450 164
1848460 164
1848470 164
1848480 164
1848490 164
1848500 163
1848510 163
1848520 163
1848530 163
1848540 163
1848550 163
1848560 163
1848570 163
1848580 163
1848590 163
1848600 163
1848610 163
1848620 163
1848630 163
1848640 163
1848650 163
1848660 163
1848670 163
1848680 163
1848690 163
1848700 163
1848710 163
1848720 163
1848730 163
1848740 163
1848750 163
1848760 163
1848770 163
1848780 163
1848790 163
1848800 163
1848810 163
1848820 163
1848830 163
1848840 163
1848850 163
1848860 163
1848870 163
1848880 163
1848890 163
1848900 163
1848910 163
1848920 163
1848930 163
1848940 163
1848950 163
1848960 163
1848970 163
1848980 163
1848990 163
1849000 163
1849010 163
1849020 163
1849030 163
1849040 163
1849050 163
1849060 163
1849070 163
1849080 163
1849090 163
1849100 163
1849110 163
1849120 163
1849130 163
1849140 163
1849150 163
1849160 163
1849170 163
1849180 163
1849190 163
1849200 163
1849210 163
1849220 163
1849230 163
1849240 163
1849250 163
1849260 163
1849270 163
1849280 163
1849290 163
1849300 163
1849310 163
1849320 163
1849330 163
1849340 163
1849350 163
1849360 163
1849370 163
1849380 163
1849390 163
1849400 163
1849410 163
1849420 163
1849430 163
1849440 163
1849450 163
1849460 163
1849470 163
1849480 163
1849490 163
1849500 163
1849510 163
1849520 163
1849530 163
1849540 163
1849550 163
1849560 163
1849570 163
1849580 163
1849590 163
1849600 164
1849610 164
1849620 164
1849630 163
1849640 163
1849650 163
1849660 163
1849670 163
1849680 164
1849690 164
1849700 164
1849710 164
1849720 163
1849730 163
1849740 163
1849750 164
1849760 164
1849770 164
1849780 164
1849790 164
1849800 164
1849810 164
1849820 164
1849830 164
1849840 164
1849850 164
1849860 164
1849870 164
1849880 164
1849890 164
1849900 163
1849910 163
1849920 163
1849930 163
1849940 163
1849950 163
1849960 163
1849970 163
1849980 163
1849990 163
1850000 163
1850010 163
1850020 163
1850030 163
1850040 163
1850050 163
1850060 163
1850070 163
1850080 163
1850090 163
1850100 163
1850110 163
1850120 163
1850130 163
1850140 163
1850150 163
1850160 163
1850170 163
1850180 163
1850190 163
1850200 163
1850210 163
1850220 163
1850230 163
1850240 163
1850250 163
1850260 163
1850270 163
1850280 164
1850290 164
1850300 164
1850310 163
1850320 163
1850330 163
1850340 163
1850350 163
1850360 163
1850370 163
1850380 163
1850390 163
1850400 163
1850410 163
1850420 163
1850430 164
1850440 164
1850450 164
1850460 164
1850470 164
1850480 164
1850490 164
1850500 164
1850510 164
1850520 164
1850530 164
1850540 164
1850550 164
1850560 164
1850570 164
1850580 164
1850590 164
1850600 164
1850610 164
1850620 164
1850630 164
1850640 164
1850650 164
1850660 164
1850670 163
1850680 163
1850690 163
1850700 163
1850710 163
1850720 163
1850730 164
1850740 164
1850750 164
1850760 164
1850770 164
1850780 164
1850790 164
1850800 164
1850810 164
1850820 163
1850830 163
1850840 163
1850850 163
1850860 164
1850870 164
1850880 163
1850890 163
1850900 163
1850910 163
1850920 163
1850930 163
1850940 163
1850950 164
1850960 164
1850970 164
1850980 164
1850990 164
1851000 164
1851010 163
1851020 163
1851030 163
1851040 164
1851050 164
1851060 164
1851070 164
1851080 164
1851090 164
1851100 164
1851110 164
1851120 163
1851130 163
1851140 163
1851150 163
1851160 163
1851170 163
1851180 163
1851190 163
1851200 163
1851210 163
1851220 163
1851230 163
1851240 163
1851250 163
1851260 163
1851270 163
1851280 163
1851290 163
1851300 163
1851310 163
1851320 163
1851330 163
1851340 163
1851350 163
1851360 163
1851370 163
1851380 163
1851390 163
1851400 163
1851410 163
1851420 163
1851430 163
1851440 163
1851450 163
1851460 163
1851470 163
1851480 163
1851490 163
1851500 163
1851510 163
1851520 163
1851530 162
1851540 162
1851550 162
1851560 162
1851570 162
1851580 162
1851590 162
1851600 162
1851610 162
1851620 162
1851630 162
1851640 162
1851650 162
1851660 162
1851670 162
1851680 162
1851690 162
1851700 162
1851710 162
1851720 162
1851730 162
1851740 162
1851750 162
1851760 162
1851770 162
1851780 162
1851790 162
1851800 162
1851810 162
1851820 162
1851830 162
1851840 162
1851850 162
1851860 162
1851870 162
1851880 162
1851890 162
1851900 162
1851910 162
1851920 162
1851930 162
1851940 162
1851950 162
1851960 162
1851970 162
1851980 162
1851990 162
1852000 162
1852010 162
1852020 162
1852030 162
1852040 162
1852050 162
1852060 162
1852070 162
1852080 162
1852090 162
1852100 162
1852110 162
1852120 162
1852130 162
1852140 162
1852150 162
1852160 162
1852170 162
1852180 162
1852190 162
1852200 162
1852210 162
1852220 162
1852230 162
1852240 162
1852250 162
1852260 162
1852270 162
1852280 162
1852290 162
1852300 162
1852310 162
1852320 162
1852330 162
1852340 162
1852350 162
1852360 162
1852370 162
1852380 162
1852390 162
1852400 162
1852410 162
1852420 162
1852430 162
1852440 162
1852450 162
1852460 162
1852470 162
1852480 162
1852490 162
1852500 162
1852510 162
1852520 162
1852530 162
1852540 162
1852550 162
1852560 162
1852570 162
1852580 162
1852590 162
1852600 162
1852610 162
1852620 162
1852630 162
1852640 162
1852650 162
1852660 162
1852670 162
1852680 162
1852690 162
1852700 162
1852710 162
1852720 162
1852730 162
1852740 162
1852750 162
1852760 162
1852770 162
1852780 162
1852790 162
1852800 162
1852810 162
1852820 162
1852830 162
1852840 162
1852850 162
1852860 162
1852870 162
1852880 162
1852890 162
1852900 162
1852910 162
1852920 162
1852930 162
1852940 162
1852950 162
1852960 162
1852970 162
1852980 162
1852990 162
1853000 162
1853010 162
1853020 162
1853030 162
1853040 162
1853050 162
1853060 162
1853070 162
1853080 162
1853090 162
1853100 162
1853110 162
1853120 162
1853130 162
1853140 162
1853150 162
1853160 162
1853170 162
1853180 162
1853190 162
1853200 162
1853210 162
1853220 162
1853230 162
1853240 162
1853250 162
1853260 162
1853270 162
1853280 162
1853290 162
1853300 162
1853310 162
1853320 162
1853330 162
1853340 162
1853350 162
1853360 162
1853370 162
1853380 162
1853390 162
1853400 162
1853410 162
1853420 162
1853430 162
1853440 162
1853450 162
1853460 162
1853470 162
1853480 162
1853490 162
1853500 162
1853510 162
1853520 162
1853530 162
1853540 162
1853550 162
1853560 162
1853570 162
1853580 162
1853590 162
1853600 162
1853610 162
1853620 162
1853630 162
1853640 162
1853650 162
1853660 162
1853670 162
1853680 162
1853690 162
1853700 162
1853710 162
1853720 162
1853730 162
1853740 162
1853750 162
1853760 162
1853770 162
1853780 162
1853790 162
1853800 162
1853810 162
1853820 162
1853830 162
1853840 162
1853850 162
1853860 162
1853870 162
1853880 162
1853890 162
1853900 162
1853910 162
1853920 162
1853930 162
1853940 162
1853950 162
1853960 162
1853970 162
1853980 162
1853990 162
1854000 162
1854010 162
1854020 162
1854030 162
1854040 162
1854050 162
1854060 162
1854070 162
1854080 162
1854090 162
1854100 162
1854110 162
1854120 162
1854130 162
1854140 162
1854150 162
1854160 162
1854170 162
1854180 162
1854190 162
1854200 162
1854210 162
1854220 162
1854230 162
1854240 162
1854250 162
1854260 162
1854270 162
1854280 163
1854290 163
1854300 163
1854310 163
1854320 164
1854330 164
1854340 164
1854350 165
1854360 165
1854370 165
1854380 166
1854390 166
1854400 167
1854410 167
1854420 167
1854430 167
1854440 167
1854450 167
1854460 168
1854470 167
1854480 167
1854490 167
1854500 167
1854510 167
1854520 167
1854530 167
1854540 167
1854550 167
1854560 167
1854570 167
1854580 167
1854590 167
1854600 167
1854610 167
1854620 166
1854630 166
1854640 166
1854650 165
1854660 165
1854670 165
1854680 164
1854690 164
1854700 164
1854710 164
1854720 164
1854730 164
1854740 164
1854750 164
1854760 163
1854770 164
1854780 164
1854790 164
1854800 164
1854810 164
1854820 164
1854830 164
1854840 164
1854850 164
1854860 164
1854870 164
1854880 164
1854890 164
1854900 164
1854910 164
1854920 164
1854930 164
1854940 164
1854950 164
1854960 164
1854970 164
1854980 163
1854990 163
1855000 163
1855010 163
1855020 163
1855030 163
1855040 164
1855050 164
1855060 164
1855070 164
1855080 164
1855090 164
1855100 164
1855110 164
1855120 164
1855130 164
1855140 164
1855150 164
1855160 164
1855170 164
1855180 164
1855190 164
1855200 164
1855210 164
1855220 164
1855230 164
1855240 163
1855250 163
1855260 163
1855270 163
1855280 163
1855290 163
1855300 163
1855310 163
1855320 163
1855330 164
1855340 163
1855350 163
1855360 163
1855370 163
1855380 163
1855390 163
1855400 163
1855410 163
1855420 163
1855430 163
1855440 163
1855450 163
1855460 163
1855470 163
1855480 163
1855490 163
1855500 163
1855510 163
1855520 163
1855530 163
1855540 163
1855550 163
1855560 163
1855570 163
1855580 163
1855590 163
1855600 164
1855610 164
1855620 164
1855630 164
1855640 163
1855650 163
1855660 163
1855670 163
1855680 162
1855690 160
1855700 157
1855710 157
1855720 157
1855730 157
1855740 157
1855750 157
1855760 157
1855770 157
1855780 157
1855790 157
1855800 157
1855810 157
1855820 157
1855830 157
1855840 159
1855850 159
1855860 165
1855870 170
1855880 170
1855890 166
1855900 164
1855910 164
1855920 164
1855930 163
1855940 163
1855950 164
1855960 164
1855970 164
1855980 164
1855990 165
1856000 165
1856010 165
1856020 165
1856030 165
1856040 165
1856050 165
1856060 165
1856070 165
1856080 165
1856090 165
1856100 165
1856110 165
1856120 165
1856130 165
1856140 165
1856150 165
1856160 165
1856170 165
1856180 165
1856190 165
1856200 165
1856210 165
1856220 165
1856230 165
1856240 165
1856250 165
1856260 165
1856270 165
1856280 164
1856290 164
1856300 164
1856310 165
1856320 165
1856330 165
1856340 165
1856350 165
1856360 165
1856370 165
1856380 165
1856390 165
1856400 165
1856410 165
1856420 165
1856430 165
1856440 165
1856450 165
1856460 165
1856470 165
1856480 165
1856490 165
1856500 165
1856510 165
1856520 165
1856530 165
1856540 165
1856550 165
1856560 165
1856570 165
1856580 165
1856590 165
1856600 165
1856610 165
1856620 165
1856630 165
1856640 165
1856650 165
1856660 165
1856670 165
1856680 165
1856690 165
1856700 165
1856710 165
1856720 165
1856730 165
1856740 165
1856750 165
1856760 165
1856770 165
1856780 165
1856790 165
1856800 165
1856810 165
1856820 165
1856830 165
1856840 165
1856850 165
1856860 165
1856870 165
1856880 165
1856890 164
1856900 164
1856910 164
1856920 164
1856930 164
1856940 164
1856950 164
1856960 164
1856970 164
1856980 164
1856990 164
1857000 164
1857010 164
1857020 164
1857030 164
1857040 164
1857050 164
1857060 164
1857070 164
1857080 164
1857090 164
1857100 164
1857110 164
1857120 164
1857130 164
1857140 164
1857150 164
1857160 164
1857170 164
1857180 164
1857190 164
1857200 164
1857210 165
1857220 165
1857230 165
1857240 165
1857250 165
1857260 165
1857270 165
1857280 165
1857290 165
1857300 165
1857310 164
1857320 164
1857330 164
1857340 164
1857350 164
1857360 164
1857370 164
1857380 164
1857390 164
1857400 164
1857410 164
1857420 164
1857430 164
1857440 164
1857450 164
1857460 164
1857470 164
1857480 164
1857490 164
1857500 164
1857510 164
1857520 164
1857530 164
1857540 163
1857550 163
1857560 163
1857570 163
1857580 163
1857590 163
1857600 163
1857610 163
1857620 163
1857630 163
1857640 163
1857650 163
1857660 163
1857670 163
1857680 163
1857690 163
1857700 163
1857710 163
1857720 163
1857730 163
1857740 163
1857750 163
1857760 163
1857770 163
1857780 163
1857790 163
1857800 163
1857810 163
1857820 163
1857830 163
1857840 163
1857850 163
1857860 163
1857870 163
1857880 163
1857890 163
1857900 163
1857910 163
1857920 163
1857930 163
1857940 163
1857950 163
1857960 163
1857970 163
1857980 163
1857990 163
1858000 163
1858010 163
1858020 163
1858030 163
1858040 163
1858050 163
1858060 163
1858070 163
1858080 163
1858090 163
1858100 163
1858110 163
1858120 163
1858130 163
1858140 163
1858150 163
1858160 163
1858170 163
1858180 163
1858190 163
1858200 163
1858210 163
1858220 163
1858230 163
1858240 163
1858250 163
1858260 163
1858270 163
1858280 163
1858290 163
1858300 163
1858310 163
1858320 163
1858330 163
1858340 163
1858350 163
1858360 163
1858370 163
1858380 163
1858390 163
1858400 163
1858410 163
1858420 163
1858430 163
1858440 163
1858450 163
1858460 164
1858470 164
1858480 164
1858490 163
1858500 163
1858510 163
1858520 163
1858530 163
1858540 163
1858550 163
1858560 163
1858570 163
1858580 163
1858590 163
1858600 163
1858610 163
1858620 163
1858630 163
1858640 163
1858650 163
1858660 163
1858670 163
1858680 164
1858690 164
1858700 164
1858710 164
1858720 164
1858730 164
1858740 164
1858750 164
1858760 165
1858770 165
1858780 165
1858790 165
1858800 166
1858810 166
1858820 166
1858830 167
1858840 167
1858850 167
1858860 167
1858870 167
1858880 167
1858890 167
1858900 167
1858910 167
1858920 167
1858930 167
1858940 167
1858950 167
1858960 167
1858970 167
1858980 167
1858990 167
1859000 167
1859010 167
1859020 167
1859030 167
1859040 167
1859050 167
1859060 167
1859070 167
1859080 167
1859090 167
1859100 167
1859110 167
1859120 167
1859130 167
1859140 167
1859150 166
1859160 166
1859170 166
1859180 165
1859190 165
1859200 165
1859210 165
1859220 165
1859230 165
1859240 165
1859250 165
1859260 165
1859270 165
1859280 165
1859290 165
1859300 165
1859310 165
1859320 165
1859330 165
1859340 165
1859350 165
1859360 165
1859370 165
1859380 165
1859390 165
1859400 165
1859410 165
1859420 165
1859430 165
1859440 165
1859450 165
1859460 166
1859470 166
1859480 166
1859490 166
1859500 166
1859510 166
1859520 166
1859530 166
1859540 166
1859550 166
1859560 166
1859570 166
1859580 166
1859590 166
1859600 166
1859610 166
1859620 166
1859630 166
1859640 166
1859650 166
1859660 166
1859670 166
1859680 166
1859690 166
1859700 166
1859710 166
1859720 166
1859730 166
1859740 166
1859750 166
1859760 166
1859770 166
1859780 166
1859790 166
1859800 166
1859810 166
1859820 166
1859830 166
1859840 166
1859850 166
1859860 166
1859870 166
1859880 166
1859890 166
1859900 166
1859910 166
1859920 166
1859930 166
1859940 166
1859950 166
1859960 166
1859970 166
1859980 166
1859990 166
