1840000 166
1840010 165
1840020 165
1840030 165
1840040 165
1840050 165
1840060 165
1840070 165
1840080 165
1840090 165
1840100 165
1840110 165
1840120 165
1840130 165
1840140 165
1840150 165
1840160 165
1840170 165
1840180 165
1840190 165
1840200 165
1840210 165
1840220 165
1840230 165
1840240 165
1840250 165
1840260 165
1840270 165
1840280 165
1840290 165
1840300 165
1840310 165
1840320 165
1840330 165
1840340 165
1840350 165
1840360 165
1840370 165
1840380 165
1840390 165
1840400 165
1840410 165
1840420 165
1840430 165
1840440 165
1840450 165
1840460 164
1840470 165
1840480 165
1840490 165
1840500 165
1840510 165
1840520 165
1840530 165
1840540 165
1840550 165
1840560 165
1840570 165
1840580 165
1840590 165
1840600 165
1840610 165
1840620 165
1840630 165
1840640 165
1840650 164
1840660 164
1840670 165
1840680 165
1840690 165
1840700 165
1840710 165
1840720 165
1840730 165
1840740 165
1840750 165
1840760 165
1840770 165
1840780 165
1840790 165
1840800 165
1840810 165
1840820 165
1840830 165
1840840 165
1840850 165
1840860 165
1840870 165
1840880 165
1840890 165
1840900 165
1840910 165
1840920 165
1840930 165
1840940 166
1840950 166
1840960 166
1840970 165
1840980 165
1840990 165
1841000 166
1841010 166
1841020 166
1841030 165
1841040 165
1841050 165
1841060 165
1841070 165
1841080 165
1841090 165
1841100 166
1841110 166
1841120 166
1841130 166
1841140 166
1841150 166
1841160 166
1841170 166
1841180 166
1841190 166
1841200 166
1841210 166
1841220 166
1841230 166
1841240 165
1841250 165
1841260 165
1841270 165
1841280 165
1841290 165
1841300 165
1841310 165
1841320 165
1841330 165
1841340 165
1841350 165
1841360 165
1841370 165
1841380 165
1841390 165
1841400 165
1841410 165
1841420 165
1841430 165
1841440 165
1841450 165
1841460 165
1841470 165
1841480 165
1841490 165
1841500 165
1841510 165
1841520 165
1841530 165
1841540 165
1841550 165
1841560 165
1841570 165
1841580 165
1841590 165
1841600 165
1841610 165
1841620 165
1841630 165
1841640 165
1841650 165
1841660 165
1841670 165
1841680 165
1841690 165
1841700 165
1841710 165
1841720 165
1841730 165
1841740 165
1841750 166
1841760 166
1841770 165
1841780 165
1841790 165
1841800 165
1841810 165
1841820 165
1841830 165
1841840 165
1841850 165
1841860 165
1841870 165
1841880 165
1841890 165
1841900 165
1841910 165
1841920 165
1841930 165
1841940 165
1841950 165
1841960 165
1841970 165
1841980 165
1841990 165
1842000 165
1842010 165
1842020 165
1842030 165
1842040 165
1842050 165
1842060 165
1842070 165
1842080 165
1842090 165
1842100 165
1842110 165
1842120 165
1842130 165
1842140 164
1842150 164
1842160 164
1842170 164
1842180 164
1842190 164
1842200 165
1842210 165
1842220 165
1842230 165
1842240 165
1842250 165
1842260 165
1842270 165
1842280 165
1842290 165
1842300 165
1842310 165
1842320 165
1842330 165
1842340 165
1842350 165
1842360 165
1842370 165
1842380 165
1842390 165
1842400 165
1842410 166
1842420 166
1842430 166
1842440 166
1842450 166
1842460 165
1842470 165
1842480 165
1842490 164
1842500 165
1842510 165
1842520 165
1842530 165
1842540 165
1842550 165
1842560 165
1842570 165
1842580 165
1842590 165
1842600 165
1842610 165
1842620 165
1842630 165
1842640 165
1842650 165
1842660 165
1842670 165
1842680 165
1842690 165
1842700 165
1842710 165
1842720 165
1842730 165
1842740 165
1842750 165
1842760 165
1842770 166
1842780 166
1842790 166
1842800 166
1842810 166
1842820 166
1842830 166
1842840 166
1842850 166
1842860 166
1842870 166
1842880 166
1842890 166
1842900 166
1842910 167
1842920 167
1842930 167
1842940 167
1842950 167
1842960 167
1842970 167
1842980 167
1842990 167
1843000 167
1843010 168
1843020 168
1843030 168
1843040 169
1843050 169
1843060 169
1843070 170
1843080 170
1843090 170
1843100 170
1843110 170
1843120 170
1843130 169
1843140 169
1843150 170
1843160 169
1843170 169
1843180 169
1843190 170
1843200 170
1843210 169
1843220 170
1843230 170
1843240 170
1843250 170
1843260 170
1843270 170
1843280 170
1843290 170
1843300 169
1843310 169
1843320 169
1843330 170
1843340 170
1843350 170
1843360 170
1843370 170
1843380 170
1843390 170
1843400 171
1843410 171
1843420 171
1843430 171
1843440 171
1843450 171
1843460 171
1843470 171
1843480 171
1843490 171
1843500 171
1843510 171
1843520 171
1843530 171
1843540 172
1843550 172
1843560 172
1843570 172
1843580 172
1843590 172
1843600 170
1843610 170
1843620 170
1843630 170
1843640 170
1843650 170
1843660 170
1843670 170
1843680 170
1843690 172
1843700 172
1843710 173
1843720 173
1843730 173
1843740 172
1843750 173
1843760 174
1843770 174
1843780 174
1843790 174
1843800 174
1843810 173
1843820 173
1843830 171
1843840 171
1843850 171
1843860 170
1843870 170
1843880 170
1843890 170
1843900 170
1843910 170
1843920 171
1843930 171
1843940 171
1843950 170
1843960 171
1843970 171
1843980 171
1843990 172
1844000 172
1844010 174
1844020 175
1844030 175
1844040 176
1844050 176
1844060 176
1844070 176
1844080 176
1844090 176
1844100 176
1844110 177
1844120 177
1844130 177
1844140 178
1844150 178
1844160 178
1844170 178
1844180 178
1844190 178
1844200 178
1844210 178
1844220 178
1844230 178
1844240 178
1844250 178
1844260 179
1844270 179
1844280 178
1844290 178
1844300 178
1844310 178
1844320 178
1844330 178
1844340 179
1844350 179
1844360 179
1844370 179
1844380 179
1844390 179
1844400 179
1844410 179
1844420 179
1844430 180
1844440 180
1844450 180
1844460 180
1844470 181
1844480 181
1844490 182
1844500 182
1844510 182
1844520 182
1844530 182
1844540 182
1844550 183
1844560 183
1844570 183
1844580 183
1844590 183
1844600 183
1844610 183
1844620 183
1844630 183
1844640 183
1844650 183
1844660 183
1844670 183
1844680 184
1844690 184
1844700 184
1844710 184
1844720 184
1844730 184
1844740 185
1844750 185
1844760 185
1844770 185
1844780 185
1844790 185
1844800 185
1844810 185
1844820 185
1844830 186
1844840 186
1844850 186
1844860 186
1844870 186
1844880 186
1844890 186
1844900 186
1844910 186
1844920 185
1844930 185
1844940 185
1844950 185
1844960 185
1844970 184
1844980 184
1844990 184
1845000 183
1845010 183
1845020 183
1845030 182
1845040 182
1845050 182
1845060 182
1845070 181
1845080 181
1845090 181
1845100 181
1845110 181
1845120 180
1845130 180
1845140 180
1845150 180
1845160 180
1845170 180
1845180 180
1845190 179
1845200 179
1845210 179
1845220 179
1845230 179
1845240 179
1845250 178
1845260 178
1845270 178
1845280 177
1845290 177
1845300 177
1845310 176
1845320 176
1845330 176
1845340 176
1845350 176
1845360 175
1845370 175
1845380 175
1845390 175
1845400 174
1845410 174
1845420 174
1845430 174
1845440 174
1845450 174
1845460 173
1845470 173
1845480 173
1845490 172
1845500 172
1845510 171
1845520 171
1845530 171
1845540 170
1845550 170
1845560 170
1845570 170
1845580 170
1845590 170
1845600 169
1845610 169
1845620 170
1845630 169
1845640 169
1845650 168
1845660 167
1845670 167
1845680 167
1845690 167
1845700 167
1845710 167
1845720 167
1845730 167
1845740 168
1845750 169
1845760 169
1845770 169
1845780 169
1845790 169
1845800 168
1845810 168
1845820 168
1845830 168
1845840 168
1845850 168
1845860 168
1845870 168
1845880 168
1845890 168
1845900 168
1845910 168
1845920 168
1845930 168
1845940 168
1845950 168
1845960 168
1845970 168
1845980 168
1845990 168
1846000 168
1846010 168
1846020 168
1846030 168
1846040 168
1846050 168
1846060 168
1846070 168
1846080 168
1846090 168
1846100 168
1846110 168
1846120 168
1846130 168
1846140 168
1846150 168
1846160 168
1846170 168
1846180 168
1846190 169
1846200 169
1846210 169
1846220 169
1846230 169
1846240 169
1846250 168
1846260 168
1846270 168
1846280 168
1846290 168
1846300 168
1846310 168
1846320 168
1846330 168
1846340 168
1846350 168
1846360 168
1846370 168
1846380 168
1846390 168
1846400 168
1846410 168
1846420 168
1846430 168
1846440 168
1846450 168
1846460 168
1846470 168
1846480 168
1846490 169
1846500 169
1846510 169
1846520 169
1846530 169
1846540 169
1846550 169
1846560 169
1846570 169
1846580 169
1846590 169
1846600 169
1846610 169
1846620 169
1846630 169
1846640 169
1846650 170
1846660 170
1846670 170
1846680 171
1846690 171
1846700 171
1846710 171
1846720 171
1846730 171
1846740 172
1846750 172
1846760 172
1846770 172
1846780 172
1846790 172
1846800 172
1846810 172
1846820 172
1846830 173
1846840 173
1846850 173
1846860 173
1846870 173
1846880 174
1846890 174
1846900 174
1846910 174
1846920 175
1846930 175
1846940 175
1846950 175
1846960 175
1846970 176
1846980 176
1846990 176
1847000 178
1847010 178
1847020 178
1847030 178
1847040 178
1847050 178
1847060 178
1847070 178
1847080 178
1847090 178
1847100 178
1847110 178
1847120 178
1847130 178
1847140 178
1847150 178
1847160 177
1847170 177
1847180 176
1847190 176
1847200 176
1847210 176
1847220 175
1847230 175
1847240 175
1847250 175
1847260 175
1847270 175
1847280 174
1847290 174
1847300 174
1847310 173
1847320 173
1847330 173
1847340 172
1847350 172
1847360 172
1847370 171
1847380 171
1847390 172
1847400 172
1847410 172
1847420 172
1847430 172
1847440 172
1847450 171
1847460 171
1847470 171
1847480 170
1847490 170
1847500 170
1847510 170
1847520 170
1847530 170
1847540 170
1847550 170
1847560 170
1847570 169
1847580 169
1847590 169
1847600 169
1847610 169
1847620 169
1847630 169
1847640 169
1847650 168
1847660 168
1847670 168
1847680 168
1847690 168
1847700 168
1847710 168
1847720 168
1847730 168
1847740 168
1847750 168
1847760 168
1847770 168
1847780 167
1847790 167
1847800 167
1847810 167
1847820 167
1847830 167
1847840 167
1847850 167
1847860 167
1847870 167
1847880 167
1847890 167
1847900 167
1847910 167
1847920 167
1847930 167
1847940 167
1847950 167
1847960 167
1847970 167
1847980 166
1847990 166
1848000 166
1848010 167
1848020 167
1848030 167
1848040 167
1848050 166
1848060 166
1848070 166
1848080 167
1848090 167
1848100 167
1848110 167
1848120 167
1848130 167
1848140 167
1848150 167
1848160 168
1848170 168
1848180 168
1848190 167
1848200 166
1848210 166
1848220 167
1848230 167
1848240 167
1848250 167
1848260 167
1848270 167
1848280 167
1848290 167
1848300 167
1848310 167
1848320 168
1848330 168
1848340 167
1848350 167
1848360 167
1848370 167
1848380 167
1848390 167
1848400 167
1848410 167
1848420 167
1848430 168
1848440 168
1848450 168
1848460 168
1848470 169
1848480 169
1848490 169
1848500 168
1848510 168
1848520 168
1848530 168
1848540 168
1848550 168
1848560 168
1848570 168
1848580 168
1848590 168
1848600 168
1848610 167
1848620 167
1848630 167
1848640 167
1848650 167
1848660 167
1848670 168
1848680 167
1848690 167
1848700 167
1848710 167
1848720 167
1848730 166
1848740 167
1848750 167
1848760 167
1848770 167
1848780 167
1848790 168
1848800 168
1848810 168
1848820 167
1848830 167
1848840 167
1848850 167
1848860 166
1848870 166
1848880 166
1848890 166
1848900 166
1848910 166
1848920 167
1848930 167
1848940 167
1848950 167
1848960 167
1848970 167
1848980 167
1848990 167
1849000 166
1849010 166
1849020 166
1849030 165
1849040 166
1849050 166
1849060 171
1849070 172
1849080 172
1849090 167
1849100 165
1849110 165
1849120 165
1849130 166
1849140 166
1849150 167
1849160 168
1849170 168
1849180 168
1849190 167
1849200 167
1849210 167
1849220 167
1849230 167
1849240 168
1849250 168
1849260 168
1849270 169
1849280 169
1849290 169
1849300 169
1849310 169
1849320 169
1849330 169
1849340 169
1849350 169
1849360 169
1849370 168
1849380 168
1849390 168
1849400 168
1849410 168
1849420 168
1849430 168
1849440 168
1849450 168
1849460 168
1849470 169
1849480 169
1849490 169
1849500 169
1849510 169
1849520 169
1849530 169
1849540 169
1849550 169
1849560 170
1849570 170
1849580 170
1849590 170
1849600 170
1849610 170
1849620 170
1849630 170
1849640 170
1849650 170
1849660 170
1849670 170
1849680 170
1849690 170
1849700 170
1849710 170
1849720 170
1849730 170
1849740 170
1849750 170
1849760 170
1849770 170
1849780 170
1849790 170
1849800 170
1849810 169
1849820 169
1849830 169
1849840 169
1849850 169
1849860 169
1849870 169
1849880 169
1849890 169
1849900 169
1849910 169
1849920 169
1849930 169
1849940 169
1849950 169
1849960 169
1849970 169
1849980 169
1849990 169
1850000 169
1850010 169
1850020 169
1850030 169
1850040 169
1850050 169
1850060 169
1850070 169
1850080 169
1850090 169
1850100 170
1850110 170
1850120 170
1850130 170
1850140 170
1850150 170
1850160 170
1850170 170
1850180 170
1850190 170
1850200 170
1850210 170
1850220 169
1850230 169
1850240 169
1850250 169
1850260 169
1850270 169
1850280 169
1850290 169
1850300 169
1850310 169
1850320 169
1850330 169
1850340 169
1850350 169
1850360 169
1850370 169
1850380 169
1850390 169
1850400 169
1850410 169
1850420 169
1850430 169
1850440 169
1850450 169
1850460 169
1850470 169
1850480 169
1850490 169
1850500 169
1850510 169
1850520 169
1850530 169
1850540 169
1850550 169
1850560 169
1850570 169
1850580 169
1850590 169
1850600 169
1850610 169
1850620 169
1850630 169
1850640 169
1850650 169
1850660 169
1850670 169
1850680 170
1850690 170
1850700 169
1850710 170
1850720 170
1850730 169
1850740 169
1850750 169
1850760 169
1850770 169
1850780 169
1850790 169
1850800 169
1850810 169
1850820 169
1850830 169
1850840 169
1850850 169
1850860 169
1850870 169
1850880 170
1850890 170
1850900 170
1850910 170
1850920 169
1850930 169
1850940 169
1850950 169
1850960 169
1850970 169
1850980 169
1850990 169
1851000 169
1851010 169
1851020 169
1851030 169
1851040 169
1851050 169
1851060 169
1851070 169
1851080 169
1851090 169
1851100 169
1851110 169
1851120 169
1851130 169
1851140 169
1851150 169
1851160 169
1851170 169
1851180 170
1851190 170
1851200 170
1851210 170
1851220 170
1851230 170
1851240 170
1851250 170
1851260 170
1851270 170
1851280 170
1851290 170
1851300 170
1851310 170
1851320 170
1851330 170
1851340 170
1851350 170
1851360 170
1851370 170
1851380 170
1851390 170
1851400 170
1851410 170
1851420 170
1851430 170
1851440 170
1851450 170
1851460 170
1851470 170
1851480 170
1851490 170
1851500 170
1851510 170
1851520 170
1851530 170
1851540 170
1851550 170
1851560 170
1851570 170
1851580 170
1851590 170
1851600 170
1851610 170
1851620 170
1851630 170
1851640 171
1851650 171
1851660 170
1851670 170
1851680 170
1851690 171
1851700 171
1851710 171
1851720 171
1851730 171
1851740 171
1851750 171
1851760 171
1851770 171
1851780 170
1851790 170
1851800 171
1851810 171
1851820 171
1851830 170
1851840 170
1851850 170
1851860 170
1851870 170
1851880 170
1851890 170
1851900 170
1851910 170
1851920 170
1851930 170
1851940 170
1851950 170
1851960 169
1851970 169
1851980 169
1851990 169
1852000 169
1852010 169
1852020 168
1852030 168
1852040 168
1852050 168
1852060 168
1852070 169
1852080 169
1852090 169
1852100 169
1852110 169
1852120 169
1852130 169
1852140 169
1852150 169
1852160 169
1852170 169
1852180 169
1852190 169
1852200 169
1852210 169
1852220 169
1852230 169
1852240 169
1852250 169
1852260 169
1852270 169
1852280 169
1852290 169
1852300 169
1852310 169
1852320 169
1852330 169
1852340 168
1852350 169
1852360 169
1852370 169
1852380 170
1852390 170
1852400 170
1852410 170
1852420 170
1852430 170
1852440 170
1852450 170
1852460 170
1852470 170
1852480 170
1852490 170
1852500 170
1852510 170
1852520 170
1852530 170
1852540 170
1852550 170
1852560 170
1852570 170
1852580 170
1852590 170
1852600 170
1852610 170
1852620 170
1852630 170
1852640 170
1852650 170
1852660 170
1852670 170
1852680 170
1852690 170
1852700 170
1852710 170
1852720 170
1852730 170
1852740 170
1852750 170
1852760 170
1852770 170
1852780 170
1852790 170
1852800 170
1852810 170
1852820 170
1852830 170
1852840 170
1852850 170
1852860 171
1852870 171
1852880 170
1852890 170
1852900 170
1852910 170
1852920 170
1852930 170
1852940 170
1852950 170
1852960 170
1852970 170
1852980 170
1852990 170
1853000 170
1853010 170
1853020 170
1853030 170
1853040 170
1853050 170
1853060 170
1853070 170
1853080 170
1853090 170
1853100 170
1853110 170
1853120 170
1853130 170
1853140 170
1853150 170
1853160 170
1853170 170
1853180 170
1853190 170
1853200 170
1853210 170
1853220 170
1853230 170
1853240 170
1853250 170
1853260 170
1853270 170
1853280 170
1853290 170
1853300 170
1853310 170
1853320 170
1853330 170
1853340 170
1853350 170
1853360 170
1853370 170
1853380 170
1853390 170
1853400 170
1853410 170
1853420 170
1853430 170
1853440 170
1853450 170
1853460 170
1853470 170
1853480 171
1853490 171
1853500 170
1853510 170
1853520 170
1853530 171
1853540 171
1853550 171
1853560 171
1853570 171
1853580 171
1853590 171
1853600 171
1853610 171
1853620 171
1853630 171
1853640 171
1853650 171
1853660 171
1853670 171
1853680 171
1853690 171
1853700 171
1853710 171
1853720 171
1853730 171
1853740 171
1853750 170
1853760 171
1853770 171
1853780 171
1853790 171
1853800 171
1853810 171
1853820 171
1853830 171
1853840 171
1853850 171
1853860 171
1853870 171
1853880 171
1853890 171
1853900 171
1853910 171
1853920 171
1853930 171
1853940 171
1853950 171
1853960 170
1853970 170
1853980 171
1853990 171
1854000 171
1854010 171
1854020 170
1854030 170
1854040 170
1854050 170
1854060 170
1854070 170
1854080 170
1854090 170
1854100 170
1854110 170
1854120 170
1854130 170
1854140 170
1854150 170
1854160 170
1854170 170
1854180 170
1854190 170
1854200 170
1854210 170
1854220 170
1854230 170
1854240 170
1854250 169
1854260 169
1854270 169
1854280 170
1854290 169
1854300 169
1854310 169
1854320 169
1854330 169
1854340 169
1854350 169
1854360 169
1854370 170
1854380 170
1854390 170
1854400 170
1854410 170
1854420 170
1854430 170
1854440 170
1854450 170
1854460 171
1854470 171
1854480 171
1854490 171
1854500 171
1854510 171
1854520 171
1854530 171
1854540 171
1854550 171
1854560 171
1854570 171
1854580 171
1854590 171
1854600 171
1854610 171
1854620 172
1854630 172
1854640 172
1854650 172
1854660 172
1854670 172
1854680 171
1854690 171
1854700 171
1854710 170
1854720 170
1854730 169
1854740 169
1854750 169
1854760 168
1854770 167
1854780 167
1854790 167
1854800 167
1854810 166
1854820 166
1854830 165
1854840 165
1854850 165
1854860 165
1854870 165
1854880 165
1854890 165
1854900 165
1854910 165
1854920 165
1854930 165
1854940 165
1854950 165
1854960 165
1854970 166
1854980 166
1854990 166
1855000 167
1855010 167
1855020 167
1855030 167
1855040 167
1855050 167
1855060 168
1855070 168
1855080 168
1855090 168
1855100 168
1855110 168
1855120 168
1855130 168
1855140 168
1855150 168
1855160 168
1855170 168
1855180 167
1855190 167
1855200 167
1855210 167
1855220 167
1855230 167
1855240 167
1855250 167
1855260 167
1855270 166
1855280 166
1855290 166
1855300 166
1855310 166
1855320 165
1855330 165
1855340 165
1855350 164
1855360 164
1855370 164
1855380 164
1855390 164
1855400 164
1855410 164
1855420 165
1855430 165
1855440 164
1855450 164
1855460 164
1855470 164
1855480 164
1855490 164
1855500 164
1855510 163
1855520 163
1855530 163
1855540 163
1855550 163
1855560 163
1855570 162
1855580 162
1855590 162
1855600 162
1855610 162
1855620 161
1855630 161
1855640 161
1855650 161
1855660 161
1855670 161
1855680 160
1855690 160
1855700 160
1855710 160
1855720 160
1855730 160
1855740 159
1855750 159
1855760 159
1855770 159
1855780 159
1855790 159
1855800 158
1855810 158
1855820 158
1855830 158
1855840 158
1855850 158
1855860 158
1855870 158
1855880 158
1855890 158
1855900 158
1855910 158
1855920 158
1855930 158
1855940 158
1855950 157
1855960 157
1855970 157
1855980 157
1855990 157
1856000 157
1856010 157
1856020 157
1856030 157
1856040 157
1856050 157
1856060 157
1856070 157
1856080 157
1856090 157
1856100 157
1856110 157
1856120 157
1856130 157
1856140 157
1856150 157
1856160 157
1856170 157
1856180 157
1856190 157
1856200 157
1856210 157
1856220 156
1856230 156
1856240 156
1856250 157
1856260 156
1856270 156
1856280 156
1856290 156
1856300 156
1856310 156
1856320 156
1856330 156
1856340 156
1856350 156
1856360 156
1856370 156
1856380 156
1856390 156
1856400 156
1856410 156
1856420 156
1856430 156
1856440 156
1856450 156
1856460 156
1856470 156
1856480 156
1856490 156
1856500 156
1856510 156
1856520 156
1856530 156
1856540 156
1856550 156
1856560 156
1856570 156
1856580 156
1856590 156
1856600 156
1856610 156
1856620 156
1856630 156
1856640 155
1856650 156
1856660 156
1856670 156
1856680 156
1856690 156
1856700 156
1856710 156
1856720 156
1856730 156
1856740 156
1856750 156
1856760 156
1856770 156
1856780 156
1856790 156
1856800 156
1856810 156
1856820 156
1856830 156
1856840 156
1856850 156
1856860 156
1856870 156
1856880 156
1856890 156
1856900 156
1856910 156
1856920 157
1856930 157
1856940 157
1856950 157
1856960 157
1856970 157
1856980 157
1856990 157
1857000 157
1857010 158
1857020 158
1857030 158
1857040 158
1857050 158
1857060 158
1857070 158
1857080 158
1857090 158
1857100 158
1857110 158
1857120 158
1857130 158
1857140 158
1857150 158
1857160 158
1857170 158
1857180 158
1857190 158
1857200 158
1857210 158
1857220 158
1857230 158
1857240 158
1857250 158
1857260 157
1857270 157
1857280 157
1857290 157
1857300 157
1857310 157
1857320 157
1857330 157
1857340 157
1857350 157
1857360 157
1857370 157
1857380 157
1857390 157
1857400 157
1857410 157
1857420 157
1857430 157
1857440 157
1857450 157
1857460 157
1857470 157
1857480 157
1857490 157
1857500 157
1857510 157
1857520 157
1857530 157
1857540 157
1857550 157
1857560 157
1857570 157
1857580 157
1857590 157
1857600 157
1857610 157
1857620 156
1857630 156
1857640 156
1857650 156
1857660 156
1857670 156
1857680 156
1857690 156
1857700 156
1857710 156
1857720 156
1857730 156
1857740 156
1857750 156
1857760 156
1857770 156
1857780 156
1857790 156
1857800 157
1857810 157
1857820 157
1857830 157
1857840 156
1857850 156
1857860 156
1857870 156
1857880 156
1857890 156
1857900 156
1857910 156
1857920 155
1857930 155
1857940 155
1857950 155
1857960 155
1857970 155
1857980 155
1857990 155
1858000 155
1858010 155
1858020 155
1858030 155
1858040 155
1858050 155
1858060 155
1858070 155
1858080 155
1858090 155
1858100 155
1858110 155
1858120 155
1858130 155
1858140 156
1858150 156
1858160 156
1858170 155
1858180 155
1858190 155
1858200 155
1858210 155
1858220 155
1858230 155
1858240 155
1858250 155
1858260 155
1858270 155
1858280 155
1858290 155
1858300 155
1858310 155
1858320 155
1858330 155
1858340 155
1858350 155
1858360 155
1858370 155
1858380 156
1858390 156
1858400 156
1858410 156
1858420 156
1858430 156
1858440 156
1858450 156
1858460 156
1858470 156
1858480 156
1858490 156
1858500 156
1858510 156
1858520 156
1858530 156
1858540 156
1858550 156
1858560 156
1858570 156
1858580 156
1858590 156
1858600 156
1858610 156
1858620 156
1858630 156
1858640 156
1858650 156
1858660 156
1858670 156
1858680 156
1858690 156
1858700 156
1858710 156
1858720 156
1858730 156
1858740 156
1858750 156
1858760 156
1858770 156
1858780 156
1858790 156
1858800 156
1858810 156
1858820 157
1858830 157
1858840 157
1858850 157
1858860 157
1858870 157
1858880 157
1858890 157
1858900 157
1858910 158
1858920 158
1858930 158
1858940 158
1858950 158
1858960 158
1858970 158
1858980 158
1858990 158
1859000 158
1859010 158
1859020 159
1859030 159
1859040 159
1859050 159
1859060 159
1859070 159
1859080 159
1859090 159
1859100 159
1859110 159
1859120 159
1859130 159
1859140 159
1859150 159
1859160 159
1859170 158
1859180 158
1859190 158
1859200 158
1859210 158
1859220 158
1859230 159
1859240 159
1859250 159
1859260 159
1859270 159
1859280 159
1859290 160
1859300 160
1859310 160
1859320 160
1859330 160
1859340 160
1859350 160
1859360 161
1859370 161
1859380 161
1859390 161
1859400 161
1859410 161
1859420 160
1859430 160
1859440 159
1859450 159
1859460 159
1859470 159
1859480 158
1859490 158
1859500 158
1859510 158
1859520 158
1859530 158
1859540 158
1859550 158
1859560 158
1859570 158
1859580 158
1859590 158
1859600 158
1859610 158
1859620 158
1859630 158
1859640 158
1859650 158
1859660 158
1859670 158
1859680 158
1859690 159
1859700 159
1859710 159
1859720 159
1859730 159
1859740 159
1859750 159
1859760 159
1859770 159
1859780 159
1859790 159
1859800 159
1859810 159
1859820 159
1859830 158
1859840 158
1859850 158
1859860 158
1859870 158
1859880 158
1859890 158
1859900 158
1859910 158
1859920 158
1859930 158
1859940 158
1859950 157
1859960 157
1859970 157
1859980 157
1859990 157
