1840000 173
1840010 173
1840020 173
1840030 173
1840040 173
1840050 173
1840060 172
1840070 172
1840080 172
1840090 172
1840100 172
1840110 172
1840120 172
1840130 173
1840140 173
1840150 173
1840160 172
1840170 172
1840180 172
1840190 172
1840200 172
1840210 172
1840220 173
1840230 173
1840240 173
1840250 173
1840260 173
1840270 173
1840280 173
1840290 174
1840300 174
1840310 174
1840320 174
1840330 174
1840340 175
1840350 175
1840360 175
1840370 175
1840380 175
1840390 175
1840400 175
1840410 176
1840420 175
1840430 175
1840440 175
1840450 175
1840460 175
1840470 176
1840480 176
1840490 176
1840500 177
1840510 177
1840520 177
1840530 178
1840540 178
1840550 179
1840560 180
1840570 180
1840580 181
1840590 181
1840600 181
1840610 182
1840620 182
1840630 182
1840640 182
1840650 182
1840660 182
1840670 182
1840680 182
1840690 182
1840700 182
1840710 182
1840720 182
1840730 182
1840740 182
1840750 182
1840760 181
1840770 181
1840780 181
1840790 180
1840800 180
1840810 180
1840820 180
1840830 180
1840840 180
1840850 181
1840860 181
1840870 181
1840880 181
1840890 181
1840900 181
1840910 181
1840920 181
1840930 181
1840940 181
1840950 181
1840960 181
1840970 181
1840980 181
1840990 181
1841000 181
1841010 181
1841020 181
1841030 181
1841040 181
1841050 181
1841060 182
1841070 182
1841080 182
1841090 182
1841100 182
1841110 182
1841120 182
1841130 182
1841140 182
1841150 182
1841160 182
1841170 182
1841180 182
1841190 183
1841200 183
1841210 183
1841220 183
1841230 183
1841240 183
1841250 183
1841260 183
1841270 184
1841280 184
1841290 184
1841300 184
1841310 185
1841320 185
1841330 185
1841340 186
1841350 186
1841360 186
1841370 187
1841380 187
1841390 189
1841400 189
1841410 189
1841420 189
1841430 190
1841440 190
1841450 190
1841460 191
1841470 191
1841480 191
1841490 192
1841500 192
1841510 192
1841520 193
1841530 193
1841540 193
1841550 194
1841560 194
1841570 194
1841580 195
1841590 195
1841600 195
1841610 196
1841620 196
1841630 197
1841640 197
1841650 197
1841660 198
1841670 198
1841680 198
1841690 199
1841700 199
1841710 199
1841720 200
1841730 200
1841740 200
1841750 200
1841760 200
1841770 201
1841780 201
1841790 201
1841800 201
1841810 202
1841820 202
1841830 202
1841840 202
1841850 202
1841860 203
1841870 203
1841880 204
1841890 204
1841900 204
1841910 204
1841920 205
1841930 205
1841940 205
1841950 206
1841960 206
1841970 206
1841980 206
1841990 206
1842000 206
1842010 206
1842020 207
1842030 207
1842040 207
1842050 207
1842060 207
1842070 208
1842080 208
1842090 208
1842100 208
1842110 208
1842120 208
1842130 208
1842140 208
1842150 208
1842160 208
1842170 208
1842180 208
1842190 208
1842200 208
1842210 208
1842220 207
1842230 207
1842240 207
1842250 207
1842260 208
1842270 208
1842280 208
1842290 208
1842300 208
1842310 209
1842320 209
1842330 209
1842340 209
1842350 209
1842360 209
1842370 210
1842380 210
1842390 210
1842400 210
1842410 210
1842420 210
1842430 210
1842440 210
1842450 210
1842460 210
1842470 210
1842480 210
1842490 210
1842500 210
1842510 210
1842520 210
1842530 209
1842540 209
1842550 209
1842560 209
1842570 209
1842580 209
1842590 209
1842600 209
1842610 210
1842620 211
1842630 211
1842640 212
1842650 213
1842660 213
1842670 213
1842680 214
1842690 214
1842700 215
1842710 215
1842720 215
1842730 216
1842740 216
1842750 216
1842760 217
1842770 217
1842780 217
1842790 218
1842800 219
1842810 219
1842820 219
1842830 219
1842840 219
1842850 220
1842860 221
1842870 221
1842880 221
1842890 222
1842900 222
1842910 222
1842920 222
1842930 222
1842940 222
1842950 223
1842960 223
1842970 223
1842980 223
1842990 223
1843000 223
1843010 223
1843020 223
1843030 224
1843040 224
1843050 224
1843060 224
1843070 224
1843080 224
1843090 224
1843100 225
1843110 225
1843120 225
1843130 225
1843140 225
1843150 225
1843160 225
1843170 225
1843180 226
1843190 226
1843200 226
1843210 226
1843220 226
1843230 226
1843240 226
1843250 226
1843260 226
1843270 226
1843280 226
1843290 226
1843300 226
1843310 226
1843320 226
1843330 226
1843340 226
1843350 226
1843360 226
1843370 226
1843380 226
1843390 225
1843400 225
1843410 225
1843420 224
1843430 224
1843440 223
1843450 223
1843460 223
1843470 223
1843480 222
1843490 222
1843500 222
1843510 221
1843520 221
1843530 221
1843540 220
1843550 220
1843560 220
1843570 219
1843580 219
1843590 219
1843600 218
1843610 218
1843620 218
1843630 218
1843640 218
1843650 217
1843660 217
1843670 217
1843680 217
1843690 216
1843700 216
1843710 216
1843720 216
1843730 216
1843740 216
1843750 216
1843760 216
1843770 215
1843780 215
1843790 215
1843800 215
1843810 214
1843820 214
1843830 214
1843840 214
1843850 214
1843860 213
1843870 213
1843880 213
1843890 213
1843900 212
1843910 212
1843920 212
1843930 212
1843940 212
1843950 212
1843960 212
1843970 212
1843980 211
1843990 211
1844000 211
1844010 211
1844020 211
1844030 211
1844040 211
1844050 211
1844060 211
1844070 211
1844080 211
1844090 211
1844100 210
1844110 210
1844120 210
1844130 210
1844140 210
1844150 210
1844160 209
1844170 209
1844180 209
1844190 209
1844200 208
1844210 208
1844220 208
1844230 207
1844240 207
1844250 207
1844260 206
1844270 206
1844280 205
1844290 205
1844300 205
1844310 204
1844320 203
1844330 203
1844340 203
1844350 203
1844360 203
1844370 203
1844380 203
1844390 203
1844400 203
1844410 203
1844420 203
1844430 203
1844440 203
1844450 203
1844460 203
1844470 204
1844480 204
1844490 204
1844500 204
1844510 204
1844520 205
1844530 205
1844540 205
1844550 206
1844560 206
1844570 206
1844580 207
1844590 208
1844600 208
1844610 209
1844620 211
1844630 211
1844640 212
1844650 213
1844660 213
1844670 214
1844680 214
1844690 214
1844700 215
1844710 215
1844720 215
1844730 215
1844740 216
1844750 216
1844760 217
1844770 218
1844780 218
1844790 219
1844800 218
1844810 218
1844820 215
1844830 219
1844840 219
1844850 220
1844860 220
1844870 220
1844880 221
1844890 221
1844900 221
1844910 221
1844920 222
1844930 222
1844940 222
1844950 222
1844960 222
1844970 223
1844980 223
1844990 223
1845000 223
1845010 223
1845020 223
1845030 223
1845040 223
1845050 223
1845060 223
1845070 224
1845080 224
1845090 225
1845100 225
1845110 225
1845120 226
1845130 226
1845140 229
1845150 229
1845160 229
1845170 229
1845180 229
1845190 229
1845200 229
1845210 229
1845220 229
1845230 228
1845240 227
1845250 227
1845260 226
1845270 225
1845280 225
1845290 224
1845300 223
1845310 223
1845320 221
1845330 220
1845340 220
1845350 218
1845360 217
1845370 217
1845380 216
1845390 216
1845400 216
1845410 216
1845420 216
1845430 216
1845440 216
1845450 216
1845460 216
1845470 216
1845480 217
1845490 217
1845500 219
1845510 220
1845520 220
1845530 221
1845540 223
1845550 223
1845560 224
1845570 227
1845580 227
1845590 231
1845600 233
1845610 233
1845620 234
1845630 234
1845640 234
1845650 235
1845660 236
1845670 236
1845680 237
1845690 239
1845700 239
1845710 241
1845720 241
1845730 241
1845740 242
1845750 242
1845760 242
1845770 242
1845780 242
1845790 242
1845800 242
1845810 243
1845820 243
1845830 243
1845840 243
1845850 243
1845860 243
1845870 243
1845880 243
1845890 243
1845900 244
1845910 244
1845920 244
1845930 244
1845940 244
1845950 244
1845960 244
1845970 244
1845980 244
1845990 243
1846000 243
1846010 243
1846020 242
1846030 242
1846040 242
1846050 241
1846060 241
1846070 240
1846080 240
1846090 240
1846100 239
1846110 239
1846120 239
1846130 239
1846140 238
1846150 238
1846160 238
1846170 238
1846180 238
1846190 237
1846200 237
1846210 237
1846220 235
1846230 235
1846240 235
1846250 235
1846260 234
1846270 234
1846280 234
1846290 234
1846300 234
1846310 234
1846320 234
1846330 234
1846340 233
1846350 233
1846360 233
1846370 233
1846380 233
1846390 233
1846400 233
1846410 233
1846420 233
1846430 232
1846440 232
1846450 232
1846460 232
1846470 232
1846480 232
1846490 231
1846500 231
1846510 231
1846520 230
1846530 230
1846540 230
1846550 230
1846560 229
1846570 229
1846580 228
1846590 228
1846600 228
1846610 228
1846620 227
1846630 227
1846640 227
1846650 226
1846660 226
1846670 226
1846680 226
1846690 226
1846700 225
1846710 224
1846720 224
1846730 223
1846740 222
1846750 222
1846760 221
1846770 219
1846780 219
1846790 217
1846800 216
1846810 216
1846820 215
1846830 214
1846840 214
1846850 214
1846860 214
1846870 214
1846880 213
1846890 212
1846900 212
1846910 210
1846920 209
1846930 209
1846940 205
1846950 204
1846960 204
1846970 203
1846980 203
1846990 203
1847000 202
1847010 202
1847020 201
1847030 200
1847040 200
1847050 199
1847060 199
1847070 199
1847080 199
1847090 198
1847100 198
1847110 198
1847120 197
1847130 197
1847140 197
1847150 196
1847160 196
1847170 195
1847180 195
1847190 195
1847200 195
1847210 194
1847220 194
1847230 194
1847240 194
1847250 194
1847260 194
1847270 194
1847280 194
1847290 194
1847300 197
1847310 197
1847320 197
1847330 198
1847340 198
1847350 198
1847360 197
1847370 197
1847380 196
1847390 195
1847400 195
1847410 194
1847420 194
1847430 194
1847440 194
1847450 194
1847460 194
1847470 193
1847480 193
1847490 193
1847500 193
1847510 193
1847520 193
1847530 193
1847540 193
1847550 193
1847560 193
1847570 193
1847580 193
1847590 193
1847600 193
1847610 193
1847620 193
1847630 193
1847640 193
1847650 193
1847660 194
1847670 194
1847680 194
1847690 193
1847700 193
1847710 192
1847720 192
1847730 192
1847740 191
1847750 191
1847760 191
1847770 191
1847780 191
1847790 191
1847800 191
1847810 191
1847820 191
1847830 191
1847840 191
1847850 191
1847860 191
1847870 192
1847880 192
1847890 192
1847900 192
1847910 192
1847920 193
1847930 193
1847940 193
1847950 193
1847960 193
1847970 193
1847980 193
1847990 193
1848000 193
1848010 193
1848020 193
1848030 193
1848040 193
1848050 193
1848060 193
1848070 193
1848080 193
1848090 193
1848100 193
1848110 194
1848120 194
1848130 195
1848140 197
1848150 197
1848160 197
1848170 199
1848180 199
1848190 200
1848200 200
1848210 200
1848220 201
1848230 202
1848240 202
1848250 203
1848260 204
1848270 204
1848280 204
1848290 205
1848300 205
1848310 205
1848320 206
1848330 206
1848340 207
1848350 207
1848360 207
1848370 208
1848380 207
1848390 207
1848400 207
1848410 206
1848420 206
1848430 206
1848440 205
1848450 205
1848460 204
1848470 203
1848480 203
1848490 201
1848500 200
1848510 200
1848520 199
1848530 198
1848540 198
1848550 197
1848560 196
1848570 196
1848580 196
1848590 197
1848600 197
1848610 197
1848620 197
1848630 197
1848640 198
1848650 198
1848660 198
1848670 199
1848680 199
1848690 199
1848700 199
1848710 200
1848720 200
1848730 200
1848740 200
1848750 200
1848760 200
1848770 200
1848780 200
1848790 199
1848800 199
1848810 199
1848820 198
1848830 198
1848840 198
1848850 198
1848860 198
1848870 198
1848880 198
1848890 198
1848900 199
1848910 199
1848920 199
1848930 200
1848940 201
1848950 201
1848960 202
1848970 202
1848980 202
1848990 202
1849000 202
1849010 202
1849020 202
1849030 201
1849040 201
1849050 201
1849060 200
1849070 200
1849080 198
1849090 199
1849100 199
1849110 198
1849120 197
1849130 197
1849140 195
1849150 195
1849160 195
1849170 194
1849180 194
1849190 194
1849200 193
1849210 193
1849220 193
1849230 193
1849240 193
1849250 193
1849260 194
1849270 195
1849280 195
1849290 195
1849300 196
1849310 196
1849320 197
1849330 197
1849340 197
1849350 197
1849360 198
1849370 198
1849380 198
1849390 198
1849400 198
1849410 199
1849420 199
1849430 199
1849440 200
1849450 201
1849460 201
1849470 202
1849480 202
1849490 202
1849500 203
1849510 203
1849520 203
1849530 203
1849540 203
1849550 203
1849560 203
1849570 203
1849580 203
1849590 204
1849600 204
1849610 204
1849620 204
1849630 204
1849640 204
1849650 205
1849660 205
1849670 205
1849680 205
1849690 205
1849700 205
1849710 205
1849720 205
1849730 205
1849740 205
1849750 205
1849760 205
1849770 205
1849780 205
1849790 205
1849800 204
1849810 204
1849820 204
1849830 204
1849840 204
1849850 204
1849860 203
1849870 203
1849880 203
1849890 203
1849900 202
1849910 202
1849920 202
1849930 202
1849940 202
1849950 202
1849960 201
1849970 201
1849980 201
1849990 201
1850000 201
1850010 201
1850020 201
1850030 201
1850040 201
1850050 201
1850060 201
1850070 200
1850080 200
1850090 200
1850100 200
1850110 199
1850120 199
1850130 199
1850140 199
1850150 199
1850160 198
1850170 198
1850180 198
1850190 197
1850200 197
1850210 197
1850220 197
1850230 196
1850240 196
1850250 196
1850260 196
1850270 196
1850280 195
1850290 195
1850300 195
1850310 195
1850320 194
1850330 194
1850340 194
1850350 194
1850360 194
1850370 193
1850380 193
1850390 193
1850400 192
1850410 192
1850420 192
1850430 191
1850440 190
1850450 190
1850460 189
1850470 188
1850480 188
1850490 187
1850500 187
1850510 186
1850520 185
1850530 185
1850540 184
1850550 184
1850560 184
1850570 184
1850580 184
1850590 184
1850600 184
1850610 185
1850620 185
1850630 186
1850640 188
1850650 188
1850660 190
1850670 192
1850680 192
1850690 193
1850700 194
1850710 194
1850720 194
1850730 195
1850740 195
1850750 195
1850760 195
1850770 195
1850780 195
1850790 195
1850800 195
1850810 194
1850820 194
1850830 194
1850840 193
1850850 192
1850860 192
1850870 190
1850880 190
1850890 190
1850900 190
1850910 189
1850920 189
1850930 189
1850940 189
1850950 189
1850960 189
1850970 189
1850980 189
1850990 189
1851000 189
1851010 189
1851020 188
1851030 188
1851040 188
1851050 188
1851060 187
1851070 187
1851080 187
1851090 187
1851100 187
1851110 187
1851120 187
1851130 187
1851140 187
1851150 186
1851160 186
1851170 185
1851180 183
1851190 183
1851200 182
1851210 181
1851220 180
1851230 180
1851240 180
1851250 180
1851260 181
1851270 184
1851280 184
1851290 186
1851300 187
1851310 187
1851320 188
1851330 189
1851340 189
1851350 189
1851360 189
1851370 189
1851380 190
1851390 190
1851400 190
1851410 189
1851420 189
1851430 189
1851440 189
1851450 190
1851460 190
1851470 190
1851480 189
1851490 189
1851500 189
1851510 189
1851520 189
1851530 189
1851540 189
1851550 189
1851560 189
1851570 189
1851580 189
1851590 189
1851600 189
1851610 189
1851620 189
1851630 189
1851640 189
1851650 189
1851660 188
1851670 188
1851680 188
1851690 188
1851700 188
1851710 187
1851720 185
1851730 185
1851740 185
1851750 183
1851760 183
1851770 182
1851780 181
1851790 181
1851800 180
1851810 179
1851820 179
1851830 178
1851840 177
1851850 177
1851860 177
1851870 176
1851880 176
1851890 177
1851900 180
1851910 180
1851920 180
1851930 177
1851940 177
1851950 174
1851960 174
1851970 174
1851980 176
1851990 176
1852000 176
1852010 176
1852020 175
1852030 175
1852040 173
1852050 170
1852060 170
1852070 170
1852080 169
1852090 169
1852100 169
1852110 169
1852120 169
1852130 169
1852140 169
1852150 169
1852160 169
1852170 169
1852180 169
1852190 168
1852200 168
1852210 168
1852220 168
1852230 168
1852240 168
1852250 168
1852260 168
1852270 168
1852280 168
1852290 168
1852300 168
1852310 168
1852320 168
1852330 168
1852340 168
1852350 168
1852360 168
1852370 167
1852380 167
1852390 167
1852400 167
1852410 167
1852420 167
1852430 167
1852440 167
1852450 167
1852460 167
1852470 167
1852480 168
1852490 168
1852500 168
1852510 168
1852520 168
1852530 168
1852540 168
1852550 168
1852560 168
1852570 169
1852580 169
1852590 169
1852600 170
1852610 170
1852620 170
1852630 170
1852640 172
1852650 172
1852660 172
1852670 171
1852680 171
1852690 171
1852700 172
1852710 172
1852720 172
1852730 172
1852740 172
1852750 172
1852760 172
1852770 172
1852780 172
1852790 173
1852800 173
1852810 174
1852820 175
1852830 175
1852840 176
1852850 177
1852860 177
1852870 178
1852880 180
1852890 180
1852900 180
1852910 181
1852920 181
1852930 182
1852940 182
1852950 182
1852960 182
1852970 183
1852980 183
1852990 183
1853000 184
1853010 184
1853020 184
1853030 184
1853040 184
1853050 184
1853060 184
1853070 184
1853080 184
1853090 184
1853100 184
1853110 185
1853120 185
1853130 185
1853140 185
1853150 185
1853160 185
1853170 185
1853180 185
1853190 185
1853200 185
1853210 186
1853220 186
1853230 186
1853240 186
1853250 186
1853260 186
1853270 186
1853280 186
1853290 186
1853300 187
1853310 187
1853320 187
1853330 187
1853340 187
1853350 187
1853360 186
1853370 186
1853380 186
1853390 186
1853400 186
1853410 186
1853420 186
1853430 186
1853440 186
1853450 186
1853460 186
1853470 185
1853480 185
1853490 185
1853500 185
1853510 185
1853520 185
1853530 185
1853540 184
1853550 184
1853560 184
1853570 183
1853580 183
1853590 183
1853600 182
1853610 182
1853620 182
1853630 181
1853640 181
1853650 180
1853660 180
1853670 180
1853680 179
1853690 179
1853700 180
1853710 180
1853720 181
1853730 181
1853740 182
1853750 183
1853760 183
1853770 183
1853780 184
1853790 184
1853800 185
1853810 185
1853820 185
1853830 186
1853840 186
1853850 186
1853860 186
1853870 186
1853880 186
1853890 186
1853900 186
1853910 186
1853920 186
1853930 186
1853940 186
1853950 186
1853960 185
1853970 185
1853980 185
1853990 185
1854000 185
1854010 185
1854020 185
1854030 184
1854040 184
1854050 184
1854060 183
1854070 183
1854080 183
1854090 183
1854100 182
1854110 182
1854120 181
1854130 181
1854140 181
1854150 180
1854160 180
1854170 180
1854180 179
1854190 179
1854200 179
1854210 178
1854220 178
1854230 178
1854240 177
1854250 177
1854260 177
1854270 177
1854280 178
1854290 178
1854300 178
1854310 179
1854320 179
1854330 179
1854340 180
1854350 180
1854360 180
1854370 180
1854380 180
1854390 180
1854400 180
1854410 180
1854420 180
1854430 180
1854440 180
1854450 180
1854460 180
1854470 180
1854480 180
1854490 180
1854500 180
1854510 179
1854520 179
1854530 179
1854540 179
1854550 179
1854560 179
1854570 178
1854580 178
1854590 178
1854600 177
1854610 177
1854620 177
1854630 177
1854640 176
1854650 176
1854660 176
1854670 176
1854680 176
1854690 176
1854700 175
1854710 175
1854720 175
1854730 175
1854740 175
1854750 175
1854760 174
1854770 174
1854780 174
1854790 174
1854800 174
1854810 174
1854820 174
1854830 174
1854840 174
1854850 174
1854860 174
1854870 174
1854880 174
1854890 174
1854900 174
1854910 174
1854920 174
1854930 174
1854940 174
1854950 174
1854960 174
1854970 174
1854980 174
1854990 174
1855000 174
1855010 174
1855020 175
1855030 175
1855040 175
1855050 175
1855060 176
1855070 176
1855080 176
1855090 176
1855100 176
1855110 176
1855120 176
1855130 176
1855140 176
1855150 175
1855160 175
1855170 175
1855180 175
1855190 175
1855200 175
1855210 175
1855220 175
1855230 175
1855240 175
1855250 175
1855260 175
1855270 175
1855280 175
1855290 175
1855300 175
1855310 175
1855320 175
1855330 175
1855340 175
1855350 175
1855360 175
1855370 175
1855380 175
1855390 175
1855400 175
1855410 175
1855420 175
1855430 175
1855440 175
1855450 174
1855460 174
1855470 174
1855480 174
1855490 174
1855500 174
1855510 174
1855520 174
1855530 173
1855540 173
1855550 173
1855560 173
1855570 173
1855580 173
1855590 173
1855600 172
1855610 172
1855620 172
1855630 172
1855640 172
1855650 172
1855660 172
1855670 172
1855680 171
1855690 171
1855700 171
1855710 171
1855720 171
1855730 171
1855740 170
1855750 170
1855760 170
1855770 170
1855780 170
1855790 170
1855800 169
1855810 169
1855820 169
1855830 169
1855840 169
1855850 169
1855860 168
1855870 168
1855880 168
1855890 168
1855900 168
1855910 168
1855920 168
1855930 168
1855940 168
1855950 168
1855960 168
1855970 168
1855980 168
1855990 168
1856000 168
1856010 167
1856020 167
1856030 167
1856040 167
1856050 167
1856060 167
1856070 167
1856080 167
1856090 167
1856100 167
1856110 167
1856120 167
1856130 167
1856140 167
1856150 167
1856160 167
1856170 167
1856180 167
1856190 167
1856200 167
1856210 167
1856220 167
1856230 167
1856240 167
1856250 167
1856260 167
1856270 167
1856280 167
1856290 167
1856300 167
1856310 167
1856320 167
1856330 166
1856340 166
1856350 166
1856360 166
1856370 166
1856380 166
1856390 166
1856400 166
1856410 166
1856420 166
1856430 166
1856440 166
1856450 165
1856460 165
1856470 165
1856480 165
1856490 165
1856500 165
1856510 165
1856520 165
1856530 165
1856540 165
1856550 165
1856560 165
1856570 162
1856580 159
1856590 159
1856600 158
1856610 158
1856620 158
1856630 159
1856640 159
1856650 159
1856660 160
1856670 164
1856680 164
1856690 165
1856700 165
1856710 165
1856720 165
1856730 165
1856740 165
1856750 165
1856760 165
1856770 165
1856780 165
1856790 165
1856800 165
1856810 165
1856820 165
1856830 165
1856840 165
1856850 165
1856860 165
1856870 165
1856880 165
1856890 165
1856900 165
1856910 165
1856920 165
1856930 165
1856940 165
1856950 165
1856960 165
1856970 164
1856980 164
1856990 162
1857000 160
1857010 160
1857020 161
1857030 159
1857040 159
1857050 158
1857060 158
1857070 158
1857080 158
1857090 157
1857100 157
1857110 157
1857120 157
1857130 157
1857140 157
1857150 157
1857160 157
1857170 157
1857180 157
1857190 157
1857200 157
1857210 156
1857220 156
1857230 156
1857240 156
1857250 156
1857260 156
1857270 156
1857280 156
1857290 156
1857300 156
1857310 156
1857320 156
1857330 156
1857340 156
1857350 156
1857360 156
1857370 156
1857380 155
1857390 155
1857400 155
1857410 155
1857420 156
1857430 156
1857440 156
1857450 156
1857460 156
1857470 155
1857480 154
1857490 154
1857500 155
1857510 155
1857520 155
1857530 155
1857540 155
1857550 155
1857560 155
1857570 155
1857580 155
1857590 155
1857600 155
1857610 155
1857620 155
1857630 155
1857640 155
1857650 155
1857660 155
1857670 155
1857680 155
1857690 155
1857700 155
1857710 155
1857720 155
1857730 155
1857740 155
1857750 155
1857760 155
1857770 155
1857780 155
1857790 155
1857800 155
1857810 155
1857820 155
1857830 155
1857840 155
1857850 155
1857860 155
1857870 155
1857880 155
1857890 155
1857900 155
1857910 155
1857920 155
1857930 155
1857940 155
1857950 155
1857960 155
1857970 155
1857980 155
1857990 155
1858000 155
1858010 155
1858020 155
1858030 155
1858040 155
1858050 155
1858060 156
1858070 156
1858080 156
1858090 156
1858100 156
1858110 156
1858120 156
1858130 156
1858140 156
1858150 156
1858160 156
1858170 156
1858180 156
1858190 157
1858200 157
1858210 157
1858220 157
1858230 157
1858240 157
1858250 157
1858260 157
1858270 157
1858280 157
1858290 157
1858300 157
1858310 157
1858320 157
1858330 157
1858340 157
1858350 157
1858360 157
1858370 157
1858380 157
1858390 157
1858400 158
1858410 158
1858420 158
1858430 158
1858440 158
1858450 158
1858460 158
1858470 158
1858480 158
1858490 158
1858500 158
1858510 158
1858520 159
1858530 159
1858540 159
1858550 159
1858560 159
1858570 159
1858580 159
1858590 159
1858600 159
1858610 159
1858620 159
1858630 159
1858640 159
1858650 159
1858660 159
1858670 159
1858680 159
1858690 160
1858700 159
1858710 159
1858720 159
1858730 159
1858740 159
1858750 159
1858760 159
1858770 159
1858780 159
1858790 159
1858800 159
1858810 159
1858820 159
1858830 159
1858840 159
1858850 159
1858860 159
1858870 159
1858880 159
1858890 159
1858900 159
1858910 159
1858920 159
1858930 159
1858940 159
1858950 159
1858960 159
1858970 159
1858980 159
1858990 159
1859000 159
1859010 159
1859020 159
1859030 159
1859040 159
1859050 159
1859060 159
1859070 159
1859080 159
1859090 159
1859100 159
1859110 159
1859120 158
1859130 158
1859140 158
1859150 158
1859160 158
1859170 158
1859180 158
1859190 158
1859200 158
1859210 158
1859220 158
1859230 158
1859240 158
1859250 158
1859260 158
1859270 158
1859280 159
1859290 158
1859300 158
1859310 158
1859320 158
1859330 158
1859340 158
1859350 158
1859360 158
1859370 158
1859380 158
1859390 158
1859400 158
1859410 158
1859420 158
1859430 158
1859440 158
1859450 158
1859460 158
1859470 158
1859480 158
1859490 158
1859500 158
1859510 158
1859520 158
1859530 158
1859540 158
1859550 158
1859560 158
1859570 158
1859580 158
1859590 158
1859600 158
1859610 158
1859620 158
1859630 158
1859640 158
1859650 158
1859660 158
1859670 158
1859680 158
1859690 158
1859700 158
1859710 158
1859720 158
1859730 158
1859740 158
1859750 158
1859760 158
1859770 158
1859780 158
1859790 158
1859800 158
1859810 158
1859820 158
1859830 158
1859840 158
1859850 158
1859860 158
1859870 158
1859880 158
1859890 158
1859900 158
1859910 158
1859920 158
1859930 158
1859940 158
1859950 158
1859960 158
1859970 158
1859980 158
1859990 158
