1840000 172
1840010 173
1840020 173
1840030 173
1840040 174
1840050 175
1840060 175
1840070 175
1840080 176
1840090 176
1840100 176
1840110 176
1840120 176
1840130 176
1840140 176
1840150 174
1840160 175
1840170 176
1840180 176
1840190 176
1840200 176
1840210 176
1840220 176
1840230 176
1840240 176
1840250 176
1840260 176
1840270 176
1840280 176
1840290 176
1840300 176
1840310 176
1840320 176
1840330 176
1840340 176
1840350 176
1840360 176
1840370 176
1840380 176
1840390 176
1840400 176
1840410 177
1840420 177
1840430 178
1840440 182
1840450 182
1840460 182
1840470 182
1840480 182
1840490 182
1840500 185
1840510 185
1840520 193
1840530 202
1840540 202
1840550 208
1840560 213
1840570 213
1840580 216
1840590 215
1840600 215
1840610 212
1840620 209
1840630 209
1840640 205
1840650 202
1840660 202
1840670 200
1840680 200
1840690 200
1840700 200
1840710 201
1840720 201
1840730 203
1840740 203
1840750 203
1840760 202
1840770 201
1840780 201
1840790 199
1840800 198
1840810 198
1840820 198
1840830 197
1840840 197
1840850 196
1840860 196
1840870 193
1840880 188
1840890 188
1840900 187
1840910 188
1840920 188
1840930 191
1840940 195
1840950 195
1840960 198
1840970 201
1840980 201
1840990 206
1841000 210
1841010 210
1841020 215
1841030 218
1841040 218
1841050 220
1841060 219
1841070 219
1841080 217
1841090 214
1841100 214
1841110 211
1841120 211
1841130 211
1841140 213
1841150 216
1841160 216
1841170 218
1841180 221
1841190 221
1841200 223
1841210 226
1841220 226
1841230 229
1841240 230
1841250 230
1841260 230
1841270 231
1841280 231
1841290 231
1841300 230
1841310 230
1841320 230
1841330 229
1841340 229
1841350 229
1841360 228
1841370 228
1841380 228
1841390 227
1841400 227
1841410 227
1841420 226
1841430 226
1841440 226
1841450 225
1841460 225
1841470 225
1841480 224
1841490 224
1841500 224
1841510 224
1841520 224
1841530 223
1841540 222
1841550 222
1841560 222
1841570 221
1841580 221
1841590 221
1841600 221
1841610 219
1841620 219
1841630 219
1841640 219
1841650 218
1841660 218
1841670 218
1841680 218
1841690 218
1841700 218
1841710 217
1841720 216
1841730 216
1841740 215
1841750 213
1841760 213
1841770 213
1841780 213
1841790 213
1841800 213
1841810 213
1841820 213
1841830 214
1841840 216
1841850 216
1841860 219
1841870 221
1841880 221
1841890 223
1841900 225
1841910 225
1841920 226
1841930 227
1841940 227
1841950 229
1841960 230
1841970 230
1841980 232
1841990 232
1842000 232
1842010 233
1842020 233
1842030 233
1842040 233
1842050 234
1842060 234
1842070 234
1842080 234
1842090 234
1842100 234
1842110 234
1842120 234
1842130 234
1842140 233
1842150 233
1842160 233
1842170 232
1842180 232
1842190 231
1842200 230
1842210 230
1842220 229
1842230 228
1842240 228
1842250 227
1842260 227
1842270 227
1842280 227
1842290 227
1842300 227
1842310 228
1842320 228
1842330 228
1842340 229
1842350 230
1842360 230
1842370 231
1842380 232
1842390 232
1842400 233
1842410 234
1842420 234
1842430 234
1842440 235
1842450 235
1842460 236
1842470 237
1842480 237
1842490 238
1842500 238
1842510 238
1842520 239
1842530 239
1842540 239
1842550 239
1842560 239
1842570 239
1842580 239
1842590 239
1842600 239
1842610 239
1842620 239
1842630 239
1842640 240
1842650 240
1842660 240
1842670 240
1842680 240
1842690 240
1842700 240
1842710 240
1842720 240
1842730 240
1842740 240
1842750 239
1842760 239
1842770 239
1842780 239
1842790 239
1842800 239
1842810 238
1842820 238
1842830 238
1842840 238
1842850 238
1842860 238
1842870 238
1842880 238
1842890 238
1842900 237
1842910 237
1842920 237
1842930 237
1842940 237
1842950 237
1842960 237
1842970 237
1842980 237
1842990 237
1843000 236
1843010 236
1843020 236
1843030 236
1843040 236
1843050 236
1843060 236
1843070 236
1843080 236
1843090 236
1843100 236
1843110 236
1843120 236
1843130 236
1843140 236
1843150 236
1843160 236
1843170 236
1843180 236
1843190 236
1843200 236
1843210 236
1843220 236
1843230 236
1843240 236
1843250 236
1843260 236
1843270 236
1843280 236
1843290 236
1843300 236
1843310 236
1843320 236
1843330 235
1843340 235
1843350 235
1843360 234
1843370 234
1843380 234
1843390 234
1843400 234
1843410 234
1843420 233
1843430 234
1843440 234
1843450 233
1843460 233
1843470 233
1843480 233
1843490 233
1843500 232
1843510 232
1843520 232
1843530 230
1843540 230
1843550 230
1843560 231
1843570 232
1843580 232
1843590 232
1843600 232
1843610 232
1843620 232
1843630 233
1843640 233
1843650 235
1843660 236
1843670 236
1843680 238
1843690 240
1843700 240
1843710 241
1843720 243
1843730 243
1843740 245
1843750 246
1843760 246
1843770 247
1843780 249
1843790 249
1843800 250
1843810 251
1843820 251
1843830 252
1843840 253
1843850 253
1843860 254
1843870 254
1843880 254
1843890 255
1843900 255
1843910 255
1843920 255
1843930 255
1843940 255
1843950 255
1843960 256
1843970 256
1843980 256
1843990 256
1844000 256
1844010 256
1844020 256
1844030 256
1844040 256
1844050 256
1844060 256
1844070 256
1844080 256
1844090 256
1844100 257
1844110 257
1844120 257
1844130 257
1844140 257
1844150 256
1844160 256
1844170 257
1844180 257
1844190 257
1844200 257
1844210 256
1844220 256
1844230 256
1844240 255
1844250 254
1844260 254
1844270 252
1844280 251
1844290 251
1844300 251
1844310 252
1844320 252
1844330 252
1844340 252
1844350 252
1844360 251
1844370 251
1844380 251
1844390 251
1844400 252
1844410 252
1844420 252
1844430 253
1844440 253
1844450 253
1844460 253
1844470 253
1844480 253
1844490 253
1844500 253
1844510 253
1844520 253
1844530 253
1844540 253
1844550 253
1844560 253
1844570 253
1844580 254
1844590 254
1844600 254
1844610 254
1844620 254
1844630 254
1844640 254
1844650 254
1844660 255
1844670 255
1844680 255
1844690 255
1844700 255
1844710 255
1844720 255
1844730 255
1844740 255
1844750 256
1844760 256
1844770 256
1844780 256
1844790 256
1844800 256
1844810 256
1844820 256
1844830 256
1844840 256
1844850 256
1844860 256
1844870 256
1844880 256
1844890 256
1844900 256
1844910 255
1844920 255
1844930 255
1844940 255
1844950 255
1844960 255
1844970 255
1844980 255
1844990 255
1845000 255
1845010 255
1845020 255
1845030 255
1845040 255
1845050 255
1845060 255
1845070 255
1845080 254
1845090 254
1845100 254
1845110 254
1845120 254
1845130 254
1845140 254
1845150 254
1845160 254
1845170 254
1845180 254
1845190 254
1845200 253
1845210 253
1845220 253
1845230 253
1845240 252
1845250 252
1845260 251
1845270 251
1845280 251
1845290 251
1845300 251
1845310 251
1845320 251
1845330 250
1845340 250
1845350 250
1845360 249
1845370 249
1845380 249
1845390 249
1845400 249
1845410 248
1845420 248
1845430 248
1845440 248
1845450 247
1845460 247
1845470 247
1845480 246
1845490 246
1845500 246
1845510 245
1845520 245
1845530 245
1845540 245
1845550 245
1845560 244
1845570 244
1845580 244
1845590 244
1845600 243
1845610 243
1845620 243
1845630 243
1845640 243
1845650 242
1845660 242
1845670 242
1845680 242
1845690 241
1845700 241
1845710 240
1845720 239
1845730 239
1845740 239
1845750 239
1845760 239
1845770 239
1845780 239
1845790 239
1845800 238
1845810 238
1845820 238
1845830 238
1845840 238
1845850 238
1845860 237
1845870 237
1845880 237
1845890 236
1845900 236
1845910 236
1845920 235
1845930 235
1845940 235
1845950 234
1845960 233
1845970 233
1845980 233
1845990 233
1846000 232
1846010 231
1846020 231
1846030 230
1846040 229
1846050 229
1846060 228
1846070 226
1846080 226
1846090 225
1846100 224
1846110 224
1846120 224
1846130 225
1846140 225
1846150 225
1846160 225
1846170 225
1846180 226
1846190 227
1846200 227
1846210 227
1846220 227
1846230 227
1846240 227
1846250 227
1846260 227
1846270 226
1846280 226
1846290 226
1846300 227
1846310 228
1846320 228
1846330 228
1846340 229
1846350 229
1846360 229
1846370 229
1846380 229
1846390 229
1846400 229
1846410 229
1846420 229
1846430 229
1846440 229
1846450 230
1846460 230
1846470 230
1846480 231
1846490 231
1846500 231
1846510 231
1846520 232
1846530 232
1846540 232
1846550 233
1846560 233
1846570 233
1846580 234
1846590 234
1846600 234
1846610 234
1846620 234
1846630 234
1846640 235
1846650 235
1846660 235
1846670 236
1846680 236
1846690 236
1846700 237
1846710 237
1846720 237
1846730 237
1846740 237
1846750 237
1846760 237
1846770 237
1846780 237
1846790 237
1846800 237
1846810 237
1846820 236
1846830 236
1846840 236
1846850 236
1846860 236
1846870 236
1846880 236
1846890 236
1846900 235
1846910 235
1846920 235
1846930 235
1846940 234
1846950 234
1846960 233
1846970 233
1846980 233
1846990 232
1847000 231
1847010 231
1847020 230
1847030 229
1847040 229
1847050 228
1847060 227
1847070 227
1847080 226
1847090 225
1847100 225
1847110 224
1847120 223
1847130 223
1847140 222
1847150 221
1847160 221
1847170 220
1847180 219
1847190 219
1847200 219
1847210 218
1847220 218
1847230 217
1847240 215
1847250 215
1847260 214
1847270 213
1847280 213
1847290 212
1847300 212
1847310 212
1847320 211
1847330 210
1847340 210
1847350 209
1847360 209
1847370 209
1847380 207
1847390 205
1847400 205
1847410 204
1847420 202
1847430 202
1847440 202
1847450 203
1847460 203
1847470 204
1847480 205
1847490 205
1847500 206
1847510 206
1847520 206
1847530 207
1847540 207
1847550 208
1847560 209
1847570 209
1847580 209
1847590 210
1847600 210
1847610 210
1847620 209
1847630 209
1847640 209
1847650 209
1847660 209
1847670 208
1847680 208
1847690 208
1847700 208
1847710 208
1847720 208
1847730 208
1847740 208
1847750 206
1847760 206
1847770 206
1847780 206
1847790 206
1847800 206
1847810 206
1847820 206
1847830 205
1847840 205
1847850 205
1847860 205
1847870 205
1847880 204
1847890 204
1847900 204
1847910 203
1847920 203
1847930 203
1847940 202
1847950 202
1847960 202
1847970 201
1847980 200
1847990 200
1848000 200
1848010 199
1848020 199
1848030 198
1848040 198
1848050 198
1848060 197
1848070 196
1848080 196
1848090 195
1848100 194
1848110 193
1848120 192
1848130 191
1848140 191
1848150 191
1848160 190
1848170 190
1848180 189
1848190 188
1848200 188
1848210 187
1848220 186
1848230 186
1848240 186
1848250 185
1848260 185
1848270 185
1848280 185
1848290 185
1848300 185
1848310 185
1848320 185
1848330 186
1848340 187
1848350 187
1848360 189
1848370 190
1848380 190
1848390 192
1848400 193
1848410 193
1848420 193
1848430 193
1848440 193
1848450 193
1848460 193
1848470 193
1848480 193
1848490 193
1848500 193
1848510 192
1848520 192
1848530 192
1848540 192
1848550 191
1848560 191
1848570 191
1848580 190
1848590 190
1848600 189
1848610 189
1848620 189
1848630 188
1848640 187
1848650 187
1848660 186
1848670 186
1848680 186
1848690 185
1848700 184
1848710 184
1848720 184
1848730 184
1848740 184
1848750 183
1848760 183
1848770 183
1848780 183
1848790 182
1848800 182
1848810 182
1848820 181
1848830 181
1848840 180
1848850 180
1848860 180
1848870 180
1848880 179
1848890 179
1848900 179
1848910 178
1848920 178
1848930 178
1848940 177
1848950 177
1848960 177
1848970 176
1848980 176
1848990 176
1849000 176
1849010 176
1849020 175
1849030 175
1849040 175
1849050 175
1849060 175
1849070 175
1849080 175
1849090 175
1849100 175
1849110 175
1849120 175
1849130 175
1849140 175
1849150 175
1849160 175
1849170 175
1849180 175
1849190 175
1849200 175
1849210 175
1849220 175
1849230 175
1849240 175
1849250 175
1849260 175
1849270 175
1849280 175
1849290 175
1849300 175
1849310 175
1849320 175
1849330 175
1849340 175
1849350 175
1849360 175
1849370 175
1849380 175
1849390 175
1849400 175
1849410 175
1849420 175
1849430 175
1849440 175
1849450 175
1849460 175
1849470 174
1849480 174
1849490 174
1849500 174
1849510 174
1849520 174
1849530 174
1849540 174
1849550 173
1849560 172
1849570 172
1849580 172
1849590 172
1849600 172
1849610 173
1849620 173
1849630 173
1849640 173
1849650 173
1849660 173
1849670 174
1849680 174
1849690 174
1849700 174
1849710 174
1849720 174
1849730 175
1849740 175
1849750 175
1849760 175
1849770 175
1849780 175
1849790 175
1849800 175
1849810 175
1849820 175
1849830 175
1849840 175
1849850 175
1849860 175
1849870 175
1849880 175
1849890 175
1849900 175
1849910 175
1849920 175
1849930 175
1849940 175
1849950 175
1849960 175
1849970 175
1849980 175
1849990 175
1850000 175
1850010 175
1850020 175
1850030 175
1850040 175
1850050 175
1850060 175
1850070 175
1850080 175
1850090 175
1850100 175
1850110 175
1850120 175
1850130 175
1850140 175
1850150 174
1850160 174
1850170 174
1850180 174
1850190 174
1850200 174
1850210 174
1850220 174
1850230 174
1850240 175
1850250 176
1850260 176
1850270 177
1850280 178
1850290 178
1850300 179
1850310 181
1850320 181
1850330 182
1850340 184
1850350 184
1850360 185
1850370 185
1850380 185
1850390 185
1850400 185
1850410 185
1850420 186
1850430 187
1850440 187
1850450 187
1850460 187
1850470 187
1850480 188
1850490 188
1850500 188
1850510 187
1850520 187
1850530 187
1850540 186
1850550 185
1850560 185
1850570 185
1850580 181
1850590 181
1850600 180
1850610 185
1850620 185
1850630 186
1850640 187
1850650 187
1850660 188
1850670 190
1850680 190
1850690 192
1850700 192
1850710 192
1850720 192
1850730 192
1850740 192
1850750 192
1850760 192
1850770 192
1850780 192
1850790 192
1850800 192
1850810 192
1850820 192
1850830 192
1850840 192
1850850 192
1850860 193
1850870 196
1850880 196
1850890 197
1850900 198
1850910 198
1850920 198
1850930 199
1850940 199
1850950 199
1850960 199
1850970 199
1850980 200
1850990 200
1851000 200
1851010 200
1851020 200
1851030 200
1851040 200
1851050 200
1851060 200
1851070 200
1851080 200
1851090 200
1851100 200
1851110 200
1851120 200
1851130 200
1851140 200
1851150 200
1851160 200
1851170 200
1851180 200
1851190 200
1851200 200
1851210 200
1851220 200
1851230 200
1851240 200
1851250 200
1851260 200
1851270 200
1851280 200
1851290 200
1851300 200
1851310 200
1851320 199
1851330 199
1851340 199
1851350 199
1851360 199
1851370 199
1851380 199
1851390 199
1851400 199
1851410 198
1851420 198
1851430 198
1851440 198
1851450 198
1851460 198
1851470 198
1851480 198
1851490 197
1851500 196
1851510 196
1851520 196
1851530 196
1851540 196
1851550 195
1851560 195
1851570 195
1851580 194
1851590 194
1851600 194
1851610 194
1851620 194
1851630 194
1851640 193
1851650 193
1851660 193
1851670 193
1851680 192
1851690 192
1851700 192
1851710 192
1851720 192
1851730 191
1851740 191
1851750 191
1851760 191
1851770 190
1851780 190
1851790 190
1851800 189
1851810 189
1851820 189
1851830 188
1851840 188
1851850 188
1851860 188
1851870 188
1851880 187
1851890 187
1851900 187
1851910 186
1851920 186
1851930 186
1851940 186
1851950 185
1851960 185
1851970 185
1851980 185
1851990 185
1852000 184
1852010 184
1852020 184
1852030 184
1852040 184
1852050 184
1852060 183
1852070 183
1852080 183
1852090 183
1852100 184
1852110 184
1852120 184
1852130 185
1852140 185
1852150 185
1852160 185
1852170 185
1852180 185
1852190 185
1852200 185
1852210 186
1852220 186
1852230 186
1852240 187
1852250 187
1852260 187
1852270 188
1852280 188
1852290 188
1852300 187
1852310 187
1852320 187
1852330 187
1852340 186
1852350 186
1852360 186
1852370 185
1852380 184
1852390 184
1852400 183
1852410 183
1852420 183
1852430 183
1852440 183
1852450 183
1852460 182
1852470 182
1852480 182
1852490 182
1852500 182
1852510 182
1852520 182
1852530 183
1852540 184
1852550 184
1852560 184
1852570 185
1852580 185
1852590 185
1852600 185
1852610 185
1852620 185
1852630 185
1852640 185
1852650 185
1852660 184
1852670 184
1852680 183
1852690 183
1852700 183
1852710 182
1852720 182
1852730 182
1852740 181
1852750 181
1852760 181
1852770 181
1852780 181
1852790 181
1852800 181
1852810 180
1852820 180
1852830 180
1852840 180
1852850 180
1852860 180
1852870 179
1852880 179
1852890 179
1852900 179
1852910 179
1852920 179
1852930 179
1852940 179
1852950 179
1852960 180
1852970 180
1852980 180
1852990 181
1853000 181
1853010 182
1853020 182
1853030 182
1853040 182
1853050 181
1853060 181
1853070 180
1853080 178
1853090 178
1853100 176
1853110 175
1853120 175
1853130 174
1853140 173
1853150 173
1853160 172
1853170 172
1853180 172
1853190 172
1853200 171
1853210 171
1853220 171
1853230 171
1853240 171
1853250 171
1853260 171
1853270 171
1853280 171
1853290 171
1853300 171
1853310 171
1853320 171
1853330 171
1853340 172
1853350 172
1853360 172
1853370 173
1853380 174
1853390 174
1853400 174
1853410 175
1853420 175
1853430 176
1853440 178
1853450 178
1853460 178
1853470 180
1853480 180
1853490 180
1853500 181
1853510 181
1853520 181
1853530 181
1853540 181
1853550 181
1853560 181
1853570 181
1853580 181
1853590 181
1853600 181
1853610 181
1853620 181
1853630 181
1853640 181
1853650 181
1853660 181
1853670 181
1853680 181
1853690 181
1853700 181
1853710 180
1853720 180
1853730 179
1853740 178
1853750 178
1853760 178
1853770 178
1853780 178
1853790 179
1853800 180
1853810 180
1853820 180
1853830 180
1853840 180
1853850 181
1853860 181
1853870 181
1853880 181
1853890 180
1853900 180
1853910 180
1853920 180
1853930 180
1853940 180
1853950 180
1853960 180
1853970 179
1853980 179
1853990 179
1854000 179
1854010 179
1854020 179
1854030 179
1854040 179
1854050 179
1854060 179
1854070 179
1854080 179
1854090 178
1854100 178
1854110 178
1854120 178
1854130 177
1854140 179
1854150 178
1854160 178
1854170 178
1854180 178
1854190 178
1854200 178
1854210 177
1854220 177
1854230 177
1854240 177
1854250 177
1854260 177
1854270 177
1854280 177
1854290 177
1854300 177
1854310 177
1854320 176
1854330 176
1854340 176
1854350 176
1854360 176
1854370 176
1854380 176
1854390 175
1854400 175
1854410 175
1854420 174
1854430 174
1854440 174
1854450 173
1854460 173
1854470 172
1854480 172
1854490 172
1854500 171
1854510 170
1854520 170
1854530 169
1854540 169
1854550 169
1854560 168
1854570 167
1854580 167
1854590 166
1854600 166
1854610 166
1854620 165
1854630 164
1854640 164
1854650 164
1854660 164
1854670 164
1854680 164
1854690 165
1854700 165
1854710 165
1854720 165
1854730 165
1854740 165
1854750 166
1854760 166
1854770 166
1854780 166
1854790 166
1854800 166
1854810 166
1854820 166
1854830 166
1854840 166
1854850 166
1854860 167
1854870 167
1854880 167
1854890 167
1854900 167
1854910 167
1854920 167
1854930 167
1854940 167
1854950 167
1854960 167
1854970 167
1854980 168
1854990 168
1855000 168
1855010 168
1855020 168
1855030 168
1855040 167
1855050 166
1855060 166
1855070 167
1855080 168
1855090 168
1855100 168
1855110 168
1855120 168
1855130 168
1855140 168
1855150 168
1855160 167
1855170 167
1855180 167
1855190 166
1855200 165
1855210 165
1855220 164
1855230 163
1855240 163
1855250 163
1855260 162
1855270 162
1855280 161
1855290 161
1855300 161
1855310 161
1855320 160
1855330 160
1855340 160
1855350 160
1855360 160
1855370 160
1855380 159
1855390 159
1855400 159
1855410 159
1855420 159
1855430 159
1855440 159
1855450 159
1855460 159
1855470 159
1855480 159
1855490 158
1855500 158
1855510 158
1855520 158
1855530 158
1855540 158
1855550 158
1855560 158
1855570 158
1855580 158
1855590 158
1855600 158
1855610 158
1855620 158
1855630 158
1855640 158
1855650 158
1855660 158
1855670 158
1855680 158
1855690 158
1855700 158
1855710 158
1855720 158
1855730 157
1855740 157
1855750 157
1855760 157
1855770 157
1855780 157
1855790 157
1855800 157
1855810 157
1855820 158
1855830 158
1855840 158
1855850 158
1855860 158
1855870 158
1855880 157
1855890 157
1855900 158
1855910 158
1855920 158
1855930 158
1855940 157
1855950 157
1855960 157
1855970 157
1855980 157
1855990 157
1856000 157
1856010 157
1856020 157
1856030 157
1856040 157
1856050 157
1856060 157
1856070 157
1856080 157
1856090 157
1856100 157
1856110 157
1856120 157
1856130 157
1856140 157
1856150 157
1856160 157
1856170 157
1856180 157
1856190 157
1856200 157
1856210 157
1856220 157
1856230 158
1856240 158
1856250 158
1856260 159
1856270 159
1856280 159
1856290 160
1856300 160
1856310 160
1856320 160
1856330 161
1856340 161
1856350 161
1856360 161
1856370 161
1856380 161
1856390 161
1856400 161
1856410 161
1856420 162
1856430 162
1856440 162
1856450 162
1856460 162
1856470 162
1856480 162
1856490 162
1856500 162
1856510 163
1856520 163
1856530 163
1856540 163
1856550 163
1856560 163
1856570 163
1856580 163
1856590 163
1856600 163
1856610 163
1856620 163
1856630 163
1856640 163
1856650 164
1856660 164
1856670 164
1856680 165
1856690 166
1856700 166
1856710 167
1856720 167
1856730 167
1856740 168
1856750 168
1856760 168
1856770 169
1856780 170
1856790 170
1856800 170
1856810 170
1856820 170
1856830 170
1856840 171
1856850 171
1856860 171
1856870 172
1856880 172
1856890 172
1856900 173
1856910 173
1856920 173
1856930 174
1856940 174
1856950 178
1856960 179
1856970 179
1856980 180
1856990 180
1857000 180
1857010 181
1857020 181
1857030 181
1857040 182
1857050 182
1857060 182
1857070 183
1857080 184
1857090 184
1857100 184
1857110 185
1857120 185
1857130 186
1857140 187
1857150 187
1857160 188
1857170 189
1857180 189
1857190 190
1857200 191
1857210 191
1857220 192
1857230 193
1857240 193
1857250 194
1857260 195
1857270 195
1857280 196
1857290 196
1857300 198
1857310 199
1857320 199
1857330 199
1857340 200
1857350 200
1857360 200
1857370 200
1857380 201
1857390 201
1857400 201
1857410 200
1857420 200
1857430 200
1857440 200
1857450 199
1857460 198
1857470 198
1857480 197
1857490 197
1857500 197
1857510 196
1857520 195
1857530 195
1857540 195
1857550 195
1857560 195
1857570 196
1857580 196
1857590 196
1857600 196
1857610 196
1857620 196
1857630 196
1857640 197
1857650 197
1857660 196
1857670 195
1857680 195
1857690 194
1857700 194
1857710 194
1857720 191
1857730 188
1857740 188
1857750 187
1857760 187
1857770 187
1857780 186
1857790 186
1857800 186
1857810 186
1857820 185
1857830 185
1857840 186
1857850 186
1857860 186
1857870 186
1857880 186
1857890 186
1857900 186
1857910 186
1857920 186
1857930 186
1857940 186
1857950 186
1857960 185
1857970 184
1857980 184
1857990 184
1858000 184
1858010 184
1858020 182
1858030 182
1858040 182
1858050 181
1858060 181
1858070 181
1858080 180
1858090 180
1858100 180
1858110 180
1858120 179
1858130 179
1858140 180
1858150 181
1858160 181
1858170 182
1858180 184
1858190 184
1858200 185
1858210 185
1858220 185
1858230 185
1858240 185
1858250 185
1858260 185
1858270 185
1858280 185
1858290 185
1858300 185
1858310 185
1858320 185
1858330 185
1858340 184
1858350 184
1858360 184
1858370 184
1858380 184
1858390 184
1858400 184
1858410 183
1858420 183
1858430 183
1858440 182
1858450 182
1858460 182
1858470 181
1858480 181
1858490 181
1858500 180
1858510 180
1858520 180
1858530 179
1858540 179
1858550 179
1858560 179
1858570 178
1858580 178
1858590 178
1858600 177
1858610 177
1858620 177
1858630 176
1858640 176
1858650 175
1858660 175
1858670 175
1858680 173
1858690 173
1858700 173
1858710 173
1858720 173
1858730 173
1858740 172
1858750 172
1858760 172
1858770 172
1858780 172
1858790 172
1858800 171
1858810 172
1858820 172
1858830 172
1858840 172
1858850 172
1858860 172
1858870 172
1858880 172
1858890 172
1858900 172
1858910 172
1858920 171
1858930 171
1858940 171
1858950 171
1858960 170
1858970 170
1858980 170
1858990 170
1859000 170
1859010 170
1859020 169
1859030 169
1859040 169
1859050 169
1859060 169
1859070 168
1859080 168
1859090 168
1859100 168
1859110 168
1859120 168
1859130 167
1859140 167
1859150 168
1859160 168
1859170 168
1859180 168
1859190 168
1859200 168
1859210 168
1859220 167
1859230 167
1859240 167
1859250 167
1859260 167
1859270 167
1859280 168
1859290 168
1859300 168
1859310 168
1859320 168
1859330 168
1859340 168
1859350 168
1859360 168
1859370 168
1859380 168
1859390 168
1859400 169
1859410 169
1859420 169
1859430 170
1859440 170
1859450 170
1859460 170
1859470 170
1859480 171
1859490 171
1859500 171
1859510 171
1859520 172
1859530 172
1859540 172
1859550 172
1859560 172
1859570 172
1859580 172
1859590 172
1859600 172
1859610 172
1859620 172
1859630 172
1859640 173
1859650 173
1859660 172
1859670 170
1859680 170
1859690 171
1859700 173
1859710 173
1859720 172
1859730 171
1859740 171
1859750 170
1859760 169
1859770 169
1859780 168
1859790 167
1859800 167
1859810 166
1859820 166
1859830 166
1859840 165
1859850 165
1859860 165
1859870 164
1859880 164
1859890 164
1859900 164
1859910 164
1859920 164
1859930 164
1859940 164
1859950 164
1859960 164
1859970 164
1859980 164
1859990 164
