1840000 193
1840010 193
1840020 194
1840030 194
1840040 194
1840050 194
1840060 195
1840070 195
1840080 195
1840090 196
1840100 196
1840110 196
1840120 196
1840130 196
1840140 196
1840150 197
1840160 197
1840170 197
1840180 197
1840190 197
1840200 197
1840210 197
1840220 197
1840230 197
1840240 197
1840250 197
1840260 197
1840270 197
1840280 197
1840290 197
1840300 196
1840310 196
1840320 196
1840330 195
1840340 195
1840350 195
1840360 195
1840370 195
1840380 195
1840390 195
1840400 195
1840410 195
1840420 195
1840430 195
1840440 196
1840450 196
1840460 196
1840470 196
1840480 196
1840490 196
1840500 197
1840510 197
1840520 197
1840530 198
1840540 198
1840550 198
1840560 198
1840570 198
1840580 198
1840590 197
1840600 197
1840610 197
1840620 195
1840630 194
1840640 194
1840650 194
1840660 193
1840670 193
1840680 192
1840690 191
1840700 191
1840710 190
1840720 189
1840730 189
1840740 187
1840750 185
1840760 185
1840770 184
1840780 183
1840790 183
1840800 183
1840810 182
1840820 182
1840830 182
1840840 182
1840850 182
1840860 182
1840870 183
1840880 183
1840890 184
1840900 185
1840910 185
1840920 185
1840930 185
1840940 185
1840950 185
1840960 185
1840970 185
1840980 186
1840990 186
1841000 186
1841010 186
1841020 186
1841030 186
1841040 186
1841050 186
1841060 186
1841070 186
1841080 186
1841090 184
1841100 184
1841110 184
1841120 184
1841130 184
1841140 184
1841150 184
1841160 184
1841170 184
1841180 184
1841190 184
1841200 184
1841210 184
1841220 184
1841230 184
1841240 184
1841250 184
1841260 184
1841270 184
1841280 184
1841290 184
1841300 185
1841310 187
1841320 187
1841330 190
1841340 194
1841350 194
1841360 198
1841370 201
1841380 201
1841390 204
1841400 206
1841410 206
1841420 207
1841430 207
1841440 207
1841450 205
1841460 207
1841470 207
1841480 208
1841490 209
1841500 209
1841510 209
1841520 210
1841530 210
1841540 210
1841550 210
1841560 210
1841570 210
1841580 209
1841590 209
1841600 209
1841610 208
1841620 208
1841630 207
1841640 207
1841650 207
1841660 206
1841670 206
1841680 206
1841690 205
1841700 204
1841710 204
1841720 203
1841730 202
1841740 202
1841750 202
1841760 201
1841770 201
1841780 200
1841790 200
1841800 200
1841810 198
1841820 193
1841830 193
1841840 191
1841850 190
1841860 190
1841870 189
1841880 189
1841890 189
1841900 189
1841910 189
1841920 189
1841930 189
1841940 190
1841950 190
1841960 192
1841970 194
1841980 194
1841990 195
1842000 198
1842010 198
1842020 201
1842030 205
1842040 205
1842050 210
1842060 214
1842070 214
1842080 218
1842090 222
1842100 222
1842110 226
1842120 227
1842130 227
1842140 227
1842150 227
1842160 227
1842170 227
1842180 226
1842190 226
1842200 225
1842210 224
1842220 224
1842230 223
1842240 222
1842250 222
1842260 221
1842270 219
1842280 219
1842290 218
1842300 216
1842310 216
1842320 215
1842330 214
1842340 214
1842350 213
1842360 213
1842370 213
1842380 213
1842390 213
1842400 213
1842410 213
1842420 213
1842430 213
1842440 215
1842450 216
1842460 216
1842470 217
1842480 218
1842490 218
1842500 220
1842510 221
1842520 221
1842530 223
1842540 225
1842550 226
1842560 229
1842570 231
1842580 231
1842590 233
1842600 234
1842610 234
1842620 235
1842630 236
1842640 236
1842650 237
1842660 238
1842670 238
1842680 239
1842690 239
1842700 239
1842710 240
1842720 240
1842730 240
1842740 241
1842750 241
1842760 241
1842770 242
1842780 242
1842790 242
1842800 242
1842810 242
1842820 242
1842830 242
1842840 242
1842850 242
1842860 242
1842870 242
1842880 242
1842890 241
1842900 241
1842910 240
1842920 240
1842930 240
1842940 240
1842950 240
1842960 240
1842970 240
1842980 240
1842990 240
1843000 240
1843010 240
1843020 240
1843030 241
1843040 241
1843050 241
1843060 241
1843070 241
1843080 241
1843090 241
1843100 242
1843110 242
1843120 242
1843130 242
1843140 242
1843150 242
1843160 242
1843170 242
1843180 242
1843190 243
1843200 243
1843210 243
1843220 243
1843230 243
1843240 243
1843250 243
1843260 243
1843270 243
1843280 244
1843290 244
1843300 244
1843310 244
1843320 244
1843330 244
1843340 244
1843350 244
1843360 244
1843370 244
1843380 244
1843390 244
1843400 244
1843410 244
1843420 244
1843430 244
1843440 244
1843450 244
1843460 244
1843470 244
1843480 244
1843490 244
1843500 244
1843510 245
1843520 245
1843530 245
1843540 245
1843550 245
1843560 245
1843570 245
1843580 245
1843590 245
1843600 245
1843610 245
1843620 245
1843630 246
1843640 246
1843650 246
1843660 246
1843670 246
1843680 246
1843690 247
1843700 247
1843710 247
1843720 247
1843730 247
1843740 247
1843750 247
1843760 247
1843770 247
1843780 247
1843790 247
1843800 247
1843810 247
1843820 247
1843830 247
1843840 247
1843850 247
1843860 247
1843870 247
1843880 247
1843890 247
1843900 247
1843910 247
1843920 247
1843930 247
1843940 247
1843950 247
1843960 246
1843970 246
1843980 246
1843990 246
1844000 246
1844010 246
1844020 245
1844030 245
1844040 245
1844050 245
1844060 244
1844070 244
1844080 244
1844090 243
1844100 243
1844110 243
1844120 242
1844130 242
1844140 242
1844150 241
1844160 241
1844170 241
1844180 241
1844190 241
1844200 240
1844210 240
1844220 240
1844230 239
1844240 239
1844250 239
1844260 238
1844270 238
1844280 238
1844290 237
1844300 237
1844310 237
1844320 236
1844330 236
1844340 236
1844350 235
1844360 234
1844370 234
1844380 234
1844390 234
1844400 234
1844410 234
1844420 234
1844430 234
1844440 234
1844450 235
1844460 235
1844470 236
1844480 236
1844490 236
1844500 236
1844510 237
1844520 237
1844530 236
1844540 236
1844550 236
1844560 236
1844570 236
1844580 235
1844590 234
1844600 234
1844610 233
1844620 232
1844630 232
1844640 231
1844650 230
1844660 230
1844670 229
1844680 229
1844690 229
1844700 228
1844710 228
1844720 229
1844730 228
1844740 227
1844750 227
1844760 226
1844770 225
1844780 225
1844790 224
1844800 222
1844810 222
1844820 222
1844830 222
1844840 222
1844850 222
1844860 222
1844870 222
1844880 222
1844890 222
1844900 222
1844910 221
1844920 220
1844930 220
1844940 219
1844950 219
1844960 219
1844970 219
1844980 219
1844990 219
1845000 218
1845010 218
1845020 218
1845030 218
1845040 217
1845050 217
1845060 217
1845070 217
1845080 217
1845090 217
1845100 217
1845110 217
1845120 216
1845130 216
1845140 216
1845150 216
1845160 216
1845170 216
1845180 215
1845190 215
1845200 215
1845210 214
1845220 214
1845230 214
1845240 214
1845250 213
1845260 213
1845270 213
1845280 213
1845290 213
1845300 212
1845310 212
1845320 212
1845330 212
1845340 212
1845350 212
1845360 212
1845370 212
1845380 212
1845390 212
1845400 211
1845410 211
1845420 211
1845430 211
1845440 213
1845450 213
1845460 213
1845470 213
1845480 212
1845490 212
1845500 212
1845510 211
1845520 209
1845530 209
1845540 208
1845550 207
1845560 207
1845570 206
1845580 206
1845590 206
1845600 206
1845610 206
1845620 206
1845630 206
1845640 207
1845650 207
1845660 208
1845670 208
1845680 208
1845690 209
1845700 210
1845710 210
1845720 211
1845730 212
1845740 212
1845750 212
1845760 213
1845770 213
1845780 213
1845790 212
1845800 209
1845810 208
1845820 207
1845830 207
1845840 207
1845850 206
1845860 206
1845870 205
1845880 205
1845890 205
1845900 205
1845910 205
1845920 205
1845930 205
1845940 204
1845950 204
1845960 204
1845970 204
1845980 204
1845990 204
1846000 204
1846010 204
1846020 203
1846030 203
1846040 203
1846050 203
1846060 202
1846070 202
1846080 202
1846090 202
1846100 202
1846110 202
1846120 201
1846130 201
1846140 200
1846150 200
1846160 199
1846170 198
1846180 198
1846190 198
1846200 197
1846210 197
1846220 197
1846230 197
1846240 197
1846250 197
1846260 196
1846270 196
1846280 196
1846290 196
1846300 196
1846310 196
1846320 196
1846330 196
1846340 196
1846350 196
1846360 196
1846370 197
1846380 199
1846390 199
1846400 200
1846410 200
1846420 200
1846430 200
1846440 200
1846450 200
1846460 200
1846470 200
1846480 200
1846490 200
1846500 199
1846510 199
1846520 197
1846530 197
1846540 197
1846550 197
1846560 197
1846570 197
1846580 196
1846590 196
1846600 196
1846610 196
1846620 195
1846630 195
1846640 195
1846650 194
1846660 194
1846670 194
1846680 193
1846690 193
1846700 193
1846710 192
1846720 192
1846730 192
1846740 192
1846750 192
1846760 192
1846770 192
1846780 192
1846790 192
1846800 192
1846810 192
1846820 192
1846830 192
1846840 192
1846850 192
1846860 192
1846870 192
1846880 191
1846890 190
1846900 190
1846910 190
1846920 190
1846930 190
1846940 190
1846950 189
1846960 189
1846970 189
1846980 189
1846990 189
1847000 189
1847010 188
1847020 188
1847030 188
1847040 188
1847050 188
1847060 188
1847070 187
1847080 187
1847090 187
1847100 187
1847110 187
1847120 187
1847130 187
1847140 187
1847150 187
1847160 187
1847170 187
1847180 187
1847190 187
1847200 187
1847210 187
1847220 187
1847230 187
1847240 188
1847250 188
1847260 188
1847270 188
1847280 187
1847290 187
1847300 187
1847310 187
1847320 187
1847330 187
1847340 187
1847350 187
1847360 187
1847370 187
1847380 187
1847390 188
1847400 188
1847410 188
1847420 188
1847430 189
1847440 189
1847450 189
1847460 189
1847470 189
1847480 188
1847490 187
1847500 187
1847510 187
1847520 187
1847530 187
1847540 186
1847550 186
1847560 186
1847570 186
1847580 186
1847590 186
1847600 187
1847610 188
1847620 188
1847630 188
1847640 189
1847650 189
1847660 188
1847670 188
1847680 188
1847690 188
1847700 188
1847710 188
1847720 188
1847730 189
1847740 189
1847750 189
1847760 190
1847770 190
1847780 191
1847790 191
1847800 191
1847810 192
1847820 192
1847830 192
1847840 192
1847850 192
1847860 192
1847870 191
1847880 191
1847890 190
1847900 190
1847910 190
1847920 189
1847930 189
1847940 189
1847950 191
1847960 191
1847970 191
1847980 192
1847990 192
1848000 192
1848010 193
1848020 194
1848030 194
1848040 195
1848050 195
1848060 195
1848070 196
1848080 196
1848090 196
1848100 197
1848110 197
1848120 197
1848130 197
1848140 197
1848150 197
1848160 197
1848170 197
1848180 197
1848190 198
1848200 198
1848210 198
1848220 198
1848230 198
1848240 198
1848250 198
1848260 198
1848270 198
1848280 198
1848290 198
1848300 198
1848310 198
1848320 197
1848330 197
1848340 197
1848350 197
1848360 197
1848370 197
1848380 197
1848390 197
1848400 197
1848410 196
1848420 196
1848430 196
1848440 195
1848450 195
1848460 195
1848470 194
1848480 194
1848490 194
1848500 193
1848510 193
1848520 193
1848530 192
1848540 192
1848550 192
1848560 192
1848570 192
1848580 191
1848590 191
1848600 191
1848610 190
1848620 189
1848630 189
1848640 188
1848650 187
1848660 187
1848670 186
1848680 185
1848690 185
1848700 184
1848710 183
1848720 183
1848730 182
1848740 181
1848750 181
1848760 180
1848770 179
1848780 179
1848790 179
1848800 179
1848810 179
1848820 178
1848830 178
1848840 178
1848850 178
1848860 178
1848870 178
1848880 178
1848890 179
1848900 179
1848910 180
1848920 181
1848930 181
1848940 182
1848950 185
1848960 185
1848970 187
1848980 188
1848990 188
1849000 190
1849010 193
1849020 193
1849030 198
1849040 199
1849050 199
1849060 200
1849070 200
1849080 200
1849090 200
1849100 200
1849110 200
1849120 201
1849130 202
1849140 202
1849150 203
1849160 204
1849170 204
1849180 204
1849190 205
1849200 205
1849210 206
1849220 206
1849230 206
1849240 207
1849250 207
1849260 207
1849270 208
1849280 208
1849290 208
1849300 209
1849310 209
1849320 209
1849330 209
1849340 209
1849350 209
1849360 209
1849370 209
1849380 210
1849390 209
1849400 209
1849410 209
1849420 208
1849430 208
1849440 207
1849450 206
1849460 206
1849470 205
1849480 204
1849490 204
1849500 203
1849510 203
1849520 203
1849530 202
1849540 201
1849550 201
1849560 201
1849570 201
1849580 201
1849590 201
1849600 201
1849610 201
1849620 200
1849630 200
1849640 200
1849650 200
1849660 200
1849670 200
1849680 200
1849690 199
1849700 199
1849710 197
1849720 197
1849730 197
1849740 198
1849750 198
1849760 198
1849770 198
1849780 198
1849790 198
1849800 198
1849810 199
1849820 199
1849830 199
1849840 199
1849850 199
1849860 199
1849870 199
1849880 199
1849890 199
1849900 198
1849910 198
1849920 198
1849930 198
1849940 198
1849950 198
1849960 197
1849970 197
1849980 197
1849990 198
1850000 198
1850010 198
1850020 199
1850030 199
1850040 200
1850050 201
1850060 201
1850070 203
1850080 204
1850090 204
1850100 206
1850110 207
1850120 207
1850130 207
1850140 208
1850150 208
1850160 208
1850170 208
1850180 208
1850190 208
1850200 208
1850210 208
1850220 208
1850230 208
1850240 208
1850250 208
1850260 208
1850270 208
1850280 207
1850290 207
1850300 207
1850310 207
1850320 206
1850330 206
1850340 206
1850350 206
1850360 206
1850370 206
1850380 205
1850390 205
1850400 205
1850410 205
1850420 205
1850430 205
1850440 204
1850450 204
1850460 204
1850470 204
1850480 204
1850490 203
1850500 203
1850510 203
1850520 203
1850530 203
1850540 203
1850550 202
1850560 202
1850570 202
1850580 202
1850590 203
1850600 203
1850610 203
1850620 203
1850630 203
1850640 203
1850650 203
1850660 203
1850670 203
1850680 203
1850690 203
1850700 203
1850710 203
1850720 203
1850730 203
1850740 203
1850750 203
1850760 203
1850770 202
1850780 202
1850790 202
1850800 202
1850810 202
1850820 202
1850830 202
1850840 202
1850850 202
1850860 201
1850870 201
1850880 200
1850890 200
1850900 200
1850910 200
1850920 199
1850930 199
1850940 199
1850950 199
1850960 199
1850970 198
1850980 198
1850990 198
1851000 198
1851010 197
1851020 197
1851030 197
1851040 197
1851050 197
1851060 196
1851070 196
1851080 196
1851090 196
1851100 196
1851110 196
1851120 195
1851130 195
1851140 195
1851150 195
1851160 194
1851170 194
1851180 194
1851190 194
1851200 194
1851210 193
1851220 193
1851230 193
1851240 193
1851250 193
1851260 193
1851270 192
1851280 192
1851290 192
1851300 192
1851310 192
1851320 191
1851330 191
1851340 191
1851350 190
1851360 189
1851370 189
1851380 189
1851390 188
1851400 188
1851410 188
1851420 188
1851430 188
1851440 188
1851450 188
1851460 188
1851470 188
1851480 188
1851490 188
1851500 188
1851510 189
1851520 188
1851530 188
1851540 188
1851550 188
1851560 188
1851570 188
1851580 188
1851590 188
1851600 187
1851610 187
1851620 187
1851630 187
1851640 187
1851650 187
1851660 187
1851670 187
1851680 187
1851690 187
1851700 187
1851710 187
1851720 187
1851730 187
1851740 187
1851750 187
1851760 187
1851770 187
1851780 187
1851790 187
1851800 187
1851810 187
1851820 187
1851830 188
1851840 188
1851850 188
1851860 188
1851870 189
1851880 189
1851890 190
1851900 190
1851910 190
1851920 191
1851930 191
1851940 191
1851950 191
1851960 191
1851970 191
1851980 191
1851990 191
1852000 191
1852010 192
1852020 192
1852030 192
1852040 192
1852050 192
1852060 192
1852070 191
1852080 191
1852090 191
1852100 191
1852110 190
1852120 190
1852130 190
1852140 189
1852150 189
1852160 189
1852170 188
1852180 188
1852190 188
1852200 187
1852210 187
1852220 187
1852230 186
1852240 186
1852250 186
1852260 185
1852270 185
1852280 185
1852290 184
1852300 184
1852310 183
1852320 183
1852330 183
1852340 182
1852350 182
1852360 182
1852370 181
1852380 181
1852390 181
1852400 180
1852410 179
1852420 179
1852430 178
1852440 177
1852450 177
1852460 176
1852470 175
1852480 175
1852490 174
1852500 174
1852510 174
1852520 174
1852530 173
1852540 173
1852550 174
1852560 174
1852570 174
1852580 173
1852590 173
1852600 173
1852610 173
1852620 173
1852630 173
1852640 174
1852650 174
1852660 175
1852670 176
1852680 176
1852690 178
1852700 179
1852710 179
1852720 180
1852730 180
1852740 180
1852750 180
1852760 180
1852770 180
1852780 180
1852790 179
1852800 179
1852810 179
1852820 178
1852830 178
1852840 178
1852850 178
1852860 178
1852870 178
1852880 179
1852890 179
1852900 180
1852910 181
1852920 181
1852930 183
1852940 184
1852950 184
1852960 185
1852970 186
1852980 186
1852990 186
1853000 187
1853010 187
1853020 187
1853030 187
1853040 187
1853050 188
1853060 188
1853070 188
1853080 188
1853090 188
1853100 188
1853110 188
1853120 188
1853130 188
1853140 188
1853150 188
1853160 188
1853170 188
1853180 187
1853190 187
1853200 187
1853210 187
1853220 187
1853230 187
1853240 187
1853250 187
1853260 187
1853270 187
1853280 187
1853290 187
1853300 187
1853310 187
1853320 187
1853330 187
1853340 187
1853350 187
1853360 187
1853370 187
1853380 187
1853390 186
1853400 186
1853410 186
1853420 186
1853430 186
1853440 186
1853450 185
1853460 185
1853470 185
1853480 185
1853490 185
1853500 185
1853510 185
1853520 185
1853530 184
1853540 184
1853550 184
1853560 184
1853570 184
1853580 184
1853590 183
1853600 183
1853610 183
1853620 183
1853630 182
1853640 182
1853650 181
1853660 181
1853670 181
1853680 181
1853690 181
1853700 181
1853710 180
1853720 180
1853730 180
1853740 179
1853750 179
1853760 179
1853770 179
1853780 178
1853790 178
1853800 178
1853810 178
1853820 178
1853830 177
1853840 177
1853850 177
1853860 177
1853870 177
1853880 177
1853890 177
1853900 177
1853910 177
1853920 176
1853930 175
1853940 175
1853950 175
1853960 175
1853970 175
1853980 175
1853990 174
1854000 174
1854010 175
1854020 175
1854030 175
1854040 175
1854050 175
1854060 175
1854070 175
1854080 175
1854090 175
1854100 175
1854110 175
1854120 175
1854130 175
1854140 175
1854150 175
1854160 175
1854170 175
1854180 175
1854190 175
1854200 175
1854210 175
1854220 175
1854230 175
1854240 175
1854250 174
1854260 174
1854270 174
1854280 173
1854290 173
1854300 173
1854310 173
1854320 173
1854330 172
1854340 171
1854350 171
1854360 171
1854370 170
1854380 170
1854390 170
1854400 169
1854410 169
1854420 169
1854430 168
1854440 168
1854450 168
1854460 168
1854470 168
1854480 167
1854490 166
1854500 166
1854510 165
1854520 165
1854530 165
1854540 164
1854550 163
1854560 163
1854570 163
1854580 163
1854590 163
1854600 162
1854610 162
1854620 162
1854630 162
1854640 161
1854650 161
1854660 161
1854670 161
1854680 161
1854690 160
1854700 160
1854710 160
1854720 159
1854730 159
1854740 159
1854750 159
1854760 159
1854770 159
1854780 159
1854790 159
1854800 159
1854810 159
1854820 159
1854830 159
1854840 159
1854850 158
1854860 158
1854870 158
1854880 158
1854890 158
1854900 158
1854910 158
1854920 158
1854930 158
1854940 158
1854950 158
1854960 158
1854970 158
1854980 158
1854990 158
1855000 158
1855010 158
1855020 158
1855030 158
1855040 158
1855050 158
1855060 158
1855070 158
1855080 157
1855090 158
1855100 158
1855110 158
1855120 158
1855130 158
1855140 158
1855150 158
1855160 158
1855170 158
1855180 158
1855190 158
1855200 158
1855210 158
1855220 158
1855230 158
1855240 158
1855250 158
1855260 158
1855270 158
1855280 158
1855290 158
1855300 158
1855310 158
1855320 159
1855330 159
1855340 159
1855350 159
1855360 160
1855370 160
1855380 160
1855390 162
1855400 162
1855410 163
1855420 164
1855430 164
1855440 166
1855450 167
1855460 167
1855470 167
1855480 168
1855490 168
1855500 168
1855510 169
1855520 169
1855530 170
1855540 171
1855550 171
1855560 171
1855570 172
1855580 172
1855590 172
1855600 173
1855610 173
1855620 173
1855630 174
1855640 174
1855650 174
1855660 175
1855670 175
1855680 175
1855690 174
1855700 174
1855710 175
1855720 175
1855730 175
1855740 179
1855750 180
1855760 180
1855770 181
1855780 181
1855790 181
1855800 180
1855810 180
1855820 180
1855830 178
1855840 177
1855850 177
1855860 176
1855870 176
1855880 175
1855890 175
1855900 175
1855910 175
1855920 176
1855930 176
1855940 177
1855950 179
1855960 179
1855970 181
1855980 184
1855990 184
1856000 186
1856010 186
1856020 186
1856030 187
1856040 188
1856050 188
1856060 188
1856070 189
1856080 189
1856090 190
1856100 190
1856110 190
1856120 191
1856130 191
1856140 191
1856150 190
1856160 190
1856170 190
1856180 190
1856190 189
1856200 189
1856210 189
1856220 189
1856230 189
1856240 188
1856250 188
1856260 188
1856270 188
1856280 186
1856290 186
1856300 185
1856310 184
1856320 184
1856330 182
1856340 181
1856350 181
1856360 180
1856370 180
1856380 180
1856390 180
1856400 180
1856410 180
1856420 180
1856430 180
1856440 180
1856450 180
1856460 181
1856470 181
1856480 183
1856490 186
1856500 186
1856510 190
1856520 193
1856530 193
1856540 196
1856550 197
1856560 197
1856570 199
1856580 202
1856590 202
1856600 204
1856610 205
1856620 205
1856630 207
1856640 208
1856650 208
1856660 209
1856670 211
1856680 211
1856690 212
1856700 212
1856710 212
1856720 213
1856730 213
1856740 213
1856750 213
1856760 214
1856770 214
1856780 215
1856790 219
1856800 219
1856810 220
1856820 221
1856830 221
1856840 221
1856850 222
1856860 222
1856870 222
1856880 223
1856890 223
1856900 224
1856910 224
1856920 224
1856930 225
1856940 225
1856950 225
1856960 225
1856970 226
1856980 226
1856990 226
1857000 226
1857010 226
1857020 226
1857030 227
1857040 227
1857050 227
1857060 227
1857070 227
1857080 227
1857090 227
1857100 227
1857110 226
1857120 226
1857130 226
1857140 226
1857150 226
1857160 226
1857170 226
1857180 225
1857190 225
1857200 226
1857210 225
1857220 225
1857230 224
1857240 224
1857250 224
1857260 224
1857270 223
1857280 223
1857290 223
1857300 222
1857310 222
1857320 222
1857330 221
1857340 221
1857350 221
1857360 221
1857370 221
1857380 221
1857390 220
1857400 220
1857410 220
1857420 220
1857430 220
1857440 220
1857450 219
1857460 219
1857470 219
1857480 219
1857490 219
1857500 218
1857510 218
1857520 218
1857530 218
1857540 218
1857550 217
1857560 217
1857570 217
1857580 216
1857590 216
1857600 216
1857610 215
1857620 215
1857630 215
1857640 214
1857650 214
1857660 214
1857670 214
1857680 213
1857690 213
1857700 213
1857710 212
1857720 212
1857730 212
1857740 211
1857750 211
1857760 211
1857770 211
1857780 211
1857790 210
1857800 210
1857810 210
1857820 210
1857830 209
1857840 209
1857850 208
1857860 208
1857870 208
1857880 207
1857890 206
1857900 206
1857910 205
1857920 204
1857930 204
1857940 203
1857950 202
1857960 202
1857970 200
1857980 197
1857990 197
1858000 194
1858010 191
1858020 191
1858030 188
1858040 186
1858050 186
1858060 184
1858070 181
1858080 181
1858090 179
1858100 177
1858110 177
1858120 177
1858130 177
1858140 177
1858150 176
1858160 176
1858170 176
1858180 176
1858190 175
1858200 175
1858210 175
1858220 175
1858230 175
1858240 174
1858250 174
1858260 174
1858270 174
1858280 174
1858290 174
1858300 174
1858310 174
1858320 174
1858330 172
1858340 172
1858350 172
1858360 172
1858370 171
1858380 171
1858390 171
1858400 171
1858410 171
1858420 171
1858430 171
1858440 171
1858450 171
1858460 170
1858470 170
1858480 170
1858490 170
1858500 170
1858510 170
1858520 170
1858530 170
1858540 170
1858550 170
1858560 170
1858570 170
1858580 170
1858590 170
1858600 170
1858610 170
1858620 170
1858630 169
1858640 169
1858650 169
1858660 169
1858670 168
1858680 168
1858690 168
1858700 167
1858710 167
1858720 167
1858730 166
1858740 166
1858750 166
1858760 166
1858770 166
1858780 166
1858790 165
1858800 165
1858810 165
1858820 165
1858830 165
1858840 165
1858850 165
1858860 165
1858870 164
1858880 164
1858890 164
1858900 164
1858910 164
1858920 164
1858930 164
1858940 164
1858950 164
1858960 164
1858970 163
1858980 163
1858990 163
1859000 163
1859010 163
1859020 163
1859030 163
1859040 163
1859050 163
1859060 163
1859070 163
1859080 163
1859090 163
1859100 163
1859110 163
1859120 163
1859130 164
1859140 163
1859150 163
1859160 163
1859170 163
1859180 163
1859190 163
1859200 163
1859210 163
1859220 163
1859230 163
1859240 163
1859250 163
1859260 162
1859270 162
1859280 162
1859290 162
1859300 162
1859310 162
1859320 162
1859330 162
1859340 162
1859350 162
1859360 162
1859370 162
1859380 162
1859390 162
1859400 162
1859410 162
1859420 162
1859430 162
1859440 162
1859450 162
1859460 162
1859470 162
1859480 162
1859490 162
1859500 162
1859510 162
1859520 162
1859530 162
1859540 162
1859550 162
1859560 162
1859570 162
1859580 162
1859590 162
1859600 162
1859610 162
1859620 162
1859630 162
1859640 162
1859650 162
1859660 162
1859670 162
1859680 162
1859690 162
1859700 162
1859710 162
1859720 162
1859730 162
1859740 162
1859750 162
1859760 162
1859770 162
1859780 162
1859790 162
1859800 161
1859810 161
1859820 161
1859830 161
1859840 161
1859850 161
1859860 161
1859870 161
1859880 161
1859890 161
1859900 161
1859910 161
1859920 161
1859930 161
1859940 161
1859950 161
1859960 161
1859970 161
1859980 161
1859990 161
