1840000 184
1840010 185
1840020 186
1840030 186
1840040 186
1840050 186
1840060 186
1840070 187
1840080 188
1840090 188
1840100 189
1840110 189
1840120 189
1840130 189
1840140 189
1840150 189
1840160 189
1840170 189
1840180 189
1840190 189
1840200 188
1840210 188
1840220 187
1840230 186
1840240 186
1840250 186
1840260 187
1840270 187
1840280 188
1840290 189
1840300 189
1840310 189
1840320 189
1840330 189
1840340 189
1840350 189
1840360 189
1840370 190
1840380 190
1840390 190
1840400 189
1840410 189
1840420 189
1840430 188
1840440 189
1840450 189
1840460 189
1840470 190
1840480 190
1840490 190
1840500 190
1840510 190
1840520 190
1840530 190
1840540 190
1840550 190
1840560 190
1840570 190
1840580 191
1840590 191
1840600 191
1840610 191
1840620 191
1840630 191
1840640 191
1840650 191
1840660 191
1840670 190
1840680 190
1840690 190
1840700 189
1840710 187
1840720 187
1840730 184
1840740 183
1840750 183
1840760 182
1840770 181
1840780 181
1840790 180
1840800 180
1840810 180
1840820 181
1840830 182
1840840 182
1840850 185
1840860 188
1840870 188
1840880 191
1840890 193
1840900 193
1840910 196
1840920 198
1840930 198
1840940 201
1840950 204
1840960 204
1840970 206
1840980 209
1840990 209
1841000 213
1841010 215
1841020 215
1841030 218
1841040 220
1841050 220
1841060 223
1841070 223
1841080 224
1841090 225
1841100 225
1841110 225
1841120 225
1841130 225
1841140 225
1841150 225
1841160 225
1841170 226
1841180 226
1841190 226
1841200 226
1841210 226
1841220 226
1841230 226
1841240 226
1841250 226
1841260 225
1841270 225
1841280 225
1841290 225
1841300 224
1841310 224
1841320 224
1841330 223
1841340 223
1841350 223
1841360 222
1841370 222
1841380 221
1841390 220
1841400 220
1841410 220
1841420 220
1841430 220
1841440 219
1841450 219
1841460 219
1841470 219
1841480 219
1841490 219
1841500 219
1841510 219
1841520 219
1841530 218
1841540 218
1841550 218
1841560 218
1841570 218
1841580 218
1841590 218
1841600 217
1841610 217
1841620 217
1841630 216
1841640 216
1841650 216
1841660 214
1841670 214
1841680 213
1841690 211
1841700 211
1841710 208
1841720 206
1841730 206
1841740 204
1841750 203
1841760 203
1841770 202
1841780 201
1841790 201
1841800 200
1841810 199
1841820 199
1841830 199
1841840 199
1841850 199
1841860 199
1841870 199
1841880 199
1841890 199
1841900 200
1841910 198
1841920 198
1841930 198
1841940 198
1841950 198
1841960 199
1841970 199
1841980 201
1841990 203
1842000 203
1842010 205
1842020 207
1842030 207
1842040 210
1842050 212
1842060 212
1842070 215
1842080 218
1842090 218
1842100 221
1842110 222
1842120 222
1842130 223
1842140 224
1842150 224
1842160 225
1842170 225
1842180 225
1842190 226
1842200 227
1842210 227
1842220 228
1842230 229
1842240 229
1842250 229
1842260 231
1842270 232
1842280 233
1842290 234
1842300 234
1842310 235
1842320 235
1842330 235
1842340 235
1842350 235
1842360 235
1842370 235
1842380 235
1842390 235
1842400 235
1842410 235
1842420 235
1842430 234
1842440 234
1842450 234
1842460 233
1842470 233
1842480 233
1842490 232
1842500 232
1842510 232
1842520 231
1842530 230
1842540 230
1842550 229
1842560 228
1842570 228
1842580 227
1842590 226
1842600 226
1842610 225
1842620 225
1842630 225
1842640 225
1842650 226
1842660 226
1842670 227
1842680 227
1842690 227
1842700 229
1842710 231
1842720 231
1842730 232
1842740 232
1842750 233
1842760 234
1842770 234
1842780 235
1842790 236
1842800 236
1842810 237
1842820 237
1842830 237
1842840 238
1842850 238
1842860 238
1842870 239
1842880 239
1842890 239
1842900 239
1842910 239
1842920 239
1842930 240
1842940 240
1842950 240
1842960 240
1842970 240
1842980 240
1842990 240
1843000 241
1843010 241
1843020 241
1843030 241
1843040 241
1843050 241
1843060 241
1843070 241
1843080 241
1843090 242
1843100 242
1843110 242
1843120 242
1843130 242
1843140 242
1843150 241
1843160 241
1843170 241
1843180 241
1843190 241
1843200 241
1843210 241
1843220 241
1843230 241
1843240 241
1843250 241
1843260 241
1843270 241
1843280 241
1843290 241
1843300 241
1843310 241
1843320 241
1843330 241
1843340 241
1843350 241
1843360 242
1843370 242
1843380 242
1843390 242
1843400 242
1843410 242
1843420 242
1843430 242
1843440 242
1843450 242
1843460 242
1843470 243
1843480 242
1843490 242
1843500 242
1843510 242
1843520 242
1843530 242
1843540 243
1843550 243
1843560 243
1843570 244
1843580 244
1843590 244
1843600 242
1843610 242
1843620 243
1843630 244
1843640 244
1843650 245
1843660 245
1843670 245
1843680 245
1843690 245
1843700 245
1843710 246
1843720 247
1843730 247
1843740 247
1843750 248
1843760 248
1843770 248
1843780 249
1843790 249
1843800 249
1843810 249
1843820 249
1843830 250
1843840 250
1843850 250
1843860 250
1843870 250
1843880 250
1843890 251
1843900 251
1843910 251
1843920 251
1843930 251
1843940 251
1843950 251
1843960 251
1843970 251
1843980 251
1843990 251
1844000 251
1844010 251
1844020 250
1844030 250
1844040 250
1844050 250
1844060 250
1844070 249
1844080 249
1844090 249
1844100 249
1844110 248
1844120 248
1844130 247
1844140 246
1844150 246
1844160 245
1844170 244
1844180 244
1844190 243
1844200 242
1844210 242
1844220 241
1844230 239
1844240 239
1844250 238
1844260 237
1844270 237
1844280 236
1844290 234
1844300 234
1844310 233
1844320 232
1844330 232
1844340 231
1844350 231
1844360 231
1844370 231
1844380 231
1844390 232
1844400 233
1844410 233
1844420 233
1844430 233
1844440 233
1844450 230
1844460 230
1844470 230
1844480 230
1844490 230
1844500 230
1844510 230
1844520 229
1844530 229
1844540 230
1844550 232
1844560 232
1844570 235
1844580 238
1844590 238
1844600 239
1844610 241
1844620 241
1844630 241
1844640 242
1844650 242
1844660 243
1844670 243
1844680 243
1844690 243
1844700 243
1844710 243
1844720 244
1844730 244
1844740 244
1844750 244
1844760 244
1844770 244
1844780 244
1844790 244
1844800 244
1844810 243
1844820 243
1844830 243
1844840 243
1844850 243
1844860 243
1844870 243
1844880 242
1844890 242
1844900 242
1844910 241
1844920 241
1844930 241
1844940 241
1844950 241
1844960 240
1844970 240
1844980 240
1844990 240
1845000 239
1845010 239
1845020 239
1845030 238
1845040 238
1845050 238
1845060 237
1845070 237
1845080 237
1845090 237
1845100 237
1845110 236
1845120 235
1845130 235
1845140 234
1845150 233
1845160 233
1845170 229
1845180 228
1845190 228
1845200 226
1845210 226
1845220 226
1845230 226
1845240 224
1845250 224
1845260 223
1845270 222
1845280 222
1845290 222
1845300 223
1845310 223
1845320 226
1845330 228
1845340 228
1845350 230
1845360 231
1845370 231
1845380 233
1845390 234
1845400 234
1845410 235
1845420 236
1845430 236
1845440 236
1845450 237
1845460 237
1845470 237
1845480 237
1845490 237
1845500 237
1845510 237
1845520 237
1845530 236
1845540 236
1845550 236
1845560 235
1845570 235
1845580 235
1845590 235
1845600 234
1845610 234
1845620 234
1845630 233
1845640 233
1845650 233
1845660 233
1845670 233
1845680 232
1845690 232
1845700 232
1845710 232
1845720 232
1845730 232
1845740 232
1845750 231
1845760 231
1845770 231
1845780 230
1845790 230
1845800 230
1845810 230
1845820 230
1845830 229
1845840 229
1845850 229
1845860 229
1845870 229
1845880 229
1845890 228
1845900 228
1845910 228
1845920 227
1845930 227
1845940 227
1845950 227
1845960 226
1845970 226
1845980 226
1845990 225
1846000 225
1846010 225
1846020 225
1846030 224
1846040 224
1846050 224
1846060 223
1846070 222
1846080 222
1846090 221
1846100 220
1846110 220
1846120 219
1846130 218
1846140 218
1846150 216
1846160 215
1846170 215
1846180 213
1846190 212
1846200 212
1846210 211
1846220 210
1846230 210
1846240 208
1846250 206
1846260 206
1846270 204
1846280 206
1846290 206
1846300 209
1846310 213
1846320 213
1846330 217
1846340 219
1846350 219
1846360 221
1846370 222
1846380 222
1846390 222
1846400 222
1846410 222
1846420 223
1846430 224
1846440 224
1846450 224
1846460 224
1846470 224
1846480 225
1846490 226
1846500 226
1846510 226
1846520 226
1846530 226
1846540 227
1846550 227
1846560 227
1846570 227
1846580 226
1846590 226
1846600 226
1846610 222
1846620 222
1846630 221
1846640 220
1846650 220
1846660 219
1846670 218
1846680 218
1846690 217
1846700 215
1846710 215
1846720 214
1846730 213
1846740 213
1846750 212
1846760 212
1846770 212
1846780 211
1846790 211
1846800 211
1846810 210
1846820 209
1846830 209
1846840 208
1846850 207
1846860 207
1846870 206
1846880 206
1846890 206
1846900 206
1846910 207
1846920 207
1846930 207
1846940 208
1846950 208
1846960 208
1846970 208
1846980 208
1846990 208
1847000 208
1847010 208
1847020 208
1847030 208
1847040 208
1847050 207
1847060 207
1847070 207
1847080 207
1847090 206
1847100 206
1847110 206
1847120 205
1847130 205
1847140 205
1847150 205
1847160 205
1847170 205
1847180 204
1847190 204
1847200 204
1847210 204
1847220 204
1847230 203
1847240 203
1847250 203
1847260 202
1847270 202
1847280 202
1847290 201
1847300 201
1847310 201
1847320 200
1847330 199
1847340 199
1847350 199
1847360 198
1847370 198
1847380 197
1847390 197
1847400 197
1847410 196
1847420 195
1847430 195
1847440 194
1847450 193
1847460 193
1847470 192
1847480 191
1847490 191
1847500 190
1847510 189
1847520 189
1847530 188
1847540 187
1847550 187
1847560 188
1847570 188
1847580 188
1847590 188
1847600 188
1847610 188
1847620 188
1847630 189
1847640 189
1847650 190
1847660 190
1847670 190
1847680 190
1847690 190
1847700 189
1847710 189
1847720 189
1847730 188
1847740 187
1847750 187
1847760 186
1847770 185
1847780 185
1847790 184
1847800 183
1847810 183
1847820 183
1847830 183
1847840 183
1847850 183
1847860 183
1847870 183
1847880 183
1847890 183
1847900 183
1847910 183
1847920 183
1847930 183
1847940 182
1847950 182
1847960 182
1847970 182
1847980 182
1847990 182
1848000 182
1848010 181
1848020 181
1848030 181
1848040 180
1848050 180
1848060 180
1848070 179
1848080 179
1848090 179
1848100 179
1848110 179
1848120 179
1848130 179
1848140 179
1848150 179
1848160 179
1848170 179
1848180 179
1848190 179
1848200 179
1848210 179
1848220 179
1848230 179
1848240 179
1848250 179
1848260 179
1848270 179
1848280 179
1848290 179
1848300 179
1848310 179
1848320 179
1848330 179
1848340 179
1848350 179
1848360 180
1848370 180
1848380 180
1848390 181
1848400 183
1848410 183
1848420 185
1848430 186
1848440 186
1848450 187
1848460 188
1848470 188
1848480 188
1848490 189
1848500 189
1848510 189
1848520 190
1848530 190
1848540 190
1848550 191
1848560 191
1848570 191
1848580 192
1848590 192
1848600 192
1848610 192
1848620 192
1848630 192
1848640 192
1848650 192
1848660 192
1848670 192
1848680 192
1848690 191
1848700 191
1848710 191
1848720 191
1848730 190
1848740 190
1848750 190
1848760 189
1848770 189
1848780 188
1848790 186
1848800 186
1848810 185
1848820 184
1848830 184
1848840 183
1848850 182
1848860 182
1848870 181
1848880 180
1848890 180
1848900 179
1848910 178
1848920 178
1848930 177
1848940 177
1848950 177
1848960 177
1848970 177
1848980 177
1848990 177
1849000 177
1849010 177
1849020 177
1849030 178
1849040 178
1849050 178
1849060 179
1849070 179
1849080 180
1849090 181
1849100 181
1849110 183
1849120 185
1849130 185
1849140 188
1849150 189
1849160 189
1849170 189
1849180 189
1849190 189
1849200 189
1849210 189
1849220 189
1849230 190
1849240 190
1849250 190
1849260 191
1849270 191
1849280 191
1849290 192
1849300 192
1849310 192
1849320 192
1849330 192
1849340 192
1849350 192
1849360 192
1849370 192
1849380 192
1849390 192
1849400 192
1849410 193
1849420 193
1849430 193
1849440 193
1849450 193
1849460 194
1849470 195
1849480 195
1849490 196
1849500 196
1849510 196
1849520 197
1849530 198
1849540 198
1849550 198
1849560 198
1849570 198
1849580 199
1849590 199
1849600 199
1849610 199
1849620 199
1849630 199
1849640 198
1849650 198
1849660 198
1849670 198
1849680 197
1849690 197
1849700 196
1849710 195
1849720 195
1849730 194
1849740 193
1849750 193
1849760 192
1849770 191
1849780 191
1849790 190
1849800 189
1849810 189
1849820 188
1849830 187
1849840 187
1849850 186
1849860 186
1849870 186
1849880 186
1849890 186
1849900 186
1849910 186
1849920 186
1849930 186
1849940 186
1849950 186
1849960 186
1849970 187
1849980 189
1849990 189
1850000 190
1850010 190
1850020 190
1850030 191
1850040 191
1850050 191
1850060 192
1850070 192
1850080 192
1850090 192
1850100 192
1850110 192
1850120 192
1850130 193
1850140 193
1850150 193
1850160 194
1850170 194
1850180 196
1850190 197
1850200 197
1850210 197
1850220 198
1850230 198
1850240 199
1850250 199
1850260 199
1850270 200
1850280 201
1850290 201
1850300 202
1850310 202
1850320 202
1850330 202
1850340 202
1850350 202
1850360 203
1850370 203
1850380 203
1850390 202
1850400 202
1850410 202
1850420 202
1850430 202
1850440 202
1850450 201
1850460 201
1850470 201
1850480 200
1850490 200
1850500 200
1850510 199
1850520 200
1850530 200
1850540 201
1850550 201
1850560 201
1850570 201
1850580 201
1850590 201
1850600 201
1850610 202
1850620 202
1850630 202
1850640 202
1850650 202
1850660 203
1850670 203
1850680 203
1850690 203
1850700 203
1850710 203
1850720 203
1850730 203
1850740 203
1850750 203
1850760 203
1850770 203
1850780 202
1850790 202
1850800 202
1850810 202
1850820 202
1850830 202
1850840 201
1850850 201
1850860 201
1850870 201
1850880 201
1850890 201
1850900 201
1850910 201
1850920 201
1850930 201
1850940 201
1850950 201
1850960 201
1850970 201
1850980 201
1850990 201
1851000 201
1851010 201
1851020 201
1851030 201
1851040 202
1851050 202
1851060 202
1851070 202
1851080 202
1851090 202
1851100 202
1851110 201
1851120 201
1851130 201
1851140 201
1851150 201
1851160 201
1851170 201
1851180 201
1851190 200
1851200 200
1851210 200
1851220 200
1851230 200
1851240 200
1851250 199
1851260 199
1851270 199
1851280 198
1851290 198
1851300 198
1851310 197
1851320 198
1851330 198
1851340 197
1851350 197
1851360 197
1851370 197
1851380 197
1851390 197
1851400 196
1851410 196
1851420 196
1851430 196
1851440 195
1851450 195
1851460 195
1851470 194
1851480 194
1851490 194
1851500 193
1851510 193
1851520 193
1851530 193
1851540 193
1851550 193
1851560 193
1851570 193
1851580 193
1851590 193
1851600 193
1851610 193
1851620 193
1851630 193
1851640 192
1851650 192
1851660 192
1851670 192
1851680 192
1851690 192
1851700 192
1851710 192
1851720 192
1851730 191
1851740 191
1851750 191
1851760 191
1851770 191
1851780 191
1851790 190
1851800 190
1851810 190
1851820 190
1851830 190
1851840 190
1851850 189
1851860 189
1851870 189
1851880 188
1851890 188
1851900 188
1851910 188
1851920 188
1851930 188
1851940 188
1851950 187
1851960 187
1851970 187
1851980 187
1851990 187
1852000 187
1852010 187
1852020 187
1852030 187
1852040 187
1852050 187
1852060 187
1852070 186
1852080 186
1852090 186
1852100 186
1852110 186
1852120 186
1852130 186
1852140 186
1852150 186
1852160 185
1852170 185
1852180 185
1852190 184
1852200 184
1852210 183
1852220 181
1852230 181
1852240 180
1852250 178
1852260 178
1852270 177
1852280 177
1852290 177
1852300 177
1852310 177
1852320 177
1852330 179
1852340 181
1852350 181
1852360 183
1852370 184
1852380 184
1852390 183
1852400 181
1852410 181
1852420 181
1852430 181
1852440 181
1852450 181
1852460 182
1852470 182
1852480 183
1852490 184
1852500 184
1852510 184
1852520 185
1852530 185
1852540 184
1852550 184
1852560 184
1852570 184
1852580 184
1852590 183
1852600 183
1852610 183
1852620 182
1852630 182
1852640 182
1852650 181
1852660 180
1852670 180
1852680 179
1852690 179
1852700 179
1852710 178
1852720 177
1852730 177
1852740 176
1852750 175
1852760 175
1852770 174
1852780 174
1852790 174
1852800 173
1852810 173
1852820 173
1852830 173
1852840 172
1852850 172
1852860 172
1852870 172
1852880 172
1852890 172
1852900 172
1852910 172
1852920 172
1852930 173
1852940 173
1852950 173
1852960 174
1852970 174
1852980 174
1852990 175
1853000 175
1853010 176
1853020 178
1853030 178
1853040 179
1853050 180
1853060 180
1853070 181
1853080 182
1853090 182
1853100 183
1853110 183
1853120 183
1853130 184
1853140 184
1853150 184
1853160 184
1853170 185
1853180 185
1853190 185
1853200 185
1853210 185
1853220 186
1853230 186
1853240 186
1853250 186
1853260 187
1853270 187
1853280 187
1853290 187
1853300 187
1853310 187
1853320 187
1853330 187
1853340 187
1853350 187
1853360 187
1853370 187
1853380 187
1853390 187
1853400 186
1853410 186
1853420 186
1853430 186
1853440 186
1853450 186
1853460 186
1853470 186
1853480 186
1853490 186
1853500 185
1853510 185
1853520 185
1853530 185
1853540 185
1853550 185
1853560 185
1853570 185
1853580 184
1853590 184
1853600 184
1853610 184
1853620 184
1853630 184
1853640 184
1853650 184
1853660 184
1853670 184
1853680 184
1853690 184
1853700 184
1853710 184
1853720 183
1853730 183
1853740 183
1853750 183
1853760 183
1853770 183
1853780 183
1853790 182
1853800 182
1853810 182
1853820 182
1853830 182
1853840 182
1853850 181
1853860 181
1853870 181
1853880 181
1853890 181
1853900 181
1853910 181
1853920 181
1853930 181
1853940 181
1853950 181
1853960 181
1853970 181
1853980 180
1853990 180
1854000 180
1854010 180
1854020 180
1854030 180
1854040 180
1854050 180
1854060 179
1854070 179
1854080 179
1854090 179
1854100 178
1854110 178
1854120 178
1854130 178
1854140 178
1854150 178
1854160 178
1854170 178
1854180 178
1854190 178
1854200 178
1854210 178
1854220 178
1854230 178
1854240 178
1854250 178
1854260 178
1854270 178
1854280 178
1854290 178
1854300 178
1854310 178
1854320 177
1854330 177
1854340 177
1854350 177
1854360 177
1854370 177
1854380 176
1854390 176
1854400 176
1854410 176
1854420 176
1854430 175
1854440 175
1854450 175
1854460 175
1854470 174
1854480 174
1854490 174
1854500 174
1854510 173
1854520 173
1854530 173
1854540 173
1854550 173
1854560 172
1854570 172
1854580 172
1854590 171
1854600 171
1854610 171
1854620 170
1854630 170
1854640 170
1854650 169
1854660 168
1854670 168
1854680 167
1854690 167
1854700 167
1854710 167
1854720 166
1854730 166
1854740 166
1854750 166
1854760 166
1854770 165
1854780 164
1854790 164
1854800 164
1854810 163
1854820 163
1854830 163
1854840 162
1854850 162
1854860 162
1854870 162
1854880 162
1854890 161
1854900 161
1854910 161
1854920 161
1854930 160
1854940 160
1854950 160
1854960 160
1854970 160
1854980 159
1854990 159
1855000 159
1855010 159
1855020 159
1855030 159
1855040 159
1855050 159
1855060 159
1855070 159
1855080 158
1855090 158
1855100 158
1855110 158
1855120 158
1855130 158
1855140 158
1855150 158
1855160 158
1855170 158
1855180 158
1855190 158
1855200 158
1855210 158
1855220 158
1855230 158
1855240 158
1855250 158
1855260 158
1855270 158
1855280 158
1855290 158
1855300 158
1855310 158
1855320 158
1855330 158
1855340 158
1855350 158
1855360 158
1855370 157
1855380 157
1855390 157
1855400 158
1855410 158
1855420 158
1855430 158
1855440 158
1855450 158
1855460 158
1855470 158
1855480 158
1855490 158
1855500 158
1855510 158
1855520 158
1855530 158
1855540 158
1855550 158
1855560 158
1855570 158
1855580 158
1855590 158
1855600 158
1855610 158
1855620 159
1855630 159
1855640 159
1855650 160
1855660 160
1855670 160
1855680 161
1855690 161
1855700 162
1855710 162
1855720 162
1855730 161
1855740 162
1855750 162
1855760 162
1855770 162
1855780 162
1855790 163
1855800 163
1855810 163
1855820 164
1855830 165
1855840 166
1855850 166
1855860 166
1855870 167
1855880 168
1855890 168
1855900 169
1855910 170
1855920 170
1855930 170
1855940 171
1855950 171
1855960 172
1855970 173
1855980 173
1855990 174
1856000 174
1856010 174
1856020 174
1856030 175
1856040 175
1856050 175
1856060 176
1856070 176
1856080 176
1856090 177
1856100 177
1856110 177
1856120 177
1856130 177
1856140 177
1856150 177
1856160 177
1856170 178
1856180 179
1856190 179
1856200 179
1856210 179
1856220 179
1856230 179
1856240 179
1856250 179
1856260 180
1856270 180
1856280 180
1856290 180
1856300 180
1856310 180
1856320 180
1856330 180
1856340 180
1856350 180
1856360 180
1856370 180
1856380 180
1856390 179
1856400 179
1856410 179
1856420 179
1856430 179
1856440 178
1856450 178
1856460 178
1856470 177
1856480 177
1856490 177
1856500 177
1856510 177
1856520 177
1856530 177
1856540 176
1856550 176
1856560 176
1856570 176
1856580 176
1856590 176
1856600 175
1856610 175
1856620 175
1856630 175
1856640 175
1856650 176
1856660 176
1856670 176
1856680 176
1856690 177
1856700 177
1856710 177
1856720 180
1856730 180
1856740 181
1856750 181
1856760 181
1856770 182
1856780 184
1856790 184
1856800 186
1856810 188
1856820 188
1856830 189
1856840 191
1856850 191
1856860 194
1856870 198
1856880 199
1856890 202
1856900 205
1856910 205
1856920 207
1856930 208
1856940 208
1856950 209
1856960 208
1856970 208
1856980 208
1856990 208
1857000 208
1857010 209
1857020 209
1857030 209
1857040 210
1857050 213
1857060 213
1857070 216
1857080 218
1857090 218
1857100 220
1857110 221
1857120 221
1857130 222
1857140 222
1857150 222
1857160 222
1857170 223
1857180 223
1857190 223
1857200 223
1857210 223
1857220 223
1857230 223
1857240 223
1857250 223
1857260 223
1857270 223
1857280 223
1857290 223
1857300 223
1857310 222
1857320 222
1857330 222
1857340 222
1857350 221
1857360 221
1857370 221
1857380 221
1857390 221
1857400 220
1857410 220
1857420 220
1857430 219
1857440 219
1857450 219
1857460 218
1857470 218
1857480 218
1857490 217
1857500 217
1857510 216
1857520 216
1857530 216
1857540 215
1857550 214
1857560 214
1857570 212
1857580 211
1857590 211
1857600 210
1857610 209
1857620 209
1857630 208
1857640 208
1857650 208
1857660 208
1857670 208
1857680 208
1857690 209
1857700 210
1857710 210
1857720 211
1857730 211
1857740 211
1857750 212
1857760 213
1857770 213
1857780 213
1857790 213
1857800 213
1857810 212
1857820 211
1857830 211
1857840 209
1857850 206
1857860 206
1857870 201
1857880 197
1857890 197
1857900 193
1857910 190
1857920 190
1857930 187
1857940 185
1857950 185
1857960 185
1857970 185
1857980 185
1857990 184
1858000 185
1858010 185
1858020 186
1858030 187
1858040 187
1858050 187
1858060 188
1858070 188
1858080 188
1858090 189
1858100 189
1858110 190
1858120 190
1858130 190
1858140 190
1858150 189
1858160 189
1858170 189
1858180 184
1858190 184
1858200 182
1858210 182
1858220 182
1858230 182
1858240 181
1858250 181
1858260 181
1858270 179
1858280 179
1858290 179
1858300 179
1858310 179
1858320 177
1858330 176
1858340 176
1858350 175
1858360 175
1858370 175
1858380 174
1858390 173
1858400 173
1858410 173
1858420 172
1858430 172
1858440 172
1858450 171
1858460 171
1858470 171
1858480 171
1858490 171
1858500 171
1858510 171
1858520 171
1858530 171
1858540 171
1858550 171
1858560 171
1858570 171
1858580 171
1858590 170
1858600 170
1858610 170
1858620 170
1858630 170
1858640 170
1858650 170
1858660 170
1858670 170
1858680 170
1858690 170
1858700 170
1858710 170
1858720 170
1858730 170
1858740 170
1858750 169
1858760 169
1858770 169
1858780 169
1858790 169
1858800 169
1858810 168
1858820 168
1858830 168
1858840 168
1858850 168
1858860 167
1858870 167
1858880 167
1858890 167
1858900 166
1858910 166
1858920 166
1858930 166
1858940 166
1858950 166
1858960 165
1858970 165
1858980 165
1858990 165
1859000 165
1859010 164
1859020 164
1859030 164
1859040 164
1859050 164
1859060 164
1859070 164
1859080 164
1859090 164
1859100 164
1859110 164
1859120 164
1859130 164
1859140 164
1859150 164
1859160 164
1859170 164
1859180 164
1859190 163
1859200 163
1859210 163
1859220 163
1859230 163
1859240 163
1859250 163
1859260 163
1859270 163
1859280 163
1859290 163
1859300 163
1859310 163
1859320 163
1859330 163
1859340 162
1859350 162
1859360 162
1859370 162
1859380 162
1859390 162
1859400 162
1859410 162
1859420 162
1859430 162
1859440 162
1859450 162
1859460 162
1859470 162
1859480 162
1859490 162
1859500 162
1859510 162
1859520 162
1859530 162
1859540 162
1859550 162
1859560 162
1859570 162
1859580 162
1859590 162
1859600 162
1859610 162
1859620 162
1859630 162
1859640 163
1859650 163
1859660 163
1859670 163
1859680 163
1859690 163
1859700 163
1859710 163
1859720 163
1859730 164
1859740 164
1859750 164
1859760 164
1859770 164
1859780 164
1859790 163
1859800 163
1859810 163
1859820 163
1859830 163
1859840 164
1859850 164
1859860 164
1859870 164
1859880 164
1859890 164
1859900 164
1859910 164
1859920 164
1859930 164
1859940 164
1859950 164
1859960 164
1859970 164
1859980 164
1859990 164
