1840000 227
1840010 227
1840020 227
1840030 226
1840040 226
1840050 226
1840060 225
1840070 223
1840080 223
1840090 222
1840100 222
1840110 222
1840120 220
1840130 218
1840140 218
1840150 217
1840160 215
1840170 215
1840180 215
1840190 214
1840200 214
1840210 214
1840220 213
1840230 213
1840240 211
1840250 210
1840260 210
1840270 210
1840280 210
1840290 210
1840300 210
1840310 209
1840320 209
1840330 209
1840340 209
1840350 209
1840360 209
1840370 209
1840380 209
1840390 209
1840400 209
1840410 209
1840420 208
1840430 208
1840440 208
1840450 208
1840460 211
1840470 211
1840480 212
1840490 212
1840500 212
1840510 212
1840520 213
1840530 213
1840540 214
1840550 215
1840560 215
1840570 215
1840580 216
1840590 216
1840600 216
1840610 216
1840620 215
1840630 215
1840640 215
1840650 215
1840660 215
1840670 215
1840680 216
1840690 216
1840700 216
1840710 216
1840720 216
1840730 216
1840740 216
1840750 216
1840760 216
1840770 217
1840780 217
1840790 217
1840800 217
1840810 217
1840820 217
1840830 217
1840840 217
1840850 217
1840860 217
1840870 216
1840880 216
1840890 216
1840900 216
1840910 216
1840920 216
1840930 216
1840940 216
1840950 215
1840960 215
1840970 215
1840980 215
1840990 215
1841000 215
1841010 214
1841020 214
1841030 214
1841040 214
1841050 214
1841060 214
1841070 213
1841080 213
1841090 213
1841100 212
1841110 212
1841120 212
1841130 211
1841140 211
1841150 211
1841160 210
1841170 210
1841180 210
1841190 209
1841200 208
1841210 208
1841220 207
1841230 206
1841240 206
1841250 206
1841260 205
1841270 205
1841280 204
1841290 203
1841300 203
1841310 202
1841320 201
1841330 201
1841340 201
1841350 200
1841360 200
1841370 199
1841380 199
1841390 199
1841400 198
1841410 197
1841420 197
1841430 196
1841440 196
1841450 196
1841460 195
1841470 195
1841480 195
1841490 194
1841500 194
1841510 194
1841520 193
1841530 193
1841540 193
1841550 193
1841560 192
1841570 192
1841580 192
1841590 192
1841600 192
1841610 191
1841620 191
1841630 191
1841640 191
1841650 191
1841660 191
1841670 191
1841680 190
1841690 190
1841700 190
1841710 189
1841720 189
1841730 188
1841740 188
1841750 188
1841760 188
1841770 188
1841780 188
1841790 189
1841800 189
1841810 189
1841820 189
1841830 189
1841840 189
1841850 189
1841860 189
1841870 189
1841880 190
1841890 190
1841900 190
1841910 190
1841920 194
1841930 194
1841940 195
1841950 195
1841960 195
1841970 196
1841980 196
1841990 196
1842000 196
1842010 196
1842020 196
1842030 196
1842040 195
1842050 195
1842060 194
1842070 193
1842080 193
1842090 192
1842100 192
1842110 192
1842120 192
1842130 191
1842140 191
1842150 191
1842160 190
1842170 190
1842180 190
1842190 190
1842200 190
1842210 189
1842220 189
1842230 189
1842240 189
1842250 189
1842260 190
1842270 190
1842280 190
1842290 190
1842300 190
1842310 190
1842320 191
1842330 191
1842340 191
1842350 191
1842360 192
1842370 192
1842380 192
1842390 192
1842400 192
1842410 192
1842420 193
1842430 193
1842440 193
1842450 194
1842460 194
1842470 194
1842480 194
1842490 194
1842500 195
1842510 195
1842520 195
1842530 196
1842540 196
1842550 196
1842560 197
1842570 197
1842580 197
1842590 197
1842600 198
1842610 198
1842620 199
1842630 200
1842640 201
1842650 203
1842660 205
1842670 205
1842680 207
1842690 209
1842700 209
1842710 210
1842720 211
1842730 211
1842740 212
1842750 212
1842760 212
1842770 213
1842780 213
1842790 213
1842800 214
1842810 214
1842820 214
1842830 215
1842840 217
1842850 217
1842860 218
1842870 220
1842880 220
1842890 221
1842900 223
1842910 223
1842920 225
1842930 227
1842940 227
1842950 228
1842960 229
1842970 229
1842980 230
1842990 231
1843000 231
1843010 231
1843020 232
1843030 232
1843040 232
1843050 232
1843060 232
1843070 233
1843080 233
1843090 233
1843100 233
1843110 233
1843120 233
1843130 233
1843140 233
1843150 233
1843160 232
1843170 232
1843180 232
1843190 231
1843200 231
1843210 231
1843220 230
1843230 229
1843240 229
1843250 229
1843260 228
1843270 228
1843280 227
1843290 226
1843300 226
1843310 225
1843320 224
1843330 224
1843340 223
1843350 222
1843360 222
1843370 218
1843380 217
1843390 217
1843400 217
1843410 217
1843420 217
1843430 217
1843440 217
1843450 217
1843460 217
1843470 217
1843480 217
1843490 217
1843500 218
1843510 218
1843520 219
1843530 220
1843540 220
1843550 221
1843560 222
1843570 222
1843580 223
1843590 225
1843600 225
1843610 226
1843620 227
1843630 227
1843640 228
1843650 229
1843660 229
1843670 230
1843680 231
1843690 231
1843700 232
1843710 233
1843720 233
1843730 234
1843740 235
1843750 235
1843760 235
1843770 236
1843780 236
1843790 236
1843800 236
1843810 236
1843820 236
1843830 236
1843840 236
1843850 236
1843860 236
1843870 236
1843880 235
1843890 235
1843900 235
1843910 235
1843920 235
1843930 235
1843940 235
1843950 235
1843960 235
1843970 235
1843980 235
1843990 235
1844000 235
1844010 235
1844020 235
1844030 235
1844040 235
1844050 235
1844060 235
1844070 235
1844080 235
1844090 235
1844100 235
1844110 236
1844120 236
1844130 236
1844140 237
1844150 237
1844160 237
1844170 237
1844180 237
1844190 237
1844200 237
1844210 238
1844220 238
1844230 238
1844240 238
1844250 238
1844260 238
1844270 238
1844280 238
1844290 238
1844300 238
1844310 238
1844320 238
1844330 238
1844340 238
1844350 238
1844360 238
1844370 238
1844380 238
1844390 239
1844400 239
1844410 239
1844420 240
1844430 240
1844440 240
1844450 240
1844460 240
1844470 241
1844480 241
1844490 241
1844500 241
1844510 241
1844520 241
1844530 241
1844540 241
1844550 241
1844560 242
1844570 242
1844580 242
1844590 242
1844600 242
1844610 242
1844620 242
1844630 242
1844640 242
1844650 242
1844660 242
1844670 242
1844680 242
1844690 242
1844700 242
1844710 242
1844720 242
1844730 242
1844740 241
1844750 241
1844760 241
1844770 241
1844780 241
1844790 241
1844800 241
1844810 241
1844820 241
1844830 240
1844840 240
1844850 240
1844860 240
1844870 240
1844880 240
1844890 239
1844900 239
1844910 239
1844920 239
1844930 238
1844940 238
1844950 238
1844960 238
1844970 238
1844980 237
1844990 237
1845000 237
1845010 237
1845020 236
1845030 236
1845040 236
1845050 235
1845060 235
1845070 235
1845080 234
1845090 234
1845100 234
1845110 234
1845120 234
1845130 233
1845140 233
1845150 233
1845160 232
1845170 232
1845180 231
1845190 231
1845200 230
1845210 230
1845220 229
1845230 229
1845240 229
1845250 228
1845260 227
1845270 227
1845280 227
1845290 226
1845300 226
1845310 225
1845320 224
1845330 224
1845340 224
1845350 223
1845360 223
1845370 222
1845380 222
1845390 221
1845400 220
1845410 220
1845420 219
1845430 219
1845440 219
1845450 219
1845460 219
1845470 219
1845480 220
1845490 221
1845500 221
1845510 222
1845520 223
1845530 223
1845540 225
1845550 226
1845560 226
1845570 226
1845580 226
1845590 226
1845600 227
1845610 227
1845620 227
1845630 228
1845640 228
1845650 228
1845660 228
1845670 229
1845680 229
1845690 229
1845700 229
1845710 229
1845720 229
1845730 230
1845740 230
1845750 230
1845760 230
1845770 230
1845780 230
1845790 230
1845800 230
1845810 231
1845820 231
1845830 231
1845840 231
1845850 231
1845860 231
1845870 231
1845880 231
1845890 231
1845900 232
1845910 232
1845920 232
1845930 232
1845940 232
1845950 232
1845960 232
1845970 232
1845980 232
1845990 232
1846000 232
1846010 232
1846020 231
1846030 231
1846040 231
1846050 231
1846060 231
1846070 231
1846080 231
1846090 231
1846100 231
1846110 231
1846120 231
1846130 231
1846140 230
1846150 230
1846160 230
1846170 230
1846180 230
1846190 230
1846200 230
1846210 229
1846220 229
1846230 229
1846240 229
1846250 229
1846260 229
1846270 228
1846280 228
1846290 228
1846300 227
1846310 227
1846320 227
1846330 226
1846340 226
1846350 226
1846360 226
1846370 226
1846380 225
1846390 225
1846400 225
1846410 225
1846420 225
1846430 225
1846440 224
1846450 224
1846460 224
1846470 224
1846480 224
1846490 224
1846500 223
1846510 223
1846520 223
1846530 222
1846540 221
1846550 221
1846560 221
1846570 220
1846580 220
1846590 220
1846600 220
1846610 220
1846620 219
1846630 219
1846640 219
1846650 219
1846660 219
1846670 219
1846680 219
1846690 219
1846700 219
1846710 219
1846720 218
1846730 218
1846740 217
1846750 217
1846760 217
1846770 216
1846780 215
1846790 215
1846800 215
1846810 214
1846820 214
1846830 213
1846840 212
1846850 212
1846860 211
1846870 210
1846880 210
1846890 209
1846900 209
1846910 209
1846920 209
1846930 209
1846940 209
1846950 209
1846960 208
1846970 208
1846980 207
1846990 207
1847000 206
1847010 206
1847020 206
1847030 206
1847040 205
1847050 205
1847060 205
1847070 204
1847080 204
1847090 204
1847100 203
1847110 203
1847120 203
1847130 202
1847140 202
1847150 202
1847160 202
1847170 202
1847180 202
1847190 202
1847200 202
1847210 202
1847220 202
1847230 202
1847240 202
1847250 201
1847260 201
1847270 201
1847280 200
1847290 200
1847300 200
1847310 199
1847320 199
1847330 198
1847340 197
1847350 197
1847360 197
1847370 196
1847380 196
1847390 195
1847400 195
1847410 195
1847420 194
1847430 194
1847440 194
1847450 192
1847460 192
1847470 192
1847480 191
1847490 190
1847500 190
1847510 189
1847520 189
1847530 189
1847540 188
1847550 187
1847560 187
1847570 186
1847580 185
1847590 185
1847600 185
1847610 184
1847620 184
1847630 184
1847640 184
1847650 184
1847660 184
1847670 184
1847680 184
1847690 184
1847700 183
1847710 183
1847720 183
1847730 183
1847740 183
1847750 184
1847760 184
1847770 184
1847780 185
1847790 186
1847800 186
1847810 187
1847820 187
1847830 187
1847840 187
1847850 187
1847860 187
1847870 187
1847880 187
1847890 187
1847900 187
1847910 186
1847920 186
1847930 186
1847940 186
1847950 186
1847960 186
1847970 185
1847980 185
1847990 185
1848000 185
1848010 185
1848020 185
1848030 185
1848040 185
1848050 186
1848060 186
1848070 186
1848080 187
1848090 187
1848100 187
1848110 188
1848120 188
1848130 188
1848140 188
1848150 188
1848160 188
1848170 188
1848180 189
1848190 189
1848200 189
1848210 189
1848220 189
1848230 190
1848240 190
1848250 190
1848260 190
1848270 191
1848280 191
1848290 191
1848300 192
1848310 192
1848320 192
1848330 193
1848340 193
1848350 193
1848360 194
1848370 194
1848380 195
1848390 196
1848400 196
1848410 199
1848420 200
1848430 200
1848440 201
1848450 203
1848460 203
1848470 205
1848480 206
1848490 206
1848500 207
1848510 208
1848520 208
1848530 210
1848540 213
1848550 213
1848560 216
1848570 216
1848580 220
1848590 221
1848600 221
1848610 222
1848620 223
1848630 223
1848640 223
1848650 223
1848660 223
1848670 224
1848680 225
1848690 225
1848700 226
1848710 226
1848720 226
1848730 227
1848740 227
1848750 227
1848760 227
1848770 228
1848780 228
1848790 228
1848800 228
1848810 228
1848820 228
1848830 228
1848840 228
1848850 228
1848860 228
1848870 228
1848880 228
1848890 228
1848900 228
1848910 228
1848920 228
1848930 228
1848940 227
1848950 227
1848960 227
1848970 227
1848980 227
1848990 227
1849000 227
1849010 226
1849020 226
1849030 226
1849040 226
1849050 226
1849060 226
1849070 226
1849080 226
1849090 225
1849100 225
1849110 225
1849120 225
1849130 224
1849140 224
1849150 224
1849160 224
1849170 224
1849180 223
1849190 223
1849200 223
1849210 223
1849220 224
1849230 224
1849240 224
1849250 224
1849260 224
1849270 224
1849280 224
1849290 224
1849300 223
1849310 223
1849320 223
1849330 222
1849340 222
1849350 222
1849360 221
1849370 221
1849380 221
1849390 221
1849400 221
1849410 221
1849420 220
1849430 219
1849440 219
1849450 219
1849460 218
1849470 218
1849480 218
1849490 217
1849500 217
1849510 217
1849520 216
1849530 216
1849540 216
1849550 216
1849560 216
1849570 215
1849580 214
1849590 214
1849600 214
1849610 213
1849620 213
1849630 213
1849640 212
1849650 212
1849660 211
1849670 210
1849680 210
1849690 209
1849700 208
1849710 208
1849720 207
1849730 206
1849740 206
1849750 205
1849760 204
1849770 204
1849780 203
1849790 203
1849800 203
1849810 202
1849820 201
1849830 202
1849840 200
1849850 199
1849860 199
1849870 198
1849880 197
1849890 197
1849900 197
1849910 196
1849920 196
1849930 196
1849940 196
1849950 196
1849960 196
1849970 196
1849980 196
1849990 196
1850000 196
1850010 196
1850020 197
1850030 198
1850040 198
1850050 199
1850060 200
1850070 200
1850080 201
1850090 201
1850100 201
1850110 201
1850120 202
1850130 202
1850140 202
1850150 202
1850160 202
1850170 201
1850180 201
1850190 201
1850200 201
1850210 201
1850220 201
1850230 201
1850240 201
1850250 201
1850260 201
1850270 201
1850280 201
1850290 201
1850300 201
1850310 201
1850320 201
1850330 201
1850340 200
1850350 200
1850360 200
1850370 199
1850380 199
1850390 199
1850400 198
1850410 198
1850420 198
1850430 197
1850440 197
1850450 197
1850460 196
1850470 196
1850480 196
1850490 196
1850500 196
1850510 196
1850520 195
1850530 195
1850540 195
1850550 195
1850560 195
1850570 195
1850580 195
1850590 195
1850600 195
1850610 194
1850620 194
1850630 194
1850640 193
1850650 193
1850660 193
1850670 192
1850680 192
1850690 192
1850700 191
1850710 191
1850720 191
1850730 190
1850740 190
1850750 190
1850760 190
1850770 190
1850780 190
1850790 190
1850800 190
1850810 190
1850820 190
1850830 190
1850840 190
1850850 190
1850860 190
1850870 190
1850880 190
1850890 190
1850900 189
1850910 189
1850920 189
1850930 189
1850940 188
1850950 188
1850960 188
1850970 187
1850980 187
1850990 187
1851000 187
1851010 186
1851020 186
1851030 186
1851040 186
1851050 186
1851060 185
1851070 185
1851080 185
1851090 185
1851100 184
1851110 184
1851120 184
1851130 183
1851140 183
1851150 183
1851160 182
1851170 182
1851180 182
1851190 181
1851200 181
1851210 180
1851220 180
1851230 180
1851240 180
1851250 179
1851260 179
1851270 179
1851280 179
1851290 179
1851300 179
1851310 179
1851320 179
1851330 179
1851340 179
1851350 179
1851360 179
1851370 179
1851380 179
1851390 179
1851400 179
1851410 179
1851420 179
1851430 180
1851440 180
1851450 179
1851460 179
1851470 179
1851480 179
1851490 179
1851500 179
1851510 178
1851520 178
1851530 178
1851540 178
1851550 178
1851560 178
1851570 178
1851580 178
1851590 178
1851600 178
1851610 179
1851620 179
1851630 179
1851640 180
1851650 180
1851660 181
1851670 181
1851680 181
1851690 183
1851700 185
1851710 185
1851720 187
1851730 187
1851740 188
1851750 188
1851760 188
1851770 188
1851780 188
1851790 188
1851800 188
1851810 188
1851820 188
1851830 188
1851840 189
1851850 189
1851860 189
1851870 189
1851880 189
1851890 190
1851900 190
1851910 190
1851920 190
1851930 190
1851940 190
1851950 189
1851960 190
1851970 190
1851980 189
1851990 189
1852000 189
1852010 189
1852020 188
1852030 188
1852040 187
1852050 186
1852060 186
1852070 185
1852080 184
1852090 184
1852100 183
1852110 182
1852120 182
1852130 181
1852140 181
1852150 181
1852160 180
1852170 180
1852180 180
1852190 180
1852200 181
1852210 181
1852220 181
1852230 182
1852240 182
1852250 182
1852260 183
1852270 183
1852280 183
1852290 184
1852300 184
1852310 184
1852320 185
1852330 185
1852340 185
1852350 186
1852360 186
1852370 186
1852380 187
1852390 187
1852400 187
1852410 188
1852420 188
1852430 188
1852440 189
1852450 189
1852460 189
1852470 189
1852480 189
1852490 190
1852500 190
1852510 190
1852520 190
1852530 190
1852540 190
1852550 190
1852560 190
1852570 190
1852580 190
1852590 190
1852600 190
1852610 190
1852620 190
1852630 190
1852640 190
1852650 190
1852660 190
1852670 190
1852680 190
1852690 190
1852700 190
1852710 189
1852720 189
1852730 189
1852740 189
1852750 189
1852760 189
1852770 189
1852780 189
1852790 189
1852800 188
1852810 188
1852820 188
1852830 188
1852840 188
1852850 188
1852860 188
1852870 188
1852880 188
1852890 188
1852900 188
1852910 188
1852920 188
1852930 188
1852940 188
1852950 188
1852960 188
1852970 187
1852980 187
1852990 187
1853000 187
1853010 187
1853020 187
1853030 187
1853040 187
1853050 187
1853060 188
1853070 188
1853080 188
1853090 188
1853100 188
1853110 188
1853120 188
1853130 188
1853140 188
1853150 188
1853160 188
1853170 188
1853180 188
1853190 188
1853200 188
1853210 188
1853220 188
1853230 188
1853240 188
1853250 188
1853260 188
1853270 187
1853280 187
1853290 187
1853300 187
1853310 187
1853320 186
1853330 186
1853340 186
1853350 185
1853360 185
1853370 185
1853380 184
1853390 184
1853400 184
1853410 183
1853420 182
1853430 182
1853440 182
1853450 181
1853460 181
1853470 181
1853480 180
1853490 180
1853500 179
1853510 179
1853520 179
1853530 178
1853540 178
1853550 178
1853560 177
1853570 177
1853580 177
1853590 176
1853600 176
1853610 176
1853620 175
1853630 174
1853640 174
1853650 174
1853660 174
1853670 174
1853680 173
1853690 173
1853700 173
1853710 173
1853720 172
1853730 171
1853740 171
1853750 170
1853760 170
1853770 169
1853780 169
1853790 169
1853800 168
1853810 168
1853820 168
1853830 167
1853840 166
1853850 166
1853860 166
1853870 166
1853880 166
1853890 165
1853900 165
1853910 165
1853920 165
1853930 164
1853940 164
1853950 163
1853960 163
1853970 163
1853980 162
1853990 162
1854000 162
1854010 162
1854020 162
1854030 162
1854040 162
1854050 161
1854060 161
1854070 161
1854080 161
1854090 161
1854100 161
1854110 161
1854120 161
1854130 161
1854140 161
1854150 161
1854160 161
1854170 160
1854180 160
1854190 160
1854200 160
1854210 160
1854220 160
1854230 160
1854240 160
1854250 160
1854260 159
1854270 159
1854280 158
1854290 159
1854300 159
1854310 159
1854320 159
1854330 159
1854340 160
1854350 160
1854360 160
1854370 160
1854380 160
1854390 160
1854400 160
1854410 160
1854420 160
1854430 160
1854440 160
1854450 160
1854460 161
1854470 161
1854480 161
1854490 161
1854500 162
1854510 162
1854520 163
1854530 164
1854540 164
1854550 164
1854560 165
1854570 165
1854580 166
1854590 167
1854600 167
1854610 168
1854620 169
1854630 169
1854640 171
1854650 172
1854660 172
1854670 172
1854680 173
1854690 173
1854700 173
1854710 173
1854720 173
1854730 173
1854740 174
1854750 174
1854760 174
1854770 174
1854780 174
1854790 175
1854800 176
1854810 176
1854820 176
1854830 177
1854840 177
1854850 178
1854860 179
1854870 179
1854880 180
1854890 180
1854900 181
1854910 182
1854920 182
1854930 184
1854940 186
1854950 186
1854960 188
1854970 189
1854980 189
1854990 190
1855000 191
1855010 191
1855020 191
1855030 192
1855040 192
1855050 193
1855060 195
1855070 195
1855080 195
1855090 196
1855100 196
1855110 196
1855120 197
1855130 197
1855140 200
1855150 201
1855160 201
1855170 201
1855180 201
1855190 201
1855200 202
1855210 202
1855220 202
1855230 203
1855240 203
1855250 203
1855260 204
1855270 204
1855280 204
1855290 205
1855300 206
1855310 206
1855320 206
1855330 207
1855340 207
1855350 207
1855360 208
1855370 208
1855380 208
1855390 209
1855400 209
1855410 209
1855420 209
1855430 209
1855440 210
1855450 210
1855460 210
1855470 210
1855480 210
1855490 211
1855500 211
1855510 211
1855520 211
1855530 211
1855540 211
1855550 211
1855560 211
1855570 211
1855580 211
1855590 211
1855600 211
1855610 211
1855620 211
1855630 211
1855640 211
1855650 211
1855660 211
1855670 211
1855680 211
1855690 211
1855700 211
1855710 211
1855720 211
1855730 211
1855740 211
1855750 211
1855760 211
1855770 211
1855780 211
1855790 211
1855800 211
1855810 211
1855820 211
1855830 211
1855840 211
1855850 211
1855860 211
1855870 210
1855880 210
1855890 210
1855900 210
1855910 210
1855920 210
1855930 209
1855940 209
1855950 209
1855960 209
1855970 209
1855980 208
1855990 208
1856000 208
1856010 207
1856020 207
1856030 207
1856040 206
1856050 206
1856060 206
1856070 205
1856080 204
1856090 204
1856100 204
1856110 204
1856120 204
1856130 203
1856140 203
1856150 203
1856160 202
1856170 202
1856180 202
1856190 201
1856200 200
1856210 200
1856220 199
1856230 199
1856240 199
1856250 197
1856260 197
1856270 197
1856280 196
1856290 196
1856300 196
1856310 195
1856320 195
1856330 195
1856340 195
1856350 195
1856360 195
1856370 195
1856380 195
1856390 195
1856400 196
1856410 196
1856420 196
1856430 196
1856440 196
1856450 196
1856460 196
1856470 196
1856480 196
1856490 196
1856500 196
1856510 197
1856520 197
1856530 197
1856540 197
1856550 197
1856560 197
1856570 196
1856580 195
1856590 195
1856600 194
1856610 193
1856620 193
1856630 193
1856640 193
1856650 193
1856660 193
1856670 193
1856680 193
1856690 194
1856700 194
1856710 194
1856720 195
1856730 196
1856740 196
1856750 197
1856760 200
1856770 200
1856780 202
1856790 203
1856800 203
1856810 204
1856820 205
1856830 205
1856840 205
1856850 205
1856860 205
1856870 207
1856880 207
1856890 207
1856900 207
1856910 207
1856920 207
1856930 208
1856940 208
1856950 208
1856960 208
1856970 208
1856980 208
1856990 207
1857000 207
1857010 207
1857020 207
1857030 207
1857040 207
1857050 207
1857060 207
1857070 207
1857080 207
1857090 206
1857100 206
1857110 206
1857120 205
1857130 205
1857140 204
1857150 203
1857160 203
1857170 202
1857180 201
1857190 201
1857200 200
1857210 199
1857220 199
1857230 198
1857240 197
1857250 197
1857260 196
1857270 196
1857280 196
1857290 195
1857300 195
1857310 195
1857320 195
1857330 195
1857340 195
1857350 195
1857360 195
1857370 195
1857380 194
1857390 194
1857400 194
1857410 194
1857420 194
1857430 194
1857440 194
1857450 194
1857460 194
1857470 194
1857480 194
1857490 194
1857500 193
1857510 193
1857520 193
1857530 192
1857540 191
1857550 191
1857560 190
1857570 190
1857580 190
1857590 188
1857600 187
1857610 187
1857620 187
1857630 186
1857640 186
1857650 185
1857660 183
1857670 183
1857680 182
1857690 183
1857700 183
1857710 183
1857720 182
1857730 182
1857740 181
1857750 181
1857760 181
1857770 180
1857780 180
1857790 180
1857800 179
1857810 179
1857820 179
1857830 179
1857840 178
1857850 178
1857860 177
1857870 177
1857880 177
1857890 176
1857900 176
1857910 176
1857920 176
1857930 175
1857940 175
1857950 175
1857960 175
1857970 175
1857980 174
1857990 174
1858000 174
1858010 174
1858020 174
1858030 173
1858040 173
1858050 173
1858060 172
1858070 172
1858080 172
1858090 172
1858100 171
1858110 171
1858120 171
1858130 171
1858140 171
1858150 171
1858160 171
1858170 171
1858180 171
1858190 171
1858200 171
1858210 171
1858220 170
1858230 170
1858240 170
1858250 169
1858260 169
1858270 169
1858280 169
1858290 169
1858300 169
1858310 169
1858320 169
1858330 169
1858340 169
1858350 169
1858360 169
1858370 169
1858380 169
1858390 168
1858400 168
1858410 168
1858420 168
1858430 168
1858440 168
1858450 168
1858460 168
1858470 168
1858480 168
1858490 168
1858500 168
1858510 167
1858520 167
1858530 167
1858540 167
1858550 167
1858560 167
1858570 167
1858580 167
1858590 167
1858600 167
1858610 167
1858620 167
1858630 166
1858640 166
1858650 166
1858660 166
1858670 166
1858680 166
1858690 166
1858700 166
1858710 166
1858720 166
1858730 166
1858740 166
1858750 166
1858760 166
1858770 166
1858780 166
1858790 166
1858800 166
1858810 166
1858820 166
1858830 166
1858840 166
1858850 166
1858860 166
1858870 165
1858880 165
1858890 165
1858900 165
1858910 165
1858920 165
1858930 165
1858940 165
1858950 165
1858960 165
1858970 165
1858980 165
1858990 165
1859000 165
1859010 165
1859020 166
1859030 165
1859040 165
1859050 165
1859060 165
1859070 165
1859080 165
1859090 165
1859100 165
1859110 165
1859120 165
1859130 165
1859140 165
1859150 165
1859160 165
1859170 165
1859180 164
1859190 164
1859200 164
1859210 164
1859220 164
1859230 164
1859240 164
1859250 164
1859260 164
1859270 164
1859280 164
1859290 164
1859300 164
1859310 164
1859320 164
1859330 164
1859340 164
1859350 164
1859360 164
1859370 164
1859380 164
1859390 164
1859400 164
1859410 164
1859420 164
1859430 164
1859440 164
1859450 164
1859460 164
1859470 164
1859480 164
1859490 164
1859500 164
1859510 164
1859520 164
1859530 164
1859540 164
1859550 164
1859560 164
1859570 164
1859580 164
1859590 164
1859600 164
1859610 164
1859620 164
1859630 164
1859640 164
1859650 164
1859660 164
1859670 164
1859680 164
1859690 164
1859700 164
1859710 164
1859720 164
1859730 164
1859740 164
1859750 164
1859760 164
1859770 164
1859780 164
1859790 164
1859800 164
1859810 164
1859820 164
1859830 164
1859840 164
1859850 164
1859860 164
1859870 164
1859880 163
1859890 163
1859900 163
1859910 163
1859920 163
1859930 163
1859940 163
1859950 163
1859960 163
1859970 163
1859980 163
1859990 163
