1840000 221
1840010 222
1840020 222
1840030 222
1840040 223
1840050 223
1840060 223
1840070 223
1840080 223
1840090 223
1840100 222
1840110 222
1840120 222
1840130 221
1840140 220
1840150 220
1840160 219
1840170 219
1840180 218
1840190 217
1840200 217
1840210 216
1840220 215
1840230 215
1840240 214
1840250 213
1840260 213
1840270 212
1840280 210
1840290 210
1840300 209
1840310 208
1840320 208
1840330 207
1840340 206
1840350 206
1840360 205
1840370 204
1840380 204
1840390 203
1840400 202
1840410 202
1840420 202
1840430 201
1840440 202
1840450 202
1840460 201
1840470 201
1840480 201
1840490 201
1840500 201
1840510 201
1840520 201
1840530 201
1840540 202
1840550 204
1840560 204
1840570 205
1840580 206
1840590 206
1840600 206
1840610 206
1840620 206
1840630 206
1840640 206
1840650 206
1840660 206
1840670 206
1840680 206
1840690 206
1840700 206
1840710 206
1840720 207
1840730 209
1840740 209
1840750 211
1840760 211
1840770 211
1840780 211
1840790 211
1840800 211
1840810 213
1840820 213
1840830 213
1840840 213
1840850 213
1840860 213
1840870 214
1840880 214
1840890 214
1840900 214
1840910 213
1840920 213
1840930 213
1840940 213
1840950 213
1840960 213
1840970 213
1840980 213
1840990 212
1841000 212
1841010 212
1841020 211
1841030 211
1841040 211
1841050 210
1841060 210
1841070 210
1841080 210
1841090 210
1841100 210
1841110 209
1841120 209
1841130 209
1841140 209
1841150 209
1841160 209
1841170 210
1841180 209
1841190 209
1841200 209
1841210 209
1841220 209
1841230 208
1841240 208
1841250 208
1841260 207
1841270 206
1841280 206
1841290 206
1841300 205
1841310 205
1841320 204
1841330 203
1841340 203
1841350 202
1841360 201
1841370 201
1841380 200
1841390 199
1841400 199
1841410 198
1841420 197
1841430 197
1841440 196
1841450 195
1841460 195
1841470 194
1841480 193
1841490 193
1841500 193
1841510 192
1841520 192
1841530 192
1841540 191
1841550 191
1841560 191
1841570 190
1841580 190
1841590 190
1841600 188
1841610 188
1841620 187
1841630 186
1841640 186
1841650 186
1841660 186
1841670 186
1841680 186
1841690 185
1841700 185
1841710 185
1841720 185
1841730 185
1841740 185
1841750 186
1841760 186
1841770 187
1841780 187
1841790 187
1841800 186
1841810 186
1841820 186
1841830 186
1841840 186
1841850 186
1841860 186
1841870 186
1841880 186
1841890 186
1841900 186
1841910 186
1841920 186
1841930 186
1841940 186
1841950 187
1841960 187
1841970 187
1841980 187
1841990 187
1842000 187
1842010 188
1842020 188
1842030 188
1842040 188
1842050 188
1842060 189
1842070 190
1842080 190
1842090 190
1842100 190
1842110 190
1842120 190
1842130 190
1842140 190
1842150 189
1842160 189
1842170 189
1842180 188
1842190 188
1842200 188
1842210 188
1842220 188
1842230 188
1842240 188
1842250 189
1842260 189
1842270 189
1842280 191
1842290 191
1842300 193
1842310 195
1842320 195
1842330 197
1842340 199
1842350 199
1842360 201
1842370 203
1842380 203
1842390 205
1842400 207
1842410 207
1842420 210
1842430 212
1842440 212
1842450 213
1842460 213
1842470 213
1842480 213
1842490 213
1842500 213
1842510 212
1842520 211
1842530 211
1842540 211
1842550 210
1842560 210
1842570 210
1842580 210
1842590 210
1842600 209
1842610 208
1842620 208
1842630 204
1842640 203
1842650 203
1842660 203
1842670 203
1842680 203
1842690 204
1842700 205
1842710 205
1842720 206
1842730 208
1842740 208
1842750 209
1842760 212
1842770 212
1842780 213
1842790 214
1842800 214
1842810 215
1842820 216
1842830 216
1842840 217
1842850 217
1842860 217
1842870 217
1842880 218
1842890 218
1842900 218
1842910 219
1842920 219
1842930 220
1842940 221
1842950 221
1842960 222
1842970 224
1842980 224
1842990 227
1843000 228
1843010 228
1843020 229
1843030 230
1843040 230
1843050 230
1843060 231
1843070 231
1843080 232
1843090 233
1843100 233
1843110 234
1843120 235
1843130 235
1843140 235
1843150 236
1843160 236
1843170 236
1843180 237
1843190 237
1843200 237
1843210 237
1843220 237
1843230 237
1843240 237
1843250 237
1843260 237
1843270 237
1843280 237
1843290 236
1843300 236
1843310 236
1843320 235
1843330 234
1843340 234
1843350 232
1843360 229
1843370 229
1843380 227
1843390 227
1843400 227
1843410 227
1843420 227
1843430 228
1843440 228
1843450 228
1843460 228
1843470 227
1843480 227
1843490 226
1843500 225
1843510 225
1843520 225
1843530 225
1843540 225
1843550 225
1843560 225
1843570 225
1843580 225
1843590 225
1843600 225
1843610 225
1843620 225
1843630 225
1843640 225
1843650 225
1843660 225
1843670 225
1843680 226
1843690 226
1843700 227
1843710 228
1843720 229
1843730 231
1843740 233
1843750 233
1843760 234
1843770 235
1843780 235
1843790 236
1843800 237
1843810 237
1843820 238
1843830 238
1843840 238
1843850 239
1843860 239
1843870 239
1843880 239
1843890 240
1843900 240
1843910 240
1843920 240
1843930 240
1843940 240
1843950 240
1843960 240
1843970 240
1843980 241
1843990 241
1844000 241
1844010 241
1844020 241
1844030 241
1844040 241
1844050 241
1844060 241
1844070 241
1844080 239
1844090 239
1844100 239
1844110 239
1844120 239
1844130 239
1844140 239
1844150 238
1844160 239
1844170 239
1844180 239
1844190 239
1844200 239
1844210 239
1844220 239
1844230 239
1844240 239
1844250 239
1844260 239
1844270 239
1844280 239
1844290 239
1844300 239
1844310 239
1844320 239
1844330 239
1844340 239
1844350 239
1844360 239
1844370 239
1844380 239
1844390 239
1844400 238
1844410 238
1844420 239
1844430 239
1844440 239
1844450 239
1844460 240
1844470 240
1844480 240
1844490 241
1844500 241
1844510 241
1844520 241
1844530 241
1844540 242
1844550 242
1844560 242
1844570 242
1844580 242
1844590 242
1844600 242
1844610 242
1844620 242
1844630 242
1844640 242
1844650 242
1844660 242
1844670 242
1844680 242
1844690 242
1844700 242
1844710 242
1844720 241
1844730 241
1844740 241
1844750 241
1844760 241
1844770 241
1844780 241
1844790 241
1844800 241
1844810 241
1844820 240
1844830 240
1844840 240
1844850 240
1844860 240
1844870 239
1844880 239
1844890 239
1844900 239
1844910 238
1844920 238
1844930 238
1844940 237
1844950 237
1844960 237
1844970 237
1844980 237
1844990 236
1845000 236
1845010 236
1845020 235
1845030 235
1845040 235
1845050 235
1845060 235
1845070 235
1845080 235
1845090 235
1845100 234
1845110 234
1845120 234
1845130 233
1845140 233
1845150 233
1845160 233
1845170 232
1845180 232
1845190 231
1845200 231
1845210 231
1845220 230
1845230 229
1845240 229
1845250 229
1845260 228
1845270 228
1845280 228
1845290 228
1845300 228
1845310 227
1845320 227
1845330 227
1845340 227
1845350 226
1845360 226
1845370 226
1845380 225
1845390 225
1845400 224
1845410 224
1845420 224
1845430 222
1845440 221
1845450 221
1845460 220
1845470 218
1845480 218
1845490 217
1845500 216
1845510 216
1845520 216
1845530 217
1845540 217
1845550 218
1845560 219
1845570 219
1845580 220
1845590 221
1845600 221
1845610 222
1845620 223
1845630 223
1845640 223
1845650 224
1845660 224
1845670 224
1845680 224
1845690 224
1845700 225
1845710 225
1845720 225
1845730 226
1845740 226
1845750 226
1845760 227
1845770 227
1845780 227
1845790 227
1845800 227
1845810 227
1845820 227
1845830 227
1845840 227
1845850 228
1845860 228
1845870 228
1845880 229
1845890 228
1845900 228
1845910 228
1845920 228
1845930 228
1845940 228
1845950 228
1845960 228
1845970 228
1845980 228
1845990 228
1846000 228
1846010 228
1846020 228
1846030 228
1846040 228
1846050 228
1846060 228
1846070 228
1846080 228
1846090 229
1846100 229
1846110 229
1846120 228
1846130 228
1846140 228
1846150 228
1846160 228
1846170 228
1846180 228
1846190 227
1846200 227
1846210 227
1846220 227
1846230 227
1846240 227
1846250 227
1846260 227
1846270 227
1846280 226
1846290 226
1846300 226
1846310 226
1846320 226
1846330 226
1846340 226
1846350 226
1846360 226
1846370 226
1846380 226
1846390 225
1846400 225
1846410 225
1846420 225
1846430 225
1846440 225
1846450 225
1846460 225
1846470 225
1846480 225
1846490 224
1846500 224
1846510 224
1846520 224
1846530 224
1846540 224
1846550 224
1846560 224
1846570 223
1846580 223
1846590 222
1846600 222
1846610 222
1846620 221
1846630 221
1846640 221
1846650 221
1846660 221
1846670 221
1846680 221
1846690 221
1846700 221
1846710 222
1846720 222
1846730 222
1846740 222
1846750 222
1846760 222
1846770 222
1846780 221
1846790 221
1846800 221
1846810 220
1846820 220
1846830 219
1846840 219
1846850 219
1846860 218
1846870 217
1846880 217
1846890 217
1846900 216
1846910 216
1846920 216
1846930 216
1846940 216
1846950 215
1846960 214
1846970 214
1846980 214
1846990 213
1847000 213
1847010 213
1847020 212
1847030 212
1847040 211
1847050 211
1847060 211
1847070 210
1847080 210
1847090 210
1847100 209
1847110 209
1847120 209
1847130 209
1847140 209
1847150 209
1847160 208
1847170 208
1847180 208
1847190 208
1847200 208
1847210 208
1847220 207
1847230 207
1847240 207
1847250 207
1847260 206
1847270 206
1847280 206
1847290 205
1847300 205
1847310 205
1847320 203
1847330 203
1847340 203
1847350 203
1847360 203
1847370 203
1847380 202
1847390 202
1847400 201
1847410 200
1847420 200
1847430 199
1847440 199
1847450 199
1847460 198
1847470 198
1847480 198
1847490 197
1847500 197
1847510 197
1847520 196
1847530 196
1847540 196
1847550 196
1847560 195
1847570 195
1847580 194
1847590 194
1847600 194
1847610 194
1847620 192
1847630 192
1847640 191
1847650 190
1847660 190
1847670 190
1847680 187
1847690 187
1847700 186
1847710 186
1847720 186
1847730 185
1847740 185
1847750 185
1847760 185
1847770 184
1847780 184
1847790 184
1847800 184
1847810 184
1847820 184
1847830 184
1847840 184
1847850 183
1847860 183
1847870 183
1847880 183
1847890 183
1847900 183
1847910 183
1847920 183
1847930 183
1847940 183
1847950 183
1847960 183
1847970 183
1847980 183
1847990 183
1848000 183
1848010 183
1848020 183
1848030 183
1848040 183
1848050 183
1848060 183
1848070 184
1848080 184
1848090 184
1848100 184
1848110 184
1848120 184
1848130 184
1848140 184
1848150 184
1848160 184
1848170 184
1848180 184
1848190 184
1848200 184
1848210 184
1848220 184
1848230 184
1848240 184
1848250 184
1848260 185
1848270 185
1848280 185
1848290 185
1848300 185
1848310 185
1848320 186
1848330 186
1848340 186
1848350 187
1848360 188
1848370 188
1848380 188
1848390 190
1848400 191
1848410 192
1848420 194
1848430 194
1848440 195
1848450 196
1848460 196
1848470 197
1848480 196
1848490 196
1848500 197
1848510 198
1848520 198
1848530 199
1848540 200
1848550 200
1848560 202
1848570 204
1848580 204
1848590 206
1848600 208
1848610 208
1848620 210
1848630 212
1848640 212
1848650 213
1848660 215
1848670 215
1848680 215
1848690 216
1848700 216
1848710 219
1848720 220
1848730 220
1848740 221
1848750 222
1848760 222
1848770 222
1848780 223
1848790 223
1848800 223
1848810 224
1848820 224
1848830 225
1848840 225
1848850 225
1848860 225
1848870 226
1848880 226
1848890 226
1848900 226
1848910 226
1848920 226
1848930 226
1848940 226
1848950 227
1848960 227
1848970 227
1848980 226
1848990 226
1849000 226
1849010 226
1849020 226
1849030 226
1849040 226
1849050 226
1849060 226
1849070 226
1849080 225
1849090 225
1849100 225
1849110 225
1849120 225
1849130 224
1849140 224
1849150 224
1849160 224
1849170 224
1849180 224
1849190 224
1849200 223
1849210 223
1849220 223
1849230 223
1849240 223
1849250 224
1849260 224
1849270 224
1849280 224
1849290 224
1849300 224
1849310 224
1849320 223
1849330 223
1849340 223
1849350 223
1849360 223
1849370 222
1849380 222
1849390 222
1849400 221
1849410 221
1849420 221
1849430 220
1849440 220
1849450 220
1849460 219
1849470 218
1849480 218
1849490 218
1849500 217
1849510 217
1849520 217
1849530 216
1849540 216
1849550 215
1849560 214
1849570 214
1849580 213
1849590 212
1849600 212
1849610 211
1849620 210
1849630 210
1849640 209
1849650 208
1849660 208
1849670 206
1849680 205
1849690 205
1849700 204
1849710 203
1849720 203
1849730 202
1849740 202
1849750 202
1849760 202
1849770 202
1849780 201
1849790 201
1849800 201
1849810 201
1849820 200
1849830 200
1849840 200
1849850 200
1849860 200
1849870 200
1849880 200
1849890 200
1849900 200
1849910 201
1849920 201
1849930 201
1849940 202
1849950 202
1849960 202
1849970 202
1849980 202
1849990 202
1850000 202
1850010 202
1850020 202
1850030 202
1850040 202
1850050 202
1850060 203
1850070 203
1850080 203
1850090 203
1850100 203
1850110 203
1850120 203
1850130 203
1850140 203
1850150 203
1850160 203
1850170 202
1850180 202
1850190 202
1850200 202
1850210 202
1850220 202
1850230 202
1850240 202
1850250 202
1850260 202
1850270 202
1850280 202
1850290 202
1850300 202
1850310 202
1850320 202
1850330 202
1850340 202
1850350 202
1850360 202
1850370 202
1850380 201
1850390 201
1850400 201
1850410 201
1850420 200
1850430 200
1850440 200
1850450 199
1850460 199
1850470 198
1850480 198
1850490 198
1850500 197
1850510 197
1850520 197
1850530 196
1850540 196
1850550 196
1850560 195
1850570 195
1850580 195
1850590 195
1850600 194
1850610 194
1850620 194
1850630 194
1850640 194
1850650 193
1850660 193
1850670 193
1850680 193
1850690 192
1850700 192
1850710 192
1850720 192
1850730 192
1850740 192
1850750 192
1850760 192
1850770 192
1850780 191
1850790 191
1850800 191
1850810 191
1850820 191
1850830 191
1850840 191
1850850 191
1850860 191
1850870 191
1850880 191
1850890 191
1850900 191
1850910 191
1850920 191
1850930 191
1850940 191
1850950 191
1850960 191
1850970 191
1850980 191
1850990 190
1851000 190
1851010 190
1851020 190
1851030 190
1851040 190
1851050 190
1851060 190
1851070 189
1851080 189
1851090 189
1851100 188
1851110 188
1851120 188
1851130 187
1851140 187
1851150 187
1851160 186
1851170 186
1851180 186
1851190 185
1851200 185
1851210 185
1851220 184
1851230 184
1851240 183
1851250 182
1851260 182
1851270 182
1851280 181
1851290 181
1851300 181
1851310 180
1851320 180
1851330 180
1851340 180
1851350 180
1851360 179
1851370 179
1851380 179
1851390 179
1851400 179
1851410 179
1851420 179
1851430 179
1851440 179
1851450 179
1851460 179
1851470 179
1851480 178
1851490 178
1851500 178
1851510 177
1851520 177
1851530 177
1851540 177
1851550 177
1851560 177
1851570 177
1851580 177
1851590 177
1851600 177
1851610 177
1851620 177
1851630 177
1851640 177
1851650 177
1851660 176
1851670 176
1851680 176
1851690 176
1851700 176
1851710 176
1851720 176
1851730 177
1851740 177
1851750 177
1851760 177
1851770 177
1851780 177
1851790 178
1851800 178
1851810 178
1851820 179
1851830 179
1851840 180
1851850 181
1851860 181
1851870 183
1851880 184
1851890 184
1851900 185
1851910 186
1851920 186
1851930 187
1851940 187
1851950 187
1851960 187
1851970 187
1851980 187
1851990 187
1852000 187
1852010 187
1852020 187
1852030 187
1852040 187
1852050 186
1852060 186
1852070 186
1852080 185
1852090 184
1852100 184
1852110 183
1852120 182
1852130 182
1852140 181
1852150 180
1852160 180
1852170 179
1852180 179
1852190 179
1852200 178
1852210 179
1852220 179
1852230 179
1852240 179
1852250 179
1852260 180
1852270 180
1852280 180
1852290 181
1852300 181
1852310 182
1852320 182
1852330 182
1852340 182
1852350 182
1852360 182
1852370 182
1852380 183
1852390 183
1852400 183
1852410 184
1852420 185
1852430 185
1852440 185
1852450 186
1852460 186
1852470 186
1852480 187
1852490 187
1852500 188
1852510 188
1852520 188
1852530 188
1852540 188
1852550 188
1852560 188
1852570 188
1852580 188
1852590 188
1852600 188
1852610 188
1852620 189
1852630 189
1852640 189
1852650 189
1852660 189
1852670 189
1852680 189
1852690 190
1852700 190
1852710 190
1852720 189
1852730 189
1852740 189
1852750 189
1852760 189
1852770 189
1852780 188
1852790 188
1852800 188
1852810 188
1852820 188
1852830 188
1852840 187
1852850 187
1852860 187
1852870 187
1852880 187
1852890 187
1852900 187
1852910 187
1852920 187
1852930 187
1852940 187
1852950 187
1852960 187
1852970 187
1852980 187
1852990 187
1853000 187
1853010 187
1853020 187
1853030 187
1853040 187
1853050 187
1853060 187
1853070 187
1853080 187
1853090 187
1853100 188
1853110 188
1853120 188
1853130 188
1853140 188
1853150 188
1853160 188
1853170 188
1853180 188
1853190 188
1853200 188
1853210 188
1853220 188
1853230 188
1853240 188
1853250 188
1853260 188
1853270 188
1853280 187
1853290 187
1853300 187
1853310 187
1853320 187
1853330 186
1853340 186
1853350 186
1853360 185
1853370 185
1853380 185
1853390 185
1853400 184
1853410 184
1853420 184
1853430 183
1853440 183
1853450 183
1853460 183
1853470 183
1853480 182
1853490 182
1853500 182
1853510 181
1853520 181
1853530 181
1853540 180
1853550 180
1853560 180
1853570 179
1853580 179
1853590 179
1853600 178
1853610 178
1853620 178
1853630 177
1853640 177
1853650 177
1853660 176
1853670 176
1853680 176
1853690 176
1853700 175
1853710 175
1853720 174
1853730 174
1853740 174
1853750 173
1853760 172
1853770 172
1853780 172
1853790 171
1853800 171
1853810 170
1853820 169
1853830 169
1853840 168
1853850 168
1853860 168
1853870 167
1853880 167
1853890 167
1853900 166
1853910 166
1853920 166
1853930 165
1853940 165
1853950 165
1853960 164
1853970 164
1853980 164
1853990 164
1854000 163
1854010 163
1854020 163
1854030 162
1854040 162
1854050 162
1854060 161
1854070 161
1854080 161
1854090 160
1854100 160
1854110 160
1854120 160
1854130 160
1854140 160
1854150 160
1854160 160
1854170 160
1854180 160
1854190 160
1854200 160
1854210 160
1854220 160
1854230 160
1854240 160
1854250 160
1854260 160
1854270 160
1854280 160
1854290 159
1854300 159
1854310 159
1854320 159
1854330 159
1854340 159
1854350 159
1854360 159
1854370 159
1854380 159
1854390 158
1854400 158
1854410 159
1854420 159
1854430 159
1854440 159
1854450 158
1854460 158
1854470 158
1854480 158
1854490 158
1854500 158
1854510 158
1854520 158
1854530 158
1854540 158
1854550 159
1854560 160
1854570 160
1854580 160
1854590 161
1854600 161
1854610 161
1854620 162
1854630 162
1854640 163
1854650 163
1854660 163
1854670 163
1854680 164
1854690 164
1854700 165
1854710 165
1854720 165
1854730 166
1854740 167
1854750 167
1854760 168
1854770 169
1854780 169
1854790 170
1854800 171
1854810 171
1854820 171
1854830 172
1854840 172
1854850 173
1854860 174
1854870 174
1854880 175
1854890 176
1854900 176
1854910 177
1854920 178
1854930 178
1854940 178
1854950 179
1854960 179
1854970 180
1854980 181
1854990 181
1855000 182
1855010 183
1855020 183
1855030 183
1855040 184
1855050 184
1855060 185
1855070 187
1855080 187
1855090 189
1855100 190
1855110 190
1855120 191
1855130 192
1855140 192
1855150 192
1855160 193
1855170 193
1855180 194
1855190 195
1855200 195
1855210 196
1855220 197
1855230 197
1855240 199
1855250 201
1855260 201
1855270 201
1855280 201
1855290 201
1855300 202
1855310 202
1855320 202
1855330 202
1855340 202
1855350 202
1855360 203
1855370 203
1855380 203
1855390 204
1855400 204
1855410 204
1855420 205
1855430 205
1855440 205
1855450 206
1855460 206
1855470 206
1855480 207
1855490 207
1855500 207
1855510 207
1855520 208
1855530 208
1855540 208
1855550 208
1855560 208
1855570 208
1855580 209
1855590 209
1855600 209
1855610 209
1855620 209
1855630 209
1855640 209
1855650 209
1855660 209
1855670 209
1855680 209
1855690 209
1855700 209
1855710 209
1855720 209
1855730 209
1855740 209
1855750 209
1855760 209
1855770 209
1855780 209
1855790 209
1855800 209
1855810 208
1855820 208
1855830 209
1855840 209
1855850 208
1855860 208
1855870 208
1855880 208
1855890 208
1855900 208
1855910 208
1855920 208
1855930 207
1855940 207
1855950 207
1855960 206
1855970 206
1855980 206
1855990 206
1856000 205
1856010 205
1856020 205
1856030 204
1856040 204
1856050 204
1856060 204
1856070 204
1856080 203
1856090 203
1856100 203
1856110 203
1856120 203
1856130 203
1856140 203
1856150 203
1856160 203
1856170 203
1856180 203
1856190 202
1856200 202
1856210 202
1856220 201
1856230 201
1856240 201
1856250 200
1856260 199
1856270 199
1856280 199
1856290 198
1856300 198
1856310 197
1856320 197
1856330 197
1856340 196
1856350 195
1856360 195
1856370 195
1856380 194
1856390 194
1856400 193
1856410 193
1856420 193
1856430 193
1856440 192
1856450 192
1856460 192
1856470 192
1856480 192
1856490 192
1856500 192
1856510 192
1856520 192
1856530 192
1856540 192
1856550 192
1856560 192
1856570 192
1856580 192
1856590 192
1856600 192
1856610 190
1856620 190
1856630 190
1856640 191
1856650 193
1856660 193
1856670 196
1856680 199
1856690 199
1856700 202
1856710 205
1856720 205
1856730 207
1856740 208
1856750 208
1856760 208
1856770 209
1856780 209
1856790 209
1856800 209
1856810 209
1856820 209
1856830 209
1856840 209
1856850 210
1856860 210
1856870 210
1856880 209
1856890 210
1856900 210
1856910 210
1856920 210
1856930 210
1856940 210
1856950 210
1856960 210
1856970 210
1856980 210
1856990 210
1857000 210
1857010 209
1857020 209
1857030 209
1857040 209
1857050 209
1857060 209
1857070 209
1857080 209
1857090 208
1857100 207
1857110 207
1857120 207
1857130 206
1857140 206
1857150 206
1857160 206
1857170 206
1857180 206
1857190 206
1857200 206
1857210 205
1857220 204
1857230 204
1857240 203
1857250 203
1857260 203
1857270 202
1857280 201
1857290 201
1857300 201
1857310 200
1857320 200
1857330 200
1857340 199
1857350 199
1857360 199
1857370 198
1857380 198
1857390 198
1857400 197
1857410 197
1857420 197
1857430 197
1857440 197
1857450 197
1857460 197
1857470 197
1857480 196
1857490 196
1857500 196
1857510 195
1857520 195
1857530 195
1857540 194
1857550 194
1857560 194
1857570 193
1857580 192
1857590 192
1857600 191
1857610 189
1857620 189
1857630 186
1857640 186
1857650 188
1857660 188
1857670 188
1857680 187
1857690 186
1857700 186
1857710 186
1857720 185
1857730 185
1857740 185
1857750 184
1857760 184
1857770 184
1857780 183
1857790 183
1857800 183
1857810 182
1857820 182
1857830 182
1857840 181
1857850 181
1857860 181
1857870 180
1857880 180
1857890 180
1857900 179
1857910 179
1857920 178
1857930 178
1857940 178
1857950 177
1857960 177
1857970 177
1857980 176
1857990 176
1858000 176
1858010 175
1858020 175
1858030 175
1858040 174
1858050 174
1858060 174
1858070 174
1858080 174
1858090 174
1858100 173
1858110 173
1858120 173
1858130 173
1858140 172
1858150 172
1858160 172
1858170 172
1858180 172
1858190 171
1858200 171
1858210 171
1858220 171
1858230 171
1858240 171
1858250 169
1858260 169
1858270 169
1858280 169
1858290 169
1858300 169
1858310 169
1858320 168
1858330 168
1858340 168
1858350 168
1858360 168
1858370 168
1858380 168
1858390 168
1858400 168
1858410 168
1858420 168
1858430 168
1858440 168
1858450 168
1858460 168
1858470 167
1858480 167
1858490 167
1858500 167
1858510 167
1858520 167
1858530 167
1858540 167
1858550 167
1858560 167
1858570 167
1858580 166
1858590 166
1858600 166
1858610 166
1858620 166
1858630 166
1858640 166
1858650 166
1858660 166
1858670 166
1858680 166
1858690 166
1858700 166
1858710 166
1858720 166
1858730 166
1858740 166
1858750 166
1858760 166
1858770 166
1858780 166
1858790 166
1858800 165
1858810 165
1858820 165
1858830 165
1858840 165
1858850 165
1858860 165
1858870 165
1858880 165
1858890 165
1858900 165
1858910 165
1858920 165
1858930 165
1858940 165
1858950 165
1858960 165
1858970 165
1858980 165
1858990 165
1859000 165
1859010 165
1859020 165
1859030 165
1859040 165
1859050 165
1859060 165
1859070 165
1859080 165
1859090 165
1859100 164
1859110 164
1859120 164
1859130 164
1859140 164
1859150 164
1859160 164
1859170 164
1859180 164
1859190 164
1859200 164
1859210 164
1859220 164
1859230 164
1859240 164
1859250 164
1859260 164
1859270 164
1859280 164
1859290 163
1859300 163
1859310 164
1859320 164
1859330 164
1859340 164
1859350 164
1859360 164
1859370 164
1859380 164
1859390 164
1859400 164
1859410 164
1859420 165
1859430 165
1859440 164
1859450 164
1859460 164
1859470 164
1859480 164
1859490 164
1859500 164
1859510 164
1859520 164
1859530 164
1859540 164
1859550 164
1859560 164
1859570 164
1859580 164
1859590 164
1859600 164
1859610 164
1859620 164
1859630 164
1859640 164
1859650 164
1859660 164
1859670 164
1859680 164
1859690 164
1859700 164
1859710 164
1859720 164
1859730 164
1859740 164
1859750 164
1859760 164
1859770 164
1859780 164
1859790 164
1859800 164
1859810 164
1859820 164
1859830 164
1859840 163
1859850 163
1859860 163
1859870 163
1859880 163
1859890 163
1859900 163
1859910 163
1859920 163
1859930 163
1859940 163
1859950 163
1859960 163
1859970 163
1859980 163
1859990 163
