1840000 216
1840010 216
1840020 215
1840030 215
1840040 215
1840050 214
1840060 213
1840070 213
1840080 213
1840090 213
1840100 213
1840110 212
1840120 212
1840130 212
1840140 212
1840150 211
1840160 211
1840170 211
1840180 211
1840190 211
1840200 211
1840210 210
1840220 210
1840230 210
1840240 210
1840250 210
1840260 210
1840270 210
1840280 210
1840290 210
1840300 210
1840310 210
1840320 210
1840330 210
1840340 210
1840350 210
1840360 210
1840370 210
1840380 210
1840390 210
1840400 210
1840410 211
1840420 211
1840430 211
1840440 211
1840450 212
1840460 212
1840470 212
1840480 213
1840490 213
1840500 213
1840510 213
1840520 213
1840530 213
1840540 213
1840550 213
1840560 213
1840570 213
1840580 213
1840590 213
1840600 213
1840610 213
1840620 213
1840630 213
1840640 213
1840650 212
1840660 212
1840670 212
1840680 211
1840690 211
1840700 211
1840710 210
1840720 209
1840730 209
1840740 209
1840750 209
1840760 209
1840770 209
1840780 209
1840790 209
1840800 210
1840810 210
1840820 210
1840830 210
1840840 209
1840850 209
1840860 208
1840870 207
1840880 207
1840890 206
1840900 205
1840910 205
1840920 204
1840930 203
1840940 203
1840950 202
1840960 202
1840970 202
1840980 201
1840990 201
1841000 201
1841010 200
1841020 200
1841030 200
1841040 200
1841050 200
1841060 199
1841070 199
1841080 199
1841090 199
1841100 198
1841110 198
1841120 198
1841130 198
1841140 198
1841150 198
1841160 197
1841170 197
1841180 197
1841190 197
1841200 197
1841210 197
1841220 197
1841230 197
1841240 198
1841250 198
1841260 198
1841270 198
1841280 200
1841290 200
1841300 201
1841310 202
1841320 202
1841330 204
1841340 205
1841350 205
1841360 206
1841370 207
1841380 209
1841390 209
1841400 209
1841410 209
1841420 208
1841430 207
1841440 207
1841450 206
1841460 205
1841470 205
1841480 205
1841490 205
1841500 205
1841510 205
1841520 205
1841530 205
1841540 206
1841550 207
1841560 207
1841570 210
1841580 212
1841590 212
1841600 214
1841610 215
1841620 215
1841630 216
1841640 216
1841650 216
1841660 216
1841670 216
1841680 216
1841690 215
1841700 215
1841710 215
1841720 215
1841730 214
1841740 215
1841750 214
1841760 214
1841770 214
1841780 213
1841790 213
1841800 213
1841810 212
1841820 212
1841830 212
1841840 212
1841850 211
1841860 211
1841870 211
1841880 210
1841890 210
1841900 210
1841910 209
1841920 209
1841930 208
1841940 207
1841950 207
1841960 206
1841970 205
1841980 205
1841990 204
1842000 203
1842010 203
1842020 201
1842030 200
1842040 200
1842050 199
1842060 198
1842070 198
1842080 197
1842090 196
1842100 196
1842110 195
1842120 194
1842130 194
1842140 194
1842150 194
1842160 194
1842170 193
1842180 193
1842190 193
1842200 193
1842210 192
1842220 192
1842230 192
1842240 192
1842250 192
1842260 192
1842270 192
1842280 192
1842290 193
1842300 194
1842310 194
1842320 198
1842330 202
1842340 202
1842350 205
1842360 206
1842370 206
1842380 207
1842390 207
1842400 207
1842410 207
1842420 207
1842430 207
1842440 205
1842450 203
1842460 203
1842470 201
1842480 200
1842490 200
1842500 199
1842510 200
1842520 200
1842530 201
1842540 201
1842550 203
1842560 206
1842570 206
1842580 208
1842590 210
1842600 210
1842610 211
1842620 211
1842630 211
1842640 211
1842650 210
1842660 210
1842670 208
1842680 206
1842690 206
1842700 204
1842710 203
1842720 203
1842730 204
1842740 205
1842750 205
1842760 205
1842770 205
1842780 205
1842790 205
1842800 205
1842810 205
1842820 206
1842830 203
1842840 203
1842850 203
1842860 203
1842870 203
1842880 202
1842890 202
1842900 202
1842910 201
1842920 201
1842930 201
1842940 200
1842950 199
1842960 199
1842970 199
1842980 199
1842990 199
1843000 198
1843010 198
1843020 198
1843030 199
1843040 199
1843050 199
1843060 200
1843070 200
1843080 200
1843090 201
1843100 201
1843110 201
1843120 201
1843130 201
1843140 201
1843150 202
1843160 202
1843170 202
1843180 202
1843190 200
1843200 200
1843210 200
1843220 201
1843230 201
1843240 201
1843250 202
1843260 202
1843270 202
1843280 203
1843290 203
1843300 204
1843310 204
1843320 204
1843330 205
1843340 205
1843350 205
1843360 205
1843370 205
1843380 205
1843390 205
1843400 206
1843410 206
1843420 207
1843430 207
1843440 207
1843450 208
1843460 208
1843470 208
1843480 209
1843490 209
1843500 209
1843510 209
1843520 209
1843530 209
1843540 208
1843550 208
1843560 206
1843570 206
1843580 205
1843590 205
1843600 205
1843610 206
1843620 206
1843630 207
1843640 207
1843650 207
1843660 208
1843670 209
1843680 209
1843690 211
1843700 213
1843710 213
1843720 214
1843730 216
1843740 216
1843750 218
1843760 219
1843770 219
1843780 221
1843790 222
1843800 222
1843810 224
1843820 225
1843830 225
1843840 226
1843850 227
1843860 227
1843870 228
1843880 229
1843890 229
1843900 230
1843910 231
1843920 231
1843930 232
1843940 232
1843950 232
1843960 233
1843970 234
1843980 234
1843990 234
1844000 235
1844010 235
1844020 235
1844030 236
1844040 236
1844050 236
1844060 236
1844070 236
1844080 236
1844090 236
1844100 236
1844110 236
1844120 236
1844130 237
1844140 237
1844150 237
1844160 237
1844170 238
1844180 238
1844190 238
1844200 238
1844210 238
1844220 237
1844230 238
1844240 238
1844250 238
1844260 238
1844270 238
1844280 238
1844290 238
1844300 238
1844310 238
1844320 238
1844330 238
1844340 238
1844350 239
1844360 239
1844370 239
1844380 239
1844390 239
1844400 239
1844410 239
1844420 239
1844430 239
1844440 239
1844450 239
1844460 240
1844470 240
1844480 240
1844490 240
1844500 240
1844510 240
1844520 240
1844530 240
1844540 240
1844550 240
1844560 241
1844570 241
1844580 241
1844590 241
1844600 241
1844610 241
1844620 241
1844630 241
1844640 241
1844650 240
1844660 240
1844670 240
1844680 240
1844690 240
1844700 240
1844710 240
1844720 240
1844730 239
1844740 239
1844750 239
1844760 239
1844770 239
1844780 239
1844790 238
1844800 238
1844810 238
1844820 238
1844830 237
1844840 237
1844850 237
1844860 237
1844870 237
1844880 236
1844890 236
1844900 236
1844910 235
1844920 235
1844930 235
1844940 235
1844950 235
1844960 235
1844970 234
1844980 234
1844990 234
1845000 235
1845010 235
1845020 235
1845030 235
1845040 235
1845050 235
1845060 235
1845070 236
1845080 236
1845090 236
1845100 237
1845110 237
1845120 237
1845130 237
1845140 237
1845150 237
1845160 237
1845170 237
1845180 238
1845190 238
1845200 238
1845210 238
1845220 238
1845230 238
1845240 239
1845250 239
1845260 239
1845270 239
1845280 239
1845290 239
1845300 239
1845310 239
1845320 239
1845330 239
1845340 239
1845350 239
1845360 238
1845370 238
1845380 238
1845390 238
1845400 238
1845410 238
1845420 238
1845430 238
1845440 238
1845450 238
1845460 238
1845470 238
1845480 238
1845490 238
1845500 238
1845510 237
1845520 237
1845530 237
1845540 236
1845550 236
1845560 236
1845570 235
1845580 234
1845590 234
1845600 234
1845610 234
1845620 234
1845630 233
1845640 233
1845650 233
1845660 233
1845670 233
1845680 233
1845690 232
1845700 232
1845710 232
1845720 231
1845730 231
1845740 231
1845750 231
1845760 231
1845770 231
1845780 231
1845790 231
1845800 231
1845810 230
1845820 230
1845830 230
1845840 229
1845850 229
1845860 229
1845870 230
1845880 230
1845890 230
1845900 230
1845910 230
1845920 230
1845930 229
1845940 229
1845950 229
1845960 228
1845970 228
1845980 227
1845990 226
1846000 226
1846010 225
1846020 225
1846030 225
1846040 224
1846050 222
1846060 222
1846070 221
1846080 219
1846090 219
1846100 218
1846110 217
1846120 217
1846130 216
1846140 215
1846150 215
1846160 214
1846170 212
1846180 212
1846190 211
1846200 210
1846210 210
1846220 209
1846230 208
1846240 208
1846250 208
1846260 207
1846270 207
1846280 206
1846290 204
1846300 204
1846310 203
1846320 202
1846330 202
1846340 201
1846350 200
1846360 200
1846370 199
1846380 197
1846390 197
1846400 196
1846410 194
1846420 194
1846430 193
1846440 193
1846450 193
1846460 192
1846470 191
1846480 191
1846490 191
1846500 191
1846510 191
1846520 190
1846530 191
1846540 191
1846550 191
1846560 190
1846570 190
1846580 190
1846590 189
1846600 189
1846610 189
1846620 188
1846630 188
1846640 188
1846650 187
1846660 187
1846670 187
1846680 187
1846690 187
1846700 187
1846710 188
1846720 188
1846730 188
1846740 189
1846750 189
1846760 190
1846770 190
1846780 190
1846790 191
1846800 192
1846810 192
1846820 192
1846830 193
1846840 193
1846850 193
1846860 193
1846870 193
1846880 193
1846890 193
1846900 193
1846910 193
1846920 194
1846930 194
1846940 195
1846950 196
1846960 196
1846970 197
1846980 198
1846990 198
1847000 198
1847010 199
1847020 199
1847030 199
1847040 200
1847050 200
1847060 201
1847070 202
1847080 202
1847090 203
1847100 204
1847110 204
1847120 204
1847130 205
1847140 205
1847150 205
1847160 207
1847170 207
1847180 207
1847190 208
1847200 208
1847210 208
1847220 208
1847230 208
1847240 209
1847250 209
1847260 208
1847270 208
1847280 208
1847290 207
1847300 206
1847310 206
1847320 205
1847330 204
1847340 204
1847350 202
1847360 201
1847370 201
1847380 200
1847390 199
1847400 199
1847410 197
1847420 196
1847430 196
1847440 195
1847450 195
1847460 195
1847470 194
1847480 195
1847490 195
1847500 195
1847510 196
1847520 197
1847530 197
1847540 198
1847550 198
1847560 200
1847570 202
1847580 202
1847590 204
1847600 206
1847610 206
1847620 207
1847630 209
1847640 209
1847650 210
1847660 212
1847670 212
1847680 213
1847690 214
1847700 214
1847710 216
1847720 218
1847730 218
1847740 221
1847750 223
1847760 223
1847770 225
1847780 226
1847790 226
1847800 226
1847810 227
1847820 227
1847830 228
1847840 229
1847850 229
1847860 230
1847870 229
1847880 230
1847890 230
1847900 231
1847910 231
1847920 231
1847930 232
1847940 232
1847950 232
1847960 233
1847970 233
1847980 234
1847990 234
1848000 234
1848010 235
1848020 235
1848030 235
1848040 236
1848050 236
1848060 236
1848070 236
1848080 237
1848090 237
1848100 237
1848110 238
1848120 238
1848130 238
1848140 238
1848150 238
1848160 238
1848170 238
1848180 238
1848190 239
1848200 239
1848210 239
1848220 240
1848230 240
1848240 241
1848250 242
1848260 242
1848270 242
1848280 242
1848290 242
1848300 242
1848310 243
1848320 243
1848330 243
1848340 243
1848350 243
1848360 243
1848370 243
1848380 243
1848390 243
1848400 243
1848410 243
1848420 243
1848430 242
1848440 242
1848450 242
1848460 242
1848470 242
1848480 242
1848490 242
1848500 242
1848510 242
1848520 242
1848530 242
1848540 242
1848550 241
1848560 241
1848570 241
1848580 241
1848590 240
1848600 240
1848610 240
1848620 239
1848630 239
1848640 239
1848650 238
1848660 238
1848670 237
1848680 236
1848690 236
1848700 236
1848710 235
1848720 235
1848730 234
1848740 233
1848750 233
1848760 232
1848770 231
1848780 231
1848790 230
1848800 230
1848810 229
1848820 227
1848830 227
1848840 226
1848850 225
1848860 225
1848870 224
1848880 223
1848890 223
1848900 223
1848910 222
1848920 222
1848930 221
1848940 220
1848950 218
1848960 217
1848970 216
1848980 216
1848990 215
1849000 215
1849010 215
1849020 214
1849030 213
1849040 213
1849050 212
1849060 212
1849070 212
1849080 211
1849090 210
1849100 210
1849110 209
1849120 207
1849130 207
1849140 206
1849150 205
1849160 205
1849170 204
1849180 203
1849190 203
1849200 203
1849210 202
1849220 202
1849230 201
1849240 201
1849250 201
1849260 201
1849270 200
1849280 200
1849290 200
1849300 199
1849310 199
1849320 199
1849330 198
1849340 198
1849350 198
1849360 197
1849370 197
1849380 197
1849390 197
1849400 197
1849410 196
1849420 196
1849430 196
1849440 196
1849450 195
1849460 195
1849470 195
1849480 195
1849490 195
1849500 194
1849510 194
1849520 194
1849530 194
1849540 194
1849550 194
1849560 194
1849570 194
1849580 194
1849590 194
1849600 194
1849610 194
1849620 194
1849630 195
1849640 195
1849650 195
1849660 197
1849670 197
1849680 198
1849690 199
1849700 199
1849710 200
1849720 201
1849730 201
1849740 201
1849750 201
1849760 201
1849770 200
1849780 200
1849790 200
1849800 199
1849810 199
1849820 199
1849830 198
1849840 198
1849850 198
1849860 197
1849870 197
1849880 197
1849890 196
1849900 195
1849910 195
1849920 195
1849930 194
1849940 194
1849950 193
1849960 193
1849970 193
1849980 192
1849990 192
1850000 192
1850010 191
1850020 191
1850030 191
1850040 190
1850050 190
1850060 190
1850070 190
1850080 189
1850090 189
1850100 189
1850110 189
1850120 189
1850130 188
1850140 188
1850150 188
1850160 188
1850170 187
1850180 187
1850190 187
1850200 187
1850210 187
1850220 186
1850230 186
1850240 186
1850250 185
1850260 185
1850270 185
1850280 185
1850290 185
1850300 185
1850310 185
1850320 185
1850330 185
1850340 185
1850350 185
1850360 185
1850370 185
1850380 185
1850390 185
1850400 185
1850410 185
1850420 185
1850430 185
1850440 185
1850450 185
1850460 185
1850470 185
1850480 185
1850490 185
1850500 185
1850510 185
1850520 185
1850530 185
1850540 186
1850550 186
1850560 186
1850570 186
1850580 186
1850590 186
1850600 186
1850610 186
1850620 186
1850630 186
1850640 185
1850650 185
1850660 185
1850670 184
1850680 184
1850690 183
1850700 183
1850710 183
1850720 182
1850730 182
1850740 182
1850750 182
1850760 182
1850770 182
1850780 182
1850790 181
1850800 181
1850810 181
1850820 181
1850830 181
1850840 181
1850850 181
1850860 181
1850870 182
1850880 182
1850890 182
1850900 182
1850910 183
1850920 183
1850930 183
1850940 184
1850950 184
1850960 187
1850970 188
1850980 188
1850990 188
1851000 190
1851010 190
1851020 191
1851030 192
1851040 192
1851050 194
1851060 195
1851070 195
1851080 196
1851090 197
1851100 197
1851110 197
1851120 197
1851130 197
1851140 197
1851150 197
1851160 197
1851170 197
1851180 197
1851190 197
1851200 196
1851210 196
1851220 196
1851230 196
1851240 195
1851250 195
1851260 195
1851270 195
1851280 195
1851290 195
1851300 194
1851310 194
1851320 194
1851330 194
1851340 194
1851350 194
1851360 194
1851370 194
1851380 194
1851390 194
1851400 194
1851410 194
1851420 194
1851430 194
1851440 193
1851450 193
1851460 193
1851470 193
1851480 193
1851490 193
1851500 193
1851510 193
1851520 193
1851530 193
1851540 193
1851550 193
1851560 193
1851570 193
1851580 193
1851590 193
1851600 192
1851610 192
1851620 192
1851630 192
1851640 192
1851650 192
1851660 192
1851670 192
1851680 192
1851690 192
1851700 192
1851710 192
1851720 192
1851730 192
1851740 192
1851750 192
1851760 192
1851770 192
1851780 192
1851790 192
1851800 192
1851810 192
1851820 192
1851830 192
1851840 192
1851850 192
1851860 192
1851870 192
1851880 192
1851890 192
1851900 192
1851910 192
1851920 192
1851930 192
1851940 192
1851950 191
1851960 191
1851970 191
1851980 191
1851990 191
1852000 191
1852010 191
1852020 191
1852030 191
1852040 190
1852050 190
1852060 190
1852070 190
1852080 190
1852090 189
1852100 188
1852110 188
1852120 188
1852130 187
1852140 187
1852150 186
1852160 185
1852170 185
1852180 184
1852190 183
1852200 183
1852210 183
1852220 182
1852230 182
1852240 182
1852250 182
1852260 182
1852270 181
1852280 181
1852290 181
1852300 180
1852310 180
1852320 180
1852330 180
1852340 180
1852350 180
1852360 180
1852370 180
1852380 180
1852390 179
1852400 179
1852410 179
1852420 179
1852430 179
1852440 179
1852450 178
1852460 178
1852470 178
1852480 178
1852490 178
1852500 179
1852510 179
1852520 179
1852530 179
1852540 180
1852550 180
1852560 180
1852570 181
1852580 181
1852590 181
1852600 182
1852610 182
1852620 182
1852630 183
1852640 183
1852650 183
1852660 183
1852670 183
1852680 183
1852690 182
1852700 182
1852710 182
1852720 181
1852730 180
1852740 180
1852750 179
1852760 179
1852770 179
1852780 178
1852790 177
1852800 177
1852810 176
1852820 176
1852830 176
1852840 175
1852850 175
1852860 175
1852870 174
1852880 174
1852890 174
1852900 174
1852910 174
1852920 174
1852930 175
1852940 176
1852950 176
1852960 177
1852970 178
1852980 178
1852990 178
1853000 179
1853010 179
1853020 179
1853030 179
1853040 179
1853050 179
1853060 178
1853070 178
1853080 178
1853090 178
1853100 178
1853110 178
1853120 178
1853130 178
1853140 178
1853150 178
1853160 178
1853170 178
1853180 178
1853190 178
1853200 177
1853210 177
1853220 177
1853230 176
1853240 176
1853250 176
1853260 175
1853270 175
1853280 175
1853290 175
1853300 174
1853310 174
1853320 174
1853330 174
1853340 174
1853350 173
1853360 173
1853370 173
1853380 173
1853390 173
1853400 173
1853410 172
1853420 172
1853430 172
1853440 171
1853450 171
1853460 171
1853470 170
1853480 170
1853490 169
1853500 168
1853510 168
1853520 167
1853530 166
1853540 166
1853550 165
1853560 164
1853570 164
1853580 164
1853590 163
1853600 163
1853610 163
1853620 163
1853630 163
1853640 162
1853650 161
1853660 161
1853670 161
1853680 161
1853690 161
1853700 161
1853710 160
1853720 160
1853730 160
1853740 160
1853750 160
1853760 160
1853770 160
1853780 160
1853790 160
1853800 160
1853810 160
1853820 160
1853830 160
1853840 160
1853850 160
1853860 160
1853870 160
1853880 160
1853890 160
1853900 160
1853910 159
1853920 160
1853930 160
1853940 160
1853950 160
1853960 160
1853970 159
1853980 159
1853990 159
1854000 159
1854010 159
1854020 159
1854030 159
1854040 160
1854050 160
1854060 160
1854070 161
1854080 161
1854090 161
1854100 162
1854110 162
1854120 162
1854130 162
1854140 162
1854150 162
1854160 163
1854170 163
1854180 165
1854190 166
1854200 166
1854210 167
1854220 167
1854230 167
1854240 168
1854250 168
1854260 168
1854270 170
1854280 171
1854290 171
1854300 170
1854310 171
1854320 171
1854330 173
1854340 173
1854350 173
1854360 174
1854370 174
1854380 174
1854390 174
1854400 174
1854410 174
1854420 174
1854430 174
1854440 174
1854450 174
1854460 175
1854470 175
1854480 175
1854490 174
1854500 174
1854510 173
1854520 172
1854530 172
1854540 172
1854550 172
1854560 172
1854570 172
1854580 173
1854590 173
1854600 174
1854610 174
1854620 174
1854630 174
1854640 175
1854650 175
1854660 176
1854670 178
1854680 178
1854690 181
1854700 182
1854710 182
1854720 185
1854730 188
1854740 188
1854750 189
1854760 193
1854770 193
1854780 195
1854790 196
1854800 196
1854810 198
1854820 199
1854830 199
1854840 201
1854850 201
1854860 201
1854870 201
1854880 202
1854890 202
1854900 202
1854910 203
1854920 203
1854930 204
1854940 205
1854950 205
1854960 205
1854970 205
1854980 205
1854990 206
1855000 206
1855010 206
1855020 207
1855030 207
1855040 207
1855050 208
1855060 208
1855070 208
1855080 208
1855090 208
1855100 208
1855110 208
1855120 208
1855130 208
1855140 208
1855150 208
1855160 208
1855170 208
1855180 208
1855190 208
1855200 208
1855210 208
1855220 208
1855230 208
1855240 208
1855250 208
1855260 208
1855270 208
1855280 208
1855290 208
1855300 208
1855310 208
1855320 208
1855330 208
1855340 208
1855350 208
1855360 208
1855370 207
1855380 207
1855390 207
1855400 207
1855410 207
1855420 207
1855430 207
1855440 207
1855450 207
1855460 207
1855470 207
1855480 207
1855490 207
1855500 207
1855510 207
1855520 207
1855530 206
1855540 206
1855550 206
1855560 206
1855570 206
1855580 206
1855590 205
1855600 205
1855610 205
1855620 205
1855630 205
1855640 204
1855650 204
1855660 204
1855670 203
1855680 203
1855690 203
1855700 203
1855710 203
1855720 203
1855730 202
1855740 202
1855750 202
1855760 202
1855770 202
1855780 202
1855790 202
1855800 203
1855810 203
1855820 203
1855830 203
1855840 203
1855850 203
1855860 203
1855870 203
1855880 203
1855890 203
1855900 203
1855910 203
1855920 203
1855930 203
1855940 203
1855950 203
1855960 203
1855970 203
1855980 203
1855990 203
1856000 203
1856010 203
1856020 202
1856030 202
1856040 202
1856050 202
1856060 201
1856070 201
1856080 201
1856090 201
1856100 200
1856110 200
1856120 200
1856130 200
1856140 200
1856150 199
1856160 199
1856170 199
1856180 199
1856190 198
1856200 198
1856210 198
1856220 197
1856230 197
1856240 198
1856250 198
1856260 198
1856270 198
1856280 198
1856290 198
1856300 198
1856310 198
1856320 198
1856330 197
1856340 197
1856350 197
1856360 197
1856370 197
1856380 197
1856390 197
1856400 197
1856410 197
1856420 197
1856430 198
1856440 198
1856450 198
1856460 198
1856470 198
1856480 197
1856490 198
1856500 198
1856510 198
1856520 198
1856530 198
1856540 198
1856550 198
1856560 198
1856570 198
1856580 198
1856590 197
1856600 197
1856610 197
1856620 198
1856630 198
1856640 198
1856650 198
1856660 198
1856670 198
1856680 198
1856690 198
1856700 198
1856710 198
1856720 198
1856730 198
1856740 198
1856750 198
1856760 198
1856770 197
1856780 197
1856790 197
1856800 197
1856810 197
1856820 197
1856830 196
1856840 196
1856850 196
1856860 196
1856870 196
1856880 196
1856890 195
1856900 195
1856910 195
1856920 195
1856930 194
1856940 194
1856950 194
1856960 193
1856970 193
1856980 193
1856990 192
1857000 192
1857010 192
1857020 191
1857030 191
1857040 191
1857050 190
1857060 190
1857070 190
1857080 189
1857090 189
1857100 189
1857110 188
1857120 188
1857130 188
1857140 187
1857150 187
1857160 187
1857170 186
1857180 186
1857190 186
1857200 185
1857210 185
1857220 185
1857230 185
1857240 185
1857250 184
1857260 184
1857270 184
1857280 183
1857290 183
1857300 183
1857310 183
1857320 182
1857330 182
1857340 182
1857350 182
1857360 182
1857370 182
1857380 181
1857390 181
1857400 181
1857410 180
1857420 181
1857430 181
1857440 181
1857450 181
1857460 180
1857470 180
1857480 180
1857490 180
1857500 180
1857510 180
1857520 180
1857530 180
1857540 180
1857550 180
1857560 179
1857570 179
1857580 179
1857590 179
1857600 179
1857610 179
1857620 179
1857630 179
1857640 179
1857650 179
1857660 179
1857670 179
1857680 179
1857690 179
1857700 178
1857710 178
1857720 178
1857730 178
1857740 177
1857750 177
1857760 177
1857770 178
1857780 178
1857790 177
1857800 177
1857810 177
1857820 177
1857830 177
1857840 177
1857850 177
1857860 176
1857870 176
1857880 176
1857890 176
1857900 176
1857910 176
1857920 175
1857930 175
1857940 175
1857950 175
1857960 175
1857970 174
1857980 174
1857990 174
1858000 174
1858010 174
1858020 174
1858030 174
1858040 173
1858050 173
1858060 173
1858070 173
1858080 173
1858090 172
1858100 172
1858110 172
1858120 172
1858130 172
1858140 172
1858150 172
1858160 172
1858170 172
1858180 172
1858190 172
1858200 172
1858210 172
1858220 172
1858230 172
1858240 171
1858250 171
1858260 171
1858270 170
1858280 170
1858290 170
1858300 170
1858310 170
1858320 170
1858330 170
1858340 170
1858350 170
1858360 170
1858370 170
1858380 170
1858390 170
1858400 170
1858410 170
1858420 170
1858430 170
1858440 170
1858450 170
1858460 170
1858470 170
1858480 169
1858490 169
1858500 169
1858510 169
1858520 169
1858530 169
1858540 169
1858550 169
1858560 169
1858570 169
1858580 169
1858590 169
1858600 169
1858610 169
1858620 168
1858630 168
1858640 168
1858650 168
1858660 168
1858670 168
1858680 168
1858690 168
1858700 168
1858710 168
1858720 168
1858730 168
1858740 168
1858750 168
1858760 168
1858770 168
1858780 167
1858790 167
1858800 167
1858810 168
1858820 168
1858830 168
1858840 168
1858850 168
1858860 168
1858870 168
1858880 168
1858890 168
1858900 167
1858910 167
1858920 167
1858930 167
1858940 167
1858950 167
1858960 167
1858970 167
1858980 167
1858990 167
1859000 167
1859010 166
1859020 166
1859030 166
1859040 166
1859050 166
1859060 166
1859070 166
1859080 166
1859090 166
1859100 167
1859110 167
1859120 167
1859130 166
1859140 166
1859150 166
1859160 166
1859170 166
1859180 166
1859190 166
1859200 166
1859210 166
1859220 166
1859230 165
1859240 165
1859250 165
1859260 165
1859270 165
1859280 165
1859290 165
1859300 165
1859310 165
1859320 165
1859330 165
1859340 165
1859350 165
1859360 165
1859370 165
1859380 165
1859390 165
1859400 165
1859410 165
1859420 165
1859430 165
1859440 165
1859450 165
1859460 165
1859470 166
1859480 166
1859490 166
1859500 166
1859510 166
1859520 166
1859530 166
1859540 166
1859550 166
1859560 166
1859570 166
1859580 167
1859590 167
1859600 167
1859610 167
1859620 167
1859630 167
1859640 168
1859650 168
1859660 168
1859670 168
1859680 168
1859690 169
1859700 169
1859710 169
1859720 169
1859730 169
1859740 169
1859750 169
1859760 169
1859770 169
1859780 169
1859790 170
1859800 170
1859810 170
1859820 169
1859830 169
1859840 168
1859850 170
1859860 171
1859870 171
1859880 172
1859890 172
1859900 172
1859910 172
1859920 172
1859930 172
1859940 172
1859950 172
1859960 172
1859970 171
1859980 171
1859990 171
