1840000 215
1840010 215
1840020 214
1840030 213
1840040 213
1840050 213
1840060 213
1840070 213
1840080 212
1840090 212
1840100 212
1840110 212
1840120 212
1840130 212
1840140 211
1840150 211
1840160 211
1840170 211
1840180 211
1840190 211
1840200 211
1840210 211
1840220 211
1840230 210
1840240 210
1840250 210
1840260 210
1840270 210
1840280 210
1840290 210
1840300 210
1840310 210
1840320 211
1840330 211
1840340 211
1840350 211
1840360 212
1840370 212
1840380 212
1840390 213
1840400 213
1840410 214
1840420 215
1840430 215
1840440 215
1840450 215
1840460 215
1840470 215
1840480 215
1840490 216
1840500 216
1840510 216
1840520 216
1840530 216
1840540 216
1840550 215
1840560 215
1840570 215
1840580 215
1840590 214
1840600 214
1840610 214
1840620 213
1840630 213
1840640 212
1840650 212
1840660 212
1840670 211
1840680 211
1840690 211
1840700 211
1840710 211
1840720 211
1840730 211
1840740 211
1840750 211
1840760 211
1840770 212
1840780 212
1840790 212
1840800 211
1840810 211
1840820 210
1840830 209
1840840 209
1840850 208
1840860 207
1840870 207
1840880 206
1840890 205
1840900 205
1840910 204
1840920 203
1840930 203
1840940 203
1840950 202
1840960 202
1840970 202
1840980 201
1840990 201
1841000 201
1841010 201
1841020 201
1841030 201
1841040 201
1841050 201
1841060 200
1841070 200
1841080 200
1841090 201
1841100 201
1841110 201
1841120 201
1841130 200
1841140 202
1841150 202
1841160 203
1841170 203
1841180 203
1841190 203
1841200 203
1841210 203
1841220 204
1841230 204
1841240 204
1841250 205
1841260 205
1841270 206
1841280 206
1841290 206
1841300 208
1841310 209
1841320 209
1841330 210
1841340 211
1841350 211
1841360 211
1841370 212
1841380 212
1841390 212
1841400 211
1841410 211
1841420 210
1841430 209
1841440 209
1841450 208
1841460 208
1841470 208
1841480 207
1841490 207
1841500 209
1841510 210
1841520 211
1841530 211
1841540 212
1841550 215
1841560 215
1841570 217
1841580 218
1841590 218
1841600 218
1841610 218
1841620 218
1841630 218
1841640 217
1841650 217
1841660 217
1841670 217
1841680 217
1841690 216
1841700 216
1841710 216
1841720 215
1841730 215
1841740 215
1841750 214
1841760 214
1841770 214
1841780 213
1841790 213
1841800 213
1841810 213
1841820 212
1841830 212
1841840 212
1841850 212
1841860 212
1841870 211
1841880 211
1841890 211
1841900 210
1841910 209
1841920 209
1841930 208
1841940 207
1841950 207
1841960 206
1841970 205
1841980 205
1841990 204
1842000 203
1842010 203
1842020 202
1842030 202
1842040 200
1842050 199
1842060 199
1842070 198
1842080 197
1842090 197
1842100 196
1842110 195
1842120 195
1842130 195
1842140 195
1842150 195
1842160 194
1842170 194
1842180 194
1842190 193
1842200 193
1842210 193
1842220 192
1842230 192
1842240 192
1842250 192
1842260 192
1842270 192
1842280 192
1842290 194
1842300 194
1842310 197
1842320 202
1842330 202
1842340 205
1842350 206
1842360 206
1842370 207
1842380 207
1842390 207
1842400 207
1842410 206
1842420 206
1842430 206
1842440 204
1842450 204
1842460 202
1842470 200
1842480 200
1842490 199
1842500 198
1842510 198
1842520 199
1842530 201
1842540 201
1842550 203
1842560 205
1842570 205
1842580 207
1842590 208
1842600 205
1842610 205
1842620 204
1842630 204
1842640 202
1842650 201
1842660 201
1842670 199
1842680 198
1842690 198
1842700 197
1842710 197
1842720 197
1842730 197
1842740 197
1842750 197
1842760 197
1842770 197
1842780 197
1842790 197
1842800 197
1842810 197
1842820 197
1842830 197
1842840 197
1842850 197
1842860 197
1842870 197
1842880 197
1842890 197
1842900 197
1842910 197
1842920 197
1842930 197
1842940 197
1842950 197
1842960 197
1842970 197
1842980 198
1842990 198
1843000 198
1843010 197
1843020 197
1843030 197
1843040 197
1843050 197
1843060 197
1843070 197
1843080 197
1843090 197
1843100 197
1843110 197
1843120 197
1843130 198
1843140 198
1843150 198
1843160 198
1843170 198
1843180 198
1843190 198
1843200 198
1843210 198
1843220 198
1843230 198
1843240 199
1843250 199
1843260 199
1843270 199
1843280 200
1843290 200
1843300 200
1843310 200
1843320 199
1843330 200
1843340 200
1843350 200
1843360 200
1843370 201
1843380 201
1843390 201
1843400 201
1843410 201
1843420 201
1843430 201
1843440 201
1843450 202
1843460 202
1843470 202
1843480 202
1843490 203
1843500 203
1843510 203
1843520 203
1843530 203
1843540 203
1843550 203
1843560 203
1843570 203
1843580 204
1843590 204
1843600 205
1843610 205
1843620 206
1843630 207
1843640 207
1843650 208
1843660 210
1843670 210
1843680 213
1843690 215
1843700 215
1843710 217
1843720 219
1843730 219
1843740 220
1843750 222
1843760 222
1843770 223
1843780 224
1843790 224
1843800 225
1843810 227
1843820 227
1843830 227
1843840 228
1843850 228
1843860 229
1843870 230
1843880 230
1843890 231
1843900 231
1843910 231
1843920 232
1843930 232
1843940 232
1843950 233
1843960 233
1843970 233
1843980 234
1843990 234
1844000 234
1844010 235
1844020 235
1844030 235
1844040 236
1844050 236
1844060 236
1844070 236
1844080 236
1844090 236
1844100 236
1844110 236
1844120 236
1844130 236
1844140 236
1844150 236
1844160 236
1844170 236
1844180 236
1844190 236
1844200 237
1844210 237
1844220 237
1844230 237
1844240 237
1844250 237
1844260 237
1844270 237
1844280 238
1844290 238
1844300 238
1844310 238
1844320 238
1844330 238
1844340 238
1844350 238
1844360 238
1844370 239
1844380 239
1844390 239
1844400 239
1844410 239
1844420 239
1844430 239
1844440 239
1844450 239
1844460 240
1844470 240
1844480 240
1844490 240
1844500 240
1844510 240
1844520 240
1844530 241
1844540 241
1844550 241
1844560 241
1844570 241
1844580 241
1844590 241
1844600 241
1844610 241
1844620 240
1844630 240
1844640 240
1844650 240
1844660 240
1844670 240
1844680 240
1844690 240
1844700 240
1844710 239
1844720 239
1844730 239
1844740 239
1844750 239
1844760 238
1844770 238
1844780 238
1844790 237
1844800 237
1844810 237
1844820 236
1844830 236
1844840 236
1844850 236
1844860 236
1844870 236
1844880 236
1844890 236
1844900 236
1844910 236
1844920 235
1844930 235
1844940 235
1844950 235
1844960 235
1844970 236
1844980 236
1844990 236
1845000 236
1845010 236
1845020 236
1845030 236
1845040 237
1845050 237
1845060 237
1845070 237
1845080 237
1845090 237
1845100 238
1845110 238
1845120 238
1845130 239
1845140 239
1845150 239
1845160 239
1845170 239
1845180 239
1845190 239
1845200 239
1845210 239
1845220 239
1845230 239
1845240 239
1845250 239
1845260 239
1845270 239
1845280 239
1845290 239
1845300 239
1845310 239
1845320 239
1845330 239
1845340 239
1845350 239
1845360 238
1845370 238
1845380 238
1845390 238
1845400 238
1845410 238
1845420 238
1845430 238
1845440 238
1845450 238
1845460 238
1845470 238
1845480 237
1845490 237
1845500 237
1845510 236
1845520 236
1845530 235
1845540 235
1845550 235
1845560 234
1845570 234
1845580 234
1845590 234
1845600 233
1845610 233
1845620 233
1845630 233
1845640 233
1845650 232
1845660 232
1845670 232
1845680 232
1845690 231
1845700 231
1845710 231
1845720 231
1845730 231
1845740 231
1845750 231
1845760 231
1845770 230
1845780 230
1845790 230
1845800 230
1845810 230
1845820 230
1845830 230
1845840 230
1845850 230
1845860 230
1845870 230
1845880 230
1845890 229
1845900 229
1845910 229
1845920 228
1845930 227
1845940 227
1845950 226
1845960 225
1845970 225
1845980 225
1845990 224
1846000 224
1846010 223
1846020 222
1846030 222
1846040 221
1846050 220
1846060 220
1846070 219
1846080 217
1846090 217
1846100 216
1846110 215
1846120 215
1846130 214
1846140 213
1846150 213
1846160 212
1846170 211
1846180 211
1846190 211
1846200 210
1846210 209
1846220 208
1846230 207
1846240 207
1846250 206
1846260 205
1846270 205
1846280 204
1846290 203
1846300 203
1846310 202
1846320 201
1846330 201
1846340 200
1846350 199
1846360 199
1846370 198
1846380 198
1846390 198
1846400 197
1846410 196
1846420 196
1846430 195
1846440 194
1846450 194
1846460 193
1846470 192
1846480 192
1846490 191
1846500 190
1846510 190
1846520 189
1846530 189
1846540 189
1846550 189
1846560 188
1846570 188
1846580 188
1846590 188
1846600 188
1846610 188
1846620 188
1846630 188
1846640 188
1846650 188
1846660 188
1846670 189
1846680 190
1846690 190
1846700 190
1846710 190
1846720 191
1846730 192
1846740 192
1846750 193
1846760 194
1846770 194
1846780 194
1846790 195
1846800 195
1846810 195
1846820 196
1846830 196
1846840 196
1846850 196
1846860 196
1846870 196
1846880 195
1846890 195
1846900 195
1846910 196
1846920 196
1846930 198
1846940 199
1846950 199
1846960 200
1846970 201
1846980 201
1846990 202
1847000 203
1847010 203
1847020 203
1847030 204
1847040 204
1847050 205
1847060 206
1847070 206
1847080 207
1847090 207
1847100 207
1847110 208
1847120 208
1847130 208
1847140 209
1847150 209
1847160 209
1847170 210
1847180 210
1847190 210
1847200 210
1847210 210
1847220 210
1847230 210
1847240 210
1847250 210
1847260 209
1847270 208
1847280 208
1847290 207
1847300 205
1847310 205
1847320 204
1847330 202
1847340 202
1847350 202
1847360 201
1847370 201
1847380 200
1847390 200
1847400 200
1847410 199
1847420 199
1847430 199
1847440 199
1847450 198
1847460 198
1847470 197
1847480 197
1847490 197
1847500 197
1847510 197
1847520 197
1847530 198
1847540 200
1847550 200
1847560 202
1847570 205
1847580 205
1847590 207
1847600 209
1847610 209
1847620 211
1847630 212
1847640 212
1847650 216
1847660 218
1847670 218
1847680 219
1847690 221
1847700 221
1847710 222
1847720 224
1847730 224
1847740 225
1847750 227
1847760 227
1847770 228
1847780 229
1847790 229
1847800 231
1847810 232
1847820 232
1847830 232
1847840 232
1847850 232
1847860 232
1847870 232
1847880 232
1847890 233
1847900 233
1847910 233
1847920 234
1847930 234
1847940 234
1847950 235
1847960 236
1847970 236
1847980 236
1847990 237
1848000 237
1848010 238
1848020 238
1848030 238
1848040 239
1848050 239
1848060 239
1848070 239
1848080 240
1848090 240
1848100 240
1848110 241
1848120 241
1848130 241
1848140 241
1848150 241
1848160 241
1848170 242
1848180 242
1848190 242
1848200 242
1848210 242
1848220 243
1848230 243
1848240 243
1848250 243
1848260 244
1848270 244
1848280 244
1848290 244
1848300 244
1848310 244
1848320 244
1848330 244
1848340 244
1848350 244
1848360 244
1848370 244
1848380 244
1848390 245
1848400 245
1848410 245
1848420 245
1848430 244
1848440 244
1848450 244
1848460 244
1848470 244
1848480 244
1848490 243
1848500 243
1848510 243
1848520 243
1848530 243
1848540 242
1848550 241
1848560 241
1848570 241
1848580 241
1848590 241
1848600 240
1848610 239
1848620 239
1848630 239
1848640 238
1848650 238
1848660 237
1848670 236
1848680 236
1848690 235
1848700 234
1848710 234
1848720 232
1848730 231
1848740 231
1848750 230
1848760 229
1848770 229
1848780 229
1848790 227
1848800 227
1848810 226
1848820 224
1848830 224
1848840 223
1848850 221
1848860 221
1848870 220
1848880 219
1848890 219
1848900 218
1848910 217
1848920 217
1848930 216
1848940 215
1848950 215
1848960 214
1848970 213
1848980 213
1848990 213
1849000 212
1849010 212
1849020 211
1849030 211
1849040 211
1849050 210
1849060 209
1849070 209
1849080 207
1849090 206
1849100 206
1849110 206
1849120 205
1849130 205
1849140 204
1849150 203
1849160 203
1849170 203
1849180 202
1849190 202
1849200 202
1849210 201
1849220 201
1849230 200
1849240 200
1849250 200
1849260 199
1849270 199
1849280 199
1849290 199
1849300 198
1849310 198
1849320 198
1849330 198
1849340 198
1849350 197
1849360 197
1849370 197
1849380 197
1849390 197
1849400 197
1849410 197
1849420 196
1849430 197
1849440 197
1849450 197
1849460 197
1849470 197
1849480 197
1849490 197
1849500 197
1849510 197
1849520 197
1849530 197
1849540 197
1849550 197
1849560 197
1849570 198
1849580 198
1849590 198
1849600 199
1849610 199
1849620 199
1849630 200
1849640 200
1849650 201
1849660 201
1849670 201
1849680 202
1849690 202
1849700 202
1849710 202
1849720 201
1849730 201
1849740 201
1849750 200
1849760 200
1849770 200
1849780 199
1849790 199
1849800 198
1849810 197
1849820 197
1849830 197
1849840 197
1849850 196
1849860 195
1849870 195
1849880 194
1849890 193
1849900 193
1849910 193
1849920 192
1849930 192
1849940 191
1849950 191
1849960 191
1849970 190
1849980 190
1849990 190
1850000 190
1850010 189
1850020 189
1850030 189
1850040 189
1850050 189
1850060 189
1850070 188
1850080 188
1850090 188
1850100 188
1850110 188
1850120 188
1850130 187
1850140 187
1850150 187
1850160 187
1850170 187
1850180 187
1850190 186
1850200 186
1850210 186
1850220 186
1850230 186
1850240 186
1850250 185
1850260 185
1850270 185
1850280 185
1850290 185
1850300 185
1850310 185
1850320 185
1850330 185
1850340 185
1850350 185
1850360 185
1850370 185
1850380 185
1850390 185
1850400 185
1850410 185
1850420 185
1850430 185
1850440 185
1850450 185
1850460 185
1850470 185
1850480 185
1850490 185
1850500 185
1850510 185
1850520 185
1850530 185
1850540 184
1850550 184
1850560 184
1850570 184
1850580 184
1850590 184
1850600 184
1850610 184
1850620 184
1850630 183
1850640 183
1850650 183
1850660 183
1850670 183
1850680 183
1850690 183
1850700 182
1850710 182
1850720 182
1850730 182
1850740 182
1850750 182
1850760 182
1850770 182
1850780 182
1850790 182
1850800 182
1850810 182
1850820 182
1850830 182
1850840 182
1850850 182
1850860 183
1850870 183
1850880 185
1850890 185
1850900 186
1850910 187
1850920 187
1850930 188
1850940 189
1850950 189
1850960 190
1850970 191
1850980 191
1850990 193
1851000 194
1851010 194
1851020 196
1851030 197
1851040 197
1851050 197
1851060 197
1851070 197
1851080 197
1851090 198
1851100 198
1851110 198
1851120 198
1851130 198
1851140 197
1851150 197
1851160 197
1851170 197
1851180 197
1851190 197
1851200 196
1851210 196
1851220 196
1851230 196
1851240 195
1851250 195
1851260 195
1851270 195
1851280 195
1851290 194
1851300 194
1851310 194
1851320 194
1851330 194
1851340 194
1851350 194
1851360 194
1851370 194
1851380 193
1851390 193
1851400 193
1851410 193
1851420 193
1851430 193
1851440 193
1851450 193
1851460 193
1851470 193
1851480 193
1851490 193
1851500 193
1851510 193
1851520 193
1851530 193
1851540 193
1851550 193
1851560 193
1851570 193
1851580 193
1851590 193
1851600 193
1851610 193
1851620 193
1851630 193
1851640 193
1851650 192
1851660 192
1851670 192
1851680 192
1851690 192
1851700 192
1851710 192
1851720 192
1851730 192
1851740 192
1851750 192
1851760 192
1851770 192
1851780 192
1851790 192
1851800 192
1851810 192
1851820 192
1851830 192
1851840 192
1851850 192
1851860 192
1851870 192
1851880 192
1851890 192
1851900 192
1851910 191
1851920 191
1851930 191
1851940 191
1851950 191
1851960 191
1851970 191
1851980 190
1851990 190
1852000 190
1852010 190
1852020 190
1852030 189
1852040 189
1852050 189
1852060 188
1852070 188
1852080 188
1852090 187
1852100 186
1852110 186
1852120 186
1852130 185
1852140 185
1852150 184
1852160 183
1852170 183
1852180 183
1852190 182
1852200 182
1852210 182
1852220 181
1852230 181
1852240 181
1852250 180
1852260 180
1852270 180
1852280 181
1852290 181
1852300 181
1852310 181
1852320 181
1852330 182
1852340 182
1852350 182
1852360 182
1852370 181
1852380 181
1852390 181
1852400 180
1852410 180
1852420 180
1852430 180
1852440 180
1852450 180
1852460 180
1852470 180
1852480 180
1852490 181
1852500 181
1852510 181
1852520 182
1852530 182
1852540 182
1852550 183
1852560 183
1852570 183
1852580 184
1852590 184
1852600 184
1852610 184
1852620 184
1852630 185
1852640 185
1852650 185
1852660 185
1852670 184
1852680 184
1852690 183
1852700 183
1852710 183
1852720 182
1852730 181
1852740 181
1852750 180
1852760 179
1852770 179
1852780 178
1852790 177
1852800 177
1852810 176
1852820 176
1852830 176
1852840 175
1852850 175
1852860 175
1852870 174
1852880 173
1852890 173
1852900 173
1852910 173
1852920 173
1852930 174
1852940 174
1852950 175
1852960 175
1852970 175
1852980 175
1852990 176
1853000 176
1853010 176
1853020 177
1853030 177
1853040 177
1853050 177
1853060 177
1853070 177
1853080 177
1853090 177
1853100 177
1853110 177
1853120 177
1853130 177
1853140 177
1853150 177
1853160 177
1853170 177
1853180 177
1853190 177
1853200 177
1853210 177
1853220 176
1853230 175
1853240 175
1853250 175
1853260 175
1853270 175
1853280 174
1853290 174
1853300 174
1853310 174
1853320 174
1853330 173
1853340 173
1853350 173
1853360 173
1853370 173
1853380 172
1853390 172
1853400 172
1853410 172
1853420 172
1853430 171
1853440 171
1853450 171
1853460 170
1853470 170
1853480 170
1853490 169
1853500 168
1853510 168
1853520 167
1853530 166
1853540 166
1853550 165
1853560 164
1853570 164
1853580 164
1853590 163
1853600 163
1853610 162
1853620 162
1853630 162
1853640 161
1853650 161
1853660 161
1853670 161
1853680 161
1853690 161
1853700 160
1853710 160
1853720 160
1853730 160
1853740 160
1853750 160
1853760 160
1853770 160
1853780 160
1853790 160
1853800 160
1853810 160
1853820 160
1853830 160
1853840 160
1853850 160
1853860 160
1853870 160
1853880 159
1853890 159
1853900 159
1853910 160
1853920 160
1853930 160
1853940 160
1853950 159
1853960 159
1853970 159
1853980 159
1853990 159
1854000 159
1854010 160
1854020 160
1854030 160
1854040 161
1854050 161
1854060 161
1854070 162
1854080 162
1854090 163
1854100 164
1854110 164
1854120 165
1854130 166
1854140 166
1854150 167
1854160 168
1854170 168
1854180 169
1854190 169
1854200 169
1854210 169
1854220 170
1854230 170
1854240 170
1854250 171
1854260 171
1854270 171
1854280 172
1854290 172
1854300 172
1854310 173
1854320 173
1854330 174
1854340 174
1854350 174
1854360 174
1854370 175
1854380 175
1854390 176
1854400 176
1854410 176
1854420 176
1854430 176
1854440 176
1854450 176
1854460 176
1854470 176
1854480 177
1854490 177
1854500 177
1854510 177
1854520 177
1854530 177
1854540 177
1854550 177
1854560 175
1854570 175
1854580 175
1854590 174
1854600 174
1854610 174
1854620 175
1854630 175
1854640 175
1854650 176
1854660 176
1854670 176
1854680 177
1854690 177
1854700 177
1854710 179
1854720 180
1854730 180
1854740 180
1854750 181
1854760 181
1854770 181
1854780 182
1854790 182
1854800 184
1854810 187
1854820 187
1854830 188
1854840 190
1854850 190
1854860 194
1854870 197
1854880 197
1854890 199
1854900 200
1854910 200
1854920 200
1854930 201
1854940 201
1854950 202
1854960 203
1854970 203
1854980 203
1854990 204
1855000 204
1855010 204
1855020 205
1855030 205
1855040 205
1855050 206
1855060 206
1855070 206
1855080 206
1855090 205
1855100 205
1855110 205
1855120 205
1855130 206
1855140 206
1855150 206
1855160 206
1855170 207
1855180 207
1855190 207
1855200 207
1855210 207
1855220 207
1855230 207
1855240 207
1855250 207
1855260 207
1855270 207
1855280 207
1855290 207
1855300 207
1855310 207
1855320 207
1855330 207
1855340 206
1855350 206
1855360 206
1855370 207
1855380 207
1855390 207
1855400 206
1855410 206
1855420 206
1855430 206
1855440 206
1855450 206
1855460 206
1855470 205
1855480 205
1855490 205
1855500 204
1855510 204
1855520 204
1855530 203
1855540 203
1855550 203
1855560 203
1855570 203
1855580 203
1855590 203
1855600 203
1855610 202
1855620 202
1855630 202
1855640 202
1855650 202
1855660 202
1855670 202
1855680 201
1855690 201
1855700 201
1855710 201
1855720 201
1855730 201
1855740 201
1855750 201
1855760 201
1855770 202
1855780 202
1855790 201
1855800 202
1855810 202
1855820 202
1855830 202
1855840 202
1855850 202
1855860 202
1855870 202
1855880 202
1855890 203
1855900 203
1855910 203
1855920 203
1855930 203
1855940 203
1855950 203
1855960 203
1855970 202
1855980 202
1855990 202
1856000 202
1856010 202
1856020 202
1856030 201
1856040 201
1856050 201
1856060 201
1856070 201
1856080 201
1856090 200
1856100 200
1856110 200
1856120 200
1856130 200
1856140 199
1856150 199
1856160 199
1856170 198
1856180 198
1856190 198
1856200 197
1856210 197
1856220 197
1856230 196
1856240 196
1856250 196
1856260 196
1856270 196
1856280 196
1856290 196
1856300 196
1856310 196
1856320 196
1856330 196
1856340 196
1856350 196
1856360 196
1856370 196
1856380 196
1856390 196
1856400 196
1856410 196
1856420 196
1856430 196
1856440 197
1856450 197
1856460 197
1856470 196
1856480 196
1856490 196
1856500 197
1856510 197
1856520 197
1856530 197
1856540 197
1856550 197
1856560 196
1856570 197
1856580 197
1856590 197
1856600 197
1856610 197
1856620 197
1856630 197
1856640 197
1856650 197
1856660 197
1856670 197
1856680 197
1856690 197
1856700 197
1856710 197
1856720 197
1856730 197
1856740 197
1856750 197
1856760 197
1856770 197
1856780 197
1856790 197
1856800 197
1856810 197
1856820 197
1856830 197
1856840 196
1856850 196
1856860 196
1856870 196
1856880 196
1856890 196
1856900 196
1856910 196
1856920 195
1856930 195
1856940 195
1856950 195
1856960 194
1856970 194
1856980 193
1856990 193
1857000 193
1857010 192
1857020 191
1857030 191
1857040 191
1857050 190
1857060 190
1857070 190
1857080 189
1857090 189
1857100 189
1857110 188
1857120 188
1857130 188
1857140 187
1857150 187
1857160 187
1857170 187
1857180 187
1857190 186
1857200 186
1857210 186
1857220 186
1857230 185
1857240 185
1857250 185
1857260 184
1857270 184
1857280 184
1857290 184
1857300 184
1857310 183
1857320 183
1857330 183
1857340 183
1857350 182
1857360 182
1857370 182
1857380 183
1857390 183
1857400 183
1857410 183
1857420 183
1857430 182
1857440 182
1857450 182
1857460 182
1857470 182
1857480 182
1857490 182
1857500 181
1857510 181
1857520 181
1857530 181
1857540 181
1857550 181
1857560 181
1857570 181
1857580 181
1857590 181
1857600 181
1857610 181
1857620 181
1857630 181
1857640 181
1857650 181
1857660 181
1857670 181
1857680 181
1857690 180
1857700 180
1857710 180
1857720 179
1857730 179
1857740 179
1857750 179
1857760 179
1857770 179
1857780 179
1857790 178
1857800 178
1857810 178
1857820 178
1857830 178
1857840 178
1857850 178
1857860 178
1857870 177
1857880 177
1857890 178
1857900 177
1857910 177
1857920 177
1857930 177
1857940 176
1857950 176
1857960 176
1857970 176
1857980 176
1857990 176
1858000 176
1858010 176
1858020 175
1858030 174
1858040 174
1858050 174
1858060 174
1858070 174
1858080 174
1858090 174
1858100 174
1858110 173
1858120 173
1858130 173
1858140 173
1858150 173
1858160 173
1858170 172
1858180 172
1858190 172
1858200 172
1858210 172
1858220 172
1858230 173
1858240 172
1858250 172
1858260 172
1858270 171
1858280 171
1858290 171
1858300 171
1858310 171
1858320 171
1858330 171
1858340 171
1858350 171
1858360 171
1858370 171
1858380 171
1858390 170
1858400 170
1858410 170
1858420 170
1858430 170
1858440 170
1858450 170
1858460 170
1858470 169
1858480 169
1858490 169
1858500 169
1858510 169
1858520 169
1858530 169
1858540 169
1858550 169
1858560 169
1858570 169
1858580 169
1858590 169
1858600 169
1858610 169
1858620 169
1858630 168
1858640 168
1858650 168
1858660 168
1858670 168
1858680 168
1858690 168
1858700 168
1858710 168
1858720 168
1858730 168
1858740 168
1858750 168
1858760 168
1858770 168
1858780 168
1858790 168
1858800 168
1858810 168
1858820 168
1858830 168
1858840 169
1858850 169
1858860 168
1858870 168
1858880 168
1858890 167
1858900 167
1858910 167
1858920 167
1858930 167
1858940 167
1858950 167
1858960 167
1858970 167
1858980 167
1858990 167
1859000 167
1859010 167
1859020 167
1859030 167
1859040 167
1859050 166
1859060 166
1859070 166
1859080 166
1859090 167
1859100 167
1859110 167
1859120 166
1859130 167
1859140 167
1859150 167
1859160 166
1859170 166
1859180 166
1859190 166
1859200 166
1859210 166
1859220 166
1859230 166
1859240 166
1859250 166
1859260 166
1859270 165
1859280 165
1859290 165
1859300 165
1859310 165
1859320 165
1859330 165
1859340 165
1859350 165
1859360 165
1859370 165
1859380 165
1859390 165
1859400 165
1859410 165
1859420 165
1859430 165
1859440 165
1859450 165
1859460 165
1859470 165
1859480 166
1859490 166
1859500 166
1859510 166
1859520 166
1859530 166
1859540 166
1859550 166
1859560 166
1859570 166
1859580 166
1859590 166
1859600 167
1859610 167
1859620 167
1859630 167
1859640 167
1859650 167
1859660 167
1859670 168
1859680 168
1859690 168
1859700 168
1859710 168
1859720 168
1859730 168
1859740 168
1859750 168
1859760 169
1859770 169
1859780 169
1859790 168
1859800 168
1859810 169
1859820 170
1859830 170
1859840 170
1859850 171
1859860 171
1859870 172
1859880 172
1859890 172
1859900 172
1859910 172
1859920 172
1859930 173
1859940 173
1859950 173
1859960 173
1859970 172
1859980 173
1859990 172
