1840000 212
1840010 212
1840020 212
1840030 212
1840040 213
1840050 214
1840060 214
1840070 215
1840080 218
1840090 218
1840100 221
1840110 224
1840120 224
1840130 227
1840140 228
1840150 228
1840160 228
1840170 227
1840180 227
1840190 227
1840200 227
1840210 227
1840220 227
1840230 227
1840240 227
1840250 227
1840260 226
1840270 226
1840280 227
1840290 226
1840300 226
1840310 226
1840320 225
1840330 225
1840340 227
1840350 230
1840360 230
1840370 234
1840380 237
1840390 239
1840400 242
1840410 245
1840420 245
1840430 248
1840440 250
1840450 250
1840460 252
1840470 254
1840480 254
1840490 256
1840500 257
1840510 257
1840520 257
1840530 258
1840540 258
1840550 259
1840560 259
1840570 259
1840580 259
1840590 260
1840600 260
1840610 260
1840620 260
1840630 260
1840640 260
1840650 260
1840660 260
1840670 260
1840680 260
1840690 260
1840700 261
1840710 261
1840720 261
1840730 261
1840740 261
1840750 261
1840760 261
1840770 261
1840780 261
1840790 261
1840800 261
1840810 261
1840820 261
1840830 261
1840840 261
1840850 261
1840860 260
1840870 260
1840880 260
1840890 260
1840900 260
1840910 260
1840920 260
1840930 261
1840940 263
1840950 263
1840960 264
1840970 265
1840980 265
1840990 265
1841000 264
1841010 264
1841020 260
1841030 259
1841040 259
1841050 259
1841060 259
1841070 259
1841080 259
1841090 259
1841100 259
1841110 259
1841120 261
1841130 261
1841140 261
1841150 261
1841160 261
1841170 261
1841180 261
1841190 261
1841200 261
1841210 261
1841220 261
1841230 261
1841240 261
1841250 261
1841260 261
1841270 261
1841280 261
1841290 261
1841300 261
1841310 261
1841320 260
1841330 259
1841340 259
1841350 259
1841360 259
1841370 259
1841380 258
1841390 257
1841400 257
1841410 257
1841420 256
1841430 256
1841440 255
1841450 255
1841460 255
1841470 254
1841480 253
1841490 253
1841500 252
1841510 252
1841520 252
1841530 251
1841540 250
1841550 250
1841560 249
1841570 247
1841580 247
1841590 246
1841600 245
1841610 245
1841620 244
1841630 242
1841640 242
1841650 241
1841660 240
1841670 240
1841680 239
1841690 238
1841700 238
1841710 237
1841720 237
1841730 237
1841740 238
1841750 240
1841760 240
1841770 242
1841780 245
1841790 245
1841800 248
1841810 250
1841820 250
1841830 251
1841840 253
1841850 253
1841860 255
1841870 256
1841880 256
1841890 258
1841900 259
1841910 259
1841920 261
1841930 262
1841940 262
1841950 263
1841960 264
1841970 264
1841980 264
1841990 264
1842000 264
1842010 264
1842020 265
1842030 265
1842040 265
1842050 265
1842060 265
1842070 266
1842080 266
1842090 266
1842100 266
1842110 266
1842120 266
1842130 267
1842140 267
1842150 267
1842160 267
1842170 268
1842180 268
1842190 268
1842200 268
1842210 268
1842220 269
1842230 269
1842240 269
1842250 269
1842260 270
1842270 270
1842280 270
1842290 270
1842300 270
1842310 269
1842320 269
1842330 269
1842340 269
1842350 269
1842360 269
1842370 268
1842380 268
1842390 268
1842400 268
1842410 268
1842420 268
1842430 267
1842440 267
1842450 267
1842460 266
1842470 266
1842480 266
1842490 266
1842500 266
1842510 265
1842520 264
1842530 264
1842540 264
1842550 263
1842560 263
1842570 262
1842580 262
1842590 262
1842600 262
1842610 262
1842620 262
1842630 261
1842640 261
1842650 261
1842660 261
1842670 260
1842680 260
1842690 259
1842700 259
1842710 259
1842720 258
1842730 258
1842740 258
1842750 257
1842760 257
1842770 257
1842780 256
1842790 256
1842800 256
1842810 255
1842820 254
1842830 254
1842840 254
1842850 253
1842860 253
1842870 252
1842880 251
1842890 251
1842900 250
1842910 249
1842920 249
1842930 249
1842940 248
1842950 248
1842960 248
1842970 248
1842980 248
1842990 247
1843000 247
1843010 247
1843020 247
1843030 247
1843040 247
1843050 246
1843060 245
1843070 245
1843080 245
1843090 244
1843100 244
1843110 244
1843120 244
1843130 244
1843140 243
1843150 242
1843160 242
1843170 242
1843180 241
1843190 241
1843200 241
1843210 240
1843220 240
1843230 239
1843240 239
1843250 239
1843260 238
1843270 237
1843280 237
1843290 236
1843300 234
1843310 234
1843320 234
1843330 233
1843340 233
1843350 233
1843360 234
1843370 234
1843380 235
1843390 235
1843400 235
1843410 235
1843420 235
1843430 235
1843440 236
1843450 236
1843460 236
1843470 236
1843480 237
1843490 237
1843500 237
1843510 237
1843520 237
1843530 238
1843540 238
1843550 238
1843560 238
1843570 238
1843580 238
1843590 238
1843600 238
1843610 238
1843620 238
1843630 239
1843640 239
1843650 239
1843660 240
1843670 240
1843680 240
1843690 240
1843700 240
1843710 241
1843720 241
1843730 240
1843740 240
1843750 240
1843760 240
1843770 239
1843780 239
1843790 239
1843800 238
1843810 238
1843820 237
1843830 237
1843840 237
1843850 236
1843860 236
1843870 236
1843880 237
1843890 237
1843900 237
1843910 237
1843920 238
1843930 238
1843940 238
1843950 239
1843960 239
1843970 239
1843980 239
1843990 239
1844000 240
1844010 240
1844020 241
1844030 241
1844040 241
1844050 241
1844060 241
1844070 241
1844080 241
1844090 242
1844100 242
1844110 242
1844120 242
1844130 242
1844140 242
1844150 242
1844160 242
1844170 242
1844180 242
1844190 243
1844200 243
1844210 243
1844220 243
1844230 243
1844240 243
1844250 242
1844260 242
1844270 242
1844280 242
1844290 242
1844300 241
1844310 241
1844320 241
1844330 241
1844340 240
1844350 240
1844360 239
1844370 239
1844380 239
1844390 237
1844400 237
1844410 237
1844420 236
1844430 235
1844440 235
1844450 234
1844460 233
1844470 233
1844480 231
1844490 230
1844500 230
1844510 229
1844520 227
1844530 227
1844540 226
1844550 225
1844560 225
1844570 224
1844580 222
1844590 222
1844600 221
1844610 220
1844620 220
1844630 220
1844640 219
1844650 219
1844660 219
1844670 219
1844680 219
1844690 219
1844700 219
1844710 219
1844720 220
1844730 221
1844740 221
1844750 223
1844760 225
1844770 225
1844780 226
1844790 227
1844800 227
1844810 227
1844820 228
1844830 228
1844840 228
1844850 229
1844860 229
1844870 229
1844880 230
1844890 230
1844900 231
1844910 231
1844920 231
1844930 232
1844940 232
1844950 232
1844960 233
1844970 233
1844980 233
1844990 233
1845000 234
1845010 234
1845020 234
1845030 234
1845040 234
1845050 234
1845060 234
1845070 234
1845080 234
1845090 235
1845100 235
1845110 235
1845120 235
1845130 235
1845140 235
1845150 235
1845160 235
1845170 235
1845180 235
1845190 234
1845200 234
1845210 234
1845220 233
1845230 233
1845240 233
1845250 232
1845260 231
1845270 231
1845280 231
1845290 229
1845300 229
1845310 228
1845320 226
1845330 226
1845340 225
1845350 224
1845360 224
1845370 223
1845380 222
1845390 222
1845400 221
1845410 220
1845420 220
1845430 219
1845440 217
1845450 217
1845460 216
1845470 215
1845480 215
1845490 214
1845500 215
1845510 215
1845520 218
1845530 220
1845540 220
1845550 223
1845560 225
1845570 225
1845580 226
1845590 227
1845600 227
1845610 228
1845620 229
1845630 229
1845640 229
1845650 229
1845660 229
1845670 229
1845680 229
1845690 229
1845700 229
1845710 230
1845720 230
1845730 230
1845740 230
1845750 230
1845760 230
1845770 230
1845780 230
1845790 230
1845800 230
1845810 230
1845820 229
1845830 229
1845840 229
1845850 229
1845860 228
1845870 228
1845880 227
1845890 226
1845900 226
1845910 225
1845920 225
1845930 225
1845940 226
1845950 228
1845960 228
1845970 229
1845980 230
1845990 230
1846000 231
1846010 232
1846020 232
1846030 233
1846040 234
1846050 234
1846060 235
1846070 236
1846080 236
1846090 237
1846100 237
1846110 237
1846120 239
1846130 240
1846140 240
1846150 242
1846160 243
1846170 243
1846180 244
1846190 246
1846200 246
1846210 247
1846220 248
1846230 248
1846240 249
1846250 250
1846260 250
1846270 251
1846280 251
1846290 251
1846300 252
1846310 253
1846320 253
1846330 253
1846340 253
1846350 253
1846360 254
1846370 254
1846380 254
1846390 255
1846400 255
1846410 255
1846420 256
1846430 256
1846440 256
1846450 257
1846460 257
1846470 257
1846480 258
1846490 258
1846500 258
1846510 258
1846520 258
1846530 259
1846540 259
1846550 259
1846560 260
1846570 260
1846580 260
1846590 260
1846600 260
1846610 260
1846620 261
1846630 261
1846640 261
1846650 261
1846660 261
1846670 261
1846680 261
1846690 261
1846700 261
1846710 260
1846720 261
1846730 261
1846740 261
1846750 262
1846760 262
1846770 262
1846780 262
1846790 262
1846800 262
1846810 262
1846820 262
1846830 262
1846840 262
1846850 262
1846860 262
1846870 262
1846880 262
1846890 262
1846900 261
1846910 262
1846920 261
1846930 261
1846940 261
1846950 261
1846960 261
1846970 261
1846980 260
1846990 260
1847000 260
1847010 260
1847020 260
1847030 260
1847040 260
1847050 259
1847060 259
1847070 259
1847080 259
1847090 259
1847100 259
1847110 259
1847120 259
1847130 259
1847140 259
1847150 259
1847160 259
1847170 260
1847180 260
1847190 260
1847200 260
1847210 260
1847220 260
1847230 260
1847240 260
1847250 261
1847260 261
1847270 261
1847280 261
1847290 261
1847300 261
1847310 261
1847320 261
1847330 261
1847340 262
1847350 262
1847360 262
1847370 262
1847380 262
1847390 262
1847400 262
1847410 261
1847420 261
1847430 261
1847440 261
1847450 261
1847460 261
1847470 261
1847480 261
1847490 261
1847500 261
1847510 261
1847520 261
1847530 261
1847540 261
1847550 261
1847560 261
1847570 261
1847580 261
1847590 261
1847600 261
1847610 261
1847620 261
1847630 261
1847640 261
1847650 260
1847660 260
1847670 260
1847680 260
1847690 260
1847700 260
1847710 259
1847720 259
1847730 259
1847740 259
1847750 259
1847760 259
1847770 258
1847780 258
1847790 258
1847800 257
1847810 257
1847820 257
1847830 257
1847840 257
1847850 256
1847860 256
1847870 256
1847880 255
1847890 254
1847900 254
1847910 254
1847920 254
1847930 253
1847940 252
1847950 252
1847960 251
1847970 250
1847980 250
1847990 249
1848000 248
1848010 248
1848020 247
1848030 247
1848040 247
1848050 246
1848060 246
1848070 246
1848080 245
1848090 245
1848100 245
1848110 244
1848120 244
1848130 244
1848140 243
1848150 242
1848160 242
1848170 241
1848180 240
1848190 240
1848200 239
1848210 239
1848220 239
1848230 238
1848240 237
1848250 237
1848260 236
1848270 235
1848280 235
1848290 234
1848300 233
1848310 233
1848320 232
1848330 231
1848340 230
1848350 230
1848360 230
1848370 230
1848380 230
1848390 231
1848400 231
1848410 231
1848420 232
1848430 232
1848440 233
1848450 233
1848460 233
1848470 234
1848480 234
1848490 234
1848500 235
1848510 235
1848520 235
1848530 236
1848540 236
1848550 236
1848560 236
1848570 236
1848580 236
1848590 237
1848600 237
1848610 237
1848620 237
1848630 238
1848640 238
1848650 237
1848660 238
1848670 238
1848680 238
1848690 239
1848700 240
1848710 241
1848720 242
1848730 242
1848740 242
1848750 242
1848760 242
1848770 242
1848780 242
1848790 242
1848800 242
1848810 243
1848820 243
1848830 244
1848840 245
1848850 245
1848860 245
1848870 246
1848880 246
1848890 246
1848900 246
1848910 246
1848920 247
1848930 247
1848940 247
1848950 247
1848960 247
1848970 247
1848980 247
1848990 248
1849000 248
1849010 248
1849020 248
1849030 248
1849040 248
1849050 248
1849060 249
1849070 250
1849080 249
1849090 249
1849100 249
1849110 249
1849120 249
1849130 249
1849140 249
1849150 249
1849160 249
1849170 249
1849180 249
1849190 249
1849200 249
1849210 249
1849220 249
1849230 249
1849240 249
1849250 249
1849260 249
1849270 249
1849280 249
1849290 249
1849300 249
1849310 249
1849320 249
1849330 249
1849340 249
1849350 249
1849360 248
1849370 248
1849380 248
1849390 248
1849400 248
1849410 248
1849420 247
1849430 247
1849440 247
1849450 247
1849460 247
1849470 247
1849480 246
1849490 246
1849500 246
1849510 245
1849520 245
1849530 245
1849540 245
1849550 244
1849560 244
1849570 244
1849580 243
1849590 243
1849600 243
1849610 243
1849620 243
1849630 242
1849640 242
1849650 242
1849660 242
1849670 242
1849680 242
1849690 241
1849700 241
1849710 241
1849720 241
1849730 241
1849740 241
1849750 241
1849760 240
1849770 240
1849780 240
1849790 240
1849800 240
1849810 239
1849820 239
1849830 239
1849840 239
1849850 238
1849860 238
1849870 238
1849880 238
1849890 238
1849900 237
1849910 237
1849920 237
1849930 237
1849940 236
1849950 236
1849960 236
1849970 235
1849980 235
1849990 235
1850000 234
1850010 234
1850020 234
1850030 233
1850040 233
1850050 232
1850060 232
1850070 232
1850080 231
1850090 231
1850100 231
1850110 230
1850120 229
1850130 229
1850140 228
1850150 228
1850160 228
1850170 228
1850180 227
1850190 227
1850200 227
1850210 225
1850220 225
1850230 224
1850240 223
1850250 223
1850260 220
1850270 218
1850280 218
1850290 220
1850300 220
1850310 220
1850320 219
1850330 219
1850340 219
1850350 218
1850360 218
1850370 218
1850380 218
1850390 217
1850400 217
1850410 216
1850420 216
1850430 216
1850440 215
1850450 214
1850460 214
1850470 213
1850480 212
1850490 212
1850500 211
1850510 210
1850520 210
1850530 210
1850540 209
1850550 209
1850560 208
1850570 207
1850580 207
1850590 207
1850600 206
1850610 206
1850620 205
1850630 204
1850640 204
1850650 203
1850660 202
1850670 202
1850680 202
1850690 201
1850700 201
1850710 200
1850720 200
1850730 199
1850740 198
1850750 198
1850760 197
1850770 196
1850780 196
1850790 195
1850800 195
1850810 195
1850820 194
1850830 193
1850840 193
1850850 193
1850860 192
1850870 192
1850880 192
1850890 191
1850900 191
1850910 191
1850920 190
1850930 190
1850940 190
1850950 189
1850960 189
1850970 189
1850980 189
1850990 189
1851000 189
1851010 188
1851020 188
1851030 188
1851040 188
1851050 188
1851060 188
1851070 187
1851080 187
1851090 187
1851100 186
1851110 186
1851120 186
1851130 186
1851140 186
1851150 185
1851160 185
1851170 185
1851180 185
1851190 185
1851200 185
1851210 185
1851220 185
1851230 185
1851240 185
1851250 185
1851260 185
1851270 185
1851280 185
1851290 185
1851300 185
1851310 185
1851320 185
1851330 185
1851340 185
1851350 185
1851360 185
1851370 185
1851380 185
1851390 185
1851400 185
1851410 185
1851420 185
1851430 184
1851440 184
1851450 184
1851460 184
1851470 184
1851480 184
1851490 184
1851500 184
1851510 183
1851520 183
1851530 183
1851540 183
1851550 182
1851560 182
1851570 182
1851580 181
1851590 181
1851600 181
1851610 181
1851620 181
1851630 180
1851640 179
1851650 179
1851660 175
1851670 173
1851680 173
1851690 172
1851700 172
1851710 172
1851720 172
1851730 172
1851740 172
1851750 171
1851760 171
1851770 171
1851780 170
1851790 169
1851800 169
1851810 169
1851820 168
1851830 168
1851840 168
1851850 168
1851860 168
1851870 168
1851880 168
1851890 168
1851900 167
1851910 166
1851920 166
1851930 166
1851940 166
1851950 166
1851960 166
1851970 165
1851980 165
1851990 164
1852000 164
1852010 164
1852020 164
1852030 164
1852040 164
1852050 164
1852060 163
1852070 163
1852080 163
1852090 163
1852100 163
1852110 163
1852120 163
1852130 163
1852140 163
1852150 163
1852160 163
1852170 163
1852180 163
1852190 163
1852200 163
1852210 163
1852220 163
1852230 163
1852240 163
1852250 162
1852260 162
1852270 162
1852280 162
1852290 162
1852300 162
1852310 162
1852320 162
1852330 162
1852340 163
1852350 164
1852360 164
1852370 163
1852380 163
1852390 163
1852400 163
1852410 163
1852420 163
1852430 163
1852440 163
1852450 163
1852460 163
1852470 163
1852480 163
1852490 163
1852500 163
1852510 163
1852520 163
1852530 163
1852540 163
1852550 163
1852560 163
1852570 163
1852580 163
1852590 163
1852600 163
1852610 163
1852620 164
1852630 164
1852640 164
1852650 164
1852660 164
1852670 164
1852680 164
1852690 164
1852700 164
1852710 164
1852720 164
1852730 165
1852740 165
1852750 165
1852760 165
1852770 165
1852780 165
1852790 166
1852800 166
1852810 166
1852820 166
1852830 166
1852840 166
1852850 167
1852860 167
1852870 167
1852880 167
1852890 167
1852900 167
1852910 167
1852920 168
1852930 168
1852940 168
1852950 169
1852960 169
1852970 169
1852980 169
1852990 169
1853000 170
1853010 170
1853020 170
1853030 171
1853040 171
1853050 171
1853060 171
1853070 171
1853080 171
1853090 171
1853100 171
1853110 171
1853120 172
1853130 172
1853140 172
1853150 172
1853160 172
1853170 172
1853180 173
1853190 173
1853200 173
1853210 173
1853220 173
1853230 173
1853240 174
1853250 174
1853260 174
1853270 174
1853280 174
1853290 174
1853300 174
1853310 175
1853320 175
1853330 175
1853340 175
1853350 175
1853360 175
1853370 175
1853380 175
1853390 175
1853400 176
1853410 176
1853420 176
1853430 176
1853440 176
1853450 176
1853460 177
1853470 177
1853480 177
1853490 177
1853500 177
1853510 178
1853520 178
1853530 179
1853540 179
1853550 179
1853560 180
1853570 180
1853580 180
1853590 180
1853600 179
1853610 179
1853620 178
1853630 177
1853640 177
1853650 177
1853660 177
1853670 176
1853680 176
1853690 176
1853700 176
1853710 176
1853720 176
1853730 176
1853740 176
1853750 176
1853760 176
1853770 176
1853780 176
1853790 176
1853800 176
1853810 176
1853820 176
1853830 176
1853840 176
1853850 176
1853860 176
1853870 176
1853880 176
1853890 176
1853900 176
1853910 176
1853920 175
1853930 175
1853940 175
1853950 175
1853960 175
1853970 175
1853980 174
1853990 174
1854000 174
1854010 174
1854020 174
1854030 174
1854040 174
1854050 174
1854060 174
1854070 174
1854080 174
1854090 174
1854100 174
1854110 174
1854120 174
1854130 174
1854140 174
1854150 174
1854160 174
1854170 175
1854180 175
1854190 175
1854200 175
1854210 175
1854220 175
1854230 175
1854240 175
1854250 175
1854260 175
1854270 175
1854280 175
1854290 176
1854300 176
1854310 176
1854320 176
1854330 176
1854340 176
1854350 176
1854360 176
1854370 176
1854380 177
1854390 177
1854400 177
1854410 177
1854420 177
1854430 177
1854440 177
1854450 177
1854460 177
1854470 178
1854480 178
1854490 178
1854500 178
1854510 178
1854520 178
1854530 179
1854540 179
1854550 179
1854560 179
1854570 179
1854580 180
1854590 180
1854600 180
1854610 180
1854620 180
1854630 180
1854640 181
1854650 181
1854660 181
1854670 181
1854680 181
1854690 181
1854700 182
1854710 182
1854720 183
1854730 183
1854740 184
1854750 184
1854760 184
1854770 185
1854780 185
1854790 186
1854800 186
1854810 186
1854820 187
1854830 186
1854840 186
1854850 186
1854860 186
1854870 186
1854880 186
1854890 187
1854900 187
1854910 188
1854920 188
1854930 189
1854940 189
1854950 189
1854960 190
1854970 190
1854980 190
1854990 191
1855000 191
1855010 191
1855020 191
1855030 192
1855040 192
1855050 192
1855060 193
1855070 193
1855080 194
1855090 194
1855100 194
1855110 195
1855120 195
1855130 195
1855140 197
1855150 198
1855160 198
1855170 199
1855180 200
1855190 200
1855200 201
1855210 203
1855220 203
1855230 203
1855240 204
1855250 204
1855260 204
1855270 205
1855280 205
1855290 206
1855300 206
1855310 206
1855320 206
1855330 207
1855340 207
1855350 207
1855360 207
1855370 207
1855380 207
1855390 207
1855400 207
1855410 207
1855420 208
1855430 208
1855440 207
1855450 207
1855460 207
1855470 207
1855480 208
1855490 208
1855500 208
1855510 211
1855520 211
1855530 215
1855540 217
1855550 217
1855560 219
1855570 222
1855580 222
1855590 223
1855600 224
1855610 224
1855620 225
1855630 225
1855640 225
1855650 225
1855660 225
1855670 225
1855680 226
1855690 227
1855700 227
1855710 228
1855720 229
1855730 229
1855740 229
1855750 230
1855760 230
1855770 230
1855780 230
1855790 230
1855800 230
1855810 230
1855820 230
1855830 230
1855840 229
1855850 229
1855860 229
1855870 229
1855880 229
1855890 229
1855900 230
1855910 230
1855920 231
1855930 232
1855940 232
1855950 232
1855960 233
1855970 233
1855980 233
1855990 233
1856000 233
1856010 234
1856020 234
1856030 234
1856040 235
1856050 235
1856060 235
1856070 235
1856080 235
1856090 235
1856100 235
1856110 235
1856120 235
1856130 236
1856140 236
1856150 236
1856160 236
1856170 236
1856180 236
1856190 236
1856200 236
1856210 236
1856220 236
1856230 236
1856240 236
1856250 236
1856260 235
1856270 235
1856280 235
1856290 235
1856300 235
1856310 235
1856320 235
1856330 235
1856340 235
1856350 235
1856360 235
1856370 235
1856380 235
1856390 235
1856400 235
1856410 235
1856420 235
1856430 235
1856440 235
1856450 235
1856460 234
1856470 234
1856480 234
1856490 234
1856500 234
1856510 234
1856520 233
1856530 233
1856540 233
1856550 233
1856560 233
1856570 233
1856580 232
1856590 232
1856600 232
1856610 231
1856620 231
1856630 231
1856640 231
1856650 231
1856660 231
1856670 231
1856680 231
1856690 230
1856700 230
1856710 230
1856720 230
1856730 229
1856740 229
1856750 229
1856760 229
1856770 229
1856780 228
1856790 228
1856800 228
1856810 227
1856820 226
1856830 226
1856840 225
1856850 224
1856860 224
1856870 223
1856880 222
1856890 222
1856900 221
1856910 221
1856920 221
1856930 220
1856940 220
1856950 220
1856960 220
1856970 220
1856980 220
1856990 220
1857000 219
1857010 219
1857020 218
1857030 218
1857040 218
1857050 217
1857060 217
1857070 217
1857080 217
1857090 217
1857100 217
1857110 217
1857120 218
1857130 218
1857140 219
1857150 220
1857160 220
1857170 222
1857180 223
1857190 223
1857200 225
1857210 226
1857220 226
1857230 227
1857240 228
1857250 228
1857260 228
1857270 228
1857280 228
1857290 227
1857300 227
1857310 227
1857320 226
1857330 225
1857340 225
1857350 226
1857360 226
1857370 226
1857380 226
1857390 226
1857400 226
1857410 226
1857420 227
1857430 227
1857440 227
1857450 227
1857460 227
1857470 228
1857480 228
1857490 228
1857500 227
1857510 226
1857520 228
1857530 227
1857540 227
1857550 227
1857560 227
1857570 227
1857580 227
1857590 228
1857600 228
1857610 228
1857620 229
1857630 230
1857640 230
1857650 231
1857660 232
1857670 232
1857680 233
1857690 234
1857700 234
1857710 234
1857720 234
1857730 234
1857740 234
1857750 234
1857760 234
1857770 234
1857780 234
1857790 234
1857800 235
1857810 235
1857820 234
1857830 234
1857840 234
1857850 235
1857860 235
1857870 235
1857880 235
1857890 235
1857900 235
1857910 235
1857920 235
1857930 235
1857940 236
1857950 236
1857960 236
1857970 236
1857980 236
1857990 236
1858000 236
1858010 236
1858020 236
1858030 236
1858040 236
1858050 236
1858060 236
1858070 236
1858080 236
1858090 236
1858100 236
1858110 236
1858120 236
1858130 236
1858140 236
1858150 236
1858160 236
1858170 236
1858180 236
1858190 236
1858200 236
1858210 236
1858220 236
1858230 236
1858240 236
1858250 236
1858260 236
1858270 236
1858280 236
1858290 236
1858300 236
1858310 235
1858320 235
1858330 235
1858340 234
1858350 234
1858360 234
1858370 233
1858380 233
1858390 233
1858400 232
1858410 232
1858420 232
1858430 231
1858440 231
1858450 230
1858460 229
1858470 229
1858480 228
1858490 226
1858500 226
1858510 222
1858520 222
1858530 222
1858540 225
1858550 225
1858560 225
1858570 226
1858580 226
1858590 226
1858600 227
1858610 228
1858620 228
1858630 230
1858640 231
1858650 231
1858660 232
1858670 233
1858680 233
1858690 234
1858700 234
1858710 234
1858720 235
1858730 235
1858740 235
1858750 235
1858760 236
1858770 236
1858780 236
1858790 235
1858800 235
1858810 235
1858820 235
1858830 235
1858840 235
1858850 235
1858860 235
1858870 234
1858880 234
1858890 234
1858900 234
1858910 234
1858920 234
1858930 234
1858940 234
1858950 234
1858960 234
1858970 234
1858980 234
1858990 233
1859000 233
1859010 233
1859020 233
1859030 233
1859040 233
1859050 233
1859060 233
1859070 233
1859080 233
1859090 233
1859100 233
1859110 233
1859120 233
1859130 233
1859140 232
1859150 232
1859160 232
1859170 231
1859180 231
1859190 231
1859200 231
1859210 231
1859220 231
1859230 230
1859240 230
1859250 229
1859260 228
1859270 228
1859280 227
1859290 227
1859300 227
1859310 227
1859320 226
1859330 226
1859340 226
1859350 225
1859360 225
1859370 225
1859380 224
1859390 224
1859400 223
1859410 222
1859420 222
1859430 221
1859440 219
1859450 219
1859460 217
1859470 215
1859480 215
1859490 214
1859500 213
1859510 213
1859520 212
1859530 212
1859540 212
1859550 212
1859560 212
1859570 212
1859580 213
1859590 213
1859600 213
1859610 216
1859620 217
1859630 217
1859640 218
1859650 220
1859660 220
1859670 222
1859680 223
1859690 223
1859700 224
1859710 225
1859720 225
1859730 227
1859740 228
1859750 228
1859760 229
1859770 230
1859780 230
1859790 231
1859800 231
1859810 231
1859820 232
1859830 233
1859840 233
1859850 233
1859860 234
1859870 234
1859880 235
1859890 236
1859900 236
1859910 236
1859920 237
1859930 237
1859940 237
1859950 237
1859960 237
1859970 237
1859980 237
1859990 237
