1840000 212
1840010 211
1840020 211
1840030 211
1840040 211
1840050 211
1840060 211
1840070 211
1840080 211
1840090 212
1840100 213
1840110 213
1840120 213
1840130 213
1840140 213
1840150 213
1840160 213
1840170 213
1840180 213
1840190 213
1840200 213
1840210 213
1840220 213
1840230 213
1840240 213
1840250 216
1840260 216
1840270 220
1840280 223
1840290 223
1840300 224
1840310 224
1840320 224
1840330 225
1840340 226
1840350 226
1840360 228
1840370 230
1840380 230
1840390 232
1840400 235
1840410 234
1840420 236
1840430 239
1840440 239
1840450 242
1840460 244
1840470 244
1840480 246
1840490 249
1840500 249
1840510 251
1840520 252
1840530 252
1840540 254
1840550 254
1840560 256
1840570 258
1840580 258
1840590 259
1840600 259
1840610 259
1840620 258
1840630 257
1840640 257
1840650 255
1840660 254
1840670 254
1840680 253
1840690 251
1840700 251
1840710 249
1840720 248
1840730 248
1840740 247
1840750 246
1840760 246
1840770 242
1840780 243
1840790 243
1840800 243
1840810 243
1840820 243
1840830 243
1840840 243
1840850 243
1840860 244
1840870 244
1840880 244
1840890 246
1840900 248
1840910 248
1840920 252
1840930 255
1840940 255
1840950 258
1840960 260
1840970 260
1840980 261
1840990 263
1841000 263
1841010 265
1841020 265
1841030 265
1841040 265
1841050 265
1841060 265
1841070 266
1841080 269
1841090 269
1841100 269
1841110 269
1841120 269
1841130 269
1841140 269
1841150 269
1841160 268
1841170 267
1841180 267
1841190 267
1841200 266
1841210 266
1841220 264
1841230 262
1841240 262
1841250 261
1841260 260
1841270 260
1841280 259
1841290 258
1841300 258
1841310 257
1841320 256
1841330 256
1841340 256
1841350 255
1841360 255
1841370 255
1841380 255
1841390 255
1841400 254
1841410 254
1841420 254
1841430 254
1841440 254
1841450 254
1841460 253
1841470 253
1841480 253
1841490 252
1841500 253
1841510 253
1841520 252
1841530 251
1841540 251
1841550 250
1841560 249
1841570 249
1841580 248
1841590 247
1841600 247
1841610 246
1841620 246
1841630 246
1841640 246
1841650 246
1841660 246
1841670 246
1841680 246
1841690 246
1841700 245
1841710 244
1841720 244
1841730 243
1841740 243
1841750 243
1841760 243
1841770 243
1841780 243
1841790 244
1841800 245
1841810 245
1841820 247
1841830 248
1841840 248
1841850 249
1841860 250
1841870 249
1841880 251
1841890 253
1841900 253
1841910 254
1841920 256
1841930 256
1841940 257
1841950 258
1841960 258
1841970 259
1841980 259
1841990 260
1842000 261
1842010 261
1842020 261
1842030 262
1842040 262
1842050 263
1842060 263
1842070 263
1842080 264
1842090 265
1842100 265
1842110 265
1842120 266
1842130 266
1842140 266
1842150 267
1842160 267
1842170 267
1842180 267
1842190 267
1842200 268
1842210 268
1842220 268
1842230 268
1842240 268
1842250 268
1842260 268
1842270 268
1842280 268
1842290 268
1842300 268
1842310 268
1842320 268
1842330 267
1842340 267
1842350 267
1842360 267
1842370 267
1842380 266
1842390 266
1842400 266
1842410 265
1842420 265
1842430 265
1842440 265
1842450 264
1842460 264
1842470 264
1842480 264
1842490 264
1842500 263
1842510 263
1842520 263
1842530 263
1842540 262
1842550 262
1842560 262
1842570 261
1842580 261
1842590 261
1842600 260
1842610 260
1842620 259
1842630 259
1842640 259
1842650 258
1842660 257
1842670 257
1842680 256
1842690 255
1842700 255
1842710 254
1842720 253
1842730 253
1842740 252
1842750 251
1842760 251
1842770 250
1842780 250
1842790 250
1842800 249
1842810 249
1842820 249
1842830 249
1842840 248
1842850 248
1842860 247
1842870 246
1842880 246
1842890 245
1842900 245
1842910 245
1842920 244
1842930 244
1842940 244
1842950 244
1842960 245
1842970 245
1842980 245
1842990 245
1843000 245
1843010 245
1843020 244
1843030 244
1843040 243
1843050 242
1843060 242
1843070 241
1843080 240
1843090 240
1843100 240
1843110 241
1843120 241
1843130 242
1843140 242
1843150 242
1843160 242
1843170 242
1843180 242
1843190 242
1843200 243
1843210 243
1843220 243
1843230 244
1843240 244
1843250 244
1843260 245
1843270 245
1843280 246
1843290 246
1843300 246
1843310 247
1843320 249
1843330 249
1843340 249
1843350 249
1843360 249
1843370 250
1843380 250
1843390 250
1843400 250
1843410 250
1843420 250
1843430 251
1843440 251
1843450 250
1843460 250
1843470 250
1843480 250
1843490 250
1843500 250
1843510 250
1843520 250
1843530 250
1843540 250
1843550 250
1843560 250
1843570 250
1843580 250
1843590 250
1843600 250
1843610 250
1843620 250
1843630 250
1843640 249
1843650 249
1843660 249
1843670 249
1843680 249
1843690 248
1843700 248
1843710 248
1843720 248
1843730 248
1843740 248
1843750 247
1843760 246
1843770 246
1843780 246
1843790 246
1843800 246
1843810 246
1843820 247
1843830 247
1843840 247
1843850 247
1843860 247
1843870 247
1843880 247
1843890 247
1843900 247
1843910 247
1843920 247
1843930 247
1843940 246
1843950 246
1843960 246
1843970 245
1843980 245
1843990 245
1844000 244
1844010 244
1844020 244
1844030 243
1844040 243
1844050 243
1844060 243
1844070 243
1844080 243
1844090 243
1844100 243
1844110 243
1844120 242
1844130 242
1844140 242
1844150 241
1844160 241
1844170 241
1844180 240
1844190 240
1844200 239
1844210 239
1844220 239
1844230 238
1844240 237
1844250 237
1844260 236
1844270 235
1844280 235
1844290 235
1844300 233
1844310 233
1844320 232
1844330 231
1844340 231
1844350 230
1844360 229
1844370 229
1844380 228
1844390 226
1844400 226
1844410 225
1844420 224
1844430 224
1844440 223
1844450 223
1844460 223
1844470 223
1844480 223
1844490 223
1844500 223
1844510 224
1844520 224
1844530 224
1844540 224
1844550 224
1844560 225
1844570 225
1844580 225
1844590 226
1844600 226
1844610 226
1844620 227
1844630 227
1844640 227
1844650 228
1844660 229
1844670 229
1844680 229
1844690 230
1844700 230
1844710 231
1844720 231
1844730 231
1844740 232
1844750 232
1844760 232
1844770 234
1844780 234
1844790 234
1844800 235
1844810 235
1844820 235
1844830 235
1844840 235
1844850 235
1844860 236
1844870 236
1844880 236
1844890 237
1844900 237
1844910 237
1844920 237
1844930 237
1844940 237
1844950 238
1844960 238
1844970 238
1844980 238
1844990 238
1845000 238
1845010 238
1845020 238
1845030 239
1845040 239
1845050 239
1845060 239
1845070 239
1845080 239
1845090 239
1845100 239
1845110 239
1845120 238
1845130 238
1845140 238
1845150 238
1845160 238
1845170 238
1845180 237
1845190 237
1845200 237
1845210 236
1845220 235
1845230 235
1845240 233
1845250 231
1845260 231
1845270 229
1845280 227
1845290 227
1845300 226
1845310 225
1845320 225
1845330 224
1845340 223
1845350 223
1845360 222
1845370 221
1845380 221
1845390 220
1845400 218
1845410 218
1845420 218
1845430 218
1845440 218
1845450 217
1845460 217
1845470 217
1845480 219
1845490 221
1845500 221
1845510 223
1845520 225
1845530 225
1845540 227
1845550 228
1845560 228
1845570 230
1845580 231
1845590 231
1845600 232
1845610 232
1845620 232
1845630 233
1845640 234
1845650 234
1845660 234
1845670 234
1845680 234
1845690 235
1845700 235
1845710 235
1845720 235
1845730 235
1845740 235
1845750 235
1845760 236
1845770 236
1845780 236
1845790 235
1845800 235
1845810 235
1845820 235
1845830 235
1845840 234
1845850 234
1845860 234
1845870 234
1845880 233
1845890 233
1845900 233
1845910 233
1845920 233
1845930 232
1845940 232
1845950 232
1845960 232
1845970 232
1845980 232
1845990 233
1846000 235
1846010 235
1846020 236
1846030 237
1846040 237
1846050 238
1846060 239
1846070 239
1846080 240
1846090 241
1846100 241
1846110 241
1846120 242
1846130 242
1846140 243
1846150 244
1846160 244
1846170 245
1846180 245
1846190 246
1846200 247
1846210 247
1846220 248
1846230 249
1846240 249
1846250 250
1846260 251
1846270 251
1846280 252
1846290 253
1846300 253
1846310 253
1846320 254
1846330 254
1846340 255
1846350 256
1846360 256
1846370 256
1846380 257
1846390 257
1846400 258
1846410 258
1846420 258
1846430 259
1846440 259
1846450 259
1846460 260
1846470 260
1846480 260
1846490 260
1846500 261
1846510 261
1846520 261
1846530 261
1846540 261
1846550 261
1846560 262
1846570 262
1846580 262
1846590 263
1846600 263
1846610 263
1846620 263
1846630 263
1846640 263
1846650 263
1846660 263
1846670 263
1846680 263
1846690 263
1846700 263
1846710 263
1846720 263
1846730 263
1846740 263
1846750 263
1846760 263
1846770 263
1846780 263
1846790 263
1846800 263
1846810 263
1846820 263
1846830 263
1846840 263
1846850 263
1846860 263
1846870 263
1846880 263
1846890 263
1846900 263
1846910 263
1846920 263
1846930 263
1846940 263
1846950 263
1846960 263
1846970 263
1846980 263
1846990 263
1847000 263
1847010 263
1847020 263
1847030 263
1847040 263
1847050 263
1847060 263
1847070 263
1847080 263
1847090 263
1847100 263
1847110 263
1847120 263
1847130 263
1847140 263
1847150 263
1847160 264
1847170 264
1847180 264
1847190 264
1847200 264
1847210 263
1847220 263
1847230 263
1847240 263
1847250 264
1847260 264
1847270 264
1847280 264
1847290 264
1847300 264
1847310 264
1847320 264
1847330 264
1847340 263
1847350 263
1847360 264
1847370 263
1847380 263
1847390 263
1847400 263
1847410 263
1847420 263
1847430 263
1847440 263
1847450 263
1847460 263
1847470 263
1847480 263
1847490 263
1847500 263
1847510 263
1847520 262
1847530 262
1847540 262
1847550 262
1847560 262
1847570 261
1847580 261
1847590 261
1847600 261
1847610 261
1847620 261
1847630 260
1847640 260
1847650 260
1847660 260
1847670 260
1847680 259
1847690 259
1847700 259
1847710 259
1847720 258
1847730 258
1847740 258
1847750 257
1847760 257
1847770 257
1847780 257
1847790 257
1847800 256
1847810 256
1847820 256
1847830 256
1847840 255
1847850 255
1847860 255
1847870 254
1847880 254
1847890 254
1847900 253
1847910 253
1847920 253
1847930 252
1847940 252
1847950 251
1847960 251
1847970 251
1847980 250
1847990 249
1848000 249
1848010 248
1848020 246
1848030 246
1848040 246
1848050 245
1848060 245
1848070 243
1848080 242
1848090 242
1848100 241
1848110 240
1848120 240
1848130 239
1848140 239
1848150 239
1848160 239
1848170 239
1848180 239
1848190 238
1848200 238
1848210 238
1848220 239
1848230 238
1848240 238
1848250 238
1848260 237
1848270 237
1848280 237
1848290 237
1848300 237
1848310 237
1848320 237
1848330 237
1848340 238
1848350 238
1848360 239
1848370 240
1848380 241
1848390 241
1848400 242
1848410 243
1848420 243
1848430 243
1848440 244
1848450 244
1848460 244
1848470 245
1848480 245
1848490 245
1848500 246
1848510 246
1848520 246
1848530 246
1848540 246
1848550 247
1848560 247
1848570 247
1848580 247
1848590 248
1848600 248
1848610 248
1848620 249
1848630 249
1848640 250
1848650 249
1848660 249
1848670 249
1848680 249
1848690 249
1848700 250
1848710 250
1848720 251
1848730 251
1848740 252
1848750 252
1848760 252
1848770 252
1848780 252
1848790 252
1848800 252
1848810 252
1848820 252
1848830 252
1848840 252
1848850 252
1848860 252
1848870 252
1848880 253
1848890 253
1848900 253
1848910 253
1848920 253
1848930 253
1848940 253
1848950 253
1848960 253
1848970 253
1848980 253
1848990 253
1849000 252
1849010 252
1849020 252
1849030 252
1849040 252
1849050 252
1849060 252
1849070 252
1849080 252
1849090 252
1849100 252
1849110 252
1849120 252
1849130 252
1849140 252
1849150 252
1849160 252
1849170 251
1849180 251
1849190 251
1849200 251
1849210 251
1849220 251
1849230 251
1849240 250
1849250 250
1849260 250
1849270 250
1849280 250
1849290 249
1849300 248
1849310 248
1849320 248
1849330 247
1849340 247
1849350 246
1849360 246
1849370 246
1849380 245
1849390 244
1849400 244
1849410 244
1849420 243
1849430 243
1849440 242
1849450 241
1849460 241
1849470 240
1849480 238
1849490 238
1849500 238
1849510 238
1849520 238
1849530 239
1849540 240
1849550 240
1849560 241
1849570 241
1849580 241
1849590 241
1849600 241
1849610 241
1849620 241
1849630 241
1849640 241
1849650 240
1849660 240
1849670 240
1849680 240
1849690 240
1849700 240
1849710 240
1849720 240
1849730 240
1849740 240
1849750 240
1849760 240
1849770 239
1849780 239
1849790 239
1849800 238
1849810 238
1849820 238
1849830 237
1849840 237
1849850 237
1849860 236
1849870 236
1849880 236
1849890 235
1849900 234
1849910 234
1849920 234
1849930 233
1849940 233
1849950 233
1849960 232
1849970 232
1849980 231
1849990 231
1850000 231
1850010 230
1850020 230
1850030 230
1850040 229
1850050 228
1850060 228
1850070 227
1850080 227
1850090 227
1850100 226
1850110 225
1850120 225
1850130 224
1850140 223
1850150 222
1850160 222
1850170 221
1850180 221
1850190 220
1850200 219
1850210 219
1850220 218
1850230 217
1850240 217
1850250 217
1850260 216
1850270 216
1850280 215
1850290 215
1850300 215
1850310 214
1850320 213
1850330 213
1850340 213
1850350 213
1850360 212
1850370 211
1850380 211
1850390 210
1850400 209
1850410 209
1850420 209
1850430 208
1850440 208
1850450 208
1850460 207
1850470 207
1850480 206
1850490 204
1850500 204
1850510 204
1850520 203
1850530 203
1850540 202
1850550 201
1850560 201
1850570 201
1850580 201
1850590 201
1850600 200
1850610 200
1850620 200
1850630 199
1850640 199
1850650 199
1850660 199
1850670 198
1850680 198
1850690 198
1850700 198
1850710 198
1850720 197
1850730 197
1850740 197
1850750 197
1850760 196
1850770 196
1850780 196
1850790 195
1850800 195
1850810 195
1850820 195
1850830 195
1850840 194
1850850 194
1850860 194
1850870 193
1850880 193
1850890 193
1850900 193
1850910 192
1850920 192
1850930 192
1850940 192
1850950 192
1850960 191
1850970 191
1850980 191
1850990 191
1851000 190
1851010 190
1851020 190
1851030 190
1851040 190
1851050 190
1851060 190
1851070 190
1851080 189
1851090 189
1851100 189
1851110 189
1851120 189
1851130 189
1851140 188
1851150 188
1851160 188
1851170 188
1851180 188
1851190 188
1851200 188
1851210 187
1851220 187
1851230 187
1851240 187
1851250 187
1851260 186
1851270 186
1851280 186
1851290 186
1851300 185
1851310 185
1851320 185
1851330 185
1851340 185
1851350 185
1851360 184
1851370 184
1851380 184
1851390 184
1851400 184
1851410 184
1851420 183
1851430 183
1851440 183
1851450 183
1851460 183
1851470 182
1851480 182
1851490 182
1851500 182
1851510 181
1851520 181
1851530 181
1851540 181
1851550 181
1851560 181
1851570 179
1851580 179
1851590 179
1851600 179
1851610 179
1851620 178
1851630 176
1851640 176
1851650 174
1851660 173
1851670 173
1851680 172
1851690 172
1851700 172
1851710 168
1851720 167
1851730 167
1851740 168
1851750 168
1851760 167
1851770 167
1851780 167
1851790 167
1851800 167
1851810 167
1851820 167
1851830 167
1851840 167
1851850 167
1851860 166
1851870 166
1851880 166
1851890 166
1851900 166
1851910 166
1851920 166
1851930 166
1851940 166
1851950 166
1851960 166
1851970 165
1851980 165
1851990 165
1852000 165
1852010 165
1852020 165
1852030 165
1852040 165
1852050 165
1852060 164
1852070 164
1852080 164
1852090 163
1852100 163
1852110 163
1852120 163
1852130 163
1852140 163
1852150 163
1852160 162
1852170 162
1852180 162
1852190 162
1852200 162
1852210 163
1852220 164
1852230 164
1852240 163
1852250 163
1852260 163
1852270 163
1852280 163
1852290 163
1852300 164
1852310 164
1852320 164
1852330 164
1852340 164
1852350 164
1852360 165
1852370 165
1852380 165
1852390 166
1852400 166
1852410 166
1852420 167
1852430 166
1852440 166
1852450 166
1852460 166
1852470 166
1852480 165
1852490 165
1852500 165
1852510 165
1852520 164
1852530 164
1852540 164
1852550 164
1852560 164
1852570 164
1852580 164
1852590 164
1852600 164
1852610 164
1852620 164
1852630 164
1852640 164
1852650 164
1852660 164
1852670 164
1852680 164
1852690 164
1852700 165
1852710 165
1852720 165
1852730 165
1852740 165
1852750 166
1852760 166
1852770 166
1852780 166
1852790 166
1852800 166
1852810 166
1852820 167
1852830 167
1852840 167
1852850 167
1852860 167
1852870 167
1852880 168
1852890 168
1852900 168
1852910 168
1852920 168
1852930 169
1852940 169
1852950 169
1852960 169
1852970 170
1852980 170
1852990 170
1853000 171
1853010 171
1853020 171
1853030 171
1853040 171
1853050 171
1853060 172
1853070 172
1853080 172
1853090 172
1853100 172
1853110 172
1853120 173
1853130 173
1853140 173
1853150 173
1853160 173
1853170 173
1853180 173
1853190 173
1853200 173
1853210 173
1853220 173
1853230 173
1853240 173
1853250 173
1853260 173
1853270 173
1853280 173
1853290 174
1853300 174
1853310 174
1853320 174
1853330 174
1853340 174
1853350 175
1853360 175
1853370 175
1853380 176
1853390 176
1853400 176
1853410 176
1853420 176
1853430 175
1853440 175
1853450 175
1853460 174
1853470 174
1853480 174
1853490 173
1853500 172
1853510 172
1853520 172
1853530 171
1853540 171
1853550 171
1853560 171
1853570 171
1853580 171
1853590 171
1853600 171
1853610 171
1853620 171
1853630 171
1853640 171
1853650 171
1853660 171
1853670 171
1853680 171
1853690 171
1853700 171
1853710 171
1853720 171
1853730 171
1853740 171
1853750 171
1853760 171
1853770 172
1853780 172
1853790 172
1853800 172
1853810 172
1853820 172
1853830 172
1853840 172
1853850 172
1853860 172
1853870 172
1853880 172
1853890 172
1853900 172
1853910 173
1853920 173
1853930 173
1853940 173
1853950 173
1853960 173
1853970 173
1853980 173
1853990 173
1854000 173
1854010 173
1854020 173
1854030 174
1854040 174
1854050 174
1854060 174
1854070 174
1854080 174
1854090 174
1854100 174
1854110 174
1854120 174
1854130 174
1854140 174
1854150 174
1854160 174
1854170 174
1854180 174
1854190 175
1854200 175
1854210 175
1854220 175
1854230 175
1854240 176
1854250 176
1854260 176
1854270 176
1854280 177
1854290 177
1854300 177
1854310 178
1854320 178
1854330 178
1854340 179
1854350 179
1854360 179
1854370 179
1854380 179
1854390 181
1854400 181
1854410 181
1854420 181
1854430 181
1854440 181
1854450 181
1854460 182
1854470 182
1854480 182
1854490 183
1854500 183
1854510 183
1854520 184
1854530 184
1854540 184
1854550 184
1854560 185
1854570 185
1854580 185
1854590 186
1854600 186
1854610 186
1854620 185
1854630 186
1854640 186
1854650 186
1854660 186
1854670 186
1854680 187
1854690 187
1854700 187
1854710 188
1854720 188
1854730 188
1854740 189
1854750 190
1854760 190
1854770 190
1854780 191
1854790 191
1854800 191
1854810 191
1854820 191
1854830 191
1854840 191
1854850 191
1854860 192
1854870 192
1854880 192
1854890 192
1854900 193
1854910 193
1854920 193
1854930 193
1854940 193
1854950 194
1854960 194
1854970 194
1854980 195
1854990 196
1855000 196
1855010 197
1855020 198
1855030 198
1855040 198
1855050 199
1855060 199
1855070 200
1855080 201
1855090 201
1855100 203
1855110 205
1855120 205
1855130 207
1855140 210
1855150 210
1855160 211
1855170 212
1855180 212
1855190 212
1855200 212
1855210 212
1855220 212
1855230 212
1855240 212
1855250 213
1855260 214
1855270 214
1855280 214
1855290 215
1855300 215
1855310 216
1855320 217
1855330 217
1855340 217
1855350 217
1855360 217
1855370 217
1855380 216
1855390 216
1855400 215
1855410 214
1855420 214
1855430 213
1855440 212
1855450 213
1855460 213
1855470 214
1855480 214
1855490 215
1855500 216
1855510 216
1855520 222
1855530 226
1855540 226
1855550 229
1855560 232
1855570 232
1855580 234
1855590 235
1855600 235
1855610 235
1855620 235
1855630 235
1855640 235
1855650 235
1855660 235
1855670 235
1855680 236
1855690 236
1855700 236
1855710 236
1855720 236
1855730 236
1855740 237
1855750 237
1855760 237
1855770 237
1855780 237
1855790 237
1855800 238
1855810 238
1855820 238
1855830 238
1855840 238
1855850 237
1855860 237
1855870 237
1855880 237
1855890 237
1855900 237
1855910 237
1855920 237
1855930 237
1855940 237
1855950 237
1855960 237
1855970 237
1855980 237
1855990 238
1856000 238
1856010 238
1856020 238
1856030 238
1856040 238
1856050 238
1856060 238
1856070 238
1856080 238
1856090 238
1856100 238
1856110 238
1856120 237
1856130 237
1856140 237
1856150 237
1856160 237
1856170 237
1856180 237
1856190 237
1856200 237
1856210 237
1856220 237
1856230 237
1856240 237
1856250 237
1856260 237
1856270 237
1856280 237
1856290 237
1856300 237
1856310 237
1856320 237
1856330 237
1856340 237
1856350 237
1856360 236
1856370 236
1856380 236
1856390 236
1856400 236
1856410 235
1856420 235
1856430 235
1856440 235
1856450 235
1856460 235
1856470 235
1856480 234
1856490 234
1856500 233
1856510 232
1856520 232
1856530 231
1856540 230
1856550 230
1856560 229
1856570 228
1856580 228
1856590 227
1856600 226
1856610 226
1856620 226
1856630 225
1856640 225
1856650 225
1856660 224
1856670 224
1856680 224
1856690 224
1856700 224
1856710 223
1856720 223
1856730 223
1856740 223
1856750 223
1856760 223
1856770 222
1856780 222
1856790 222
1856800 222
1856810 222
1856820 222
1856830 222
1856840 222
1856850 223
1856860 222
1856870 222
1856880 222
1856890 222
1856900 222
1856910 222
1856920 222
1856930 224
1856940 224
1856950 226
1856960 227
1856970 227
1856980 227
1856990 227
1857000 227
1857010 228
1857020 229
1857030 229
1857040 230
1857050 230
1857060 230
1857070 231
1857080 232
1857090 232
1857100 232
1857110 233
1857120 233
1857130 234
1857140 234
1857150 234
1857160 234
1857170 235
1857180 235
1857190 235
1857200 236
1857210 236
1857220 236
1857230 236
1857240 236
1857250 236
1857260 236
1857270 236
1857280 236
1857290 236
1857300 236
1857310 236
1857320 236
1857330 236
1857340 236
1857350 236
1857360 236
1857370 236
1857380 236
1857390 236
1857400 236
1857410 236
1857420 236
1857430 236
1857440 236
1857450 236
1857460 236
1857470 236
1857480 236
1857490 236
1857500 236
1857510 236
1857520 236
1857530 236
1857540 236
1857550 237
1857560 237
1857570 236
1857580 236
1857590 236
1857600 236
1857610 236
1857620 236
1857630 236
1857640 236
1857650 236
1857660 236
1857670 236
1857680 236
1857690 236
1857700 236
1857710 236
1857720 236
1857730 236
1857740 236
1857750 236
1857760 236
1857770 236
1857780 236
1857790 236
1857800 236
1857810 236
1857820 236
1857830 236
1857840 236
1857850 236
1857860 236
1857870 236
1857880 236
1857890 236
1857900 236
1857910 236
1857920 236
1857930 236
1857940 236
1857950 236
1857960 237
1857970 237
1857980 237
1857990 237
1858000 237
1858010 237
1858020 237
1858030 237
1858040 237
1858050 237
1858060 237
1858070 237
1858080 237
1858090 238
1858100 238
1858110 238
1858120 237
1858130 237
1858140 238
1858150 238
1858160 238
1858170 237
1858180 237
1858190 237
1858200 237
1858210 237
1858220 237
1858230 237
1858240 237
1858250 237
1858260 237
1858270 237
1858280 237
1858290 237
1858300 237
1858310 237
1858320 237
1858330 237
1858340 237
1858350 237
1858360 236
1858370 236
1858380 236
1858390 236
1858400 236
1858410 235
1858420 231
1858430 231
1858440 230
1858450 235
1858460 235
1858470 236
1858480 236
1858490 236
1858500 236
1858510 237
1858520 237
1858530 237
1858540 237
1858550 237
1858560 237
1858570 237
1858580 237
1858590 237
1858600 237
1858610 237
1858620 236
1858630 236
1858640 236
1858650 236
1858660 236
1858670 236
1858680 236
1858690 236
1858700 236
1858710 236
1858720 236
1858730 235
1858740 235
1858750 235
1858760 235
1858770 234
1858780 234
1858790 234
1858800 233
1858810 233
1858820 233
1858830 232
1858840 232
1858850 232
1858860 232
1858870 232
1858880 231
1858890 231
1858900 231
1858910 231
1858920 230
1858930 230
1858940 229
1858950 229
1858960 229
1858970 229
1858980 230
1858990 230
1859000 229
1859010 228
1859020 228
1859030 228
1859040 227
1859050 227
1859060 227
1859070 226
1859080 226
1859090 226
1859100 225
1859110 225
1859120 224
1859130 223
1859140 223
1859150 222
1859160 221
1859170 221
1859180 221
1859190 220
1859200 220
1859210 220
1859220 221
1859230 221
1859240 221
1859250 221
1859260 221
1859270 220
1859280 219
1859290 218
1859300 218
1859310 217
1859320 217
1859330 216
1859340 215
1859350 215
1859360 213
1859370 212
1859380 212
1859390 211
1859400 209
1859410 209
1859420 209
1859430 209
1859440 209
1859450 210
1859460 212
1859470 212
1859480 213
1859490 215
1859500 215
1859510 217
1859520 218
1859530 218
1859540 219
1859550 221
1859560 221
1859570 222
1859580 223
1859590 223
1859600 223
1859610 224
1859620 224
1859630 224
1859640 225
1859650 225
1859660 226
1859670 226
1859680 226
1859690 227
1859700 228
1859710 228
1859720 229
1859730 229
1859740 229
1859750 230
1859760 230
1859770 230
1859780 230
1859790 230
1859800 230
1859810 230
1859820 230
1859830 230
1859840 229
1859850 229
1859860 229
1859870 229
1859880 228
1859890 228
1859900 228
1859910 228
1859920 228
1859930 228
1859940 228
1859950 228
1859960 228
1859970 228
1859980 228
1859990 229
