1840000 243
1840010 243
1840020 243
1840030 242
1840040 242
1840050 242
1840060 241
1840070 241
1840080 241
1840090 240
1840100 240
1840110 240
1840120 240
1840130 240
1840140 240
1840150 239
1840160 239
1840170 239
1840180 238
1840190 238
1840200 238
1840210 237
1840220 237
1840230 236
1840240 236
1840250 236
1840260 235
1840270 234
1840280 234
1840290 233
1840300 232
1840310 232
1840320 232
1840330 231
1840340 231
1840350 231
1840360 231
1840370 231
1840380 231
1840390 231
1840400 231
1840410 231
1840420 230
1840430 230
1840440 230
1840450 230
1840460 230
1840470 230
1840480 230
1840490 230
1840500 231
1840510 230
1840520 230
1840530 230
1840540 231
1840550 231
1840560 231
1840570 231
1840580 231
1840590 231
1840600 231
1840610 231
1840620 232
1840630 232
1840640 232
1840650 232
1840660 232
1840670 232
1840680 232
1840690 233
1840700 233
1840710 235
1840720 239
1840730 239
1840740 243
1840750 247
1840760 247
1840770 250
1840780 253
1840790 253
1840800 255
1840810 258
1840820 258
1840830 258
1840840 261
1840850 261
1840860 263
1840870 265
1840880 265
1840890 266
1840900 266
1840910 266
1840920 266
1840930 266
1840940 266
1840950 266
1840960 266
1840970 266
1840980 266
1840990 265
1841000 265
1841010 265
1841020 265
1841030 265
1841040 265
1841050 265
1841060 265
1841070 265
1841080 265
1841090 265
1841100 266
1841110 266
1841120 266
1841130 267
1841140 267
1841150 267
1841160 268
1841170 268
1841180 268
1841190 268
1841200 269
1841210 269
1841220 270
1841230 270
1841240 270
1841250 270
1841260 270
1841270 270
1841280 271
1841290 271
1841300 271
1841310 271
1841320 272
1841330 272
1841340 272
1841350 272
1841360 272
1841370 273
1841380 273
1841390 273
1841400 274
1841410 275
1841420 275
1841430 275
1841440 272
1841450 272
1841460 267
1841470 266
1841480 266
1841490 268
1841500 267
1841510 267
1841520 267
1841530 267
1841540 267
1841550 267
1841560 269
1841570 269
1841580 275
1841590 275
1841600 278
1841610 280
1841620 280
1841630 280
1841640 280
1841650 280
1841660 281
1841670 281
1841680 281
1841690 281
1841700 280
1841710 280
1841720 280
1841730 280
1841740 280
1841750 279
1841760 279
1841770 279
1841780 278
1841790 277
1841800 277
1841810 276
1841820 275
1841830 275
1841840 273
1841850 270
1841860 270
1841870 269
1841880 266
1841890 266
1841900 263
1841910 261
1841920 261
1841930 261
1841940 260
1841950 260
1841960 259
1841970 259
1841980 259
1841990 259
1842000 259
1842010 259
1842020 259
1842030 258
1842040 258
1842050 257
1842060 256
1842070 256
1842080 255
1842090 254
1842100 254
1842110 253
1842120 252
1842130 252
1842140 251
1842150 250
1842160 250
1842170 249
1842180 248
1842190 248
1842200 247
1842210 246
1842220 246
1842230 245
1842240 244
1842250 244
1842260 242
1842270 241
1842280 241
1842290 239
1842300 237
1842310 237
1842320 234
1842330 232
1842340 232
1842350 230
1842360 228
1842370 228
1842380 226
1842390 223
1842400 223
1842410 222
1842420 221
1842430 221
1842440 222
1842450 224
1842460 224
1842470 227
1842480 232
1842490 232
1842500 236
1842510 238
1842520 238
1842530 236
1842540 234
1842550 234
1842560 232
1842570 232
1842580 232
1842590 232
1842600 233
1842610 233
1842620 234
1842630 235
1842640 235
1842650 233
1842660 235
1842670 235
1842680 236
1842690 237
1842700 237
1842710 238
1842720 239
1842730 239
1842740 239
1842750 240
1842760 240
1842770 240
1842780 239
1842790 239
1842800 238
1842810 237
1842820 237
1842830 236
1842840 237
1842850 237
1842860 238
1842870 239
1842880 239
1842890 239
1842900 239
1842910 239
1842920 240
1842930 241
1842940 241
1842950 241
1842960 241
1842970 241
1842980 239
1842990 239
1843000 239
1843010 241
1843020 239
1843030 240
1843040 241
1843050 241
1843060 241
1843070 240
1843080 240
1843090 238
1843100 236
1843110 236
1843120 235
1843130 234
1843140 234
1843150 235
1843160 235
1843170 235
1843180 236
1843190 236
1843200 236
1843210 234
1843220 233
1843230 233
1843240 232
1843250 233
1843260 233
1843270 233
1843280 233
1843290 233
1843300 233
1843310 233
1843320 233
1843330 233
1843340 233
1843350 233
1843360 233
1843370 234
1843380 232
1843390 233
1843400 234
1843410 234
1843420 234
1843430 234
1843440 234
1843450 234
1843460 234
1843470 234
1843480 234
1843490 233
1843500 233
1843510 233
1843520 232
1843530 232
1843540 230
1843550 229
1843560 229
1843570 227
1843580 226
1843590 226
1843600 224
1843610 223
1843620 223
1843630 224
1843640 227
1843650 227
1843660 229
1843670 230
1843680 230
1843690 231
1843700 231
1843710 231
1843720 231
1843730 231
1843740 230
1843750 230
1843760 230
1843770 230
1843780 231
1843790 231
1843800 231
1843810 232
1843820 233
1843830 233
1843840 233
1843850 234
1843860 234
1843870 235
1843880 236
1843890 236
1843900 237
1843910 238
1843920 238
1843930 240
1843940 240
1843950 240
1843960 241
1843970 242
1843980 242
1843990 243
1844000 244
1844010 244
1844020 245
1844030 246
1844040 246
1844050 247
1844060 248
1844070 248
1844080 249
1844090 250
1844100 250
1844110 250
1844120 251
1844130 251
1844140 251
1844150 252
1844160 252
1844170 252
1844180 253
1844190 253
1844200 253
1844210 253
1844220 253
1844230 254
1844240 254
1844250 254
1844260 255
1844270 255
1844280 255
1844290 255
1844300 255
1844310 256
1844320 256
1844330 256
1844340 256
1844350 256
1844360 256
1844370 257
1844380 258
1844390 258
1844400 258
1844410 258
1844420 258
1844430 260
1844440 260
1844450 260
1844460 261
1844470 260
1844480 260
1844490 260
1844500 259
1844510 259
1844520 258
1844530 258
1844540 258
1844550 257
1844560 257
1844570 257
1844580 257
1844590 257
1844600 257
1844610 257
1844620 257
1844630 257
1844640 257
1844650 256
1844660 256
1844670 256
1844680 255
1844690 255
1844700 255
1844710 254
1844720 254
1844730 253
1844740 253
1844750 253
1844760 251
1844770 250
1844780 250
1844790 249
1844800 249
1844810 249
1844820 247
1844830 245
1844840 245
1844850 245
1844860 245
1844870 245
1844880 245
1844890 243
1844900 243
1844910 242
1844920 241
1844930 241
1844940 240
1844950 239
1844960 239
1844970 239
1844980 239
1844990 239
1845000 241
1845010 243
1845020 243
1845030 246
1845040 247
1845050 247
1845060 248
1845070 249
1845080 249
1845090 249
1845100 249
1845110 249
1845120 249
1845130 249
1845140 249
1845150 248
1845160 248
1845170 248
1845180 248
1845190 247
1845200 247
1845210 247
1845220 247
1845230 247
1845240 247
1845250 248
1845260 248
1845270 249
1845280 249
1845290 249
1845300 250
1845310 250
1845320 250
1845330 250
1845340 250
1845350 250
1845360 250
1845370 250
1845380 250
1845390 251
1845400 251
1845410 251
1845420 250
1845430 250
1845440 250
1845450 249
1845460 249
1845470 249
1845480 248
1845490 247
1845500 247
1845510 245
1845520 243
1845530 243
1845540 241
1845550 238
1845560 238
1845570 236
1845580 234
1845590 234
1845600 232
1845610 230
1845620 230
1845630 228
1845640 228
1845650 227
1845660 227
1845670 227
1845680 227
1845690 227
1845700 227
1845710 228
1845720 229
1845730 229
1845740 228
1845750 227
1845760 227
1845770 226
1845780 225
1845790 225
1845800 226
1845810 228
1845820 228
1845830 229
1845840 231
1845850 231
1845860 232
1845870 233
1845880 233
1845890 233
1845900 233
1845910 231
1845920 231
1845930 231
1845940 231
1845950 230
1845960 229
1845970 229
1845980 228
1845990 228
1846000 228
1846010 228
1846020 228
1846030 228
1846040 228
1846050 227
1846060 227
1846070 226
1846080 224
1846090 224
1846100 223
1846110 222
1846120 222
1846130 223
1846140 224
1846150 224
1846160 226
1846170 228
1846180 228
1846190 230
1846200 232
1846210 232
1846220 234
1846230 235
1846240 235
1846250 237
1846260 238
1846270 240
1846280 241
1846290 240
1846300 240
1846310 242
1846320 242
1846330 242
1846340 242
1846350 242
1846360 242
1846370 242
1846380 242
1846390 242
1846400 241
1846410 241
1846420 241
1846430 241
1846440 240
1846450 240
1846460 239
1846470 239
1846480 239
1846490 238
1846500 237
1846510 237
1846520 236
1846530 235
1846540 235
1846550 234
1846560 233
1846570 233
1846580 232
1846590 231
1846600 231
1846610 230
1846620 231
1846630 230
1846640 232
1846650 233
1846660 233
1846670 234
1846680 235
1846690 235
1846700 236
1846710 237
1846720 237
1846730 237
1846740 238
1846750 238
1846760 238
1846770 238
1846780 238
1846790 238
1846800 237
1846810 237
1846820 237
1846830 237
1846840 237
1846850 236
1846860 235
1846870 235
1846880 233
1846890 231
1846900 231
1846910 230
1846920 228
1846930 228
1846940 226
1846950 223
1846960 223
1846970 221
1846980 219
1846990 219
1847000 219
1847010 219
1847020 220
1847030 221
1847040 221
1847050 223
1847060 225
1847070 225
1847080 227
1847090 229
1847100 229
1847110 231
1847120 233
1847130 233
1847140 235
1847150 236
1847160 236
1847170 237
1847180 237
1847190 237
1847200 238
1847210 239
1847220 239
1847230 240
1847240 240
1847250 240
1847260 242
1847270 243
1847280 243
1847290 243
1847300 245
1847310 245
1847320 246
1847330 246
1847340 246
1847350 247
1847360 248
1847370 248
1847380 249
1847390 250
1847400 250
1847410 250
1847420 251
1847430 251
1847440 252
1847450 252
1847460 252
1847470 253
1847480 253
1847490 253
1847500 254
1847510 254
1847520 254
1847530 254
1847540 255
1847550 255
1847560 255
1847570 255
1847580 255
1847590 255
1847600 255
1847610 255
1847620 256
1847630 256
1847640 256
1847650 256
1847660 256
1847670 256
1847680 256
1847690 256
1847700 256
1847710 256
1847720 255
1847730 255
1847740 255
1847750 255
1847760 255
1847770 255
1847780 255
1847790 255
1847800 255
1847810 255
1847820 255
1847830 255
1847840 256
1847850 256
1847860 256
1847870 256
1847880 256
1847890 256
1847900 256
1847910 256
1847920 255
1847930 255
1847940 255
1847950 255
1847960 255
1847970 255
1847980 255
1847990 255
1848000 255
1848010 255
1848020 255
1848030 255
1848040 255
1848050 254
1848060 254
1848070 254
1848080 254
1848090 254
1848100 254
1848110 254
1848120 254
1848130 254
1848140 254
1848150 254
1848160 254
1848170 254
1848180 254
1848190 254
1848200 254
1848210 254
1848220 254
1848230 254
1848240 254
1848250 254
1848260 254
1848270 254
1848280 254
1848290 253
1848300 253
1848310 253
1848320 253
1848330 253
1848340 253
1848350 253
1848360 253
1848370 253
1848380 253
1848390 253
1848400 253
1848410 253
1848420 253
1848430 253
1848440 253
1848450 252
1848460 252
1848470 252
1848480 252
1848490 251
1848500 251
1848510 250
1848520 250
1848530 250
1848540 250
1848550 249
1848560 249
1848570 249
1848580 249
1848590 249
1848600 249
1848610 249
1848620 249
1848630 249
1848640 249
1848650 249
1848660 249
1848670 249
1848680 249
1848690 248
1848700 248
1848710 248
1848720 247
1848730 247
1848740 247
1848750 246
1848760 246
1848770 246
1848780 245
1848790 244
1848800 244
1848810 244
1848820 243
1848830 243
1848840 242
1848850 241
1848860 241
1848870 240
1848880 239
1848890 239
1848900 238
1848910 237
1848920 237
1848930 237
1848940 236
1848950 236
1848960 235
1848970 235
1848980 235
1848990 234
1849000 234
1849010 234
1849020 233
1849030 233
1849040 233
1849050 232
1849060 231
1849070 231
1849080 230
1849090 229
1849100 229
1849110 228
1849120 227
1849130 227
1849140 226
1849150 225
1849160 225
1849170 224
1849180 224
1849190 224
1849200 223
1849210 222
1849220 222
1849230 221
1849240 221
1849250 221
1849260 220
1849270 219
1849280 219
1849290 218
1849300 218
1849310 218
1849320 217
1849330 216
1849340 216
1849350 216
1849360 215
1849370 215
1849380 214
1849390 213
1849400 213
1849410 213
1849420 212
1849430 212
1849440 211
1849450 210
1849460 210
1849470 209
1849480 208
1849490 208
1849500 207
1849510 206
1849520 206
1849530 205
1849540 204
1849550 204
1849560 203
1849570 202
1849580 202
1849590 200
1849600 199
1849610 199
1849620 198
1849630 197
1849640 197
1849650 196
1849660 196
1849670 196
1849680 195
1849690 195
1849700 195
1849710 194
1849720 194
1849730 194
1849740 193
1849750 193
1849760 193
1849770 192
1849780 192
1849790 192
1849800 191
1849810 191
1849820 191
1849830 190
1849840 190
1849850 192
1849860 192
1849870 192
1849880 193
1849890 193
1849900 193
1849910 193
1849920 193
1849930 193
1849940 193
1849950 193
1849960 193
1849970 193
1849980 193
1849990 193
1850000 193
1850010 193
1850020 193
1850030 194
1850040 193
1850050 193
1850060 193
1850070 192
1850080 192
1850090 190
1850100 190
1850110 190
1850120 189
1850130 189
1850140 189
1850150 188
1850160 188
1850170 188
1850180 188
1850190 188
1850200 188
1850210 188
1850220 188
1850230 188
1850240 188
1850250 188
1850260 188
1850270 189
1850280 189
1850290 189
1850300 189
1850310 190
1850320 190
1850330 190
1850340 190
1850350 190
1850360 189
1850370 188
1850380 188
1850390 188
1850400 187
1850410 187
1850420 186
1850430 186
1850440 186
1850450 186
1850460 186
1850470 186
1850480 187
1850490 187
1850500 187
1850510 188
1850520 188
1850530 188
1850540 189
1850550 189
1850560 190
1850570 191
1850580 191
1850590 191
1850600 191
1850610 191
1850620 191
1850630 190
1850640 190
1850650 190
1850660 190
1850670 190
1850680 190
1850690 189
1850700 189
1850710 189
1850720 189
1850730 189
1850740 189
1850750 189
1850760 188
1850770 188
1850780 188
1850790 188
1850800 188
1850810 188
1850820 187
1850830 187
1850840 187
1850850 187
1850860 187
1850870 187
1850880 187
1850890 187
1850900 186
1850910 186
1850920 186
1850930 186
1850940 186
1850950 186
1850960 186
1850970 185
1850980 185
1850990 185
1851000 185
1851010 185
1851020 184
1851030 184
1851040 184
1851050 184
1851060 184
1851070 184
1851080 183
1851090 183
1851100 183
1851110 183
1851120 183
1851130 182
1851140 182
1851150 182
1851160 181
1851170 181
1851180 181
1851190 180
1851200 179
1851210 179
1851220 178
1851230 177
1851240 177
1851250 176
1851260 175
1851270 175
1851280 174
1851290 174
1851300 174
1851310 173
1851320 173
1851330 173
1851340 172
1851350 171
1851360 171
1851370 169
1851380 169
1851390 169
1851400 169
1851410 169
1851420 169
1851430 169
1851440 169
1851450 169
1851460 168
1851470 168
1851480 168
1851490 168
1851500 168
1851510 168
1851520 167
1851530 167
1851540 167
1851550 167
1851560 167
1851570 167
1851580 167
1851590 167
1851600 167
1851610 167
1851620 166
1851630 166
1851640 166
1851650 166
1851660 166
1851670 166
1851680 166
1851690 166
1851700 166
1851710 165
1851720 165
1851730 165
1851740 165
1851750 165
1851760 165
1851770 165
1851780 165
1851790 165
1851800 165
1851810 165
1851820 164
1851830 164
1851840 164
1851850 164
1851860 164
1851870 164
1851880 164
1851890 164
1851900 164
1851910 164
1851920 164
1851930 164
1851940 164
1851950 164
1851960 164
1851970 164
1851980 165
1851990 165
1852000 165
1852010 165
1852020 165
1852030 165
1852040 165
1852050 165
1852060 164
1852070 164
1852080 164
1852090 166
1852100 166
1852110 166
1852120 166
1852130 166
1852140 166
1852150 166
1852160 165
1852170 165
1852180 165
1852190 165
1852200 165
1852210 165
1852220 165
1852230 165
1852240 165
1852250 165
1852260 165
1852270 166
1852280 167
1852290 167
1852300 166
1852310 167
1852320 167
1852330 167
1852340 167
1852350 167
1852360 167
1852370 167
1852380 167
1852390 168
1852400 168
1852410 168
1852420 168
1852430 168
1852440 168
1852450 168
1852460 168
1852470 168
1852480 169
1852490 169
1852500 169
1852510 169
1852520 169
1852530 169
1852540 169
1852550 169
1852560 169
1852570 169
1852580 169
1852590 169
1852600 169
1852610 169
1852620 169
1852630 169
1852640 169
1852650 170
1852660 170
1852670 170
1852680 170
1852690 170
1852700 170
1852710 170
1852720 170
1852730 170
1852740 170
1852750 170
1852760 170
1852770 170
1852780 170
1852790 170
1852800 170
1852810 170
1852820 170
1852830 170
1852840 170
1852850 170
1852860 171
1852870 171
1852880 171
1852890 171
1852900 172
1852910 172
1852920 172
1852930 173
1852940 173
1852950 173
1852960 173
1852970 173
1852980 174
1852990 174
1853000 174
1853010 174
1853020 175
1853030 175
1853040 175
1853050 175
1853060 175
1853070 175
1853080 176
1853090 176
1853100 176
1853110 176
1853120 176
1853130 176
1853140 177
1853150 177
1853160 177
1853170 177
1853180 177
1853190 177
1853200 177
1853210 177
1853220 178
1853230 178
1853240 178
1853250 178
1853260 178
1853270 178
1853280 179
1853290 179
1853300 179
1853310 180
1853320 180
1853330 180
1853340 181
1853350 182
1853360 182
1853370 182
1853380 183
1853390 183
1853400 184
1853410 184
1853420 184
1853430 185
1853440 185
1853450 185
1853460 185
1853470 186
1853480 186
1853490 186
1853500 187
1853510 187
1853520 187
1853530 188
1853540 188
1853550 189
1853560 189
1853570 189
1853580 190
1853590 191
1853600 191
1853610 192
1853620 193
1853630 193
1853640 194
1853650 194
1853660 194
1853670 195
1853680 196
1853690 196
1853700 199
1853710 199
1853720 199
1853730 199
1853740 199
1853750 200
1853760 200
1853770 200
1853780 200
1853790 200
1853800 200
1853810 200
1853820 200
1853830 200
1853840 201
1853850 201
1853860 201
1853870 207
1853880 211
1853890 211
1853900 211
1853910 212
1853920 212
1853930 214
1853940 216
1853950 216
1853960 217
1853970 218
1853980 218
1853990 218
1854000 219
1854010 219
1854020 219
1854030 219
1854040 219
1854050 220
1854060 222
1854070 222
1854080 222
1854090 222
1854100 225
1854110 226
1854120 228
1854130 228
1854140 230
1854150 232
1854160 232
1854170 234
1854180 235
1854190 235
1854200 236
1854210 236
1854220 236
1854230 237
1854240 237
1854250 237
1854260 238
1854270 238
1854280 238
1854290 238
1854300 239
1854310 239
1854320 240
1854330 240
1854340 240
1854350 241
1854360 241
1854370 241
1854380 241
1854390 241
1854400 241
1854410 242
1854420 245
1854430 245
1854440 247
1854450 248
1854460 248
1854470 249
1854480 249
1854490 249
1854500 250
1854510 251
1854520 251
1854530 251
1854540 251
1854550 251
1854560 252
1854570 252
1854580 252
1854590 253
1854600 253
1854610 253
1854620 254
1854630 254
1854640 254
1854650 254
1854660 254
1854670 254
1854680 255
1854690 255
1854700 255
1854710 255
1854720 255
1854730 255
1854740 255
1854750 255
1854760 255
1854770 256
1854780 256
1854790 256
1854800 256
1854810 257
1854820 257
1854830 257
1854840 257
1854850 257
1854860 257
1854870 257
1854880 257
1854890 257
1854900 257
1854910 257
1854920 257
1854930 257
1854940 257
1854950 257
1854960 257
1854970 257
1854980 257
1854990 257
1855000 257
1855010 257
1855020 257
1855030 257
1855040 257
1855050 257
1855060 257
1855070 256
1855080 256
1855090 256
1855100 256
1855110 256
1855120 256
1855130 256
1855140 256
1855150 256
1855160 256
1855170 256
1855180 256
1855190 256
1855200 256
1855210 256
1855220 256
1855230 256
1855240 256
1855250 256
1855260 256
1855270 256
1855280 256
1855290 256
1855300 256
1855310 256
1855320 256
1855330 256
1855340 255
1855350 255
1855360 255
1855370 255
1855380 255
1855390 255
1855400 255
1855410 255
1855420 255
1855430 255
1855440 255
1855450 255
1855460 255
1855470 255
1855480 255
1855490 255
1855500 255
1855510 255
1855520 255
1855530 255
1855540 255
1855550 255
1855560 255
1855570 255
1855580 255
1855590 255
1855600 255
1855610 255
1855620 255
1855630 255
1855640 255
1855650 255
1855660 255
1855670 255
1855680 255
1855690 255
1855700 255
1855710 255
1855720 255
1855730 255
1855740 255
1855750 255
1855760 256
1855770 256
1855780 256
1855790 256
1855800 256
1855810 256
1855820 255
1855830 255
1855840 255
1855850 255
1855860 255
1855870 255
1855880 255
1855890 255
1855900 255
1855910 255
1855920 255
1855930 255
1855940 255
1855950 255
1855960 255
1855970 254
1855980 254
1855990 254
1856000 254
1856010 254
1856020 254
1856030 254
1856040 254
1856050 253
1856060 253
1856070 253
1856080 253
1856090 253
1856100 253
1856110 253
1856120 252
1856130 252
1856140 252
1856150 252
1856160 252
1856170 251
1856180 251
1856190 251
1856200 251
1856210 251
1856220 251
1856230 250
1856240 250
1856250 250
1856260 250
1856270 250
1856280 250
1856290 250
1856300 249
1856310 249
1856320 249
1856330 249
1856340 249
1856350 248
1856360 248
1856370 248
1856380 248
1856390 247
1856400 247
1856410 247
1856420 247
1856430 247
1856440 246
1856450 246
1856460 246
1856470 246
1856480 246
1856490 245
1856500 245
1856510 245
1856520 244
1856530 244
1856540 244
1856550 244
1856560 243
1856570 243
1856580 243
1856590 243
1856600 243
1856610 243
1856620 243
1856630 243
1856640 242
1856650 242
1856660 242
1856670 242
1856680 242
1856690 242
1856700 241
1856710 241
1856720 241
1856730 241
1856740 241
1856750 241
1856760 240
1856770 240
1856780 240
1856790 240
1856800 240
1856810 240
1856820 239
1856830 239
1856840 239
1856850 238
1856860 237
1856870 237
1856880 237
1856890 237
1856900 237
1856910 236
1856920 235
1856930 235
1856940 234
1856950 234
1856960 234
1856970 233
1856980 233
1856990 233
1857000 232
1857010 231
1857020 231
1857030 230
1857040 229
1857050 229
1857060 230
1857070 231
1857080 231
1857090 231
1857100 231
1857110 231
1857120 231
1857130 230
1857140 230
1857150 230
1857160 229
1857170 229
1857180 229
1857190 228
1857200 228
1857210 227
1857220 226
1857230 226
1857240 224
1857250 223
1857260 222
1857270 221
1857280 221
1857290 221
1857300 221
1857310 223
1857320 223
1857330 225
1857340 227
1857350 227
1857360 228
1857370 229
1857380 229
1857390 230
1857400 230
1857410 230
1857420 231
1857430 231
1857440 231
1857450 231
1857460 231
1857470 231
1857480 231
1857490 231
1857500 231
1857510 231
1857520 230
1857530 230
1857540 230
1857550 230
1857560 230
1857570 229
1857580 229
1857590 229
1857600 228
1857610 228
1857620 228
1857630 228
1857640 228
1857650 228
1857660 228
1857670 228
1857680 228
1857690 228
1857700 229
1857710 229
1857720 229
1857730 230
1857740 230
1857750 230
1857760 230
1857770 230
1857780 230
1857790 230
1857800 231
1857810 231
1857820 231
1857830 231
1857840 232
1857850 232
1857860 232
1857870 232
1857880 232
1857890 232
1857900 233
1857910 233
1857920 233
1857930 233
1857940 233
1857950 233
1857960 233
1857970 233
1857980 233
1857990 233
1858000 233
1858010 233
1858020 234
1858030 234
1858040 233
1858050 233
1858060 233
1858070 233
1858080 233
1858090 233
1858100 232
1858110 232
1858120 232
1858130 232
1858140 232
1858150 232
1858160 231
1858170 231
1858180 231
1858190 231
1858200 230
1858210 230
1858220 230
1858230 230
1858240 230
1858250 230
1858260 229
1858270 229
1858280 229
1858290 228
1858300 228
1858310 227
1858320 226
1858330 226
1858340 225
1858350 224
1858360 224
1858370 223
1858380 222
1858390 222
1858400 221
1858410 219
1858420 219
1858430 218
1858440 217
1858450 217
1858460 215
1858470 214
1858480 214
1858490 213
1858500 212
1858510 212
1858520 212
1858530 211
1858540 211
1858550 209
1858560 208
1858570 208
1858580 206
1858590 206
1858600 206
1858610 205
1858620 205
1858630 205
1858640 205
1858650 204
1858660 204
1858670 204
1858680 204
1858690 204
1858700 203
1858710 203
1858720 203
1858730 202
1858740 201
1858750 201
1858760 201
1858770 200
1858780 200
1858790 200
1858800 200
1858810 200
1858820 199
1858830 199
1858840 199
1858850 199
1858860 199
1858870 199
1858880 199
1858890 198
1858900 198
1858910 198
1858920 198
1858930 198
1858940 197
1858950 197
1858960 197
1858970 197
1858980 197
1858990 197
1859000 197
1859010 197
1859020 197
1859030 197
1859040 198
1859050 198
1859060 199
1859070 199
1859080 201
1859090 202
1859100 202
1859110 203
1859120 204
1859130 204
1859140 204
1859150 205
1859160 205
1859170 206
1859180 207
1859190 207
1859200 207
1859210 208
1859220 208
1859230 209
1859240 210
1859250 210
1859260 211
1859270 212
1859280 212
1859290 213
1859300 215
1859310 215
1859320 215
1859330 216
1859340 216
1859350 217
1859360 217
1859370 217
1859380 218
1859390 219
1859400 219
1859410 220
1859420 221
1859430 221
1859440 221
1859450 222
1859460 222
1859470 222
1859480 222
1859490 222
1859500 222
1859510 223
1859520 223
1859530 224
1859540 224
1859550 224
1859560 224
1859570 225
1859580 225
1859590 225
1859600 226
1859610 226
1859620 226
1859630 226
1859640 226
1859650 227
1859660 227
1859670 227
1859680 228
1859690 227
1859700 227
1859710 228
1859720 228
1859730 228
1859740 229
1859750 229
1859760 229
1859770 229
1859780 230
1859790 230
1859800 230
1859810 230
1859820 230
1859830 230
1859840 229
1859850 229
1859860 229
1859870 229
1859880 229
1859890 229
1859900 229
1859910 229
1859920 228
1859930 227
1859940 227
1859950 226
1859960 226
1859970 226
1859980 225
1859990 224
