1840000 264
1840010 264
1840020 264
1840030 263
1840040 263
1840050 263
1840060 263
1840070 263
1840080 262
1840090 262
1840100 262
1840110 262
1840120 261
1840130 261
1840140 261
1840150 261
1840160 261
1840170 260
1840180 259
1840190 259
1840200 259
1840210 259
1840220 259
1840230 258
1840240 258
1840250 258
1840260 257
1840270 256
1840280 256
1840290 256
1840300 255
1840310 255
1840320 255
1840330 254
1840340 254
1840350 254
1840360 254
1840370 254
1840380 253
1840390 253
1840400 253
1840410 252
1840420 251
1840430 251
1840440 251
1840450 252
1840460 252
1840470 254
1840480 255
1840490 255
1840500 257
1840510 259
1840520 259
1840530 260
1840540 262
1840550 262
1840560 263
1840570 265
1840580 265
1840590 266
1840600 267
1840610 267
1840620 268
1840630 270
1840640 270
1840650 271
1840660 272
1840670 272
1840680 273
1840690 273
1840700 273
1840710 273
1840720 273
1840730 273
1840740 273
1840750 273
1840760 273
1840770 273
1840780 272
1840790 272
1840800 272
1840810 272
1840820 272
1840830 272
1840840 270
1840850 270
1840860 270
1840870 270
1840880 270
1840890 270
1840900 270
1840910 270
1840920 269
1840930 269
1840940 269
1840950 269
1840960 268
1840970 268
1840980 268
1840990 267
1841000 267
1841010 267
1841020 267
1841030 267
1841040 267
1841050 267
1841060 267
1841070 267
1841080 267
1841090 267
1841100 266
1841110 266
1841120 266
1841130 266
1841140 265
1841150 265
1841160 265
1841170 265
1841180 264
1841190 264
1841200 263
1841210 263
1841220 262
1841230 262
1841240 261
1841250 260
1841260 260
1841270 259
1841280 259
1841290 259
1841300 258
1841310 258
1841320 258
1841330 258
1841340 258
1841350 258
1841360 258
1841370 258
1841380 258
1841390 258
1841400 258
1841410 258
1841420 258
1841430 258
1841440 258
1841450 258
1841460 258
1841470 258
1841480 258
1841490 258
1841500 258
1841510 258
1841520 258
1841530 258
1841540 258
1841550 258
1841560 258
1841570 257
1841580 257
1841590 257
1841600 257
1841610 257
1841620 257
1841630 256
1841640 256
1841650 256
1841660 255
1841670 255
1841680 255
1841690 254
1841700 254
1841710 254
1841720 254
1841730 254
1841740 254
1841750 253
1841760 253
1841770 253
1841780 252
1841790 252
1841800 252
1841810 251
1841820 252
1841830 252
1841840 251
1841850 251
1841860 251
1841870 251
1841880 251
1841890 251
1841900 250
1841910 249
1841920 249
1841930 249
1841940 248
1841950 248
1841960 247
1841970 247
1841980 247
1841990 246
1842000 246
1842010 246
1842020 245
1842030 245
1842040 245
1842050 244
1842060 243
1842070 243
1842080 241
1842090 240
1842100 240
1842110 239
1842120 239
1842130 239
1842140 238
1842150 238
1842160 238
1842170 238
1842180 238
1842190 238
1842200 239
1842210 239
1842220 239
1842230 239
1842240 239
1842250 239
1842260 239
1842270 239
1842280 239
1842290 239
1842300 238
1842310 238
1842320 238
1842330 237
1842340 237
1842350 236
1842360 235
1842370 235
1842380 234
1842390 234
1842400 234
1842410 233
1842420 232
1842430 232
1842440 231
1842450 230
1842460 230
1842470 228
1842480 228
1842490 228
1842500 227
1842510 227
1842520 226
1842530 225
1842540 225
1842550 224
1842560 223
1842570 223
1842580 222
1842590 221
1842600 221
1842610 221
1842620 220
1842630 220
1842640 219
1842650 219
1842660 220
1842670 221
1842680 221
1842690 221
1842700 222
1842710 222
1842720 222
1842730 222
1842740 222
1842750 222
1842760 221
1842770 220
1842780 220
1842790 219
1842800 217
1842810 217
1842820 216
1842830 215
1842840 215
1842850 214
1842860 213
1842870 213
1842880 213
1842890 214
1842900 214
1842910 216
1842920 217
1842930 217
1842940 218
1842950 221
1842960 221
1842970 223
1842980 225
1842990 225
1843000 227
1843010 229
1843020 228
1843030 230
1843040 231
1843050 231
1843060 230
1843070 229
1843080 229
1843090 229
1843100 228
1843110 228
1843120 226
1843130 225
1843140 225
1843150 224
1843160 223
1843170 223
1843180 221
1843190 220
1843200 220
1843210 219
1843220 218
1843230 218
1843240 217
1843250 216
1843260 216
1843270 215
1843280 214
1843290 214
1843300 213
1843310 213
1843320 213
1843330 212
1843340 212
1843350 212
1843360 211
1843370 210
1843380 211
1843390 211
1843400 210
1843410 210
1843420 209
1843430 209
1843440 209
1843450 208
1843460 208
1843470 208
1843480 207
1843490 206
1843500 206
1843510 206
1843520 205
1843530 205
1843540 204
1843550 203
1843560 203
1843570 202
1843580 202
1843590 202
1843600 202
1843610 202
1843620 202
1843630 203
1843640 205
1843650 205
1843660 206
1843670 207
1843680 207
1843690 209
1843700 211
1843710 211
1843720 213
1843730 214
1843740 214
1843750 215
1843760 216
1843770 216
1843780 218
1843790 222
1843800 222
1843810 225
1843820 225
1843830 227
1843840 227
1843850 227
1843860 228
1843870 228
1843880 228
1843890 228
1843900 227
1843910 227
1843920 226
1843930 225
1843940 225
1843950 224
1843960 223
1843970 223
1843980 222
1843990 222
1844000 222
1844010 221
1844020 221
1844030 221
1844040 222
1844050 223
1844060 223
1844070 223
1844080 223
1844090 223
1844100 223
1844110 222
1844120 222
1844130 222
1844140 222
1844150 222
1844160 222
1844170 222
1844180 222
1844190 221
1844200 221
1844210 221
1844220 221
1844230 221
1844240 221
1844250 221
1844260 220
1844270 220
1844280 219
1844290 219
1844300 219
1844310 218
1844320 217
1844330 217
1844340 217
1844350 216
1844360 216
1844370 215
1844380 214
1844390 214
1844400 214
1844410 213
1844420 213
1844430 213
1844440 212
1844450 212
1844460 211
1844470 210
1844480 210
1844490 209
1844500 208
1844510 208
1844520 207
1844530 204
1844540 204
1844550 202
1844560 200
1844570 200
1844580 200
1844590 199
1844600 199
1844610 200
1844620 201
1844630 201
1844640 203
1844650 205
1844660 205
1844670 208
1844680 209
1844690 209
1844700 210
1844710 211
1844720 211
1844730 213
1844740 214
1844750 214
1844760 216
1844770 217
1844780 217
1844790 219
1844800 220
1844810 220
1844820 221
1844830 223
1844840 223
1844850 224
1844860 225
1844870 225
1844880 226
1844890 227
1844900 227
1844910 228
1844920 229
1844930 229
1844940 231
1844950 232
1844960 232
1844970 232
1844980 233
1844990 233
1845000 234
1845010 234
1845020 234
1845030 234
1845040 234
1845050 234
1845060 234
1845070 234
1845080 234
1845090 234
1845100 234
1845110 234
1845120 234
1845130 234
1845140 234
1845150 234
1845160 234
1845170 234
1845180 234
1845190 233
1845200 232
1845210 231
1845220 231
1845230 230
1845240 228
1845250 228
1845260 226
1845270 225
1845280 225
1845290 225
1845300 227
1845310 227
1845320 228
1845330 229
1845340 229
1845350 229
1845360 228
1845370 228
1845380 227
1845390 225
1845400 225
1845410 224
1845420 222
1845430 222
1845440 220
1845450 219
1845460 219
1845470 218
1845480 218
1845490 218
1845500 218
1845510 218
1845520 218
1845530 218
1845540 218
1845550 217
1845560 216
1845570 216
1845580 216
1845590 215
1845600 213
1845610 213
1845620 211
1845630 209
1845640 209
1845650 207
1845660 204
1845670 204
1845680 203
1845690 201
1845700 201
1845710 201
1845720 202
1845730 202
1845740 203
1845750 205
1845760 205
1845770 208
1845780 210
1845790 210
1845800 212
1845810 215
1845820 215
1845830 217
1845840 219
1845850 219
1845860 222
1845870 224
1845880 224
1845890 227
1845900 230
1845910 230
1845920 231
1845930 231
1845940 231
1845950 231
1845960 232
1845970 232
1845980 235
1845990 236
1846000 236
1846010 237
1846020 237
1846030 237
1846040 238
1846050 237
1846060 237
1846070 237
1846080 238
1846090 238
1846100 238
1846110 238
1846120 238
1846130 238
1846140 238
1846150 238
1846160 239
1846170 239
1846180 239
1846190 239
1846200 239
1846210 239
1846220 239
1846230 239
1846240 239
1846250 239
1846260 239
1846270 239
1846280 239
1846290 239
1846300 239
1846310 238
1846320 238
1846330 238
1846340 238
1846350 238
1846360 238
1846370 238
1846380 237
1846390 237
1846400 237
1846410 237
1846420 237
1846430 236
1846440 236
1846450 236
1846460 235
1846470 235
1846480 235
1846490 234
1846500 234
1846510 234
1846520 233
1846530 233
1846540 233
1846550 232
1846560 232
1846570 232
1846580 232
1846590 232
1846600 232
1846610 231
1846620 231
1846630 232
1846640 231
1846650 231
1846660 231
1846670 230
1846680 230
1846690 229
1846700 228
1846710 228
1846720 227
1846730 226
1846740 226
1846750 225
1846760 224
1846770 224
1846780 223
1846790 221
1846800 221
1846810 220
1846820 218
1846830 218
1846840 217
1846850 215
1846860 215
1846870 214
1846880 213
1846890 213
1846900 212
1846910 211
1846920 211
1846930 210
1846940 209
1846950 209
1846960 208
1846970 207
1846980 207
1846990 208
1847000 207
1847010 207
1847020 207
1847030 207
1847040 207
1847050 207
1847060 207
1847070 207
1847080 206
1847090 206
1847100 206
1847110 205
1847120 204
1847130 204
1847140 204
1847150 203
1847160 203
1847170 202
1847180 202
1847190 202
1847200 203
1847210 203
1847220 203
1847230 204
1847240 204
1847250 204
1847260 204
1847270 205
1847280 205
1847290 205
1847300 206
1847310 206
1847320 205
1847330 205
1847340 205
1847350 203
1847360 202
1847370 202
1847380 202
1847390 203
1847400 203
1847410 203
1847420 203
1847430 203
1847440 203
1847450 203
1847460 203
1847470 203
1847480 203
1847490 203
1847500 203
1847510 203
1847520 203
1847530 204
1847540 205
1847550 205
1847560 206
1847570 208
1847580 208
1847590 209
1847600 211
1847610 211
1847620 213
1847630 215
1847640 215
1847650 218
1847660 219
1847670 219
1847680 218
1847690 218
1847700 218
1847710 214
1847720 214
1847730 214
1847740 213
1847750 212
1847760 212
1847770 210
1847780 210
1847790 208
1847800 207
1847810 207
1847820 206
1847830 207
1847840 207
1847850 209
1847860 212
1847870 212
1847880 215
1847890 219
1847900 219
1847910 223
1847920 226
1847930 226
1847940 229
1847950 231
1847960 231
1847970 233
1847980 235
1847990 235
1848000 236
1848010 237
1848020 237
1848030 238
1848040 240
1848050 240
1848060 240
1848070 240
1848080 240
1848090 241
1848100 242
1848110 242
1848120 242
1848130 242
1848140 242
1848150 243
1848160 243
1848170 243
1848180 243
1848190 243
1848200 243
1848210 243
1848220 242
1848230 242
1848240 242
1848250 242
1848260 242
1848270 242
1848280 241
1848290 241
1848300 241
1848310 241
1848320 241
1848330 240
1848340 240
1848350 240
1848360 240
1848370 239
1848380 239
1848390 239
1848400 238
1848410 238
1848420 238
1848430 237
1848440 237
1848450 237
1848460 236
1848470 236
1848480 236
1848490 236
1848500 236
1848510 236
1848520 235
1848530 235
1848540 235
1848550 235
1848560 235
1848570 235
1848580 234
1848590 234
1848600 234
1848610 234
1848620 234
1848630 234
1848640 234
1848650 234
1848660 234
1848670 233
1848680 233
1848690 233
1848700 233
1848710 233
1848720 233
1848730 233
1848740 233
1848750 233
1848760 232
1848770 232
1848780 232
1848790 232
1848800 232
1848810 232
1848820 231
1848830 231
1848840 231
1848850 231
1848860 231
1848870 231
1848880 231
1848890 231
1848900 231
1848910 231
1848920 231
1848930 231
1848940 231
1848950 231
1848960 230
1848970 230
1848980 230
1848990 230
1849000 230
1849010 230
1849020 230
1849030 230
1849040 230
1849050 230
1849060 230
1849070 230
1849080 230
1849090 230
1849100 230
1849110 230
1849120 230
1849130 230
1849140 229
1849150 229
1849160 229
1849170 229
1849180 229
1849190 228
1849200 228
1849210 228
1849220 227
1849230 227
1849240 227
1849250 226
1849260 226
1849270 226
1849280 225
1849290 225
1849300 225
1849310 224
1849320 223
1849330 223
1849340 222
1849350 221
1849360 221
1849370 221
1849380 220
1849390 220
1849400 219
1849410 218
1849420 218
1849430 217
1849440 215
1849450 215
1849460 214
1849470 213
1849480 213
1849490 212
1849500 209
1849510 209
1849520 208
1849530 206
1849540 206
1849550 205
1849560 203
1849570 203
1849580 202
1849590 200
1849600 200
1849610 199
1849620 198
1849630 198
1849640 198
1849650 195
1849660 195
1849670 195
1849680 195
1849690 195
1849700 195
1849710 194
1849720 194
1849730 194
1849740 194
1849750 194
1849760 194
1849770 194
1849780 194
1849790 194
1849800 194
1849810 194
1849820 194
1849830 193
1849840 193
1849850 193
1849860 193
1849870 193
1849880 193
1849890 193
1849900 193
1849910 192
1849920 192
1849930 192
1849940 192
1849950 192
1849960 192
1849970 192
1849980 191
1849990 191
1850000 191
1850010 190
1850020 190
1850030 190
1850040 189
1850050 189
1850060 189
1850070 188
1850080 188
1850090 188
1850100 188
1850110 188
1850120 187
1850130 187
1850140 187
1850150 187
1850160 187
1850170 187
1850180 187
1850190 186
1850200 186
1850210 185
1850220 185
1850230 185
1850240 184
1850250 184
1850260 184
1850270 184
1850280 183
1850290 183
1850300 183
1850310 182
1850320 182
1850330 182
1850340 181
1850350 181
1850360 181
1850370 181
1850380 181
1850390 181
1850400 181
1850410 181
1850420 181
1850430 181
1850440 181
1850450 180
1850460 180
1850470 179
1850480 178
1850490 178
1850500 177
1850510 176
1850520 176
1850530 174
1850540 173
1850550 173
1850560 172
1850570 171
1850580 171
1850590 170
1850600 170
1850610 170
1850620 169
1850630 169
1850640 169
1850650 169
1850660 169
1850670 169
1850680 168
1850690 168
1850700 168
1850710 169
1850720 169
1850730 169
1850740 169
1850750 167
1850760 167
1850770 167
1850780 166
1850790 166
1850800 166
1850810 166
1850820 166
1850830 166
1850840 166
1850850 166
1850860 166
1850870 166
1850880 166
1850890 166
1850900 166
1850910 166
1850920 166
1850930 166
1850940 166
1850950 165
1850960 165
1850970 165
1850980 165
1850990 165
1851000 165
1851010 165
1851020 165
1851030 165
1851040 165
1851050 165
1851060 165
1851070 165
1851080 165
1851090 165
1851100 165
1851110 165
1851120 165
1851130 165
1851140 165
1851150 165
1851160 165
1851170 165
1851180 165
1851190 165
1851200 165
1851210 165
1851220 165
1851230 166
1851240 166
1851250 165
1851260 166
1851270 166
1851280 166
1851290 166
1851300 166
1851310 166
1851320 166
1851330 166
1851340 166
1851350 166
1851360 166
1851370 166
1851380 166
1851390 166
1851400 166
1851410 166
1851420 166
1851430 166
1851440 166
1851450 166
1851460 166
1851470 166
1851480 166
1851490 166
1851500 166
1851510 166
1851520 167
1851530 167
1851540 167
1851550 166
1851560 166
1851570 166
1851580 166
1851590 166
1851600 166
1851610 166
1851620 166
1851630 166
1851640 167
1851650 167
1851660 167
1851670 167
1851680 167
1851690 167
1851700 166
1851710 166
1851720 166
1851730 166
1851740 166
1851750 166
1851760 166
1851770 166
1851780 166
1851790 166
1851800 166
1851810 166
1851820 166
1851830 166
1851840 166
1851850 167
1851860 167
1851870 167
1851880 167
1851890 167
1851900 167
1851910 167
1851920 167
1851930 167
1851940 167
1851950 167
1851960 167
1851970 167
1851980 167
1851990 167
1852000 168
1852010 168
1852020 168
1852030 168
1852040 168
1852050 168
1852060 168
1852070 168
1852080 168
1852090 169
1852100 169
1852110 169
1852120 170
1852130 170
1852140 170
1852150 171
1852160 171
1852170 172
1852180 173
1852190 173
1852200 174
1852210 175
1852220 175
1852230 176
1852240 177
1852250 177
1852260 178
1852270 178
1852280 178
1852290 179
1852300 179
1852310 179
1852320 179
1852330 179
1852340 180
1852350 180
1852360 180
1852370 180
1852380 181
1852390 181
1852400 181
1852410 182
1852420 182
1852430 182
1852440 182
1852450 182
1852460 182
1852470 182
1852480 182
1852490 182
1852500 182
1852510 182
1852520 182
1852530 182
1852540 182
1852550 182
1852560 182
1852570 182
1852580 182
1852590 182
1852600 182
1852610 182
1852620 182
1852630 183
1852640 183
1852650 183
1852660 183
1852670 183
1852680 184
1852690 185
1852700 185
1852710 185
1852720 185
1852730 185
1852740 186
1852750 186
1852760 186
1852770 186
1852780 187
1852790 187
1852800 187
1852810 188
1852820 188
1852830 188
1852840 189
1852850 189
1852860 190
1852870 193
1852880 193
1852890 194
1852900 195
1852910 195
1852920 196
1852930 197
1852940 197
1852950 198
1852960 198
1852970 198
1852980 198
1852990 197
1853000 197
1853010 196
1853020 196
1853030 196
1853040 195
1853050 196
1853060 196
1853070 197
1853080 197
1853090 197
1853100 198
1853110 198
1853120 198
1853130 198
1853140 198
1853150 199
1853160 199
1853170 199
1853180 200
1853190 202
1853200 202
1853210 203
1853220 204
1853230 204
1853240 205
1853250 206
1853260 206
1853270 208
1853280 210
1853290 210
1853300 212
1853310 215
1853320 215
1853330 217
1853340 221
1853350 221
1853360 224
1853370 227
1853380 227
1853390 229
1853400 230
1853410 230
1853420 233
1853430 234
1853440 234
1853450 236
1853460 237
1853470 237
1853480 238
1853490 240
1853500 240
1853510 240
1853520 241
1853530 241
1853540 241
1853550 242
1853560 242
1853570 242
1853580 243
1853590 243
1853600 243
1853610 243
1853620 243
1853630 244
1853640 244
1853650 244
1853660 245
1853670 245
1853680 245
1853690 246
1853700 246
1853710 246
1853720 246
1853730 247
1853740 247
1853750 247
1853760 247
1853770 247
1853780 247
1853790 247
1853800 247
1853810 247
1853820 247
1853830 247
1853840 247
1853850 247
1853860 247
1853870 247
1853880 247
1853890 247
1853900 248
1853910 248
1853920 248
1853930 248
1853940 248
1853950 248
1853960 248
1853970 249
1853980 249
1853990 249
1854000 249
1854010 249
1854020 249
1854030 250
1854040 250
1854050 250
1854060 250
1854070 250
1854080 250
1854090 250
1854100 250
1854110 251
1854120 251
1854130 251
1854140 251
1854150 251
1854160 251
1854170 252
1854180 252
1854190 252
1854200 252
1854210 252
1854220 252
1854230 253
1854240 253
1854250 253
1854260 253
1854270 253
1854280 253
1854290 254
1854300 254
1854310 254
1854320 254
1854330 254
1854340 254
1854350 255
1854360 255
1854370 255
1854380 255
1854390 255
1854400 255
1854410 255
1854420 255
1854430 256
1854440 256
1854450 256
1854460 256
1854470 256
1854480 256
1854490 256
1854500 256
1854510 256
1854520 256
1854530 256
1854540 256
1854550 256
1854560 256
1854570 256
1854580 256
1854590 256
1854600 256
1854610 256
1854620 256
1854630 256
1854640 256
1854650 256
1854660 256
1854670 256
1854680 256
1854690 256
1854700 256
1854710 256
1854720 256
1854730 256
1854740 256
1854750 256
1854760 256
1854770 256
1854780 256
1854790 256
1854800 256
1854810 256
1854820 256
1854830 255
1854840 255
1854850 255
1854860 255
1854870 255
1854880 255
1854890 255
1854900 255
1854910 254
1854920 254
1854930 254
1854940 254
1854950 254
1854960 254
1854970 254
1854980 254
1854990 254
1855000 254
1855010 253
1855020 253
1855030 253
1855040 253
1855050 253
1855060 253
1855070 253
1855080 253
1855090 253
1855100 253
1855110 253
1855120 252
1855130 252
1855140 252
1855150 252
1855160 251
1855170 251
1855180 251
1855190 250
1855200 250
1855210 250
1855220 250
1855230 250
1855240 250
1855250 250
1855260 250
1855270 250
1855280 250
1855290 250
1855300 250
1855310 250
1855320 250
1855330 250
1855340 250
1855350 250
1855360 250
1855370 250
1855380 250
1855390 250
1855400 250
1855410 250
1855420 250
1855430 250
1855440 250
1855450 250
1855460 250
1855470 250
1855480 250
1855490 251
1855500 251
1855510 250
1855520 251
1855530 251
1855540 251
1855550 251
1855560 251
1855570 251
1855580 251
1855590 251
1855600 251
1855610 251
1855620 251
1855630 251
1855640 251
1855650 251
1855660 251
1855670 251
1855680 251
1855690 251
1855700 251
1855710 251
1855720 251
1855730 251
1855740 251
1855750 251
1855760 251
1855770 251
1855780 251
1855790 251
1855800 250
1855810 250
1855820 250
1855830 250
1855840 250
1855850 250
1855860 249
1855870 249
1855880 249
1855890 249
1855900 249
1855910 249
1855920 248
1855930 248
1855940 248
1855950 248
1855960 247
1855970 247
1855980 247
1855990 246
1856000 246
1856010 246
1856020 245
1856030 245
1856040 245
1856050 245
1856060 245
1856070 244
1856080 244
1856090 244
1856100 244
1856110 244
1856120 244
1856130 243
1856140 243
1856150 243
1856160 243
1856170 242
1856180 242
1856190 242
1856200 242
1856210 242
1856220 241
1856230 241
1856240 241
1856250 240
1856260 240
1856270 240
1856280 240
1856290 239
1856300 239
1856310 239
1856320 238
1856330 238
1856340 238
1856350 238
1856360 238
1856370 238
1856380 237
1856390 237
1856400 237
1856410 237
1856420 237
1856430 237
1856440 236
1856450 236
1856460 236
1856470 236
1856480 236
1856490 235
1856500 235
1856510 235
1856520 234
1856530 234
1856540 234
1856550 234
1856560 233
1856570 233
1856580 233
1856590 232
1856600 232
1856610 231
1856620 231
1856630 231
1856640 231
1856650 230
1856660 230
1856670 229
1856680 228
1856690 228
1856700 227
1856710 226
1856720 226
1856730 224
1856740 223
1856750 223
1856760 221
1856770 219
1856780 219
1856790 218
1856800 218
1856810 218
1856820 217
1856830 218
1856840 218
1856850 220
1856860 222
1856870 222
1856880 223
1856890 223
1856900 223
1856910 223
1856920 223
1856930 223
1856940 222
1856950 222
1856960 222
1856970 222
1856980 222
1856990 222
1857000 221
1857010 221
1857020 220
1857030 220
1857040 220
1857050 220
1857060 219
1857070 219
1857080 219
1857090 218
1857100 218
1857110 217
1857120 216
1857130 216
1857140 215
1857150 214
1857160 214
1857170 213
1857180 213
1857190 213
1857200 212
1857210 211
1857220 211
1857230 211
1857240 210
1857250 210
1857260 208
1857270 208
1857280 208
1857290 207
1857300 207
1857310 207
1857320 206
1857330 206
1857340 206
1857350 205
1857360 205
1857370 205
1857380 205
1857390 205
1857400 205
1857410 205
1857420 205
1857430 205
1857440 205
1857450 205
1857460 205
1857470 206
1857480 206
1857490 206
1857500 207
1857510 208
1857520 208
1857530 208
1857540 210
1857550 210
1857560 211
1857570 212
1857580 212
1857590 212
1857600 212
1857610 211
1857620 211
1857630 212
1857640 212
1857650 213
1857660 214
1857670 214
1857680 216
1857690 218
1857700 218
1857710 220
1857720 222
1857730 222
1857740 223
1857750 223
1857760 223
1857770 224
1857780 224
1857790 224
1857800 224
1857810 225
1857820 225
1857830 225
1857840 225
1857850 225
1857860 225
1857870 225
1857880 225
1857890 225
1857900 225
1857910 225
1857920 225
1857930 225
1857940 225
1857950 225
1857960 225
1857970 225
1857980 225
1857990 225
1858000 225
1858010 225
1858020 225
1858030 225
1858040 225
1858050 225
1858060 225
1858070 225
1858080 225
1858090 225
1858100 225
1858110 225
1858120 225
1858130 225
1858140 224
1858150 224
1858160 224
1858170 224
1858180 224
1858190 223
1858200 223
1858210 223
1858220 222
1858230 221
1858240 221
1858250 221
1858260 221
1858270 220
1858280 219
1858290 219
1858300 218
1858310 218
1858320 218
1858330 218
1858340 217
1858350 217
1858360 216
1858370 215
1858380 215
1858390 213
1858400 212
1858410 212
1858420 210
1858430 208
1858440 208
1858450 206
1858460 204
1858470 204
1858480 201
1858490 200
1858500 200
1858510 199
1858520 197
1858530 197
1858540 196
1858550 195
1858560 195
1858570 194
1858580 193
1858590 193
1858600 192
1858610 191
1858620 191
1858630 191
1858640 190
1858650 189
1858660 189
1858670 189
1858680 189
1858690 189
1858700 188
1858710 188
1858720 188
1858730 189
1858740 189
1858750 189
1858760 189
1858770 189
1858780 190
1858790 192
1858800 192
1858810 194
1858820 196
1858830 196
1858840 199
1858850 202
1858860 202
1858870 205
1858880 208
1858890 208
1858900 210
1858910 212
1858920 212
1858930 214
1858940 216
1858950 216
1858960 218
1858970 219
1858980 219
1858990 221
1859000 223
1859010 223
1859020 224
1859030 225
1859040 225
1859050 226
1859060 227
1859070 227
1859080 228
1859090 229
1859100 229
1859110 230
1859120 231
1859130 231
1859140 231
1859150 231
1859160 231
1859170 232
1859180 232
1859190 232
1859200 232
1859210 233
1859220 233
1859230 233
1859240 233
1859250 233
1859260 233
1859270 233
1859280 233
1859290 233
1859300 233
1859310 233
1859320 233
1859330 233
1859340 233
1859350 231
1859360 230
1859370 230
1859380 229
1859390 228
1859400 228
1859410 227
1859420 227
1859430 227
1859440 226
1859450 226
1859460 226
1859470 226
1859480 227
1859490 227
1859500 228
1859510 229
1859520 229
1859530 230
1859540 230
1859550 230
1859560 231
1859570 231
1859580 232
1859590 232
1859600 232
1859610 233
1859620 234
1859630 234
1859640 236
1859650 237
1859660 237
1859670 238
1859680 239
1859690 239
1859700 240
1859710 240
1859720 240
1859730 241
1859740 242
1859750 242
1859760 243
1859770 243
1859780 243
1859790 244
1859800 245
1859810 245
1859820 246
1859830 247
1859840 247
1859850 248
1859860 248
1859870 248
1859880 249
1859890 250
1859900 250
1859910 250
1859920 251
1859930 251
1859940 251
1859950 252
1859960 252
1859970 252
1859980 253
1859990 253
