1840000 265
1840010 265
1840020 265
1840030 265
1840040 265
1840050 265
1840060 265
1840070 265
1840080 265
1840090 265
1840100 265
1840110 265
1840120 265
1840130 265
1840140 265
1840150 265
1840160 265
1840170 265
1840180 265
1840190 265
1840200 265
1840210 265
1840220 265
1840230 265
1840240 265
1840250 265
1840260 265
1840270 265
1840280 264
1840290 264
1840300 264
1840310 264
1840320 264
1840330 263
1840340 263
1840350 263
1840360 263
1840370 264
1840380 264
1840390 265
1840400 266
1840410 266
1840420 267
1840430 268
1840440 268
1840450 268
1840460 269
1840470 269
1840480 269
1840490 269
1840500 269
1840510 269
1840520 269
1840530 269
1840540 269
1840550 268
1840560 268
1840570 268
1840580 268
1840590 268
1840600 267
1840610 267
1840620 267
1840630 266
1840640 266
1840650 266
1840660 266
1840670 265
1840680 265
1840690 265
1840700 264
1840710 264
1840720 264
1840730 264
1840740 264
1840750 263
1840760 263
1840770 263
1840780 263
1840790 262
1840800 262
1840810 262
1840820 261
1840830 261
1840840 261
1840850 260
1840860 260
1840870 260
1840880 259
1840890 259
1840900 259
1840910 258
1840920 258
1840930 258
1840940 258
1840950 258
1840960 257
1840970 257
1840980 257
1840990 256
1841000 256
1841010 256
1841020 255
1841030 255
1841040 255
1841050 254
1841060 254
1841070 254
1841080 253
1841090 253
1841100 253
1841110 253
1841120 253
1841130 252
1841140 252
1841150 252
1841160 252
1841170 252
1841180 252
1841190 251
1841200 251
1841210 251
1841220 250
1841230 250
1841240 250
1841250 249
1841260 249
1841270 249
1841280 249
1841290 249
1841300 249
1841310 249
1841320 248
1841330 248
1841340 248
1841350 248
1841360 248
1841370 249
1841380 249
1841390 249
1841400 249
1841410 250
1841420 250
1841430 250
1841440 250
1841450 250
1841460 251
1841470 251
1841480 251
1841490 251
1841500 251
1841510 251
1841520 251
1841530 251
1841540 251
1841550 251
1841560 250
1841570 250
1841580 250
1841590 250
1841600 250
1841610 250
1841620 249
1841630 249
1841640 249
1841650 249
1841660 249
1841670 248
1841680 248
1841690 248
1841700 248
1841710 247
1841720 247
1841730 247
1841740 247
1841750 247
1841760 246
1841770 246
1841780 246
1841790 246
1841800 246
1841810 246
1841820 246
1841830 246
1841840 246
1841850 245
1841860 245
1841870 245
1841880 244
1841890 245
1841900 245
1841910 245
1841920 245
1841930 245
1841940 246
1841950 244
1841960 244
1841970 243
1841980 243
1841990 243
1842000 243
1842010 241
1842020 241
1842030 240
1842040 241
1842050 241
1842060 240
1842070 240
1842080 240
1842090 240
1842100 240
1842110 240
1842120 240
1842130 240
1842140 240
1842150 240
1842160 240
1842170 240
1842180 239
1842190 239
1842200 239
1842210 238
1842220 237
1842230 237
1842240 236
1842250 236
1842260 236
1842270 236
1842280 236
1842290 236
1842300 236
1842310 236
1842320 236
1842330 235
1842340 235
1842350 235
1842360 234
1842370 234
1842380 233
1842390 232
1842400 232
1842410 231
1842420 230
1842430 230
1842440 230
1842450 229
1842460 229
1842470 228
1842480 227
1842490 227
1842500 227
1842510 226
1842520 226
1842530 225
1842540 225
1842550 225
1842560 224
1842570 223
1842580 225
1842590 224
1842600 224
1842610 224
1842620 224
1842630 223
1842640 223
1842650 223
1842660 223
1842670 223
1842680 222
1842690 222
1842700 222
1842710 221
1842720 221
1842730 221
1842740 221
1842750 221
1842760 221
1842770 221
1842780 221
1842790 221
1842800 221
1842810 220
1842820 220
1842830 220
1842840 219
1842850 219
1842860 218
1842870 217
1842880 217
1842890 217
1842900 215
1842910 215
1842920 214
1842930 213
1842940 213
1842950 212
1842960 212
1842970 212
1842980 212
1842990 212
1843000 212
1843010 212
1843020 212
1843030 212
1843040 212
1843050 212
1843060 212
1843070 212
1843080 212
1843090 212
1843100 212
1843110 212
1843120 212
1843130 211
1843140 212
1843150 212
1843160 211
1843170 211
1843180 211
1843190 211
1843200 210
1843210 210
1843220 210
1843230 210
1843240 210
1843250 210
1843260 209
1843270 209
1843280 209
1843290 209
1843300 209
1843310 209
1843320 209
1843330 209
1843340 208
1843350 208
1843360 208
1843370 207
1843380 207
1843390 207
1843400 206
1843410 206
1843420 206
1843430 205
1843440 204
1843450 204
1843460 203
1843470 203
1843480 203
1843490 203
1843500 202
1843510 202
1843520 202
1843530 202
1843540 202
1843550 202
1843560 203
1843570 203
1843580 203
1843590 203
1843600 203
1843610 203
1843620 203
1843630 203
1843640 203
1843650 203
1843660 202
1843670 203
1843680 203
1843690 202
1843700 202
1843710 202
1843720 201
1843730 201
1843740 201
1843750 200
1843760 199
1843770 199
1843780 199
1843790 199
1843800 199
1843810 198
1843820 198
1843830 198
1843840 198
1843850 198
1843860 198
1843870 198
1843880 199
1843890 199
1843900 201
1843910 204
1843920 204
1843930 204
1843940 207
1843950 207
1843960 207
1843970 206
1843980 206
1843990 206
1844000 206
1844010 206
1844020 206
1844030 206
1844040 206
1844050 206
1844060 206
1844070 206
1844080 206
1844090 207
1844100 207
1844110 207
1844120 207
1844130 207
1844140 207
1844150 207
1844160 207
1844170 206
1844180 206
1844190 206
1844200 205
1844210 205
1844220 205
1844230 205
1844240 205
1844250 205
1844260 205
1844270 205
1844280 205
1844290 205
1844300 205
1844310 205
1844320 205
1844330 206
1844340 206
1844350 206
1844360 206
1844370 206
1844380 206
1844390 204
1844400 204
1844410 204
1844420 203
1844430 203
1844440 203
1844450 202
1844460 202
1844470 201
1844480 200
1844490 200
1844500 198
1844510 197
1844520 197
1844530 197
1844540 196
1844550 196
1844560 196
1844570 196
1844580 196
1844590 198
1844600 200
1844610 200
1844620 202
1844630 204
1844640 204
1844650 205
1844660 206
1844670 206
1844680 206
1844690 206
1844700 206
1844710 207
1844720 208
1844730 208
1844740 209
1844750 207
1844760 207
1844770 208
1844780 207
1844790 207
1844800 205
1844810 203
1844820 203
1844830 201
1844840 200
1844850 200
1844860 201
1844870 204
1844880 204
1844890 207
1844900 208
1844910 208
1844920 210
1844930 210
1844940 212
1844950 215
1844960 215
1844970 216
1844980 215
1844990 215
1845000 213
1845010 212
1845020 212
1845030 212
1845040 213
1845050 213
1845060 215
1845070 217
1845080 217
1845090 219
1845100 222
1845110 222
1845120 223
1845130 225
1845140 225
1845150 227
1845160 227
1845170 227
1845180 227
1845190 227
1845200 227
1845210 228
1845220 229
1845230 229
1845240 229
1845250 229
1845260 229
1845270 228
1845280 227
1845290 227
1845300 226
1845310 225
1845320 225
1845330 225
1845340 224
1845350 224
1845360 223
1845370 222
1845380 222
1845390 221
1845400 219
1845410 219
1845420 218
1845430 216
1845440 216
1845450 214
1845460 211
1845470 211
1845480 208
1845490 206
1845500 206
1845510 203
1845520 201
1845530 201
1845540 199
1845550 198
1845560 198
1845570 197
1845580 196
1845590 196
1845600 196
1845610 196
1845620 196
1845630 198
1845640 200
1845650 200
1845660 203
1845670 207
1845680 207
1845690 209
1845700 211
1845710 211
1845720 213
1845730 215
1845740 215
1845750 217
1845760 219
1845770 219
1845780 221
1845790 222
1845800 222
1845810 224
1845820 226
1845830 226
1845840 228
1845850 230
1845860 230
1845870 232
1845880 235
1845890 235
1845900 236
1845910 237
1845920 237
1845930 238
1845940 238
1845950 238
1845960 239
1845970 239
1845980 239
1845990 240
1846000 240
1846010 240
1846020 240
1846030 241
1846040 241
1846050 241
1846060 241
1846070 241
1846080 241
1846090 242
1846100 242
1846110 242
1846120 242
1846130 242
1846140 242
1846150 242
1846160 242
1846170 241
1846180 240
1846190 240
1846200 237
1846210 240
1846220 240
1846230 240
1846240 240
1846250 239
1846260 239
1846270 239
1846280 238
1846290 237
1846300 237
1846310 237
1846320 237
1846330 237
1846340 236
1846350 236
1846360 236
1846370 235
1846380 235
1846390 235
1846400 235
1846410 235
1846420 235
1846430 234
1846440 234
1846450 234
1846460 233
1846470 233
1846480 233
1846490 232
1846500 231
1846510 231
1846520 231
1846530 230
1846540 230
1846550 229
1846560 228
1846570 228
1846580 227
1846590 226
1846600 226
1846610 226
1846620 225
1846630 225
1846640 224
1846650 224
1846660 224
1846670 223
1846680 223
1846690 223
1846700 222
1846710 222
1846720 222
1846730 221
1846740 220
1846750 220
1846760 219
1846770 218
1846780 218
1846790 218
1846800 218
1846810 218
1846820 219
1846830 219
1846840 219
1846850 220
1846860 220
1846870 220
1846880 221
1846890 221
1846900 221
1846910 221
1846920 222
1846930 222
1846940 222
1846950 223
1846960 223
1846970 223
1846980 222
1846990 222
1847000 222
1847010 222
1847020 222
1847030 222
1847040 222
1847050 222
1847060 222
1847070 222
1847080 222
1847090 222
1847100 222
1847110 222
1847120 222
1847130 222
1847140 222
1847150 222
1847160 221
1847170 221
1847180 220
1847190 220
1847200 220
1847210 219
1847220 218
1847230 218
1847240 216
1847250 215
1847260 215
1847270 215
1847280 215
1847290 215
1847300 215
1847310 216
1847320 216
1847330 216
1847340 215
1847350 215
1847360 214
1847370 214
1847380 214
1847390 213
1847400 212
1847410 212
1847420 212
1847430 211
1847440 211
1847450 211
1847460 211
1847470 211
1847480 211
1847490 211
1847500 211
1847510 210
1847520 209
1847530 209
1847540 208
1847550 208
1847560 205
1847570 202
1847580 202
1847590 200
1847600 197
1847610 197
1847620 194
1847630 193
1847640 193
1847650 193
1847660 194
1847670 194
1847680 198
1847690 202
1847700 202
1847710 205
1847720 208
1847730 208
1847740 210
1847750 212
1847760 212
1847770 214
1847780 217
1847790 217
1847800 219
1847810 221
1847820 221
1847830 222
1847840 224
1847850 224
1847860 225
1847870 227
1847880 227
1847890 227
1847900 228
1847910 228
1847920 229
1847930 229
1847940 229
1847950 229
1847960 230
1847970 230
1847980 230
1847990 228
1848000 228
1848010 228
1848020 227
1848030 227
1848040 227
1848050 226
1848060 226
1848070 225
1848080 225
1848090 225
1848100 224
1848110 224
1848120 224
1848130 223
1848140 223
1848150 223
1848160 223
1848170 223
1848180 223
1848190 223
1848200 223
1848210 223
1848220 223
1848230 223
1848240 223
1848250 223
1848260 224
1848270 224
1848280 224
1848290 224
1848300 224
1848310 225
1848320 225
1848330 225
1848340 225
1848350 224
1848360 224
1848370 224
1848380 223
1848390 223
1848400 223
1848410 223
1848420 223
1848430 223
1848440 222
1848450 222
1848460 221
1848470 220
1848480 220
1848490 219
1848500 218
1848510 218
1848520 217
1848530 216
1848540 216
1848550 214
1848560 214
1848570 214
1848580 216
1848590 217
1848600 217
1848610 218
1848620 219
1848630 219
1848640 220
1848650 221
1848660 221
1848670 222
1848680 223
1848690 223
1848700 223
1848710 223
1848720 223
1848730 223
1848740 223
1848750 223
1848760 223
1848770 224
1848780 224
1848790 223
1848800 224
1848810 224
1848820 224
1848830 224
1848840 224
1848850 224
1848860 224
1848870 223
1848880 223
1848890 223
1848900 223
1848910 223
1848920 223
1848930 223
1848940 222
1848950 222
1848960 222
1848970 221
1848980 221
1848990 220
1849000 219
1849010 219
1849020 217
1849030 215
1849040 215
1849050 214
1849060 210
1849070 210
1849080 207
1849090 206
1849100 206
1849110 204
1849120 204
1849130 204
1849140 205
1849150 207
1849160 207
1849170 208
1849180 208
1849190 208
1849200 208
1849210 207
1849220 207
1849230 206
1849240 205
1849250 205
1849260 204
1849270 203
1849280 203
1849290 203
1849300 202
1849310 202
1849320 201
1849330 199
1849340 199
1849350 198
1849360 198
1849370 198
1849380 197
1849390 196
1849400 196
1849410 195
1849420 193
1849430 193
1849440 192
1849450 191
1849460 191
1849470 190
1849480 190
1849490 190
1849500 188
1849510 187
1849520 187
1849530 185
1849540 184
1849550 184
1849560 182
1849570 182
1849580 182
1849590 182
1849600 182
1849610 182
1849620 182
1849630 183
1849640 183
1849650 184
1849660 185
1849670 185
1849680 186
1849690 186
1849700 186
1849710 186
1849720 186
1849730 186
1849740 186
1849750 186
1849760 186
1849770 186
1849780 185
1849790 185
1849800 185
1849810 185
1849820 185
1849830 184
1849840 184
1849850 184
1849860 184
1849870 184
1849880 184
1849890 184
1849900 184
1849910 184
1849920 184
1849930 183
1849940 183
1849950 183
1849960 183
1849970 183
1849980 183
1849990 182
1850000 182
1850010 181
1850020 181
1850030 181
1850040 180
1850050 180
1850060 180
1850070 180
1850080 179
1850090 179
1850100 179
1850110 179
1850120 179
1850130 178
1850140 178
1850150 178
1850160 178
1850170 178
1850180 177
1850190 177
1850200 177
1850210 177
1850220 176
1850230 176
1850240 176
1850250 175
1850260 175
1850270 175
1850280 174
1850290 174
1850300 174
1850310 173
1850320 173
1850330 173
1850340 172
1850350 172
1850360 172
1850370 172
1850380 172
1850390 171
1850400 171
1850410 171
1850420 171
1850430 171
1850440 171
1850450 171
1850460 171
1850470 171
1850480 170
1850490 170
1850500 170
1850510 170
1850520 170
1850530 170
1850540 170
1850550 169
1850560 169
1850570 169
1850580 167
1850590 167
1850600 167
1850610 167
1850620 167
1850630 166
1850640 166
1850650 166
1850660 166
1850670 166
1850680 166
1850690 166
1850700 166
1850710 166
1850720 165
1850730 165
1850740 165
1850750 165
1850760 165
1850770 165
1850780 165
1850790 165
1850800 165
1850810 165
1850820 165
1850830 165
1850840 165
1850850 165
1850860 165
1850870 165
1850880 165
1850890 165
1850900 165
1850910 165
1850920 165
1850930 166
1850940 166
1850950 166
1850960 166
1850970 165
1850980 165
1850990 165
1851000 166
1851010 166
1851020 166
1851030 166
1851040 166
1851050 166
1851060 166
1851070 166
1851080 166
1851090 166
1851100 166
1851110 166
1851120 166
1851130 166
1851140 166
1851150 166
1851160 166
1851170 166
1851180 166
1851190 166
1851200 166
1851210 166
1851220 166
1851230 166
1851240 167
1851250 167
1851260 167
1851270 167
1851280 167
1851290 167
1851300 167
1851310 167
1851320 167
1851330 167
1851340 167
1851350 167
1851360 167
1851370 167
1851380 167
1851390 167
1851400 167
1851410 167
1851420 167
1851430 167
1851440 167
1851450 167
1851460 167
1851470 167
1851480 167
1851490 167
1851500 167
1851510 167
1851520 167
1851530 167
1851540 167
1851550 167
1851560 167
1851570 167
1851580 167
1851590 167
1851600 167
1851610 167
1851620 167
1851630 167
1851640 167
1851650 167
1851660 167
1851670 167
1851680 167
1851690 167
1851700 168
1851710 168
1851720 168
1851730 168
1851740 168
1851750 168
1851760 167
1851770 167
1851780 167
1851790 168
1851800 168
1851810 168
1851820 168
1851830 168
1851840 168
1851850 168
1851860 168
1851870 168
1851880 168
1851890 168
1851900 168
1851910 168
1851920 169
1851930 169
1851940 169
1851950 170
1851960 170
1851970 170
1851980 171
1851990 171
1852000 171
1852010 172
1852020 172
1852030 173
1852040 173
1852050 173
1852060 174
1852070 175
1852080 175
1852090 176
1852100 177
1852110 177
1852120 178
1852130 179
1852140 179
1852150 180
1852160 181
1852170 181
1852180 182
1852190 183
1852200 183
1852210 183
1852220 184
1852230 184
1852240 184
1852250 185
1852260 185
1852270 186
1852280 186
1852290 186
1852300 186
1852310 187
1852320 187
1852330 187
1852340 188
1852350 188
1852360 188
1852370 188
1852380 188
1852390 189
1852400 189
1852410 189
1852420 189
1852430 189
1852440 189
1852450 190
1852460 190
1852470 190
1852480 190
1852490 191
1852500 191
1852510 191
1852520 191
1852530 191
1852540 192
1852550 192
1852560 192
1852570 193
1852580 193
1852590 193
1852600 194
1852610 194
1852620 195
1852630 196
1852640 196
1852650 196
1852660 197
1852670 198
1852680 198
1852690 198
1852700 199
1852710 199
1852720 199
1852730 200
1852740 200
1852750 200
1852760 201
1852770 201
1852780 202
1852790 202
1852800 203
1852810 204
1852820 204
1852830 205
1852840 206
1852850 206
1852860 207
1852870 208
1852880 208
1852890 209
1852900 209
1852910 209
1852920 209
1852930 209
1852940 209
1852950 209
1852960 208
1852970 210
1852980 210
1852990 209
1853000 209
1853010 210
1853020 212
1853030 212
1853040 215
1853050 217
1853060 217
1853070 219
1853080 221
1853090 221
1853100 223
1853110 224
1853120 224
1853130 225
1853140 225
1853150 225
1853160 225
1853170 225
1853180 225
1853190 224
1853200 223
1853210 223
1853220 222
1853230 221
1853240 221
1853250 220
1853260 219
1853270 219
1853280 218
1853290 218
1853300 218
1853310 217
1853320 218
1853330 218
1853340 218
1853350 218
1853360 218
1853370 218
1853380 217
1853390 217
1853400 222
1853410 225
1853420 225
1853430 229
1853440 233
1853450 233
1853460 236
1853470 238
1853480 238
1853490 240
1853500 241
1853510 241
1853520 242
1853530 244
1853540 244
1853550 245
1853560 245
1853570 245
1853580 246
1853590 246
1853600 246
1853610 247
1853620 247
1853630 247
1853640 247
1853650 247
1853660 247
1853670 247
1853680 247
1853690 247
1853700 247
1853710 247
1853720 247
1853730 247
1853740 247
1853750 247
1853760 248
1853770 248
1853780 248
1853790 248
1853800 248
1853810 248
1853820 249
1853830 248
1853840 248
1853850 248
1853860 248
1853870 248
1853880 248
1853890 248
1853900 248
1853910 249
1853920 249
1853930 249
1853940 249
1853950 249
1853960 249
1853970 250
1853980 250
1853990 250
1854000 250
1854010 250
1854020 250
1854030 251
1854040 251
1854050 251
1854060 251
1854070 251
1854080 251
1854090 252
1854100 252
1854110 252
1854120 252
1854130 252
1854140 252
1854150 253
1854160 253
1854170 253
1854180 253
1854190 253
1854200 254
1854210 254
1854220 254
1854230 254
1854240 254
1854250 254
1854260 254
1854270 254
1854280 254
1854290 254
1854300 254
1854310 254
1854320 254
1854330 254
1854340 254
1854350 254
1854360 254
1854370 254
1854380 253
1854390 253
1854400 253
1854410 253
1854420 253
1854430 253
1854440 253
1854450 254
1854460 254
1854470 254
1854480 254
1854490 254
1854500 254
1854510 254
1854520 254
1854530 254
1854540 254
1854550 254
1854560 254
1854570 253
1854580 253
1854590 253
1854600 253
1854610 253
1854620 253
1854630 253
1854640 253
1854650 252
1854660 252
1854670 252
1854680 252
1854690 252
1854700 252
1854710 252
1854720 252
1854730 251
1854740 251
1854750 251
1854760 251
1854770 250
1854780 250
1854790 250
1854800 249
1854810 249
1854820 249
1854830 249
1854840 248
1854850 248
1854860 248
1854870 248
1854880 248
1854890 248
1854900 248
1854910 248
1854920 248
1854930 247
1854940 247
1854950 247
1854960 247
1854970 247
1854980 247
1854990 247
1855000 247
1855010 247
1855020 247
1855030 247
1855040 247
1855050 247
1855060 247
1855070 246
1855080 246
1855090 246
1855100 246
1855110 245
1855120 245
1855130 245
1855140 244
1855150 244
1855160 244
1855170 243
1855180 243
1855190 242
1855200 242
1855210 242
1855220 241
1855230 241
1855240 241
1855250 241
1855260 242
1855270 242
1855280 243
1855290 244
1855300 244
1855310 244
1855320 245
1855330 245
1855340 245
1855350 246
1855360 246
1855370 246
1855380 246
1855390 247
1855400 247
1855410 247
1855420 247
1855430 247
1855440 247
1855450 247
1855460 247
1855470 247
1855480 247
1855490 247
1855500 247
1855510 247
1855520 247
1855530 247
1855540 248
1855550 248
1855560 248
1855570 248
1855580 248
1855590 248
1855600 248
1855610 248
1855620 248
1855630 248
1855640 247
1855650 247
1855660 247
1855670 247
1855680 247
1855690 247
1855700 247
1855710 247
1855720 246
1855730 246
1855740 246
1855750 246
1855760 246
1855770 246
1855780 246
1855790 246
1855800 246
1855810 245
1855820 245
1855830 245
1855840 245
1855850 244
1855860 244
1855870 244
1855880 244
1855890 244
1855900 244
1855910 244
1855920 244
1855930 243
1855940 243
1855950 243
1855960 242
1855970 242
1855980 242
1855990 241
1856000 241
1856010 241
1856020 241
1856030 241
1856040 241
1856050 241
1856060 240
1856070 240
1856080 240
1856090 240
1856100 240
1856110 239
1856120 239
1856130 239
1856140 239
1856150 238
1856160 238
1856170 238
1856180 238
1856190 238
1856200 238
1856210 237
1856220 237
1856230 237
1856240 237
1856250 237
1856260 236
1856270 236
1856280 236
1856290 235
1856300 235
1856310 235
1856320 235
1856330 234
1856340 234
1856350 234
1856360 234
1856370 234
1856380 233
1856390 233
1856400 233
1856410 233
1856420 233
1856430 233
1856440 232
1856450 232
1856460 232
1856470 232
1856480 231
1856490 231
1856500 230
1856510 230
1856520 230
1856530 229
1856540 229
1856550 229
1856560 228
1856570 228
1856580 228
1856590 227
1856600 227
1856610 227
1856620 226
1856630 226
1856640 226
1856650 225
1856660 225
1856670 225
1856680 225
1856690 225
1856700 225
1856710 224
1856720 224
1856730 224
1856740 224
1856750 224
1856760 224
1856770 225
1856780 225
1856790 225
1856800 226
1856810 226
1856820 226
1856830 227
1856840 228
1856850 228
1856860 228
1856870 228
1856880 228
1856890 228
1856900 228
1856910 228
1856920 228
1856930 228
1856940 228
1856950 227
1856960 227
1856970 227
1856980 227
1856990 227
1857000 227
1857010 227
1857020 227
1857030 227
1857040 226
1857050 226
1857060 226
1857070 226
1857080 226
1857090 226
1857100 226
1857110 226
1857120 226
1857130 227
1857140 227
1857150 227
1857160 227
1857170 227
1857180 228
1857190 228
1857200 228
1857210 228
1857220 228
1857230 228
1857240 228
1857250 228
1857260 228
1857270 228
1857280 227
1857290 227
1857300 227
1857310 227
1857320 227
1857330 226
1857340 226
1857350 226
1857360 225
1857370 224
1857380 224
1857390 223
1857400 221
1857410 221
1857420 219
1857430 218
1857440 218
1857450 216
1857460 214
1857470 214
1857480 213
1857490 211
1857500 211
1857510 210
1857520 208
1857530 208
1857540 206
1857550 205
1857560 205
1857570 204
1857580 203
1857590 203
1857600 202
1857610 201
1857620 201
1857630 200
1857640 200
1857650 200
1857660 200
1857670 201
1857680 201
1857690 202
1857700 203
1857710 203
1857720 204
1857730 206
1857740 206
1857750 207
1857760 208
1857770 208
1857780 210
1857790 214
1857800 214
1857810 215
1857820 217
1857830 217
1857840 217
1857850 218
1857860 218
1857870 219
1857880 220
1857890 220
1857900 221
1857910 221
1857920 221
1857930 222
1857940 223
1857950 223
1857960 223
1857970 223
1857980 224
1857990 224
1858000 224
1858010 223
1858020 223
1858030 223
1858040 222
1858050 222
1858060 222
1858070 222
1858080 222
1858090 222
1858100 221
1858110 221
1858120 221
1858130 220
1858140 220
1858150 220
1858160 219
1858170 219
1858180 219
1858190 218
1858200 218
1858210 218
1858220 217
1858230 215
1858240 215
1858250 215
1858260 214
1858270 214
1858280 214
1858290 213
1858300 213
1858310 213
1858320 213
1858330 213
1858340 213
1858350 212
1858360 212
1858370 212
1858380 212
1858390 212
1858400 212
1858410 212
1858420 212
1858430 211
1858440 210
1858450 210
1858460 208
1858470 205
1858480 205
1858490 203
1858500 200
1858510 200
1858520 197
1858530 196
1858540 196
1858550 194
1858560 192
1858570 192
1858580 190
1858590 189
1858600 189
1858610 188
1858620 187
1858630 187
1858640 187
1858650 187
1858660 187
1858670 188
1858680 190
1858690 190
1858700 192
1858710 194
1858720 194
1858730 196
1858740 196
1858750 196
1858760 198
1858770 199
1858780 199
1858790 202
1858800 205
1858810 205
1858820 207
1858830 208
1858840 208
1858850 210
1858860 212
1858870 212
1858880 214
1858890 215
1858900 215
1858910 216
1858920 217
1858930 216
1858940 217
1858950 218
1858960 218
1858970 219
1858980 219
1858990 219
1859000 219
1859010 219
1859020 219
1859030 218
1859040 218
1859050 218
1859060 217
1859070 216
1859080 216
1859090 214
1859100 213
1859110 213
1859120 211
1859130 210
1859140 210
1859150 209
1859160 209
1859170 209
1859180 210
1859190 210
1859200 210
1859210 211
1859220 210
1859230 210
1859240 210
1859250 210
1859260 209
1859270 208
1859280 205
1859290 204
1859300 203
1859310 203
1859320 203
1859330 203
1859340 203
1859350 204
1859360 206
1859370 206
1859380 209
1859390 211
1859400 211
1859410 214
1859420 216
1859430 216
1859440 218
1859450 220
1859460 220
1859470 222
1859480 224
1859490 224
1859500 226
1859510 228
1859520 228
1859530 229
1859540 231
1859550 231
1859560 233
1859570 234
1859580 234
1859590 236
1859600 237
1859610 237
1859620 238
1859630 239
1859640 239
1859650 240
1859660 241
1859670 241
1859680 242
1859690 243
1859700 243
1859710 244
1859720 245
1859730 245
1859740 245
1859750 246
1859760 246
1859770 247
1859780 248
1859790 248
1859800 249
1859810 250
1859820 250
1859830 250
1859840 250
1859850 250
1859860 251
1859870 251
1859880 251
1859890 252
1859900 252
1859910 252
1859920 253
1859930 253
1859940 253
1859950 254
1859960 254
1859970 254
1859980 255
1859990 255
