1840000 238
1840010 240
1840020 240
1840030 243
1840040 245
1840050 245
1840060 246
1840070 247
1840080 247
1840090 247
1840100 248
1840110 248
1840120 249
1840130 249
1840140 249
1840150 250
1840160 251
1840170 251
1840180 251
1840190 252
1840200 252
1840210 254
1840220 255
1840230 255
1840240 255
1840250 256
1840260 256
1840270 257
1840280 257
1840290 257
1840300 258
1840310 259
1840320 259
1840330 259
1840340 260
1840350 260
1840360 260
1840370 260
1840380 260
1840390 261
1840400 261
1840410 261
1840420 261
1840430 261
1840440 261
1840450 261
1840460 261
1840470 261
1840480 261
1840490 262
1840500 262
1840510 262
1840520 262
1840530 262
1840540 263
1840550 263
1840560 263
1840570 263
1840580 263
1840590 263
1840600 263
1840610 264
1840620 264
1840630 264
1840640 263
1840650 263
1840660 263
1840670 263
1840680 263
1840690 262
1840700 262
1840710 262
1840720 261
1840730 261
1840740 261
1840750 261
1840760 260
1840770 260
1840780 260
1840790 259
1840800 259
1840810 259
1840820 259
1840830 259
1840840 259
1840850 258
1840860 258
1840870 258
1840880 258
1840890 258
1840900 257
1840910 257
1840920 257
1840930 256
1840940 255
1840950 254
1840960 253
1840970 253
1840980 253
1840990 253
1841000 253
1841010 252
1841020 252
1841030 252
1841040 251
1841050 251
1841060 251
1841070 251
1841080 250
1841090 250
1841100 251
1841110 251
1841120 251
1841130 251
1841140 251
1841150 251
1841160 251
1841170 250
1841180 250
1841190 250
1841200 250
1841210 250
1841220 249
1841230 249
1841240 249
1841250 248
1841260 248
1841270 248
1841280 247
1841290 246
1841300 246
1841310 245
1841320 245
1841330 245
1841340 244
1841350 244
1841360 244
1841370 243
1841380 243
1841390 243
1841400 243
1841410 243
1841420 243
1841430 243
1841440 243
1841450 243
1841460 243
1841470 243
1841480 243
1841490 242
1841500 242
1841510 242
1841520 242
1841530 242
1841540 242
1841550 242
1841560 241
1841570 241
1841580 241
1841590 241
1841600 241
1841610 241
1841620 241
1841630 241
1841640 240
1841650 240
1841660 240
1841670 239
1841680 239
1841690 239
1841700 239
1841710 238
1841720 238
1841730 238
1841740 237
1841750 237
1841760 237
1841770 236
1841780 236
1841790 236
1841800 235
1841810 235
1841820 235
1841830 234
1841840 234
1841850 234
1841860 233
1841870 233
1841880 232
1841890 232
1841900 232
1841910 231
1841920 230
1841930 230
1841940 230
1841950 230
1841960 230
1841970 229
1841980 229
1841990 229
1842000 228
1842010 228
1842020 228
1842030 227
1842040 227
1842050 227
1842060 227
1842070 228
1842080 228
1842090 229
1842100 232
1842110 232
1842120 232
1842130 231
1842140 231
1842150 230
1842160 230
1842170 230
1842180 231
1842190 231
1842200 232
1842210 233
1842220 233
1842230 234
1842240 233
1842250 233
1842260 233
1842270 234
1842280 234
1842290 234
1842300 234
1842310 234
1842320 235
1842330 235
1842340 235
1842350 235
1842360 236
1842370 236
1842380 238
1842390 238
1842400 238
1842410 238
1842420 238
1842430 238
1842440 238
1842450 237
1842460 237
1842470 238
1842480 238
1842490 238
1842500 238
1842510 240
1842520 240
1842530 238
1842540 237
1842550 237
1842560 237
1842570 233
1842580 233
1842590 231
1842600 230
1842610 230
1842620 230
1842630 229
1842640 229
1842650 228
1842660 228
1842670 228
1842680 227
1842690 227
1842700 227
1842710 226
1842720 226
1842730 226
1842740 226
1842750 226
1842760 225
1842770 225
1842780 225
1842790 225
1842800 225
1842810 225
1842820 225
1842830 225
1842840 225
1842850 225
1842860 225
1842870 225
1842880 225
1842890 224
1842900 224
1842910 224
1842920 223
1842930 223
1842940 223
1842950 222
1842960 222
1842970 222
1842980 222
1842990 221
1843000 221
1843010 221
1843020 221
1843030 221
1843040 220
1843050 220
1843060 220
1843070 220
1843080 220
1843090 220
1843100 220
1843110 220
1843120 220
1843130 218
1843140 218
1843150 218
1843160 218
1843170 218
1843180 218
1843190 218
1843200 218
1843210 218
1843220 217
1843230 217
1843240 217
1843250 217
1843260 217
1843270 217
1843280 217
1843290 216
1843300 216
1843310 216
1843320 215
1843330 215
1843340 215
1843350 214
1843360 214
1843370 213
1843380 211
1843390 211
1843400 210
1843410 209
1843420 209
1843430 208
1843440 208
1843450 207
1843460 207
1843470 207
1843480 207
1843490 207
1843500 207
1843510 206
1843520 206
1843530 206
1843540 206
1843550 206
1843560 206
1843570 206
1843580 206
1843590 206
1843600 206
1843610 206
1843620 206
1843630 207
1843640 207
1843650 207
1843660 207
1843670 206
1843680 206
1843690 206
1843700 205
1843710 205
1843720 204
1843730 203
1843740 203
1843750 202
1843760 201
1843770 201
1843780 201
1843790 201
1843800 201
1843810 201
1843820 200
1843830 200
1843840 200
1843850 200
1843860 200
1843870 200
1843880 200
1843890 200
1843900 200
1843910 199
1843920 199
1843930 199
1843940 199
1843950 199
1843960 199
1843970 200
1843980 200
1843990 200
1844000 200
1844010 200
1844020 201
1844030 202
1844040 202
1844050 203
1844060 204
1844070 204
1844080 205
1844090 206
1844100 206
1844110 207
1844120 207
1844130 207
1844140 206
1844150 206
1844160 206
1844170 205
1844180 204
1844190 204
1844200 204
1844210 205
1844220 205
1844230 205
1844240 206
1844250 206
1844260 206
1844270 207
1844280 207
1844290 208
1844300 210
1844310 210
1844320 212
1844330 213
1844340 213
1844350 215
1844360 216
1844370 216
1844380 217
1844390 218
1844400 218
1844410 219
1844420 219
1844430 219
1844440 220
1844450 220
1844460 220
1844470 220
1844480 221
1844490 221
1844500 221
1844510 221
1844520 221
1844530 221
1844540 221
1844550 221
1844560 221
1844570 221
1844580 220
1844590 220
1844600 220
1844610 220
1844620 220
1844630 220
1844640 220
1844650 220
1844660 220
1844670 220
1844680 221
1844690 221
1844700 221
1844710 220
1844720 220
1844730 220
1844740 220
1844750 220
1844760 220
1844770 219
1844780 219
1844790 219
1844800 218
1844810 218
1844820 218
1844830 217
1844840 217
1844850 217
1844860 216
1844870 216
1844880 216
1844890 216
1844900 216
1844910 216
1844920 216
1844930 216
1844940 217
1844950 217
1844960 217
1844970 216
1844980 216
1844990 216
1845000 216
1845010 216
1845020 216
1845030 216
1845040 216
1845050 216
1845060 216
1845070 215
1845080 215
1845090 215
1845100 215
1845110 215
1845120 215
1845130 215
1845140 215
1845150 215
1845160 215
1845170 215
1845180 214
1845190 214
1845200 214
1845210 214
1845220 214
1845230 214
1845240 213
1845250 213
1845260 213
1845270 213
1845280 212
1845290 212
1845300 212
1845310 211
1845320 211
1845330 211
1845340 211
1845350 211
1845360 210
1845370 210
1845380 210
1845390 210
1845400 209
1845410 209
1845420 209
1845430 208
1845440 208
1845450 208
1845460 208
1845470 208
1845480 207
1845490 206
1845500 206
1845510 206
1845520 205
1845530 205
1845540 205
1845550 204
1845560 204
1845570 203
1845580 203
1845590 203
1845600 202
1845610 202
1845620 202
1845630 201
1845640 201
1845650 201
1845660 200
1845670 199
1845680 199
1845690 198
1845700 197
1845710 197
1845720 197
1845730 196
1845740 196
1845750 195
1845760 194
1845770 194
1845780 194
1845790 193
1845800 193
1845810 192
1845820 192
1845830 192
1845840 191
1845850 190
1845860 190
1845870 190
1845880 189
1845890 189
1845900 189
1845910 188
1845920 188
1845930 188
1845940 188
1845950 188
1845960 188
1845970 188
1845980 187
1845990 187
1846000 187
1846010 187
1846020 187
1846030 187
1846040 187
1846050 187
1846060 187
1846070 187
1846080 187
1846090 187
1846100 187
1846110 187
1846120 187
1846130 187
1846140 187
1846150 187
1846160 187
1846170 187
1846180 187
1846190 187
1846200 187
1846210 187
1846220 187
1846230 187
1846240 187
1846250 186
1846260 186
1846270 186
1846280 186
1846290 186
1846300 186
1846310 186
1846320 185
1846330 185
1846340 185
1846350 185
1846360 185
1846370 184
1846380 185
1846390 185
1846400 185
1846410 184
1846420 184
1846430 184
1846440 183
1846450 183
1846460 183
1846470 182
1846480 182
1846490 182
1846500 181
1846510 181
1846520 181
1846530 181
1846540 181
1846550 180
1846560 180
1846570 180
1846580 179
1846590 179
1846600 179
1846610 179
1846620 179
1846630 179
1846640 179
1846650 178
1846660 178
1846670 178
1846680 178
1846690 178
1846700 178
1846710 178
1846720 178
1846730 178
1846740 178
1846750 178
1846760 178
1846770 178
1846780 178
1846790 178
1846800 178
1846810 178
1846820 178
1846830 178
1846840 178
1846850 178
1846860 178
1846870 178
1846880 178
1846890 179
1846900 179
1846910 181
1846920 183
1846930 183
1846940 185
1846950 187
1846960 187
1846970 190
1846980 190
1846990 190
1847000 189
1847010 187
1847020 187
1847030 186
1847040 186
1847050 186
1847060 187
1847070 188
1847080 188
1847090 189
1847100 191
1847110 191
1847120 193
1847130 195
1847140 195
1847150 198
1847160 200
1847170 200
1847180 202
1847190 203
1847200 203
1847210 205
1847220 207
1847230 207
1847240 207
1847250 207
1847260 206
1847270 206
1847280 206
1847290 206
1847300 206
1847310 206
1847320 206
1847330 207
1847340 207
1847350 207
1847360 207
1847370 207
1847380 207
1847390 207
1847400 207
1847410 208
1847420 208
1847430 208
1847440 209
1847450 209
1847460 208
1847470 208
1847480 208
1847490 208
1847500 208
1847510 208
1847520 208
1847530 208
1847540 208
1847550 208
1847560 208
1847570 208
1847580 208
1847590 207
1847600 207
1847610 207
1847620 207
1847630 207
1847640 207
1847650 207
1847660 207
1847670 207
1847680 207
1847690 207
1847700 207
1847710 207
1847720 207
1847730 207
1847740 207
1847750 207
1847760 207
1847770 207
1847780 207
1847790 207
1847800 207
1847810 206
1847820 206
1847830 206
1847840 206
1847850 206
1847860 205
1847870 205
1847880 205
1847890 205
1847900 204
1847910 204
1847920 204
1847930 204
1847940 204
1847950 203
1847960 203
1847970 203
1847980 203
1847990 202
1848000 202
1848010 202
1848020 202
1848030 202
1848040 202
1848050 201
1848060 201
1848070 201
1848080 200
1848090 200
1848100 200
1848110 199
1848120 199
1848130 199
1848140 199
1848150 199
1848160 198
1848170 196
1848180 196
1848190 195
1848200 194
1848210 194
1848220 194
1848230 193
1848240 193
1848250 193
1848260 192
1848270 192
1848280 192
1848290 191
1848300 191
1848310 191
1848320 191
1848330 191
1848340 190
1848350 190
1848360 190
1848370 189
1848380 189
1848390 189
1848400 189
1848410 189
1848420 189
1848430 188
1848440 188
1848450 188
1848460 187
1848470 187
1848480 187
1848490 187
1848500 187
1848510 186
1848520 186
1848530 186
1848540 185
1848550 185
1848560 185
1848570 184
1848580 184
1848590 184
1848600 184
1848610 184
1848620 184
1848630 183
1848640 183
1848650 183
1848660 183
1848670 183
1848680 183
1848690 182
1848700 182
1848710 182
1848720 182
1848730 181
1848740 181
1848750 181
1848760 181
1848770 181
1848780 180
1848790 179
1848800 179
1848810 179
1848820 178
1848830 178
1848840 177
1848850 177
1848860 177
1848870 176
1848880 175
1848890 175
1848900 174
1848910 174
1848920 174
1848930 174
1848940 173
1848950 173
1848960 173
1848970 173
1848980 173
1848990 173
1849000 173
1849010 173
1849020 173
1849030 172
1849040 172
1849050 172
1849060 171
1849070 171
1849080 170
1849090 169
1849100 169
1849110 169
1849120 169
1849130 169
1849140 169
1849150 169
1849160 169
1849170 169
1849180 169
1849190 169
1849200 169
1849210 169
1849220 169
1849230 169
1849240 169
1849250 169
1849260 169
1849270 169
1849280 169
1849290 169
1849300 169
1849310 169
1849320 169
1849330 169
1849340 169
1849350 169
1849360 169
1849370 169
1849380 168
1849390 169
1849400 169
1849410 169
1849420 169
1849430 169
1849440 169
1849450 169
1849460 169
1849470 169
1849480 169
1849490 169
1849500 169
1849510 169
1849520 169
1849530 169
1849540 169
1849550 169
1849560 169
1849570 169
1849580 169
1849590 169
1849600 169
1849610 169
1849620 169
1849630 169
1849640 169
1849650 169
1849660 169
1849670 169
1849680 169
1849690 169
1849700 169
1849710 169
1849720 169
1849730 169
1849740 170
1849750 171
1849760 171
1849770 171
1849780 171
1849790 172
1849800 173
1849810 173
1849820 173
1849830 174
1849840 174
1849850 175
1849860 175
1849870 175
1849880 176
1849890 176
1849900 176
1849910 177
1849920 178
1849930 178
1849940 179
1849950 182
1849960 185
1849970 185
1849980 186
1849990 186
1850000 186
1850010 187
1850020 187
1850030 187
1850040 188
1850050 188
1850060 189
1850070 190
1850080 190
1850090 192
1850100 194
1850110 194
1850120 195
1850130 198
1850140 198
1850150 202
1850160 206
1850170 206
1850180 210
1850190 213
1850200 213
1850210 217
1850220 220
1850230 220
1850240 223
1850250 225
1850260 225
1850270 226
1850280 226
1850290 226
1850300 226
1850310 226
1850320 226
1850330 225
1850340 225
1850350 225
1850360 224
1850370 223
1850380 223
1850390 221
1850400 220
1850410 220
1850420 218
1850430 217
1850440 217
1850450 216
1850460 215
1850470 215
1850480 214
1850490 213
1850500 213
1850510 212
1850520 211
1850530 211
1850540 211
1850550 210
1850560 210
1850570 209
1850580 208
1850590 208
1850600 208
1850610 207
1850620 207
1850630 206
1850640 205
1850650 205
1850660 204
1850670 203
1850680 203
1850690 202
1850700 202
1850710 202
1850720 202
1850730 202
1850740 202
1850750 202
1850760 201
1850770 201
1850780 201
1850790 201
1850800 201
1850810 201
1850820 201
1850830 201
1850840 202
1850850 202
1850860 202
1850870 203
1850880 205
1850890 205
1850900 206
1850910 208
1850920 208
1850930 209
1850940 210
1850950 210
1850960 212
1850970 213
1850980 213
1850990 214
1851000 214
1851010 214
1851020 216
1851030 216
1851040 215
1851050 215
1851060 215
1851070 214
1851080 213
1851090 213
1851100 212
1851110 211
1851120 211
1851130 210
1851140 209
1851150 209
1851160 208
1851170 207
1851180 207
1851190 206
1851200 205
1851210 205
1851220 205
1851230 205
1851240 205
1851250 206
1851260 207
1851270 207
1851280 209
1851290 209
1851300 209
1851310 210
1851320 211
1851330 211
1851340 211
1851350 211
1851360 211
1851370 211
1851380 211
1851390 211
1851400 210
1851410 209
1851420 209
1851430 208
1851440 207
1851450 207
1851460 206
1851470 205
1851480 205
1851490 205
1851500 204
1851510 204
1851520 204
1851530 203
1851540 203
1851550 202
1851560 202
1851570 202
1851580 202
1851590 202
1851600 202
1851610 202
1851620 202
1851630 202
1851640 202
1851650 201
1851660 201
1851670 201
1851680 200
1851690 200
1851700 199
1851710 199
1851720 199
1851730 197
1851740 196
1851750 196
1851760 194
1851770 193
1851780 193
1851790 191
1851800 189
1851810 189
1851820 187
1851830 187
1851840 187
1851850 187
1851860 187
1851870 187
1851880 187
1851890 187
1851900 187
1851910 188
1851920 189
1851930 189
1851940 190
1851950 190
1851960 190
1851970 191
1851980 191
1851990 191
1852000 191
1852010 190
1852020 190
1852030 189
1852040 188
1852050 188
1852060 187
1852070 186
1852080 186
1852090 184
1852100 183
1852110 183
1852120 182
1852130 181
1852140 181
1852150 180
1852160 180
1852170 180
1852180 179
1852190 178
1852200 178
1852210 178
1852220 177
1852230 177
1852240 177
1852250 176
1852260 176
1852270 176
1852280 176
1852290 176
1852300 176
1852310 176
1852320 176
1852330 176
1852340 176
1852350 176
1852360 176
1852370 176
1852380 177
1852390 180
1852400 180
1852410 183
1852420 185
1852430 185
1852440 182
1852450 183
1852460 183
1852470 184
1852480 185
1852490 185
1852500 186
1852510 186
1852520 186
1852530 187
1852540 187
1852550 187
1852560 188
1852570 190
1852580 190
1852590 192
1852600 196
1852610 196
1852620 201
1852630 204
1852640 204
1852650 206
1852660 209
1852670 209
1852680 211
1852690 215
1852700 215
1852710 218
1852720 222
1852730 222
1852740 227
1852750 230
1852760 230
1852770 233
1852780 235
1852790 235
1852800 235
1852810 237
1852820 237
1852830 239
1852840 240
1852850 240
1852860 240
1852870 241
1852880 241
1852890 242
1852900 243
1852910 243
1852920 243
1852930 244
1852940 244
1852950 244
1852960 244
1852970 244
1852980 245
1852990 245
1853000 245
1853010 246
1853020 246
1853030 246
1853040 246
1853050 246
1853060 246
1853070 246
1853080 246
1853090 246
1853100 246
1853110 246
1853120 246
1853130 247
1853140 247
1853150 247
1853160 247
1853170 247
1853180 247
1853190 247
1853200 248
1853210 248
1853220 248
1853230 248
1853240 248
1853250 248
1853260 248
1853270 248
1853280 248
1853290 248
1853300 248
1853310 248
1853320 248
1853330 248
1853340 248
1853350 248
1853360 248
1853370 247
1853380 247
1853390 247
1853400 247
1853410 246
1853420 246
1853430 246
1853440 246
1853450 246
1853460 246
1853470 246
1853480 246
1853490 246
1853500 245
1853510 245
1853520 245
1853530 245
1853540 245
1853550 244
1853560 244
1853570 244
1853580 244
1853590 244
1853600 244
1853610 243
1853620 243
1853630 243
1853640 242
1853650 242
1853660 242
1853670 242
1853680 242
1853690 241
1853700 241
1853710 241
1853720 241
1853730 241
1853740 241
1853750 240
1853760 240
1853770 240
1853780 241
1853790 241
1853800 241
1853810 241
1853820 241
1853830 241
1853840 241
1853850 242
1853860 242
1853870 242
1853880 242
1853890 242
1853900 242
1853910 242
1853920 242
1853930 242
1853940 242
1853950 242
1853960 242
1853970 241
1853980 241
1853990 241
1854000 241
1854010 241
1854020 241
1854030 241
1854040 241
1854050 241
1854060 241
1854070 241
1854080 241
1854090 241
1854100 241
1854110 241
1854120 241
1854130 241
1854140 241
1854150 241
1854160 241
1854170 241
1854180 241
1854190 241
1854200 241
1854210 241
1854220 241
1854230 241
1854240 240
1854250 240
1854260 240
1854270 240
1854280 240
1854290 240
1854300 240
1854310 240
1854320 240
1854330 240
1854340 240
1854350 239
1854360 239
1854370 239
1854380 239
1854390 238
1854400 238
1854410 238
1854420 238
1854430 238
1854440 237
1854450 237
1854460 237
1854470 237
1854480 236
1854490 236
1854500 236
1854510 235
1854520 235
1854530 234
1854540 234
1854550 234
1854560 233
1854570 232
1854580 232
1854590 231
1854600 230
1854610 230
1854620 228
1854630 225
1854640 225
1854650 223
1854660 222
1854670 222
1854680 222
1854690 221
1854700 221
1854710 221
1854720 221
1854730 221
1854740 221
1854750 221
1854760 221
1854770 222
1854780 222
1854790 222
1854800 224
1854810 224
1854820 226
1854830 227
1854840 227
1854850 227
1854860 228
1854870 228
1854880 227
1854890 227
1854900 227
1854910 226
1854920 225
1854930 225
1854940 224
1854950 223
1854960 223
1854970 223
1854980 222
1854990 222
1855000 222
1855010 221
1855020 221
1855030 221
1855040 220
1855050 220
1855060 220
1855070 220
1855080 220
1855090 219
1855100 219
1855110 219
1855120 218
1855130 217
1855140 217
1855150 216
1855160 215
1855170 215
1855180 213
1855190 213
1855200 213
1855210 213
1855220 213
1855230 213
1855240 214
1855250 215
1855260 214
1855270 216
1855280 218
1855290 218
1855300 220
1855310 222
1855320 222
1855330 223
1855340 224
1855350 224
1855360 225
1855370 226
1855380 226
1855390 228
1855400 229
1855410 229
1855420 230
1855430 230
1855440 230
1855450 230
1855460 230
1855470 230
1855480 231
1855490 231
1855500 231
1855510 231
1855520 231
1855530 231
1855540 231
1855550 230
1855560 230
1855570 230
1855580 230
1855590 230
1855600 230
1855610 229
1855620 229
1855630 229
1855640 229
1855650 229
1855660 229
1855670 228
1855680 228
1855690 227
1855700 225
1855710 225
1855720 224
1855730 224
1855740 224
1855750 223
1855760 223
1855770 223
1855780 222
1855790 220
1855800 220
1855810 220
1855820 218
1855830 218
1855840 217
1855850 215
1855860 215
1855870 214
1855880 212
1855890 212
1855900 211
1855910 209
1855920 209
1855930 208
1855940 207
1855950 207
1855960 206
1855970 205
1855980 205
1855990 205
1856000 204
1856010 204
1856020 204
1856030 204
1856040 204
1856050 204
1856060 204
1856070 203
1856080 203
1856090 203
1856100 203
1856110 203
1856120 203
1856130 203
1856140 203
1856150 203
1856160 203
1856170 203
1856180 203
1856190 202
1856200 202
1856210 202
1856220 202
1856230 202
1856240 202
1856250 202
1856260 202
1856270 202
1856280 202
1856290 202
1856300 202
1856310 203
1856320 203
1856330 203
1856340 204
1856350 204
1856360 204
1856370 205
1856380 205
1856390 205
1856400 206
1856410 206
1856420 206
1856430 207
1856440 207
1856450 207
1856460 208
1856470 209
1856480 209
1856490 208
1856500 207
1856510 207
1856520 207
1856530 208
1856540 208
1856550 209
1856560 210
1856570 210
1856580 211
1856590 212
1856600 212
1856610 212
1856620 213
1856630 213
1856640 213
1856650 213
1856660 215
1856670 215
1856680 216
1856690 216
1856700 216
1856710 218
1856720 218
1856730 219
1856740 219
1856750 219
1856760 220
1856770 220
1856780 220
1856790 221
1856800 221
1856810 221
1856820 222
1856830 222
1856840 222
1856850 222
1856860 222
1856870 222
1856880 223
1856890 223
1856900 223
1856910 223
1856920 223
1856930 223
1856940 224
1856950 224
1856960 224
1856970 224
1856980 224
1856990 224
1857000 224
1857010 226
1857020 226
1857030 226
1857040 226
1857050 226
1857060 225
1857070 225
1857080 225
1857090 225
1857100 224
1857110 224
1857120 223
1857130 221
1857140 221
1857150 220
1857160 220
1857170 220
1857180 221
1857190 222
1857200 222
1857210 223
1857220 225
1857230 225
1857240 225
1857250 225
1857260 225
1857270 226
1857280 226
1857290 226
1857300 227
1857310 227
1857320 227
1857330 227
1857340 227
1857350 228
1857360 229
1857370 229
1857380 229
1857390 229
1857400 229
1857410 229
1857420 229
1857430 229
1857440 230
1857450 230
1857460 230
1857470 230
1857480 230
1857490 230
1857500 230
1857510 230
1857520 230
1857530 230
1857540 229
1857550 229
1857560 229
1857570 229
1857580 229
1857590 229
1857600 229
1857610 229
1857620 229
1857630 229
1857640 229
1857650 229
1857660 229
1857670 229
1857680 228
1857690 228
1857700 228
1857710 228
1857720 227
1857730 227
1857740 227
1857750 227
1857760 227
1857770 227
1857780 226
1857790 226
1857800 226
1857810 226
1857820 226
1857830 226
1857840 225
1857850 225
1857860 225
1857870 225
1857880 225
1857890 225
1857900 225
1857910 225
1857920 224
1857930 224
1857940 224
1857950 224
1857960 224
1857970 224
1857980 223
1857990 223
1858000 223
1858010 223
1858020 223
1858030 223
1858040 223
1858050 223
1858060 223
1858070 223
1858080 222
1858090 222
1858100 222
1858110 222
1858120 222
1858130 221
1858140 221
1858150 221
1858160 220
1858170 219
1858180 219
1858190 219
1858200 218
1858210 218
1858220 218
1858230 217
1858240 217
1858250 217
1858260 216
1858270 216
1858280 215
1858290 215
1858300 215
1858310 214
1858320 213
1858330 213
1858340 213
1858350 212
1858360 212
1858370 211
1858380 209
1858390 209
1858400 207
1858410 205
1858420 205
1858430 203
1858440 202
1858450 202
1858460 202
1858470 201
1858480 201
1858490 201
1858500 200
1858510 200
1858520 200
1858530 200
1858540 200
1858550 200
1858560 200
1858570 199
1858580 199
1858590 199
1858600 199
1858610 200
1858620 200
1858630 200
1858640 200
1858650 200
1858660 200
1858670 200
1858680 200
1858690 201
1858700 201
1858710 201
1858720 201
1858730 201
1858740 201
1858750 201
1858760 203
1858770 203
1858780 203
1858790 203
1858800 203
1858810 201
1858820 200
1858830 200
1858840 198
1858850 197
1858860 197
1858870 197
1858880 196
1858890 196
1858900 196
1858910 196
1858920 196
1858930 197
1858940 197
1858950 197
1858960 198
1858970 198
1858980 198
1858990 198
1859000 199
1859010 199
1859020 199
1859030 200
1859040 200
1859050 200
1859060 200
1859070 200
1859080 200
1859090 199
1859100 201
1859110 200
1859120 200
1859130 200
1859140 200
1859150 200
1859160 200
1859170 199
1859180 199
1859190 199
1859200 199
1859210 198
1859220 198
1859230 197
1859240 197
1859250 197
1859260 196
1859270 195
1859280 195
1859290 195
1859300 194
1859310 194
1859320 193
1859330 193
1859340 193
1859350 192
1859360 191
1859370 191
1859380 189
1859390 188
1859400 188
1859410 186
1859420 186
1859430 186
1859440 185
1859450 187
1859460 187
1859470 186
1859480 186
1859490 186
1859500 185
1859510 184
1859520 184
1859530 184
1859540 183
1859550 183
1859560 183
1859570 182
1859580 182
1859590 182
1859600 181
1859610 181
1859620 181
1859630 181
1859640 181
1859650 181
1859660 181
1859670 181
1859680 181
1859690 181
1859700 181
1859710 184
1859720 186
1859730 186
1859740 188
1859750 190
1859760 190
1859770 191
1859780 194
1859790 194
1859800 195
1859810 195
1859820 197
1859830 198
1859840 198
1859850 199
1859860 202
1859870 202
1859880 203
1859890 205
1859900 205
1859910 206
1859920 208
1859930 208
1859940 211
1859950 214
1859960 214
1859970 215
1859980 216
1859990 216
