1840000 260
1840010 260
1840020 260
1840030 261
1840040 261
1840050 261
1840060 261
1840070 261
1840080 262
1840090 262
1840100 262
1840110 262
1840120 263
1840130 263
1840140 263
1840150 263
1840160 263
1840170 263
1840180 263
1840190 263
1840200 263
1840210 263
1840220 263
1840230 264
1840240 264
1840250 264
1840260 264
1840270 264
1840280 264
1840290 264
1840300 264
1840310 264
1840320 264
1840330 264
1840340 264
1840350 264
1840360 264
1840370 264
1840380 264
1840390 264
1840400 264
1840410 264
1840420 264
1840430 264
1840440 264
1840450 264
1840460 264
1840470 264
1840480 264
1840490 264
1840500 264
1840510 264
1840520 264
1840530 264
1840540 264
1840550 264
1840560 264
1840570 264
1840580 264
1840590 263
1840600 263
1840610 263
1840620 263
1840630 263
1840640 263
1840650 263
1840660 262
1840670 262
1840680 262
1840690 262
1840700 262
1840710 262
1840720 262
1840730 262
1840740 262
1840750 262
1840760 262
1840770 262
1840780 262
1840790 262
1840800 262
1840810 262
1840820 262
1840830 262
1840840 261
1840850 261
1840860 261
1840870 261
1840880 261
1840890 261
1840900 261
1840910 261
1840920 261
1840930 261
1840940 261
1840950 261
1840960 261
1840970 261
1840980 261
1840990 261
1841000 261
1841010 261
1841020 261
1841030 260
1841040 260
1841050 260
1841060 260
1841070 260
1841080 260
1841090 260
1841100 259
1841110 259
1841120 259
1841130 259
1841140 259
1841150 259
1841160 259
1841170 259
1841180 259
1841190 258
1841200 258
1841210 258
1841220 258
1841230 258
1841240 258
1841250 257
1841260 257
1841270 257
1841280 257
1841290 257
1841300 256
1841310 256
1841320 256
1841330 255
1841340 254
1841350 254
1841360 254
1841370 253
1841380 253
1841390 252
1841400 251
1841410 251
1841420 251
1841430 250
1841440 250
1841450 250
1841460 249
1841470 249
1841480 249
1841490 248
1841500 248
1841510 248
1841520 248
1841530 248
1841540 248
1841550 248
1841560 248
1841570 248
1841580 248
1841590 248
1841600 247
1841610 247
1841620 247
1841630 246
1841640 246
1841650 246
1841660 246
1841670 245
1841680 245
1841690 245
1841700 244
1841710 244
1841720 244
1841730 243
1841740 243
1841750 243
1841760 242
1841770 242
1841780 241
1841790 241
1841800 241
1841810 241
1841820 240
1841830 240
1841840 240
1841850 239
1841860 239
1841870 239
1841880 239
1841890 239
1841900 239
1841910 238
1841920 238
1841930 238
1841940 238
1841950 238
1841960 238
1841970 238
1841980 238
1841990 237
1842000 237
1842010 237
1842020 237
1842030 237
1842040 237
1842050 236
1842060 236
1842070 236
1842080 236
1842090 236
1842100 236
1842110 234
1842120 234
1842130 233
1842140 234
1842150 234
1842160 237
1842170 236
1842180 236
1842190 235
1842200 235
1842210 235
1842220 235
1842230 235
1842240 235
1842250 235
1842260 235
1842270 235
1842280 235
1842290 235
1842300 236
1842310 236
1842320 237
1842330 237
1842340 237
1842350 238
1842360 238
1842370 238
1842380 238
1842390 238
1842400 238
1842410 238
1842420 238
1842430 238
1842440 238
1842450 238
1842460 238
1842470 238
1842480 238
1842490 238
1842500 237
1842510 237
1842520 238
1842530 237
1842540 237
1842550 238
1842560 238
1842570 238
1842580 238
1842590 237
1842600 237
1842610 238
1842620 236
1842630 236
1842640 236
1842650 236
1842660 237
1842670 237
1842680 237
1842690 237
1842700 238
1842710 238
1842720 238
1842730 239
1842740 239
1842750 239
1842760 239
1842770 239
1842780 239
1842790 239
1842800 239
1842810 239
1842820 240
1842830 240
1842840 240
1842850 240
1842860 240
1842870 240
1842880 240
1842890 240
1842900 240
1842910 240
1842920 240
1842930 240
1842940 240
1842950 240
1842960 240
1842970 240
1842980 240
1842990 240
1843000 239
1843010 239
1843020 239
1843030 239
1843040 239
1843050 239
1843060 238
1843070 238
1843080 238
1843090 238
1843100 237
1843110 237
1843120 237
1843130 236
1843140 236
1843150 236
1843160 235
1843170 235
1843180 234
1843190 234
1843200 234
1843210 233
1843220 233
1843230 233
1843240 232
1843250 232
1843260 232
1843270 231
1843280 231
1843290 231
1843300 231
1843310 231
1843320 231
1843330 231
1843340 230
1843350 230
1843360 230
1843370 230
1843380 230
1843390 229
1843400 229
1843410 228
1843420 228
1843430 228
1843440 227
1843450 227
1843460 227
1843470 227
1843480 227
1843490 227
1843500 227
1843510 227
1843520 227
1843530 227
1843540 227
1843550 227
1843560 226
1843570 226
1843580 226
1843590 226
1843600 226
1843610 226
1843620 225
1843630 225
1843640 225
1843650 225
1843660 225
1843670 225
1843680 225
1843690 225
1843700 225
1843710 225
1843720 225
1843730 225
1843740 225
1843750 226
1843760 226
1843770 226
1843780 226
1843790 226
1843800 226
1843810 226
1843820 226
1843830 226
1843840 226
1843850 226
1843860 225
1843870 225
1843880 225
1843890 225
1843900 225
1843910 225
1843920 225
1843930 225
1843940 225
1843950 225
1843960 224
1843970 224
1843980 224
1843990 224
1844000 224
1844010 224
1844020 223
1844030 223
1844040 223
1844050 223
1844060 223
1844070 223
1844080 222
1844090 222
1844100 222
1844110 221
1844120 221
1844130 221
1844140 221
1844150 221
1844160 220
1844170 220
1844180 220
1844190 220
1844200 219
1844210 219
1844220 219
1844230 219
1844240 219
1844250 218
1844260 218
1844270 218
1844280 217
1844290 217
1844300 217
1844310 217
1844320 216
1844330 216
1844340 216
1844350 215
1844360 215
1844370 214
1844380 214
1844390 214
1844400 213
1844410 213
1844420 213
1844430 212
1844440 211
1844450 211
1844460 211
1844470 210
1844480 209
1844490 209
1844500 208
1844510 208
1844520 207
1844530 206
1844540 206
1844550 206
1844560 205
1844570 205
1844580 204
1844590 203
1844600 203
1844610 202
1844620 201
1844630 201
1844640 201
1844650 201
1844660 200
1844670 199
1844680 199
1844690 198
1844700 198
1844710 198
1844720 197
1844730 196
1844740 196
1844750 195
1844760 194
1844770 194
1844780 193
1844790 192
1844800 192
1844810 192
1844820 191
1844830 191
1844840 190
1844850 191
1844860 191
1844870 191
1844880 191
1844890 191
1844900 191
1844910 191
1844920 191
1844930 191
1844940 191
1844950 191
1844960 191
1844970 190
1844980 190
1844990 190
1845000 189
1845010 189
1845020 189
1845030 189
1845040 189
1845050 188
1845060 188
1845070 188
1845080 187
1845090 187
1845100 187
1845110 187
1845120 187
1845130 187
1845140 187
1845150 187
1845160 187
1845170 187
1845180 187
1845190 187
1845200 190
1845210 193
1845220 193
1845230 197
1845240 199
1845250 199
1845260 199
1845270 197
1845280 197
1845290 196
1845300 194
1845310 194
1845320 193
1845330 191
1845340 191
1845350 190
1845360 189
1845370 189
1845380 188
1845390 188
1845400 188
1845410 187
1845420 188
1845430 188
1845440 188
1845450 190
1845460 190
1845470 193
1845480 196
1845490 196
1845500 199
1845510 202
1845520 202
1845530 204
1845540 205
1845550 205
1845560 205
1845570 205
1845580 205
1845590 205
1845600 205
1845610 205
1845620 206
1845630 206
1845640 206
1845650 207
1845660 207
1845670 207
1845680 208
1845690 209
1845700 209
1845710 209
1845720 209
1845730 209
1845740 209
1845750 209
1845760 209
1845770 208
1845780 207
1845790 207
1845800 206
1845810 204
1845820 204
1845830 202
1845840 200
1845850 200
1845860 197
1845870 195
1845880 195
1845890 193
1845900 192
1845910 192
1845920 190
1845930 189
1845940 189
1845950 189
1845960 189
1845970 191
1845980 194
1845990 194
1846000 197
1846010 198
1846020 198
1846030 199
1846040 200
1846050 200
1846060 202
1846070 203
1846080 203
1846090 204
1846100 203
1846110 203
1846120 203
1846130 204
1846140 204
1846150 203
1846160 201
1846170 201
1846180 199
1846190 197
1846200 197
1846210 197
1846220 197
1846230 197
1846240 195
1846250 193
1846260 193
1846270 191
1846280 189
1846290 189
1846300 190
1846310 191
1846320 191
1846330 192
1846340 194
1846350 194
1846360 197
1846370 200
1846380 200
1846390 203
1846400 206
1846410 206
1846420 209
1846430 211
1846440 211
1846450 213
1846460 215
1846470 215
1846480 218
1846490 219
1846500 219
1846510 219
1846520 219
1846530 219
1846540 221
1846550 223
1846560 223
1846570 225
1846580 227
1846590 227
1846600 230
1846610 232
1846620 232
1846630 233
1846640 233
1846650 233
1846660 233
1846670 234
1846680 234
1846690 235
1846700 235
1846710 235
1846720 235
1846730 235
1846740 235
1846750 235
1846760 235
1846770 235
1846780 235
1846790 236
1846800 236
1846810 236
1846820 236
1846830 236
1846840 237
1846850 237
1846860 237
1846870 238
1846880 238
1846890 238
1846900 239
1846910 239
1846920 239
1846930 240
1846940 240
1846950 240
1846960 241
1846970 241
1846980 241
1846990 242
1847000 242
1847010 242
1847020 242
1847030 242
1847040 242
1847050 241
1847060 241
1847070 241
1847080 241
1847090 241
1847100 241
1847110 241
1847120 241
1847130 241
1847140 241
1847150 241
1847160 241
1847170 240
1847180 240
1847190 240
1847200 240
1847210 240
1847220 240
1847230 240
1847240 240
1847250 240
1847260 239
1847270 239
1847280 239
1847290 239
1847300 239
1847310 239
1847320 238
1847330 238
1847340 238
1847350 238
1847360 237
1847370 237
1847380 237
1847390 237
1847400 236
1847410 236
1847420 236
1847430 235
1847440 235
1847450 235
1847460 234
1847470 233
1847480 233
1847490 233
1847500 232
1847510 232
1847520 231
1847530 231
1847540 231
1847550 230
1847560 229
1847570 229
1847580 229
1847590 228
1847600 228
1847610 227
1847620 226
1847630 226
1847640 225
1847650 224
1847660 224
1847670 223
1847680 221
1847690 221
1847700 219
1847710 217
1847720 217
1847730 215
1847740 213
1847750 213
1847760 210
1847770 209
1847780 209
1847790 209
1847800 209
1847810 209
1847820 207
1847830 204
1847840 204
1847850 202
1847860 201
1847870 201
1847880 201
1847890 202
1847900 202
1847910 202
1847920 202
1847930 202
1847940 203
1847950 204
1847960 204
1847970 204
1847980 204
1847990 204
1848000 204
1848010 202
1848020 202
1848030 200
1848040 198
1848050 198
1848060 196
1848070 197
1848080 197
1848090 197
1848100 197
1848110 197
1848120 198
1848130 198
1848140 198
1848150 198
1848160 197
1848170 197
1848180 195
1848190 194
1848200 194
1848210 192
1848220 191
1848230 191
1848240 190
1848250 190
1848260 190
1848270 189
1848280 189
1848290 189
1848300 189
1848310 189
1848320 189
1848330 189
1848340 188
1848350 188
1848360 188
1848370 188
1848380 188
1848390 187
1848400 187
1848410 187
1848420 187
1848430 188
1848440 188
1848450 187
1848460 187
1848470 187
1848480 187
1848490 186
1848500 186
1848510 186
1848520 186
1848530 186
1848540 186
1848550 186
1848560 186
1848570 186
1848580 186
1848590 187
1848600 187
1848610 187
1848620 187
1848630 186
1848640 186
1848650 186
1848660 186
1848670 186
1848680 185
1848690 185
1848700 185
1848710 184
1848720 184
1848730 184
1848740 184
1848750 183
1848760 183
1848770 183
1848780 183
1848790 184
1848800 184
1848810 184
1848820 184
1848830 184
1848840 184
1848850 184
1848860 184
1848870 183
1848880 183
1848890 183
1848900 183
1848910 183
1848920 183
1848930 184
1848940 184
1848950 183
1848960 183
1848970 183
1848980 183
1848990 184
1849000 184
1849010 184
1849020 185
1849030 185
1849040 186
1849050 187
1849060 187
1849070 187
1849080 187
1849090 187
1849100 188
1849110 188
1849120 188
1849130 189
1849140 189
1849150 189
1849160 188
1849170 188
1849180 188
1849190 187
1849200 187
1849210 187
1849220 186
1849230 186
1849240 186
1849250 185
1849260 184
1849270 184
1849280 184
1849290 183
1849300 183
1849310 183
1849320 182
1849330 182
1849340 182
1849350 182
1849360 182
1849370 181
1849380 181
1849390 181
1849400 180
1849410 180
1849420 180
1849430 179
1849440 179
1849450 179
1849460 179
1849470 178
1849480 178
1849490 178
1849500 175
1849510 175
1849520 174
1849530 174
1849540 174
1849550 172
1849560 171
1849570 171
1849580 171
1849590 170
1849600 170
1849610 170
1849620 170
1849630 170
1849640 170
1849650 170
1849660 170
1849670 170
1849680 169
1849690 169
1849700 169
1849710 169
1849720 169
1849730 169
1849740 169
1849750 169
1849760 168
1849770 168
1849780 168
1849790 168
1849800 168
1849810 168
1849820 167
1849830 167
1849840 167
1849850 167
1849860 167
1849870 167
1849880 167
1849890 167
1849900 167
1849910 167
1849920 167
1849930 167
1849940 168
1849950 168
1849960 168
1849970 167
1849980 167
1849990 167
1850000 167
1850010 167
1850020 167
1850030 167
1850040 167
1850050 167
1850060 167
1850070 167
1850080 167
1850090 167
1850100 167
1850110 167
1850120 167
1850130 167
1850140 167
1850150 167
1850160 167
1850170 167
1850180 167
1850190 167
1850200 166
1850210 167
1850220 167
1850230 167
1850240 167
1850250 167
1850260 167
1850270 168
1850280 168
1850290 169
1850300 170
1850310 170
1850320 170
1850330 171
1850340 171
1850350 171
1850360 171
1850370 171
1850380 171
1850390 172
1850400 172
1850410 173
1850420 174
1850430 174
1850440 174
1850450 175
1850460 175
1850470 176
1850480 177
1850490 177
1850500 178
1850510 178
1850520 178
1850530 180
1850540 181
1850550 181
1850560 183
1850570 186
1850580 186
1850590 187
1850600 187
1850610 187
1850620 187
1850630 189
1850640 189
1850650 192
1850660 194
1850670 194
1850680 196
1850690 198
1850700 198
1850710 200
1850720 202
1850730 202
1850740 204
1850750 206
1850760 206
1850770 208
1850780 209
1850790 209
1850800 210
1850810 211
1850820 211
1850830 211
1850840 212
1850850 212
1850860 211
1850870 210
1850880 210
1850890 209
1850900 208
1850910 208
1850920 207
1850930 207
1850940 207
1850950 206
1850960 205
1850970 205
1850980 203
1850990 201
1851000 201
1851010 199
1851020 197
1851030 197
1851040 195
1851050 194
1851060 194
1851070 192
1851080 191
1851090 191
1851100 189
1851110 189
1851120 188
1851130 187
1851140 187
1851150 185
1851160 184
1851170 184
1851180 183
1851190 182
1851200 182
1851210 181
1851220 180
1851230 180
1851240 180
1851250 179
1851260 179
1851270 179
1851280 179
1851290 179
1851300 179
1851310 179
1851320 179
1851330 178
1851340 178
1851350 178
1851360 177
1851370 177
1851380 177
1851390 176
1851400 175
1851410 175
1851420 175
1851430 174
1851440 174
1851450 174
1851460 174
1851470 174
1851480 174
1851490 174
1851500 174
1851510 174
1851520 175
1851530 175
1851540 175
1851550 175
1851560 175
1851570 176
1851580 176
1851590 176
1851600 177
1851610 177
1851620 177
1851630 178
1851640 181
1851650 181
1851660 182
1851670 183
1851680 183
1851690 184
1851700 184
1851710 184
1851720 184
1851730 184
1851740 184
1851750 183
1851760 182
1851770 182
1851780 182
1851790 181
1851800 181
1851810 180
1851820 179
1851830 179
1851840 179
1851850 178
1851860 178
1851870 175
1851880 171
1851890 171
1851900 170
1851910 170
1851920 170
1851930 170
1851940 170
1851950 170
1851960 170
1851970 171
1851980 171
1851990 172
1852000 171
1852010 171
1852020 171
1852030 171
1852040 171
1852050 171
1852060 171
1852070 171
1852080 171
1852090 171
1852100 171
1852110 171
1852120 171
1852130 171
1852140 171
1852150 171
1852160 171
1852170 171
1852180 171
1852190 171
1852200 171
1852210 171
1852220 171
1852230 171
1852240 172
1852250 172
1852260 172
1852270 173
1852280 173
1852290 176
1852300 180
1852310 180
1852320 183
1852330 188
1852340 185
1852350 189
1852360 193
1852370 193
1852380 196
1852390 196
1852400 198
1852410 201
1852420 201
1852430 204
1852440 207
1852450 207
1852460 210
1852470 214
1852480 214
1852490 217
1852500 220
1852510 220
1852520 221
1852530 222
1852540 222
1852550 223
1852560 225
1852570 225
1852580 226
1852590 226
1852600 226
1852610 229
1852620 230
1852630 230
1852640 232
1852650 233
1852660 233
1852670 234
1852680 236
1852690 236
1852700 237
1852710 238
1852720 238
1852730 239
1852740 240
1852750 240
1852760 241
1852770 242
1852780 242
1852790 242
1852800 243
1852810 243
1852820 243
1852830 244
1852840 244
1852850 244
1852860 244
1852870 244
1852880 245
1852890 245
1852900 245
1852910 246
1852920 246
1852930 246
1852940 246
1852950 246
1852960 246
1852970 246
1852980 247
1852990 247
1853000 247
1853010 247
1853020 247
1853030 247
1853040 247
1853050 247
1853060 247
1853070 247
1853080 247
1853090 247
1853100 247
1853110 247
1853120 247
1853130 247
1853140 247
1853150 247
1853160 246
1853170 246
1853180 246
1853190 247
1853200 247
1853210 247
1853220 247
1853230 247
1853240 247
1853250 247
1853260 247
1853270 247
1853280 247
1853290 247
1853300 247
1853310 247
1853320 247
1853330 247
1853340 248
1853350 248
1853360 248
1853370 248
1853380 248
1853390 248
1853400 248
1853410 248
1853420 248
1853430 248
1853440 248
1853450 249
1853460 249
1853470 249
1853480 249
1853490 249
1853500 249
1853510 249
1853520 249
1853530 249
1853540 249
1853550 249
1853560 249
1853570 249
1853580 249
1853590 249
1853600 249
1853610 250
1853620 250
1853630 250
1853640 250
1853650 250
1853660 250
1853670 250
1853680 250
1853690 251
1853700 251
1853710 251
1853720 251
1853730 251
1853740 251
1853750 251
1853760 251
1853770 251
1853780 251
1853790 251
1853800 251
1853810 250
1853820 250
1853830 250
1853840 250
1853850 250
1853860 250
1853870 249
1853880 249
1853890 249
1853900 249
1853910 249
1853920 248
1853930 248
1853940 248
1853950 248
1853960 248
1853970 248
1853980 248
1853990 248
1854000 248
1854010 248
1854020 248
1854030 248
1854040 248
1854050 248
1854060 248
1854070 248
1854080 248
1854090 248
1854100 248
1854110 248
1854120 248
1854130 247
1854140 247
1854150 247
1854160 247
1854170 247
1854180 247
1854190 246
1854200 246
1854210 246
1854220 246
1854230 245
1854240 245
1854250 245
1854260 244
1854270 244
1854280 244
1854290 243
1854300 243
1854310 243
1854320 242
1854330 242
1854340 241
1854350 241
1854360 241
1854370 240
1854380 239
1854390 239
1854400 238
1854410 237
1854420 237
1854430 237
1854440 237
1854450 237
1854460 236
1854470 236
1854480 236
1854490 236
1854500 235
1854510 235
1854520 235
1854530 235
1854540 235
1854550 234
1854560 233
1854570 233
1854580 232
1854590 232
1854600 232
1854610 232
1854620 233
1854630 233
1854640 234
1854650 235
1854660 235
1854670 236
1854680 237
1854690 237
1854700 237
1854710 237
1854720 237
1854730 237
1854740 236
1854750 236
1854760 236
1854770 236
1854780 236
1854790 235
1854800 234
1854810 233
1854820 232
1854830 231
1854840 231
1854850 230
1854860 228
1854870 228
1854880 227
1854890 225
1854900 225
1854910 225
1854920 225
1854930 225
1854940 224
1854950 224
1854960 225
1854970 227
1854980 227
1854990 229
1855000 231
1855010 231
1855020 232
1855030 233
1855040 233
1855050 234
1855060 235
1855070 235
1855080 235
1855090 236
1855100 236
1855110 236
1855120 236
1855130 236
1855140 236
1855150 236
1855160 235
1855170 233
1855180 232
1855190 232
1855200 231
1855210 233
1855220 233
1855230 236
1855240 238
1855250 238
1855260 239
1855270 239
1855280 239
1855290 239
1855300 240
1855310 240
1855320 240
1855330 240
1855340 240
1855350 241
1855360 241
1855370 241
1855380 241
1855390 241
1855400 241
1855410 242
1855420 242
1855430 242
1855440 242
1855450 242
1855460 242
1855470 242
1855480 243
1855490 243
1855500 243
1855510 243
1855520 243
1855530 243
1855540 243
1855550 243
1855560 243
1855570 243
1855580 243
1855590 243
1855600 243
1855610 243
1855620 243
1855630 243
1855640 243
1855650 243
1855660 243
1855670 243
1855680 243
1855690 243
1855700 243
1855710 243
1855720 243
1855730 243
1855740 243
1855750 242
1855760 242
1855770 242
1855780 242
1855790 242
1855800 242
1855810 241
1855820 241
1855830 241
1855840 241
1855850 241
1855860 240
1855870 240
1855880 240
1855890 239
1855900 239
1855910 239
1855920 238
1855930 238
1855940 238
1855950 237
1855960 237
1855970 237
1855980 236
1855990 235
1856000 235
1856010 234
1856020 233
1856030 233
1856040 232
1856050 231
1856060 231
1856070 230
1856080 229
1856090 229
1856100 228
1856110 227
1856120 227
1856130 226
1856140 225
1856150 225
1856160 225
1856170 226
1856180 226
1856190 227
1856200 227
1856210 228
1856220 228
1856230 228
1856240 229
1856250 229
1856260 229
1856270 229
1856280 229
1856290 229
1856300 229
1856310 228
1856320 228
1856330 228
1856340 228
1856350 228
1856360 228
1856370 228
1856380 228
1856390 228
1856400 228
1856410 228
1856420 228
1856430 228
1856440 228
1856450 228
1856460 228
1856470 228
1856480 228
1856490 228
1856500 228
1856510 228
1856520 228
1856530 228
1856540 228
1856550 228
1856560 228
1856570 228
1856580 228
1856590 228
1856600 227
1856610 227
1856620 227
1856630 227
1856640 227
1856650 227
1856660 227
1856670 227
1856680 227
1856690 227
1856700 227
1856710 227
1856720 226
1856730 226
1856740 226
1856750 226
1856760 226
1856770 226
1856780 226
1856790 225
1856800 225
1856810 225
1856820 225
1856830 225
1856840 225
1856850 225
1856860 225
1856870 224
1856880 224
1856890 224
1856900 224
1856910 223
1856920 222
1856930 222
1856940 222
1856950 222
1856960 221
1856970 221
1856980 221
1856990 221
1857000 221
1857010 221
1857020 221
1857030 220
1857040 220
1857050 220
1857060 220
1857070 220
1857080 220
1857090 220
1857100 220
1857110 220
1857120 219
1857130 219
1857140 219
1857150 219
1857160 219
1857170 219
1857180 219
1857190 219
1857200 218
1857210 217
1857220 217
1857230 217
1857240 217
1857250 217
1857260 216
1857270 214
1857280 214
1857290 214
1857300 213
1857310 213
1857320 212
1857330 211
1857340 211
1857350 211
1857360 210
1857370 210
1857380 209
1857390 208
1857400 208
1857410 207
1857420 208
1857430 208
1857440 207
1857450 207
1857460 207
1857470 207
1857480 207
1857490 206
1857500 206
1857510 206
1857520 206
1857530 206
1857540 206
1857550 205
1857560 205
1857570 205
1857580 205
1857590 204
1857600 204
1857610 203
1857620 202
1857630 202
1857640 201
1857650 200
1857660 200
1857670 199
1857680 198
1857690 198
1857700 196
1857710 195
1857720 195
1857730 193
1857740 192
1857750 192
1857760 192
1857770 191
1857780 191
1857790 191
1857800 191
1857810 191
1857820 191
1857830 191
1857840 191
1857850 191
1857860 190
1857870 190
1857880 190
1857890 190
1857900 190
1857910 191
1857920 192
1857930 192
1857940 193
1857950 195
1857960 192
1857970 195
1857980 197
1857990 197
1858000 199
1858010 200
1858020 200
1858030 200
1858040 200
1858050 200
1858060 200
1858070 200
1858080 200
1858090 200
1858100 200
1858110 200
1858120 200
1858130 199
1858140 199
1858150 199
1858160 199
1858170 199
1858180 199
1858190 199
1858200 199
1858210 199
1858220 199
1858230 199
1858240 199
1858250 199
1858260 199
1858270 199
1858280 199
1858290 199
1858300 199
1858310 197
1858320 197
1858330 196
1858340 195
1858350 195
1858360 194
1858370 193
1858380 193
1858390 193
1858400 192
1858410 192
1858420 191
1858430 191
1858440 191
1858450 190
1858460 189
1858470 189
1858480 188
1858490 188
1858500 188
1858510 187
1858520 187
1858530 187
1858540 187
1858550 187
1858560 187
1858570 187
1858580 187
1858590 187
1858600 187
1858610 186
1858620 186
1858630 186
1858640 186
1858650 186
1858660 186
1858670 186
1858680 186
1858690 186
1858700 186
1858710 186
1858720 186
1858730 186
1858740 186
1858750 186
1858760 186
1858770 186
1858780 186
1858790 186
1858800 186
1858810 186
1858820 186
1858830 186
1858840 186
1858850 186
1858860 186
1858870 186
1858880 186
1858890 185
1858900 185
1858910 185
1858920 185
1858930 185
1858940 185
1858950 185
1858960 185
1858970 185
1858980 185
1858990 185
1859000 185
1859010 186
1859020 185
1859030 185
1859040 185
1859050 186
1859060 186
1859070 185
1859080 185
1859090 185
1859100 184
1859110 184
1859120 184
1859130 185
1859140 185
1859150 185
1859160 185
1859170 184
1859180 184
1859190 184
1859200 184
1859210 184
1859220 184
1859230 186
1859240 186
1859250 188
1859260 188
1859270 188
1859280 189
1859290 191
1859300 191
1859310 193
1859320 194
1859330 194
1859340 195
1859350 197
1859360 196
1859370 198
1859380 200
1859390 200
1859400 201
1859410 201
1859420 201
1859430 201
1859440 202
1859450 202
1859460 204
1859470 207
1859480 207
1859490 208
1859500 208
1859510 208
1859520 209
1859530 210
1859540 210
1859550 211
1859560 213
1859570 213
1859580 216
1859590 218
1859600 218
1859610 220
1859620 223
1859630 223
1859640 226
1859650 228
1859660 228
1859670 229
1859680 228
1859690 228
1859700 226
1859710 226
1859720 226
1859730 225
1859740 225
1859750 225
1859760 224
1859770 224
1859780 224
1859790 224
1859800 224
1859810 224
1859820 224
1859830 223
1859840 223
1859850 223
1859860 223
1859870 223
1859880 223
1859890 223
1859900 223
1859910 223
1859920 223
1859930 223
1859940 222
1859950 222
1859960 222
1859970 223
1859980 225
1859990 225
