1840000 256
1840010 256
1840020 256
1840030 256
1840040 256
1840050 257
1840060 257
1840070 257
1840080 257
1840090 257
1840100 257
1840110 257
1840120 257
1840130 257
1840140 257
1840150 257
1840160 257
1840170 257
1840180 257
1840190 256
1840200 256
1840210 256
1840220 256
1840230 256
1840240 256
1840250 256
1840260 256
1840270 256
1840280 256
1840290 256
1840300 256
1840310 255
1840320 255
1840330 255
1840340 255
1840350 255
1840360 255
1840370 255
1840380 254
1840390 254
1840400 254
1840410 254
1840420 254
1840430 254
1840440 254
1840450 254
1840460 254
1840470 253
1840480 253
1840490 253
1840500 253
1840510 253
1840520 253
1840530 253
1840540 253
1840550 252
1840560 252
1840570 252
1840580 252
1840590 252
1840600 252
1840610 252
1840620 251
1840630 251
1840640 251
1840650 251
1840660 251
1840670 251
1840680 251
1840690 251
1840700 250
1840710 250
1840720 250
1840730 250
1840740 250
1840750 250
1840760 250
1840770 249
1840780 249
1840790 249
1840800 249
1840810 249
1840820 248
1840830 248
1840840 248
1840850 248
1840860 247
1840870 247
1840880 247
1840890 246
1840900 246
1840910 246
1840920 245
1840930 245
1840940 245
1840950 245
1840960 245
1840970 244
1840980 244
1840990 244
1841000 243
1841010 243
1841020 243
1841030 242
1841040 242
1841050 242
1841060 241
1841070 240
1841080 240
1841090 240
1841100 240
1841110 239
1841120 238
1841130 238
1841140 238
1841150 237
1841160 237
1841170 236
1841180 235
1841190 235
1841200 235
1841210 234
1841220 234
1841230 233
1841240 232
1841250 232
1841260 232
1841270 231
1841280 231
1841290 231
1841300 230
1841310 230
1841320 229
1841330 229
1841340 229
1841350 228
1841360 228
1841370 228
1841380 228
1841390 227
1841400 227
1841410 227
1841420 226
1841430 226
1841440 225
1841450 224
1841460 224
1841470 224
1841480 223
1841490 223
1841500 222
1841510 222
1841520 222
1841530 222
1841540 222
1841550 222
1841560 222
1841570 222
1841580 222
1841590 222
1841600 221
1841610 221
1841620 222
1841630 222
1841640 222
1841650 225
1841660 227
1841670 227
1841680 227
1841690 227
1841700 227
1841710 228
1841720 229
1841730 229
1841740 230
1841750 231
1841760 231
1841770 231
1841780 232
1841790 232
1841800 233
1841810 234
1841820 234
1841830 235
1841840 235
1841850 235
1841860 236
1841870 236
1841880 236
1841890 237
1841900 237
1841910 237
1841920 238
1841930 238
1841940 238
1841950 239
1841960 239
1841970 239
1841980 240
1841990 240
1842000 240
1842010 241
1842020 241
1842030 241
1842040 242
1842050 242
1842060 242
1842070 243
1842080 243
1842090 243
1842100 244
1842110 244
1842120 244
1842130 245
1842140 245
1842150 245
1842160 245
1842170 245
1842180 245
1842190 246
1842200 246
1842210 246
1842220 246
1842230 246
1842240 246
1842250 246
1842260 247
1842270 247
1842280 247
1842290 247
1842300 247
1842310 247
1842320 247
1842330 247
1842340 248
1842350 248
1842360 248
1842370 248
1842380 247
1842390 247
1842400 247
1842410 247
1842420 247
1842430 247
1842440 247
1842450 247
1842460 247
1842470 247
1842480 247
1842490 247
1842500 247
1842510 247
1842520 247
1842530 247
1842540 247
1842550 247
1842560 247
1842570 247
1842580 246
1842590 246
1842600 246
1842610 246
1842620 246
1842630 246
1842640 246
1842650 246
1842660 246
1842670 246
1842680 246
1842690 244
1842700 241
1842710 241
1842720 241
1842730 241
1842740 241
1842750 241
1842760 243
1842770 243
1842780 245
1842790 244
1842800 244
1842810 244
1842820 244
1842830 244
1842840 244
1842850 244
1842860 244
1842870 244
1842880 243
1842890 243
1842900 243
1842910 243
1842920 243
1842930 243
1842940 243
1842950 243
1842960 243
1842970 243
1842980 243
1842990 243
1843000 243
1843010 243
1843020 243
1843030 242
1843040 242
1843050 242
1843060 242
1843070 242
1843080 242
1843090 242
1843100 242
1843110 241
1843120 241
1843130 241
1843140 240
1843150 240
1843160 240
1843170 240
1843180 239
1843190 239
1843200 239
1843210 239
1843220 239
1843230 238
1843240 238
1843250 238
1843260 236
1843270 234
1843280 234
1843290 233
1843300 232
1843310 232
1843320 231
1843330 231
1843340 231
1843350 231
1843360 230
1843370 230
1843380 230
1843390 231
1843400 231
1843410 231
1843420 231
1843430 231
1843440 231
1843450 231
1843460 231
1843470 229
1843480 228
1843490 228
1843500 228
1843510 228
1843520 228
1843530 228
1843540 228
1843550 228
1843560 228
1843570 228
1843580 228
1843590 228
1843600 228
1843610 228
1843620 228
1843630 228
1843640 228
1843650 228
1843660 228
1843670 227
1843680 227
1843690 227
1843700 227
1843710 227
1843720 227
1843730 227
1843740 227
1843750 227
1843760 227
1843770 227
1843780 227
1843790 227
1843800 227
1843810 227
1843820 227
1843830 227
1843840 227
1843850 227
1843860 227
1843870 227
1843880 226
1843890 226
1843900 226
1843910 225
1843920 225
1843930 225
1843940 224
1843950 224
1843960 224
1843970 223
1843980 223
1843990 223
1844000 223
1844010 222
1844020 222
1844030 222
1844040 222
1844050 222
1844060 221
1844070 221
1844080 221
1844090 221
1844100 220
1844110 220
1844120 220
1844130 220
1844140 220
1844150 219
1844160 218
1844170 218
1844180 218
1844190 217
1844200 217
1844210 216
1844220 216
1844230 216
1844240 215
1844250 215
1844260 215
1844270 215
1844280 214
1844290 214
1844300 214
1844310 213
1844320 213
1844330 213
1844340 213
1844350 213
1844360 212
1844370 212
1844380 212
1844390 211
1844400 211
1844410 211
1844420 211
1844430 211
1844440 211
1844450 211
1844460 211
1844470 211
1844480 211
1844490 212
1844500 212
1844510 211
1844520 211
1844530 211
1844540 211
1844550 212
1844560 212
1844570 212
1844580 211
1844590 211
1844600 211
1844610 211
1844620 211
1844630 211
1844640 211
1844650 211
1844660 211
1844670 211
1844680 211
1844690 211
1844700 211
1844710 211
1844720 211
1844730 211
1844740 211
1844750 211
1844760 211
1844770 211
1844780 211
1844790 211
1844800 211
1844810 211
1844820 211
1844830 211
1844840 211
1844850 211
1844860 211
1844870 211
1844880 211
1844890 211
1844900 211
1844910 212
1844920 212
1844930 212
1844940 212
1844950 212
1844960 211
1844970 211
1844980 211
1844990 211
1845000 211
1845010 211
1845020 211
1845030 211
1845040 210
1845050 210
1845060 210
1845070 210
1845080 210
1845090 210
1845100 210
1845110 209
1845120 209
1845130 209
1845140 209
1845150 209
1845160 209
1845170 208
1845180 208
1845190 208
1845200 208
1845210 208
1845220 207
1845230 207
1845240 207
1845250 207
1845260 206
1845270 206
1845280 205
1845290 205
1845300 205
1845310 204
1845320 204
1845330 204
1845340 203
1845350 203
1845360 203
1845370 202
1845380 202
1845390 202
1845400 201
1845410 201
1845420 201
1845430 200
1845440 200
1845450 200
1845460 199
1845470 198
1845480 198
1845490 198
1845500 197
1845510 197
1845520 196
1845530 195
1845540 195
1845550 194
1845560 192
1845570 192
1845580 192
1845590 191
1845600 191
1845610 190
1845620 189
1845630 189
1845640 188
1845650 187
1845660 187
1845670 186
1845680 186
1845690 186
1845700 186
1845710 185
1845720 185
1845730 185
1845740 185
1845750 185
1845760 185
1845770 185
1845780 185
1845790 185
1845800 185
1845810 185
1845820 185
1845830 186
1845840 186
1845850 186
1845860 186
1845870 186
1845880 187
1845890 188
1845900 188
1845910 188
1845920 189
1845930 189
1845940 191
1845950 192
1845960 192
1845970 192
1845980 193
1845990 193
1846000 194
1846010 195
1846020 195
1846030 196
1846040 196
1846050 196
1846060 197
1846070 197
1846080 197
1846090 197
1846100 197
1846110 197
1846120 198
1846130 198
1846140 198
1846150 198
1846160 198
1846170 198
1846180 199
1846190 199
1846200 199
1846210 199
1846220 199
1846230 199
1846240 198
1846250 198
1846260 197
1846270 194
1846280 194
1846290 193
1846300 191
1846310 191
1846320 190
1846330 189
1846340 189
1846350 189
1846360 191
1846370 191
1846380 191
1846390 192
1846400 192
1846410 193
1846420 194
1846430 194
1846440 195
1846450 195
1846460 195
1846470 196
1846480 196
1846490 196
1846500 196
1846510 196
1846520 196
1846530 197
1846540 197
1846550 197
1846560 197
1846570 197
1846580 197
1846590 197
1846600 197
1846610 197
1846620 197
1846630 197
1846640 197
1846650 197
1846660 197
1846670 197
1846680 197
1846690 196
1846700 196
1846710 196
1846720 194
1846730 194
1846740 196
1846750 192
1846760 192
1846770 193
1846780 196
1846790 196
1846800 196
1846810 195
1846820 195
1846830 195
1846840 195
1846850 195
1846860 194
1846870 194
1846880 194
1846890 194
1846900 194
1846910 194
1846920 193
1846930 193
1846940 193
1846950 193
1846960 192
1846970 192
1846980 192
1846990 191
1847000 191
1847010 191
1847020 191
1847030 191
1847040 190
1847050 190
1847060 190
1847070 189
1847080 188
1847090 188
1847100 187
1847110 187
1847120 187
1847130 186
1847140 185
1847150 185
1847160 184
1847170 183
1847180 183
1847190 182
1847200 181
1847210 181
1847220 180
1847230 180
1847240 180
1847250 179
1847260 179
1847270 179
1847280 179
1847290 179
1847300 179
1847310 179
1847320 179
1847330 179
1847340 179
1847350 179
1847360 179
1847370 179
1847380 179
1847390 179
1847400 179
1847410 179
1847420 179
1847430 179
1847440 179
1847450 178
1847460 178
1847470 178
1847480 178
1847490 178
1847500 178
1847510 178
1847520 178
1847530 178
1847540 178
1847550 178
1847560 178
1847570 177
1847580 177
1847590 177
1847600 177
1847610 177
1847620 177
1847630 177
1847640 177
1847650 177
1847660 179
1847670 183
1847680 183
1847690 187
1847700 187
1847710 187
1847720 187
1847730 187
1847740 187
1847750 187
1847760 188
1847770 188
1847780 188
1847790 187
1847800 187
1847810 187
1847820 187
1847830 187
1847840 187
1847850 187
1847860 187
1847870 187
1847880 186
1847890 186
1847900 186
1847910 186
1847920 186
1847930 186
1847940 185
1847950 185
1847960 185
1847970 185
1847980 185
1847990 184
1848000 184
1848010 184
1848020 183
1848030 182
1848040 182
1848050 181
1848060 181
1848070 181
1848080 180
1848090 179
1848100 179
1848110 179
1848120 178
1848130 178
1848140 178
1848150 177
1848160 177
1848170 177
1848180 177
1848190 177
1848200 178
1848210 178
1848220 178
1848230 177
1848240 177
1848250 177
1848260 177
1848270 177
1848280 177
1848290 177
1848300 177
1848310 177
1848320 178
1848330 178
1848340 178
1848350 179
1848360 179
1848370 179
1848380 179
1848390 179
1848400 179
1848410 180
1848420 179
1848430 179
1848440 179
1848450 179
1848460 179
1848470 179
1848480 178
1848490 178
1848500 178
1848510 177
1848520 177
1848530 177
1848540 176
1848550 176
1848560 176
1848570 176
1848580 176
1848590 176
1848600 176
1848610 175
1848620 175
1848630 175
1848640 174
1848650 174
1848660 174
1848670 174
1848680 174
1848690 174
1848700 173
1848710 173
1848720 173
1848730 173
1848740 173
1848750 173
1848760 172
1848770 172
1848780 172
1848790 173
1848800 173
1848810 173
1848820 172
1848830 172
1848840 172
1848850 172
1848860 172
1848870 172
1848880 172
1848890 172
1848900 172
1848910 172
1848920 172
1848930 172
1848940 172
1848950 171
1848960 171
1848970 171
1848980 171
1848990 171
1849000 171
1849010 170
1849020 170
1849030 171
1849040 171
1849050 171
1849060 171
1849070 171
1849080 171
1849090 171
1849100 171
1849110 171
1849120 171
1849130 171
1849140 171
1849150 171
1849160 171
1849170 171
1849180 172
1849190 173
1849200 173
1849210 174
1849220 177
1849230 177
1849240 179
1849250 182
1849260 182
1849270 186
1849280 189
1849290 189
1849300 191
1849310 194
1849320 194
1849330 195
1849340 198
1849350 198
1849360 200
1849370 202
1849380 202
1849390 204
1849400 206
1849410 206
1849420 207
1849430 208
1849440 208
1849450 208
1849460 209
1849470 209
1849480 210
1849490 210
1849500 210
1849510 209
1849520 209
1849530 209
1849540 208
1849550 208
1849560 208
1849570 208
1849580 211
1849590 211
1849600 212
1849610 213
1849620 213
1849630 216
1849640 220
1849650 220
1849660 222
1849670 221
1849680 221
1849690 220
1849700 219
1849710 219
1849720 217
1849730 215
1849740 215
1849750 214
1849760 213
1849770 213
1849780 213
1849790 213
1849800 213
1849810 213
1849820 213
1849830 213
1849840 216
1849850 216
1849860 219
1849870 221
1849880 221
1849890 221
1849900 222
1849910 222
1849920 222
1849930 223
1849940 225
1849950 228
1849960 230
1849970 230
1849980 231
1849990 231
1850000 231
1850010 232
1850020 232
1850030 232
1850040 232
1850050 233
1850060 233
1850070 234
1850080 234
1850090 234
1850100 234
1850110 234
1850120 234
1850130 234
1850140 234
1850150 234
1850160 234
1850170 234
1850180 234
1850190 234
1850200 234
1850210 234
1850220 234
1850230 234
1850240 234
1850250 234
1850260 234
1850270 234
1850280 233
1850290 233
1850300 233
1850310 233
1850320 233
1850330 233
1850340 233
1850350 232
1850360 232
1850370 232
1850380 232
1850390 232
1850400 232
1850410 232
1850420 232
1850430 232
1850440 231
1850450 231
1850460 230
1850470 230
1850480 230
1850490 229
1850500 228
1850510 228
1850520 227
1850530 226
1850540 226
1850550 225
1850560 224
1850570 224
1850580 222
1850590 222
1850600 222
1850610 221
1850620 219
1850630 219
1850640 217
1850650 215
1850660 215
1850670 214
1850680 214
1850690 214
1850700 213
1850710 213
1850720 213
1850730 213
1850740 213
1850750 213
1850760 213
1850770 213
1850780 213
1850790 212
1850800 211
1850810 211
1850820 211
1850830 212
1850840 212
1850850 213
1850860 214
1850870 214
1850880 215
1850890 216
1850900 216
1850910 216
1850920 217
1850930 217
1850940 218
1850950 218
1850960 218
1850970 219
1850980 219
1850990 219
1851000 220
1851010 220
1851020 220
1851030 220
1851040 219
1851050 219
1851060 218
1851070 218
1851080 216
1851090 215
1851100 215
1851110 214
1851120 214
1851130 214
1851140 214
1851150 215
1851160 215
1851170 216
1851180 218
1851190 218
1851200 219
1851210 220
1851220 220
1851230 220
1851240 221
1851250 221
1851260 221
1851270 222
1851280 222
1851290 221
1851300 221
1851310 221
1851320 220
1851330 220
1851340 220
1851350 220
1851360 220
1851370 220
1851380 219
1851390 219
1851400 219
1851410 218
1851420 218
1851430 218
1851440 217
1851450 216
1851460 216
1851470 216
1851480 215
1851490 215
1851500 214
1851510 213
1851520 213
1851530 211
1851540 210
1851550 210
1851560 209
1851570 208
1851580 208
1851590 207
1851600 206
1851610 206
1851620 205
1851630 204
1851640 204
1851650 203
1851660 202
1851670 202
1851680 201
1851690 200
1851700 200
1851710 199
1851720 198
1851730 198
1851740 198
1851750 197
1851760 197
1851770 197
1851780 196
1851790 196
1851800 195
1851810 194
1851820 194
1851830 194
1851840 193
1851850 193
1851860 193
1851870 192
1851880 192
1851890 192
1851900 191
1851910 191
1851920 191
1851930 190
1851940 190
1851950 190
1851960 190
1851970 190
1851980 189
1851990 189
1852000 189
1852010 188
1852020 188
1852030 188
1852040 187
1852050 187
1852060 187
1852070 187
1852080 186
1852090 186
1852100 186
1852110 185
1852120 185
1852130 185
1852140 184
1852150 184
1852160 183
1852170 183
1852180 183
1852190 182
1852200 182
1852210 182
1852220 182
1852230 183
1852240 183
1852250 183
1852260 183
1852270 183
1852280 183
1852290 183
1852300 183
1852310 182
1852320 182
1852330 182
1852340 182
1852350 182
1852360 182
1852370 182
1852380 182
1852390 183
1852400 184
1852410 184
1852420 185
1852430 186
1852440 186
1852450 187
1852460 189
1852470 189
1852480 190
1852490 192
1852500 192
1852510 195
1852520 197
1852530 197
1852540 199
1852550 203
1852560 203
1852570 206
1852580 208
1852590 208
1852600 211
1852610 213
1852620 213
1852630 216
1852640 219
1852650 219
1852660 221
1852670 223
1852680 223
1852690 224
1852700 226
1852710 226
1852720 227
1852730 228
1852740 228
1852750 229
1852760 229
1852770 229
1852780 230
1852790 230
1852800 230
1852810 231
1852820 231
1852830 231
1852840 231
1852850 231
1852860 231
1852870 232
1852880 232
1852890 232
1852900 232
1852910 232
1852920 232
1852930 233
1852940 233
1852950 233
1852960 233
1852970 233
1852980 233
1852990 232
1853000 232
1853010 232
1853020 231
1853030 231
1853040 231
1853050 230
1853060 229
1853070 229
1853080 228
1853090 227
1853100 227
1853110 226
1853120 225
1853130 223
1853140 221
1853150 221
1853160 221
1853170 220
1853180 219
1853190 219
1853200 218
1853210 219
1853220 219
1853230 219
1853240 221
1853250 221
1853260 223
1853270 225
1853280 225
1853290 226
1853300 228
1853310 228
1853320 229
1853330 230
1853340 230
1853350 231
1853360 232
1853370 232
1853380 233
1853390 233
1853400 233
1853410 234
1853420 235
1853430 235
1853440 235
1853450 236
1853460 236
1853470 236
1853480 237
1853490 237
1853500 238
1853510 238
1853520 238
1853530 239
1853540 239
1853550 239
1853560 240
1853570 240
1853580 240
1853590 241
1853600 241
1853610 241
1853620 242
1853630 242
1853640 242
1853650 243
1853660 243
1853670 244
1853680 244
1853690 244
1853700 244
1853710 244
1853720 244
1853730 245
1853740 245
1853750 245
1853760 245
1853770 245
1853780 245
1853790 245
1853800 245
1853810 245
1853820 246
1853830 246
1853840 246
1853850 246
1853860 246
1853870 246
1853880 246
1853890 245
1853900 245
1853910 245
1853920 245
1853930 245
1853940 245
1853950 245
1853960 245
1853970 244
1853980 244
1853990 244
1854000 244
1854010 243
1854020 243
1854030 243
1854040 242
1854050 242
1854060 242
1854070 241
1854080 241
1854090 241
1854100 241
1854110 241
1854120 240
1854130 240
1854140 240
1854150 240
1854160 239
1854170 239
1854180 239
1854190 239
1854200 239
1854210 238
1854220 238
1854230 238
1854240 238
1854250 237
1854260 237
1854270 237
1854280 237
1854290 237
1854300 237
1854310 236
1854320 236
1854330 236
1854340 236
1854350 236
1854360 236
1854370 236
1854380 236
1854390 235
1854400 235
1854410 235
1854420 235
1854430 235
1854440 235
1854450 235
1854460 235
1854470 235
1854480 235
1854490 235
1854500 235
1854510 235
1854520 235
1854530 235
1854540 235
1854550 235
1854560 235
1854570 235
1854580 235
1854590 235
1854600 235
1854610 235
1854620 235
1854630 235
1854640 235
1854650 235
1854660 234
1854670 234
1854680 234
1854690 234
1854700 234
1854710 234
1854720 234
1854730 234
1854740 234
1854750 234
1854760 234
1854770 234
1854780 234
1854790 234
1854800 234
1854810 234
1854820 234
1854830 234
1854840 234
1854850 234
1854860 234
1854870 234
1854880 234
1854890 234
1854900 234
1854910 234
1854920 234
1854930 234
1854940 234
1854950 234
1854960 234
1854970 234
1854980 233
1854990 233
1855000 233
1855010 233
1855020 233
1855030 233
1855040 233
1855050 233
1855060 233
1855070 233
1855080 232
1855090 232
1855100 232
1855110 232
1855120 232
1855130 232
1855140 231
1855150 231
1855160 231
1855170 231
1855180 231
1855190 230
1855200 229
1855210 229
1855220 228
1855230 227
1855240 227
1855250 226
1855260 225
1855270 225
1855280 224
1855290 223
1855300 223
1855310 221
1855320 220
1855330 220
1855340 219
1855350 217
1855360 217
1855370 216
1855380 216
1855390 216
1855400 216
1855410 216
1855420 216
1855430 216
1855440 216
1855450 216
1855460 219
1855470 220
1855480 220
1855490 222
1855500 223
1855510 223
1855520 224
1855530 225
1855540 225
1855550 227
1855560 227
1855570 227
1855580 228
1855590 230
1855600 230
1855610 230
1855620 230
1855630 230
1855640 230
1855650 231
1855660 231
1855670 231
1855680 231
1855690 231
1855700 232
1855710 232
1855720 232
1855730 232
1855740 233
1855750 233
1855760 233
1855770 233
1855780 233
1855790 233
1855800 233
1855810 233
1855820 233
1855830 233
1855840 233
1855850 233
1855860 232
1855870 232
1855880 232
1855890 232
1855900 232
1855910 231
1855920 231
1855930 231
1855940 231
1855950 231
1855960 231
1855970 231
1855980 231
1855990 231
1856000 231
1856010 231
1856020 231
1856030 231
1856040 231
1856050 231
1856060 231
1856070 231
1856080 230
1856090 230
1856100 230
1856110 230
1856120 230
1856130 230
1856140 230
1856150 230
1856160 230
1856170 230
1856180 230
1856190 230
1856200 230
1856210 230
1856220 230
1856230 229
1856240 229
1856250 229
1856260 228
1856270 228
1856280 228
1856290 228
1856300 229
1856310 229
1856320 230
1856330 230
1856340 230
1856350 231
1856360 231
1856370 231
1856380 231
1856390 232
1856400 232
1856410 232
1856420 232
1856430 232
1856440 232
1856450 232
1856460 232
1856470 232
1856480 233
1856490 233
1856500 233
1856510 233
1856520 233
1856530 233
1856540 233
1856550 233
1856560 233
1856570 233
1856580 233
1856590 233
1856600 233
1856610 233
1856620 234
1856630 234
1856640 234
1856650 234
1856660 234
1856670 234
1856680 234
1856690 234
1856700 234
1856710 234
1856720 234
1856730 234
1856740 234
1856750 234
1856760 234
1856770 234
1856780 234
1856790 234
1856800 235
1856810 235
1856820 235
1856830 235
1856840 235
1856850 235
1856860 235
1856870 235
1856880 235
1856890 235
1856900 235
1856910 235
1856920 235
1856930 235
1856940 235
1856950 235
1856960 235
1856970 235
1856980 235
1856990 235
1857000 235
1857010 235
1857020 235
1857030 235
1857040 235
1857050 235
1857060 235
1857070 235
1857080 234
1857090 234
1857100 234
1857110 234
1857120 234
1857130 234
1857140 234
1857150 234
1857160 234
1857170 235
1857180 235
1857190 235
1857200 234
1857210 234
1857220 234
1857230 234
1857240 234
1857250 234
1857260 234
1857270 234
1857280 233
1857290 233
1857300 233
1857310 233
1857320 233
1857330 233
1857340 232
1857350 232
1857360 232
1857370 232
1857380 232
1857390 231
1857400 231
1857410 231
1857420 231
1857430 231
1857440 231
1857450 231
1857460 231
1857470 231
1857480 230
1857490 230
1857500 230
1857510 230
1857520 230
1857530 230
1857540 230
1857550 230
1857560 230
1857570 230
1857580 230
1857590 230
1857600 230
1857610 230
1857620 230
1857630 229
1857640 229
1857650 229
1857660 229
1857670 229
1857680 229
1857690 229
1857700 229
1857710 229
1857720 228
1857730 228
1857740 228
1857750 228
1857760 228
1857770 228
1857780 228
1857790 227
1857800 227
1857810 227
1857820 227
1857830 227
1857840 227
1857850 227
1857860 227
1857870 227
1857880 227
1857890 227
1857900 227
1857910 227
1857920 227
1857930 227
1857940 227
1857950 227
1857960 227
1857970 227
1857980 227
1857990 227
1858000 227
1858010 227
1858020 227
1858030 227
1858040 228
1858050 228
1858060 228
1858070 228
1858080 227
1858090 227
1858100 227
1858110 227
1858120 227
1858130 227
1858140 227
1858150 227
1858160 227
1858170 227
1858180 227
1858190 227
1858200 227
1858210 227
1858220 227
1858230 226
1858240 226
1858250 226
1858260 226
1858270 226
1858280 226
1858290 225
1858300 225
1858310 225
1858320 225
1858330 224
1858340 224
1858350 224
1858360 223
1858370 223
1858380 222
1858390 220
1858400 220
1858410 219
1858420 217
1858430 217
1858440 214
1858450 212
1858460 212
1858470 211
1858480 211
1858490 211
1858500 211
1858510 211
1858520 211
1858530 211
1858540 211
1858550 212
1858560 214
1858570 214
1858580 214
1858590 214
1858600 214
1858610 214
1858620 214
1858630 214
1858640 214
1858650 213
1858660 213
1858670 213
1858680 213
1858690 213
1858700 213
1858710 212
1858720 212
1858730 212
1858740 211
1858750 211
1858760 211
1858770 211
1858780 211
1858790 210
1858800 210
1858810 210
1858820 210
1858830 210
1858840 210
1858850 209
1858860 209
1858870 209
1858880 208
1858890 208
1858900 208
1858910 208
1858920 208
1858930 208
1858940 207
1858950 207
1858960 207
1858970 206
1858980 206
1858990 206
1859000 205
1859010 205
1859020 205
1859030 204
1859040 204
1859050 204
1859060 204
1859070 204
1859080 202
1859090 201
1859100 201
1859110 201
1859120 200
1859130 200
1859140 200
1859150 200
1859160 200
1859170 200
1859180 199
1859190 199
1859200 199
1859210 198
1859220 198
1859230 198
1859240 198
1859250 198
1859260 198
1859270 197
1859280 197
1859290 197
1859300 196
1859310 195
1859320 195
1859330 194
1859340 193
1859350 193
1859360 192
1859370 191
1859380 191
1859390 191
1859400 190
1859410 190
1859420 189
1859430 187
1859440 187
1859450 187
1859460 186
1859470 186
1859480 185
1859490 185
1859500 185
1859510 184
1859520 183
1859530 183
1859540 182
1859550 182
1859560 182
1859570 181
1859580 181
1859590 181
1859600 181
1859610 181
1859620 181
1859630 181
1859640 181
1859650 181
1859660 181
1859670 181
1859680 181
1859690 181
1859700 181
1859710 181
1859720 182
1859730 182
1859740 182
1859750 181
1859760 181
1859770 181
1859780 181
1859790 181
1859800 181
1859810 181
1859820 181
1859830 181
1859840 182
1859850 182
1859860 182
1859870 182
1859880 182
1859890 182
1859900 181
1859910 181
1859920 181
1859930 181
1859940 181
1859950 181
1859960 181
1859970 181
1859980 181
1859990 181
