1840000 203
1840010 203
1840020 203
1840030 204
1840040 204
1840050 206
1840060 209
1840070 209
1840080 212
1840090 215
1840100 215
1840110 219
1840120 222
1840130 222
1840140 225
1840150 227
1840160 227
1840170 229
1840180 233
1840190 233
1840200 232
1840210 232
1840220 232
1840230 233
1840240 234
1840250 234
1840260 234
1840270 234
1840280 234
1840290 234
1840300 234
1840310 234
1840320 234
1840330 234
1840340 234
1840350 236
1840360 236
1840370 236
1840380 237
1840390 237
1840400 237
1840410 237
1840420 238
1840430 238
1840440 238
1840450 238
1840460 238
1840470 239
1840480 239
1840490 240
1840500 240
1840510 240
1840520 241
1840530 242
1840540 242
1840550 242
1840560 242
1840570 242
1840580 243
1840590 243
1840600 243
1840610 244
1840620 244
1840630 244
1840640 245
1840650 245
1840660 245
1840670 246
1840680 246
1840690 246
1840700 246
1840710 246
1840720 246
1840730 246
1840740 247
1840750 247
1840760 247
1840770 247
1840780 247
1840790 247
1840800 247
1840810 247
1840820 247
1840830 247
1840840 247
1840850 247
1840860 247
1840870 247
1840880 247
1840890 247
1840900 247
1840910 247
1840920 246
1840930 246
1840940 246
1840950 246
1840960 246
1840970 246
1840980 246
1840990 246
1841000 246
1841010 246
1841020 246
1841030 246
1841040 246
1841050 246
1841060 247
1841070 247
1841080 247
1841090 247
1841100 247
1841110 247
1841120 248
1841130 248
1841140 248
1841150 248
1841160 249
1841170 249
1841180 249
1841190 250
1841200 250
1841210 250
1841220 250
1841230 250
1841240 251
1841250 251
1841260 251
1841270 251
1841280 252
1841290 252
1841300 252
1841310 253
1841320 253
1841330 253
1841340 253
1841350 253
1841360 254
1841370 254
1841380 254
1841390 254
1841400 254
1841410 254
1841420 255
1841430 255
1841440 255
1841450 255
1841460 255
1841470 255
1841480 256
1841490 256
1841500 256
1841510 256
1841520 256
1841530 256
1841540 256
1841550 256
1841560 256
1841570 257
1841580 257
1841590 257
1841600 257
1841610 257
1841620 257
1841630 258
1841640 258
1841650 258
1841660 258
1841670 258
1841680 258
1841690 259
1841700 259
1841710 259
1841720 259
1841730 259
1841740 259
1841750 259
1841760 259
1841770 259
1841780 259
1841790 259
1841800 259
1841810 259
1841820 259
1841830 259
1841840 259
1841850 259
1841860 259
1841870 259
1841880 259
1841890 259
1841900 259
1841910 259
1841920 259
1841930 259
1841940 259
1841950 258
1841960 258
1841970 258
1841980 258
1841990 258
1842000 258
1842010 258
1842020 258
1842030 258
1842040 258
1842050 258
1842060 258
1842070 258
1842080 258
1842090 258
1842100 258
1842110 258
1842120 258
1842130 258
1842140 258
1842150 258
1842160 259
1842170 259
1842180 259
1842190 259
1842200 259
1842210 259
1842220 259
1842230 259
1842240 259
1842250 259
1842260 259
1842270 259
1842280 260
1842290 260
1842300 260
1842310 260
1842320 260
1842330 260
1842340 260
1842350 260
1842360 260
1842370 260
1842380 260
1842390 260
1842400 260
1842410 261
1842420 261
1842430 261
1842440 261
1842450 261
1842460 261
1842470 261
1842480 261
1842490 261
1842500 261
1842510 261
1842520 261
1842530 261
1842540 261
1842550 261
1842560 261
1842570 261
1842580 261
1842590 261
1842600 261
1842610 262
1842620 262
1842630 262
1842640 262
1842650 262
1842660 262
1842670 262
1842680 262
1842690 262
1842700 262
1842710 262
1842720 262
1842730 262
1842740 261
1842750 261
1842760 261
1842770 261
1842780 261
1842790 261
1842800 260
1842810 260
1842820 259
1842830 259
1842840 255
1842850 254
1842860 254
1842870 254
1842880 255
1842890 255
1842900 258
1842910 258
1842920 258
1842930 258
1842940 257
1842950 257
1842960 256
1842970 256
1842980 256
1842990 255
1843000 254
1843010 254
1843020 253
1843030 252
1843040 252
1843050 251
1843060 250
1843070 250
1843080 249
1843090 248
1843100 248
1843110 247
1843120 246
1843130 246
1843140 245
1843150 245
1843160 245
1843170 244
1843180 243
1843190 243
1843200 242
1843210 242
1843220 242
1843230 242
1843240 242
1843250 242
1843260 242
1843270 244
1843280 244
1843290 246
1843300 248
1843310 248
1843320 251
1843330 252
1843340 252
1843350 252
1843360 253
1843370 253
1843380 254
1843390 254
1843400 254
1843410 254
1843420 254
1843430 254
1843440 254
1843450 255
1843460 255
1843470 255
1843480 255
1843490 255
1843500 255
1843510 255
1843520 255
1843530 254
1843540 254
1843550 254
1843560 254
1843570 254
1843580 254
1843590 254
1843600 254
1843610 254
1843620 255
1843630 255
1843640 255
1843650 255
1843660 255
1843670 255
1843680 255
1843690 255
1843700 255
1843710 255
1843720 254
1843730 254
1843740 254
1843750 254
1843760 254
1843770 253
1843780 253
1843790 253
1843800 252
1843810 251
1843820 251
1843830 251
1843840 250
1843850 250
1843860 250
1843870 249
1843880 249
1843890 249
1843900 248
1843910 248
1843920 248
1843930 247
1843940 247
1843950 247
1843960 246
1843970 246
1843980 245
1843990 245
1844000 245
1844010 244
1844020 244
1844030 243
1844040 243
1844050 243
1844060 243
1844070 243
1844080 243
1844090 242
1844100 242
1844110 242
1844120 242
1844130 242
1844140 242
1844150 242
1844160 241
1844170 241
1844180 241
1844190 241
1844200 241
1844210 240
1844220 240
1844230 240
1844240 240
1844250 239
1844260 239
1844270 239
1844280 239
1844290 239
1844300 239
1844310 239
1844320 239
1844330 239
1844340 239
1844350 239
1844360 239
1844370 239
1844380 239
1844390 239
1844400 238
1844410 238
1844420 238
1844430 238
1844440 238
1844450 238
1844460 238
1844470 238
1844480 240
1844490 242
1844500 242
1844510 242
1844520 242
1844530 242
1844540 239
1844550 237
1844560 237
1844570 237
1844580 237
1844590 237
1844600 237
1844610 237
1844620 237
1844630 237
1844640 237
1844650 237
1844660 238
1844670 238
1844680 238
1844690 238
1844700 238
1844710 238
1844720 238
1844730 238
1844740 238
1844750 238
1844760 238
1844770 238
1844780 238
1844790 239
1844800 239
1844810 239
1844820 239
1844830 239
1844840 239
1844850 239
1844860 239
1844870 240
1844880 240
1844890 240
1844900 240
1844910 240
1844920 240
1844930 240
1844940 240
1844950 240
1844960 240
1844970 240
1844980 240
1844990 241
1845000 240
1845010 240
1845020 240
1845030 240
1845040 241
1845050 241
1845060 241
1845070 241
1845080 241
1845090 241
1845100 241
1845110 241
1845120 241
1845130 241
1845140 241
1845150 241
1845160 241
1845170 240
1845180 240
1845190 240
1845200 240
1845210 240
1845220 239
1845230 239
1845240 239
1845250 238
1845260 237
1845270 237
1845280 237
1845290 236
1845300 236
1845310 236
1845320 236
1845330 236
1845340 236
1845350 236
1845360 236
1845370 236
1845380 236
1845390 236
1845400 237
1845410 238
1845420 238
1845430 238
1845440 238
1845450 238
1845460 238
1845470 238
1845480 238
1845490 237
1845500 237
1845510 237
1845520 237
1845530 237
1845540 237
1845550 237
1845560 237
1845570 237
1845580 236
1845590 236
1845600 236
1845610 236
1845620 236
1845630 236
1845640 236
1845650 235
1845660 235
1845670 235
1845680 235
1845690 235
1845700 235
1845710 235
1845720 235
1845730 235
1845740 234
1845750 234
1845760 234
1845770 234
1845780 234
1845790 234
1845800 234
1845810 234
1845820 233
1845830 233
1845840 233
1845850 233
1845860 232
1845870 232
1845880 232
1845890 232
1845900 232
1845910 231
1845920 231
1845930 231
1845940 231
1845950 230
1845960 230
1845970 230
1845980 229
1845990 229
1846000 229
1846010 228
1846020 228
1846030 227
1846040 227
1846050 227
1846060 226
1846070 226
1846080 226
1846090 225
1846100 224
1846110 224
1846120 224
1846130 223
1846140 223
1846150 222
1846160 222
1846170 222
1846180 221
1846190 221
1846200 221
1846210 220
1846220 220
1846230 220
1846240 219
1846250 218
1846260 218
1846270 218
1846280 218
1846290 218
1846300 217
1846310 217
1846320 217
1846330 217
1846340 217
1846350 217
1846360 217
1846370 217
1846380 217
1846390 217
1846400 217
1846410 217
1846420 217
1846430 217
1846440 217
1846450 217
1846460 217
1846470 217
1846480 217
1846490 217
1846500 217
1846510 217
1846520 217
1846530 217
1846540 217
1846550 217
1846560 216
1846570 216
1846580 216
1846590 216
1846600 216
1846610 216
1846620 215
1846630 215
1846640 215
1846650 215
1846660 215
1846670 215
1846680 214
1846690 214
1846700 214
1846710 214
1846720 213
1846730 213
1846740 213
1846750 213
1846760 213
1846770 212
1846780 212
1846790 212
1846800 211
1846810 211
1846820 211
1846830 211
1846840 210
1846850 210
1846860 210
1846870 209
1846880 209
1846890 209
1846900 208
1846910 208
1846920 208
1846930 207
1846940 207
1846950 206
1846960 206
1846970 206
1846980 205
1846990 204
1847000 204
1847010 203
1847020 202
1847030 202
1847040 202
1847050 201
1847060 201
1847070 200
1847080 200
1847090 200
1847100 199
1847110 199
1847120 199
1847130 199
1847140 198
1847150 198
1847160 198
1847170 198
1847180 198
1847190 198
1847200 198
1847210 198
1847220 198
1847230 198
1847240 198
1847250 198
1847260 198
1847270 198
1847280 198
1847290 199
1847300 199
1847310 199
1847320 199
1847330 199
1847340 199
1847350 199
1847360 199
1847370 198
1847380 198
1847390 198
1847400 198
1847410 197
1847420 197
1847430 198
1847440 198
1847450 198
1847460 198
1847470 199
1847480 199
1847490 199
1847500 199
1847510 199
1847520 199
1847530 199
1847540 199
1847550 200
1847560 200
1847570 201
1847580 202
1847590 202
1847600 203
1847610 203
1847620 203
1847630 203
1847640 203
1847650 203
1847660 203
1847670 204
1847680 204
1847690 204
1847700 204
1847710 204
1847720 203
1847730 203
1847740 203
1847750 203
1847760 203
1847770 203
1847780 203
1847790 202
1847800 202
1847810 202
1847820 202
1847830 202
1847840 201
1847850 200
1847860 200
1847870 199
1847880 199
1847890 199
1847900 198
1847910 197
1847920 197
1847930 196
1847940 195
1847950 195
1847960 195
1847970 194
1847980 194
1847990 193
1848000 192
1848010 192
1848020 192
1848030 191
1848040 191
1848050 191
1848060 191
1848070 191
1848080 190
1848090 190
1848100 190
1848110 189
1848120 189
1848130 189
1848140 188
1848150 188
1848160 188
1848170 187
1848180 187
1848190 187
1848200 186
1848210 185
1848220 185
1848230 184
1848240 182
1848250 182
1848260 181
1848270 181
1848280 181
1848290 181
1848300 181
1848310 181
1848320 180
1848330 180
1848340 180
1848350 180
1848360 181
1848370 181
1848380 181
1848390 181
1848400 181
1848410 180
1848420 179
1848430 179
1848440 179
1848450 179
1848460 179
1848470 179
1848480 178
1848490 178
1848500 178
1848510 178
1848520 178
1848530 178
1848540 177
1848550 177
1848560 177
1848570 177
1848580 177
1848590 177
1848600 177
1848610 177
1848620 176
1848630 176
1848640 176
1848650 176
1848660 176
1848670 176
1848680 176
1848690 176
1848700 176
1848710 176
1848720 176
1848730 175
1848740 176
1848750 176
1848760 175
1848770 175
1848780 175
1848790 175
1848800 175
1848810 175
1848820 175
1848830 175
1848840 175
1848850 175
1848860 175
1848870 175
1848880 175
1848890 175
1848900 175
1848910 175
1848920 174
1848930 174
1848940 175
1848950 176
1848960 176
1848970 176
1848980 176
1848990 175
1849000 175
1849010 175
1849020 175
1849030 175
1849040 175
1849050 175
1849060 176
1849070 175
1849080 175
1849090 175
1849100 175
1849110 175
1849120 175
1849130 175
1849140 175
1849150 175
1849160 175
1849170 175
1849180 175
1849190 176
1849200 176
1849210 177
1849220 178
1849230 178
1849240 180
1849250 181
1849260 181
1849270 182
1849280 184
1849290 184
1849300 185
1849310 187
1849320 187
1849330 189
1849340 192
1849350 192
1849360 194
1849370 197
1849380 197
1849390 201
1849400 206
1849410 206
1849420 209
1849430 210
1849440 210
1849450 210
1849460 211
1849470 211
1849480 212
1849490 213
1849500 213
1849510 214
1849520 214
1849530 214
1849540 215
1849550 216
1849560 216
1849570 216
1849580 217
1849590 217
1849600 217
1849610 217
1849620 217
1849630 218
1849640 218
1849650 218
1849660 219
1849670 219
1849680 219
1849690 219
1849700 219
1849710 219
1849720 220
1849730 220
1849740 220
1849750 220
1849760 221
1849770 221
1849780 221
1849790 221
1849800 221
1849810 221
1849820 222
1849830 222
1849840 222
1849850 223
1849860 223
1849870 223
1849880 223
1849890 223
1849900 223
1849910 223
1849920 224
1849930 224
1849940 224
1849950 225
1849960 225
1849970 225
1849980 225
1849990 225
1850000 225
1850010 226
1850020 226
1850030 226
1850040 226
1850050 227
1850060 227
1850070 227
1850080 228
1850090 228
1850100 228
1850110 228
1850120 228
1850130 229
1850140 229
1850150 229
1850160 229
1850170 229
1850180 229
1850190 229
1850200 229
1850210 229
1850220 229
1850230 229
1850240 229
1850250 229
1850260 229
1850270 229
1850280 229
1850290 229
1850300 229
1850310 229
1850320 229
1850330 229
1850340 228
1850350 228
1850360 228
1850370 228
1850380 228
1850390 228
1850400 228
1850410 228
1850420 228
1850430 227
1850440 227
1850450 227
1850460 227
1850470 227
1850480 227
1850490 226
1850500 226
1850510 226
1850520 226
1850530 226
1850540 226
1850550 226
1850560 226
1850570 226
1850580 226
1850590 225
1850600 225
1850610 225
1850620 225
1850630 225
1850640 225
1850650 225
1850660 225
1850670 224
1850680 224
1850690 224
1850700 224
1850710 224
1850720 224
1850730 224
1850740 223
1850750 223
1850760 223
1850770 223
1850780 223
1850790 223
1850800 222
1850810 222
1850820 222
1850830 221
1850840 221
1850850 221
1850860 220
1850870 220
1850880 219
1850890 219
1850900 219
1850910 218
1850920 217
1850930 217
1850940 217
1850950 216
1850960 216
1850970 216
1850980 215
1850990 215
1851000 215
1851010 214
1851020 214
1851030 213
1851040 213
1851050 213
1851060 212
1851070 212
1851080 211
1851090 210
1851100 210
1851110 209
1851120 208
1851130 208
1851140 207
1851150 207
1851160 207
1851170 206
1851180 206
1851190 206
1851200 206
1851210 206
1851220 206
1851230 206
1851240 206
1851250 206
1851260 207
1851270 207
1851280 207
1851290 208
1851300 208
1851310 208
1851320 209
1851330 209
1851340 209
1851350 209
1851360 209
1851370 209
1851380 209
1851390 210
1851400 210
1851410 209
1851420 209
1851430 209
1851440 209
1851450 209
1851460 209
1851470 208
1851480 208
1851490 208
1851500 208
1851510 208
1851520 208
1851530 207
1851540 207
1851550 207
1851560 207
1851570 206
1851580 206
1851590 206
1851600 206
1851610 206
1851620 206
1851630 206
1851640 206
1851650 206
1851660 206
1851670 206
1851680 207
1851690 208
1851700 208
1851710 206
1851720 207
1851730 207
1851740 207
1851750 207
1851760 207
1851770 207
1851780 207
1851790 207
1851800 207
1851810 206
1851820 206
1851830 204
1851840 202
1851850 202
1851860 201
1851870 200
1851880 200
1851890 200
1851900 199
1851910 199
1851920 199
1851930 199
1851940 199
1851950 200
1851960 200
1851970 200
1851980 201
1851990 201
1852000 201
1852010 201
1852020 200
1852030 200
1852040 200
1852050 199
1852060 199
1852070 197
1852080 195
1852090 195
1852100 194
1852110 194
1852120 194
1852130 193
1852140 193
1852150 193
1852160 193
1852170 193
1852180 193
1852190 193
1852200 194
1852210 194
1852220 194
1852230 194
1852240 194
1852250 194
1852260 194
1852270 194
1852280 194
1852290 194
1852300 194
1852310 195
1852320 195
1852330 195
1852340 196
1852350 196
1852360 196
1852370 196
1852380 196
1852390 196
1852400 196
1852410 196
1852420 197
1852430 197
1852440 197
1852450 197
1852460 197
1852470 197
1852480 198
1852490 200
1852500 200
1852510 202
1852520 203
1852530 203
1852540 203
1852550 203
1852560 203
1852570 203
1852580 204
1852590 204
1852600 204
1852610 204
1852620 204
1852630 204
1852640 204
1852650 204
1852660 204
1852670 203
1852680 203
1852690 203
1852700 203
1852710 203
1852720 203
1852730 202
1852740 202
1852750 202
1852760 202
1852770 202
1852780 201
1852790 201
1852800 201
1852810 201
1852820 200
1852830 200
1852840 200
1852850 200
1852860 200
1852870 199
1852880 199
1852890 199
1852900 198
1852910 198
1852920 198
1852930 198
1852940 198
1852950 198
1852960 198
1852970 199
1852980 199
1852990 199
1853000 199
1853010 199
1853020 199
1853030 199
1853040 199
1853050 199
1853060 199
1853070 199
1853080 200
1853090 200
1853100 200
1853110 200
1853120 200
1853130 200
1853140 200
1853150 200
1853160 200
1853170 200
1853180 200
1853190 200
1853200 200
1853210 200
1853220 200
1853230 200
1853240 200
1853250 201
1853260 201
1853270 201
1853280 201
1853290 201
1853300 201
1853310 201
1853320 201
1853330 201
1853340 201
1853350 201
1853360 201
1853370 201
1853380 202
1853390 202
1853400 202
1853410 203
1853420 203
1853430 203
1853440 203
1853450 203
1853460 203
1853470 203
1853480 203
1853490 203
1853500 204
1853510 204
1853520 204
1853530 205
1853540 205
1853550 205
1853560 205
1853570 205
1853580 205
1853590 205
1853600 206
1853610 206
1853620 206
1853630 206
1853640 206
1853650 207
1853660 207
1853670 208
1853680 209
1853690 209
1853700 209
1853710 210
1853720 210
1853730 211
1853740 214
1853750 214
1853760 215
1853770 217
1853780 217
1853790 219
1853800 220
1853810 220
1853820 222
1853830 223
1853840 223
1853850 224
1853860 225
1853870 225
1853880 227
1853890 229
1853900 229
1853910 231
1853920 232
1853930 232
1853940 235
1853950 237
1853960 237
1853970 238
1853980 239
1853990 239
1854000 241
1854010 243
1854020 243
1854030 245
1854040 249
1854050 249
1854060 249
1854070 249
1854080 249
1854090 250
1854100 250
1854110 250
1854120 250
1854130 250
1854140 250
1854150 251
1854160 251
1854170 251
1854180 252
1854190 252
1854200 252
1854210 253
1854220 254
1854230 254
1854240 254
1854250 254
1854260 254
1854270 254
1854280 255
1854290 255
1854300 255
1854310 256
1854320 256
1854330 256
1854340 256
1854350 256
1854360 256
1854370 257
1854380 257
1854390 257
1854400 257
1854410 257
1854420 257
1854430 257
1854440 257
1854450 258
1854460 258
1854470 258
1854480 258
1854490 257
1854500 257
1854510 257
1854520 257
1854530 257
1854540 257
1854550 257
1854560 256
1854570 256
1854580 256
1854590 256
1854600 256
1854610 256
1854620 255
1854630 255
1854640 255
1854650 255
1854660 255
1854670 255
1854680 255
1854690 255
1854700 255
1854710 255
1854720 255
1854730 255
1854740 254
1854750 254
1854760 254
1854770 254
1854780 254
1854790 254
1854800 254
1854810 253
1854820 253
1854830 253
1854840 253
1854850 253
1854860 253
1854870 253
1854880 253
1854890 253
1854900 253
1854910 253
1854920 253
1854930 252
1854940 252
1854950 252
1854960 252
1854970 252
1854980 252
1854990 252
1855000 252
1855010 252
1855020 252
1855030 252
1855040 251
1855050 251
1855060 251
1855070 251
1855080 251
1855090 251
1855100 251
1855110 251
1855120 251
1855130 251
1855140 251
1855150 251
1855160 250
1855170 250
1855180 250
1855190 250
1855200 250
1855210 250
1855220 250
1855230 250
1855240 250
1855250 250
1855260 250
1855270 250
1855280 250
1855290 250
1855300 250
1855310 250
1855320 250
1855330 250
1855340 250
1855350 250
1855360 250
1855370 250
1855380 250
1855390 250
1855400 250
1855410 250
1855420 250
1855430 250
1855440 250
1855450 250
1855460 250
1855470 250
1855480 250
1855490 249
1855500 249
1855510 249
1855520 249
1855530 249
1855540 249
1855550 249
1855560 249
1855570 249
1855580 249
1855590 249
1855600 249
1855610 248
1855620 248
1855630 248
1855640 248
1855650 248
1855660 248
1855670 248
1855680 247
1855690 247
1855700 247
1855710 246
1855720 246
1855730 245
1855740 245
1855750 245
1855760 244
1855770 244
1855780 243
1855790 243
1855800 243
1855810 242
1855820 242
1855830 242
1855840 241
1855850 241
1855860 241
1855870 240
1855880 240
1855890 240
1855900 239
1855910 239
1855920 239
1855930 239
1855940 238
1855950 238
1855960 238
1855970 238
1855980 238
1855990 238
1856000 237
1856010 237
1856020 237
1856030 237
1856040 237
1856050 237
1856060 236
1856070 236
1856080 236
1856090 236
1856100 236
1856110 236
1856120 236
1856130 236
1856140 236
1856150 236
1856160 236
1856170 236
1856180 236
1856190 236
1856200 236
1856210 235
1856220 235
1856230 235
1856240 235
1856250 235
1856260 234
1856270 234
1856280 234
1856290 234
1856300 233
1856310 233
1856320 233
1856330 232
1856340 232
1856350 232
1856360 232
1856370 232
1856380 231
1856390 230
1856400 230
1856410 228
1856420 227
1856430 227
1856440 227
1856450 226
1856460 226
1856470 225
1856480 225
1856490 225
1856500 225
1856510 225
1856520 225
1856530 226
1856540 226
1856550 226
1856560 227
1856570 228
1856580 228
1856590 228
1856600 229
1856610 229
1856620 229
1856630 230
1856640 230
1856650 230
1856660 230
1856670 230
1856680 230
1856690 230
1856700 230
1856710 230
1856720 230
1856730 230
1856740 230
1856750 230
1856760 230
1856770 230
1856780 229
1856790 229
1856800 229
1856810 229
1856820 229
1856830 228
1856840 227
1856850 227
1856860 226
1856870 226
1856880 225
1856890 224
1856900 224
1856910 222
1856920 220
1856930 220
1856940 218
1856950 217
1856960 217
1856970 216
1856980 217
1856990 217
1857000 217
1857010 220
1857020 220
1857030 222
1857040 223
1857050 223
1857060 224
1857070 224
1857080 224
1857090 225
1857100 225
1857110 224
1857120 224
1857130 224
1857140 224
1857150 224
1857160 224
1857170 224
1857180 224
1857190 223
1857200 223
1857210 223
1857220 222
1857230 222
1857240 222
1857250 222
1857260 222
1857270 222
1857280 221
1857290 221
1857300 221
1857310 221
1857320 221
1857330 221
1857340 220
1857350 220
1857360 220
1857370 220
1857380 220
1857390 220
1857400 219
1857410 219
1857420 219
1857430 219
1857440 219
1857450 218
1857460 218
1857470 218
1857480 218
1857490 217
1857500 217
1857510 217
1857520 216
1857530 216
1857540 216
1857550 215
1857560 215
1857570 214
1857580 214
1857590 214
1857600 214
1857610 213
1857620 213
1857630 213
1857640 212
1857650 212
1857660 212
1857670 211
1857680 211
1857690 211
1857700 210
1857710 210
1857720 210
1857730 209
1857740 209
1857750 209
1857760 208
1857770 208
1857780 207
1857790 207
1857800 207
1857810 206
1857820 205
1857830 205
1857840 205
1857850 204
1857860 204
1857870 203
1857880 202
1857890 202
1857900 201
1857910 199
1857920 199
1857930 198
1857940 197
1857950 197
1857960 197
1857970 196
1857980 196
1857990 196
1858000 196
1858010 196
1858020 196
1858030 196
1858040 196
1858050 196
1858060 196
1858070 195
1858080 195
1858090 195
1858100 195
1858110 195
1858120 195
1858130 194
1858140 194
1858150 194
1858160 194
1858170 194
1858180 194
1858190 194
1858200 194
1858210 194
1858220 194
1858230 194
1858240 194
1858250 194
1858260 195
1858270 195
1858280 196
1858290 196
1858300 196
1858310 196
1858320 197
1858330 197
1858340 198
1858350 199
1858360 199
1858370 201
1858380 203
1858390 203
1858400 205
1858410 207
1858420 207
1858430 208
1858440 209
1858450 209
1858460 210
1858470 211
1858480 211
1858490 211
1858500 212
1858510 213
1858520 214
1858530 214
1858540 214
1858550 215
1858560 215
1858570 215
1858580 215
1858590 215
1858600 215
1858610 215
1858620 215
1858630 215
1858640 215
1858650 215
1858660 215
1858670 215
1858680 214
1858690 214
1858700 210
1858710 205
1858720 205
1858730 202
1858740 203
1858750 203
1858760 203
1858770 205
1858780 205
1858790 206
1858800 206
1858810 206
1858820 208
1858830 212
1858840 212
1858850 212
1858860 214
1858870 214
1858880 218
1858890 218
1858900 218
1858910 218
1858920 215
1858930 215
1858940 210
1858950 206
1858960 206
1858970 207
1858980 208
1858990 208
1859000 208
1859010 208
1859020 208
1859030 208
1859040 209
1859050 209
1859060 209
1859070 210
1859080 210
1859090 210
1859100 209
1859110 209
1859120 209
1859130 205
1859140 205
1859150 201
1859160 204
1859170 204
1859180 209
1859190 209
1859200 212
1859210 214
1859220 214
1859230 215
1859240 215
1859250 215
1859260 215
1859270 215
1859280 215
1859290 215
1859300 215
1859310 215
1859320 215
1859330 215
1859340 215
1859350 215
1859360 216
1859370 216
1859380 216
1859390 216
1859400 216
1859410 216
1859420 215
1859430 215
1859440 214
1859450 213
1859460 213
1859470 214
1859480 214
1859490 214
1859500 214
1859510 214
1859520 214
1859530 213
1859540 214
1859550 215
1859560 216
1859570 217
1859580 217
1859590 218
1859600 219
1859610 219
1859620 220
1859630 220
1859640 220
1859650 220
1859660 220
1859670 220
1859680 220
1859690 220
1859700 220
1859710 220
1859720 220
1859730 220
1859740 220
1859750 220
1859760 220
1859770 220
1859780 220
1859790 220
1859800 221
1859810 221
1859820 221
1859830 221
1859840 221
1859850 221
1859860 221
1859870 220
1859880 220
1859890 220
1859900 220
1859910 220
1859920 219
1859930 219
1859940 219
1859950 217
1859960 215
1859970 215
1859980 213
1859990 211
