1840000 207
1840010 210
1840020 213
1840030 213
1840040 216
1840050 219
1840060 219
1840070 223
1840080 225
1840090 225
1840100 227
1840110 229
1840120 229
1840130 231
1840140 231
1840150 232
1840160 233
1840170 233
1840180 234
1840190 234
1840200 234
1840210 235
1840220 235
1840230 235
1840240 236
1840250 236
1840260 236
1840270 237
1840280 237
1840290 237
1840300 238
1840310 238
1840320 238
1840330 239
1840340 240
1840350 240
1840360 240
1840370 241
1840380 241
1840390 241
1840400 242
1840410 242
1840420 242
1840430 242
1840440 242
1840450 243
1840460 243
1840470 243
1840480 243
1840490 243
1840500 243
1840510 243
1840520 243
1840530 243
1840540 244
1840550 244
1840560 244
1840570 244
1840580 244
1840590 244
1840600 244
1840610 244
1840620 244
1840630 245
1840640 245
1840650 245
1840660 246
1840670 246
1840680 246
1840690 246
1840700 246
1840710 246
1840720 246
1840730 247
1840740 247
1840750 247
1840760 247
1840770 247
1840780 247
1840790 247
1840800 247
1840810 247
1840820 247
1840830 247
1840840 247
1840850 247
1840860 247
1840870 247
1840880 247
1840890 247
1840900 247
1840910 247
1840920 247
1840930 247
1840940 247
1840950 247
1840960 247
1840970 247
1840980 247
1840990 248
1841000 248
1841010 248
1841020 248
1841030 248
1841040 248
1841050 248
1841060 248
1841070 248
1841080 248
1841090 248
1841100 248
1841110 248
1841120 249
1841130 249
1841140 249
1841150 249
1841160 249
1841170 250
1841180 250
1841190 250
1841200 250
1841210 250
1841220 250
1841230 250
1841240 250
1841250 250
1841260 250
1841270 250
1841280 250
1841290 251
1841300 251
1841310 251
1841320 251
1841330 251
1841340 251
1841350 251
1841360 251
1841370 252
1841380 252
1841390 252
1841400 252
1841410 253
1841420 253
1841430 253
1841440 253
1841450 253
1841460 254
1841470 254
1841480 254
1841490 254
1841500 255
1841510 255
1841520 255
1841530 255
1841540 255
1841550 255
1841560 256
1841570 256
1841580 256
1841590 256
1841600 256
1841610 256
1841620 256
1841630 256
1841640 256
1841650 257
1841660 257
1841670 257
1841680 256
1841690 256
1841700 257
1841710 257
1841720 257
1841730 257
1841740 257
1841750 257
1841760 257
1841770 257
1841780 257
1841790 257
1841800 257
1841810 257
1841820 257
1841830 257
1841840 257
1841850 257
1841860 258
1841870 258
1841880 258
1841890 258
1841900 258
1841910 258
1841920 258
1841930 258
1841940 258
1841950 258
1841960 258
1841970 258
1841980 258
1841990 258
1842000 258
1842010 258
1842020 258
1842030 257
1842040 257
1842050 257
1842060 257
1842070 256
1842080 256
1842090 256
1842100 256
1842110 256
1842120 256
1842130 256
1842140 256
1842150 257
1842160 257
1842170 257
1842180 257
1842190 257
1842200 257
1842210 257
1842220 258
1842230 258
1842240 258
1842250 258
1842260 258
1842270 258
1842280 258
1842290 258
1842300 259
1842310 259
1842320 259
1842330 259
1842340 259
1842350 259
1842360 259
1842370 259
1842380 259
1842390 260
1842400 260
1842410 260
1842420 260
1842430 260
1842440 260
1842450 260
1842460 260
1842470 260
1842480 261
1842490 261
1842500 261
1842510 261
1842520 261
1842530 261
1842540 261
1842550 261
1842560 261
1842570 261
1842580 261
1842590 262
1842600 262
1842610 262
1842620 262
1842630 262
1842640 262
1842650 262
1842660 262
1842670 262
1842680 262
1842690 263
1842700 263
1842710 263
1842720 263
1842730 263
1842740 263
1842750 263
1842760 263
1842770 263
1842780 263
1842790 263
1842800 263
1842810 262
1842820 262
1842830 262
1842840 262
1842850 262
1842860 261
1842870 261
1842880 261
1842890 258
1842900 255
1842910 255
1842920 255
1842930 255
1842940 255
1842950 255
1842960 257
1842970 257
1842980 256
1842990 256
1843000 256
1843010 255
1843020 255
1843030 255
1843040 254
1843050 254
1843060 254
1843070 254
1843080 254
1843090 254
1843100 254
1843110 254
1843120 254
1843130 254
1843140 254
1843150 254
1843160 254
1843170 254
1843180 254
1843190 253
1843200 252
1843210 252
1843220 252
1843230 251
1843240 251
1843250 251
1843260 250
1843270 250
1843280 251
1843290 251
1843300 251
1843310 252
1843320 252
1843330 252
1843340 252
1843350 253
1843360 253
1843370 253
1843380 253
1843390 253
1843400 254
1843410 254
1843420 254
1843430 254
1843440 254
1843450 254
1843460 255
1843470 255
1843480 255
1843490 255
1843500 255
1843510 255
1843520 255
1843530 255
1843540 255
1843550 255
1843560 255
1843570 255
1843580 255
1843590 255
1843600 255
1843610 255
1843620 255
1843630 255
1843640 256
1843650 256
1843660 256
1843670 256
1843680 256
1843690 256
1843700 256
1843710 256
1843720 256
1843730 256
1843740 256
1843750 256
1843760 256
1843770 256
1843780 255
1843790 255
1843800 255
1843810 255
1843820 254
1843830 254
1843840 254
1843850 254
1843860 254
1843870 253
1843880 252
1843890 252
1843900 252
1843910 251
1843920 251
1843930 250
1843940 250
1843950 250
1843960 250
1843970 249
1843980 249
1843990 249
1844000 248
1844010 248
1844020 248
1844030 247
1844040 247
1844050 247
1844060 246
1844070 246
1844080 246
1844090 245
1844100 245
1844110 245
1844120 244
1844130 244
1844140 244
1844150 245
1844160 245
1844170 246
1844180 246
1844190 246
1844200 245
1844210 244
1844220 244
1844230 244
1844240 243
1844250 243
1844260 243
1844270 242
1844280 242
1844290 242
1844300 241
1844310 241
1844320 241
1844330 240
1844340 240
1844350 240
1844360 239
1844370 239
1844380 239
1844390 238
1844400 238
1844410 238
1844420 237
1844430 237
1844440 236
1844450 236
1844460 236
1844470 235
1844480 234
1844490 234
1844500 234
1844510 234
1844520 234
1844530 233
1844540 233
1844550 233
1844560 232
1844570 232
1844580 232
1844590 231
1844600 231
1844610 231
1844620 231
1844630 230
1844640 230
1844650 230
1844660 230
1844670 230
1844680 230
1844690 230
1844700 230
1844710 230
1844720 230
1844730 230
1844740 230
1844750 230
1844760 230
1844770 230
1844780 230
1844790 230
1844800 231
1844810 231
1844820 231
1844830 231
1844840 231
1844850 231
1844860 231
1844870 231
1844880 231
1844890 231
1844900 231
1844910 231
1844920 231
1844930 231
1844940 231
1844950 231
1844960 231
1844970 231
1844980 231
1844990 231
1845000 232
1845010 232
1845020 232
1845030 232
1845040 232
1845050 232
1845060 232
1845070 232
1845080 232
1845090 233
1845100 232
1845110 232
1845120 232
1845130 232
1845140 232
1845150 231
1845160 231
1845170 231
1845180 231
1845190 230
1845200 230
1845210 230
1845220 229
1845230 229
1845240 229
1845250 228
1845260 228
1845270 228
1845280 228
1845290 228
1845300 227
1845310 227
1845320 227
1845330 226
1845340 226
1845350 226
1845360 226
1845370 225
1845380 225
1845390 225
1845400 226
1845410 226
1845420 227
1845430 228
1845440 228
1845450 229
1845460 230
1845470 230
1845480 230
1845490 230
1845500 230
1845510 231
1845520 231
1845530 231
1845540 231
1845550 232
1845560 232
1845570 232
1845580 233
1845590 233
1845600 233
1845610 233
1845620 233
1845630 233
1845640 234
1845650 234
1845660 234
1845670 233
1845680 233
1845690 233
1845700 233
1845710 233
1845720 233
1845730 233
1845740 233
1845750 233
1845760 233
1845770 233
1845780 232
1845790 232
1845800 232
1845810 232
1845820 232
1845830 232
1845840 231
1845850 231
1845860 231
1845870 231
1845880 230
1845890 230
1845900 230
1845910 230
1845920 230
1845930 229
1845940 229
1845950 229
1845960 228
1845970 228
1845980 228
1845990 227
1846000 227
1846010 227
1846020 226
1846030 226
1846040 226
1846050 225
1846060 225
1846070 224
1846080 223
1846090 223
1846100 223
1846110 222
1846120 222
1846130 221
1846140 220
1846150 220
1846160 220
1846170 219
1846180 219
1846190 218
1846200 217
1846210 217
1846220 216
1846230 215
1846240 215
1846250 214
1846260 213
1846270 213
1846280 212
1846290 212
1846300 212
1846310 211
1846320 211
1846330 211
1846340 210
1846350 209
1846360 209
1846370 209
1846380 208
1846390 208
1846400 207
1846410 207
1846420 207
1846430 206
1846440 205
1846450 205
1846460 205
1846470 205
1846480 205
1846490 205
1846500 205
1846510 205
1846520 205
1846530 205
1846540 205
1846550 205
1846560 205
1846570 205
1846580 206
1846590 206
1846600 206
1846610 206
1846620 207
1846630 207
1846640 207
1846650 208
1846660 208
1846670 208
1846680 208
1846690 208
1846700 209
1846710 209
1846720 209
1846730 209
1846740 209
1846750 209
1846760 209
1846770 209
1846780 209
1846790 209
1846800 210
1846810 210
1846820 209
1846830 209
1846840 209
1846850 209
1846860 209
1846870 209
1846880 208
1846890 208
1846900 208
1846910 207
1846920 207
1846930 207
1846940 207
1846950 206
1846960 206
1846970 206
1846980 205
1846990 205
1847000 204
1847010 204
1847020 204
1847030 203
1847040 203
1847050 203
1847060 203
1847070 203
1847080 203
1847090 203
1847100 203
1847110 203
1847120 203
1847130 204
1847140 204
1847150 204
1847160 205
1847170 205
1847180 205
1847190 205
1847200 205
1847210 205
1847220 204
1847230 204
1847240 204
1847250 204
1847260 204
1847270 204
1847280 204
1847290 203
1847300 203
1847310 203
1847320 202
1847330 201
1847340 201
1847350 201
1847360 200
1847370 200
1847380 199
1847390 196
1847400 196
1847410 196
1847420 197
1847430 197
1847440 197
1847450 196
1847460 196
1847470 196
1847480 195
1847490 195
1847500 195
1847510 194
1847520 194
1847530 194
1847540 193
1847550 193
1847560 193
1847570 193
1847580 193
1847590 193
1847600 193
1847610 193
1847620 192
1847630 192
1847640 192
1847650 192
1847660 192
1847670 192
1847680 193
1847690 193
1847700 193
1847710 193
1847720 194
1847730 194
1847740 195
1847750 195
1847760 195
1847770 196
1847780 196
1847790 196
1847800 197
1847810 198
1847820 198
1847830 198
1847840 199
1847850 199
1847860 199
1847870 199
1847880 199
1847890 199
1847900 198
1847910 198
1847920 197
1847930 196
1847940 196
1847950 196
1847960 195
1847970 195
1847980 194
1847990 193
1848000 193
1848010 193
1848020 193
1848030 193
1848040 192
1848050 191
1848060 191
1848070 191
1848080 190
1848090 190
1848100 190
1848110 189
1848120 189
1848130 189
1848140 189
1848150 189
1848160 188
1848170 187
1848180 187
1848190 186
1848200 187
1848210 187
1848220 186
1848230 186
1848240 186
1848250 185
1848260 185
1848270 185
1848280 185
1848290 184
1848300 184
1848310 184
1848320 184
1848330 184
1848340 184
1848350 183
1848360 183
1848370 184
1848380 184
1848390 184
1848400 183
1848410 182
1848420 182
1848430 182
1848440 182
1848450 182
1848460 182
1848470 182
1848480 181
1848490 181
1848500 181
1848510 181
1848520 180
1848530 180
1848540 180
1848550 180
1848560 180
1848570 179
1848580 179
1848590 179
1848600 179
1848610 178
1848620 178
1848630 178
1848640 177
1848650 177
1848660 177
1848670 176
1848680 176
1848690 176
1848700 176
1848710 176
1848720 176
1848730 176
1848740 176
1848750 175
1848760 176
1848770 176
1848780 176
1848790 175
1848800 175
1848810 175
1848820 175
1848830 175
1848840 175
1848850 175
1848860 175
1848870 175
1848880 175
1848890 175
1848900 175
1848910 175
1848920 175
1848930 176
1848940 176
1848950 176
1848960 176
1848970 175
1848980 175
1848990 174
1849000 176
1849010 176
1849020 176
1849030 176
1849040 176
1849050 175
1849060 176
1849070 176
1849080 177
1849090 178
1849100 178
1849110 178
1849120 178
1849130 178
1849140 178
1849150 178
1849160 178
1849170 180
1849180 183
1849190 183
1849200 186
1849210 188
1849220 188
1849230 190
1849240 192
1849250 192
1849260 194
1849270 195
1849280 195
1849290 194
1849300 196
1849310 197
1849320 200
1849330 202
1849340 202
1849350 203
1849360 205
1849370 205
1849380 207
1849390 207
1849400 207
1849410 208
1849420 208
1849430 208
1849440 208
1849450 209
1849460 209
1849470 209
1849480 209
1849490 209
1849500 209
1849510 209
1849520 209
1849530 209
1849540 209
1849550 209
1849560 208
1849570 208
1849580 208
1849590 208
1849600 208
1849610 208
1849620 212
1849630 212
1849640 213
1849650 214
1849660 214
1849670 216
1849680 217
1849690 217
1849700 217
1849710 218
1849720 218
1849730 219
1849740 220
1849750 220
1849760 220
1849770 221
1849780 221
1849790 222
1849800 223
1849810 223
1849820 224
1849830 224
1849840 224
1849850 225
1849860 225
1849870 225
1849880 226
1849890 226
1849900 226
1849910 226
1849920 226
1849930 226
1849940 226
1849950 226
1849960 226
1849970 226
1849980 225
1849990 225
1850000 225
1850010 225
1850020 225
1850030 225
1850040 225
1850050 225
1850060 225
1850070 225
1850080 225
1850090 225
1850100 225
1850110 225
1850120 224
1850130 224
1850140 224
1850150 224
1850160 224
1850170 224
1850180 224
1850190 224
1850200 224
1850210 224
1850220 224
1850230 224
1850240 225
1850250 225
1850260 225
1850270 225
1850280 225
1850290 225
1850300 225
1850310 225
1850320 225
1850330 225
1850340 225
1850350 225
1850360 226
1850370 226
1850380 226
1850390 226
1850400 226
1850410 226
1850420 227
1850430 227
1850440 227
1850450 227
1850460 227
1850470 227
1850480 227
1850490 226
1850500 226
1850510 226
1850520 226
1850530 226
1850540 226
1850550 226
1850560 226
1850570 226
1850580 226
1850590 226
1850600 226
1850610 226
1850620 226
1850630 226
1850640 226
1850650 226
1850660 226
1850670 226
1850680 226
1850690 226
1850700 225
1850710 225
1850720 225
1850730 225
1850740 225
1850750 225
1850760 224
1850770 224
1850780 224
1850790 224
1850800 224
1850810 223
1850820 223
1850830 223
1850840 222
1850850 222
1850860 222
1850870 221
1850880 221
1850890 221
1850900 220
1850910 220
1850920 219
1850930 219
1850940 219
1850950 218
1850960 217
1850970 217
1850980 216
1850990 215
1851000 215
1851010 214
1851020 213
1851030 213
1851040 212
1851050 211
1851060 211
1851070 210
1851080 210
1851090 210
1851100 209
1851110 208
1851120 208
1851130 208
1851140 207
1851150 207
1851160 207
1851170 206
1851180 206
1851190 205
1851200 205
1851210 205
1851220 204
1851230 203
1851240 203
1851250 203
1851260 202
1851270 202
1851280 201
1851290 200
1851300 200
1851310 200
1851320 200
1851330 200
1851340 201
1851350 201
1851360 201
1851370 202
1851380 202
1851390 202
1851400 203
1851410 203
1851420 203
1851430 204
1851440 205
1851450 205
1851460 206
1851470 206
1851480 206
1851490 206
1851500 206
1851510 206
1851520 206
1851530 206
1851540 206
1851550 206
1851560 206
1851570 206
1851580 206
1851590 205
1851600 205
1851610 205
1851620 205
1851630 205
1851640 205
1851650 205
1851660 205
1851670 204
1851680 203
1851690 203
1851700 202
1851710 201
1851720 201
1851730 200
1851740 200
1851750 200
1851760 199
1851770 198
1851780 198
1851790 197
1851800 197
1851810 197
1851820 197
1851830 197
1851840 197
1851850 198
1851860 198
1851870 198
1851880 198
1851890 198
1851900 198
1851910 198
1851920 197
1851930 197
1851940 196
1851950 196
1851960 195
1851970 194
1851980 194
1851990 193
1852000 192
1852010 192
1852020 192
1852030 192
1852040 192
1852050 192
1852060 192
1852070 192
1852080 193
1852090 197
1852100 197
1852110 201
1852120 206
1852130 206
1852140 208
1852150 209
1852160 209
1852170 210
1852180 210
1852190 210
1852200 211
1852210 211
1852220 211
1852230 211
1852240 211
1852250 211
1852260 210
1852270 210
1852280 210
1852290 209
1852300 207
1852310 207
1852320 207
1852330 207
1852340 207
1852350 206
1852360 205
1852370 205
1852380 204
1852390 202
1852400 202
1852410 203
1852420 204
1852430 204
1852440 206
1852450 207
1852460 207
1852470 208
1852480 209
1852490 209
1852500 210
1852510 210
1852520 210
1852530 210
1852540 211
1852550 211
1852560 211
1852570 212
1852580 212
1852590 212
1852600 212
1852610 212
1852620 212
1852630 212
1852640 212
1852650 213
1852660 213
1852670 213
1852680 213
1852690 213
1852700 213
1852710 213
1852720 213
1852730 213
1852740 213
1852750 212
1852760 212
1852770 212
1852780 212
1852790 212
1852800 212
1852810 212
1852820 212
1852830 211
1852840 211
1852850 211
1852860 210
1852870 210
1852880 210
1852890 209
1852900 208
1852910 208
1852920 208
1852930 207
1852940 207
1852950 206
1852960 205
1852970 205
1852980 204
1852990 203
1853000 203
1853010 203
1853020 204
1853030 204
1853040 204
1853050 205
1853060 205
1853070 206
1853080 206
1853090 206
1853100 207
1853110 207
1853120 207
1853130 207
1853140 207
1853150 207
1853160 208
1853170 208
1853180 208
1853190 208
1853200 208
1853210 207
1853220 207
1853230 207
1853240 207
1853250 206
1853260 206
1853270 206
1853280 206
1853290 206
1853300 205
1853310 205
1853320 205
1853330 205
1853340 205
1853350 205
1853360 204
1853370 204
1853380 204
1853390 203
1853400 203
1853410 203
1853420 202
1853430 202
1853440 202
1853450 202
1853460 202
1853470 202
1853480 202
1853490 202
1853500 202
1853510 202
1853520 203
1853530 203
1853540 203
1853550 203
1853560 203
1853570 203
1853580 203
1853590 203
1853600 203
1853610 204
1853620 204
1853630 204
1853640 204
1853650 204
1853660 205
1853670 205
1853680 205
1853690 206
1853700 207
1853710 207
1853720 208
1853730 209
1853740 209
1853750 210
1853760 211
1853770 211
1853780 212
1853790 212
1853800 212
1853810 214
1853820 215
1853830 215
1853840 216
1853850 217
1853860 217
1853870 218
1853880 220
1853890 220
1853900 222
1853910 224
1853920 224
1853930 225
1853940 226
1853950 226
1853960 226
1853970 227
1853980 227
1853990 228
1854000 229
1854010 229
1854020 231
1854030 233
1854040 233
1854050 234
1854060 235
1854070 235
1854080 237
1854090 239
1854100 239
1854110 240
1854120 240
1854130 240
1854140 241
1854150 243
1854160 243
1854170 244
1854180 244
1854190 244
1854200 245
1854210 246
1854220 246
1854230 246
1854240 247
1854250 247
1854260 248
1854270 249
1854280 249
1854290 249
1854300 249
1854310 249
1854320 250
1854330 250
1854340 250
1854350 251
1854360 251
1854370 251
1854380 252
1854390 252
1854400 252
1854410 253
1854420 253
1854430 253
1854440 253
1854450 253
1854460 253
1854470 254
1854480 254
1854490 254
1854500 254
1854510 254
1854520 254
1854530 254
1854540 254
1854550 254
1854560 254
1854570 254
1854580 254
1854590 254
1854600 254
1854610 254
1854620 254
1854630 254
1854640 254
1854650 254
1854660 254
1854670 254
1854680 254
1854690 254
1854700 254
1854710 253
1854720 253
1854730 253
1854740 253
1854750 253
1854760 252
1854770 252
1854780 252
1854790 252
1854800 251
1854810 251
1854820 251
1854830 251
1854840 251
1854850 251
1854860 251
1854870 251
1854880 251
1854890 251
1854900 251
1854910 251
1854920 251
1854930 251
1854940 251
1854950 251
1854960 251
1854970 251
1854980 252
1854990 252
1855000 251
1855010 252
1855020 252
1855030 252
1855040 252
1855050 252
1855060 252
1855070 251
1855080 251
1855090 251
1855100 251
1855110 251
1855120 251
1855130 251
1855140 251
1855150 251
1855160 251
1855170 251
1855180 251
1855190 250
1855200 250
1855210 250
1855220 250
1855230 250
1855240 250
1855250 250
1855260 250
1855270 250
1855280 250
1855290 250
1855300 250
1855310 250
1855320 250
1855330 249
1855340 249
1855350 249
1855360 249
1855370 249
1855380 249
1855390 249
1855400 249
1855410 249
1855420 249
1855430 249
1855440 249
1855450 249
1855460 249
1855470 249
1855480 249
1855490 249
1855500 249
1855510 249
1855520 249
1855530 249
1855540 249
1855550 249
1855560 249
1855570 249
1855580 249
1855590 249
1855600 249
1855610 249
1855620 249
1855630 249
1855640 249
1855650 249
1855660 248
1855670 248
1855680 248
1855690 248
1855700 248
1855710 247
1855720 247
1855730 247
1855740 247
1855750 246
1855760 246
1855770 246
1855780 245
1855790 245
1855800 244
1855810 244
1855820 244
1855830 243
1855840 243
1855850 243
1855860 243
1855870 242
1855880 242
1855890 242
1855900 241
1855910 241
1855920 241
1855930 241
1855940 241
1855950 240
1855960 240
1855970 240
1855980 240
1855990 240
1856000 240
1856010 240
1856020 240
1856030 240
1856040 239
1856050 239
1856060 239
1856070 239
1856080 239
1856090 239
1856100 239
1856110 238
1856120 238
1856130 238
1856140 238
1856150 238
1856160 237
1856170 237
1856180 237
1856190 236
1856200 236
1856210 236
1856220 236
1856230 235
1856240 235
1856250 235
1856260 235
1856270 235
1856280 235
1856290 234
1856300 234
1856310 234
1856320 234
1856330 234
1856340 233
1856350 233
1856360 233
1856370 233
1856380 233
1856390 233
1856400 233
1856410 232
1856420 232
1856430 232
1856440 232
1856450 232
1856460 232
1856470 232
1856480 232
1856490 232
1856500 232
1856510 232
1856520 232
1856530 232
1856540 232
1856550 232
1856560 232
1856570 232
1856580 232
1856590 232
1856600 232
1856610 232
1856620 232
1856630 232
1856640 232
1856650 232
1856660 232
1856670 232
1856680 232
1856690 232
1856700 232
1856710 232
1856720 232
1856730 231
1856740 231
1856750 231
1856760 231
1856770 231
1856780 231
1856790 231
1856800 231
1856810 231
1856820 231
1856830 231
1856840 230
1856850 230
1856860 230
1856870 230
1856880 229
1856890 229
1856900 229
1856910 228
1856920 228
1856930 226
1856940 225
1856950 225
1856960 223
1856970 222
1856980 222
1856990 221
1857000 222
1857010 222
1857020 223
1857030 224
1857040 224
1857050 226
1857060 226
1857070 226
1857080 227
1857090 227
1857100 227
1857110 227
1857120 227
1857130 227
1857140 228
1857150 227
1857160 227
1857170 227
1857180 227
1857190 227
1857200 227
1857210 227
1857220 227
1857230 227
1857240 227
1857250 227
1857260 226
1857270 226
1857280 226
1857290 226
1857300 226
1857310 226
1857320 226
1857330 226
1857340 226
1857350 225
1857360 225
1857370 225
1857380 225
1857390 225
1857400 225
1857410 225
1857420 225
1857430 224
1857440 224
1857450 224
1857460 224
1857470 223
1857480 223
1857490 223
1857500 223
1857510 222
1857520 222
1857530 222
1857540 221
1857550 221
1857560 221
1857570 220
1857580 220
1857590 220
1857600 219
1857610 219
1857620 219
1857630 218
1857640 218
1857650 218
1857660 217
1857670 217
1857680 216
1857690 215
1857700 215
1857710 214
1857720 213
1857730 213
1857740 212
1857750 213
1857760 213
1857770 213
1857780 211
1857790 211
1857800 211
1857810 211
1857820 210
1857830 210
1857840 210
1857850 210
1857860 209
1857870 209
1857880 209
1857890 210
1857900 210
1857910 210
1857920 211
1857930 211
1857940 212
1857950 212
1857960 212
1857970 212
1857980 212
1857990 212
1858000 211
1858010 211
1858020 211
1858030 211
1858040 210
1858050 210
1858060 210
1858070 210
1858080 210
1858090 209
1858100 209
1858110 209
1858120 209
1858130 208
1858140 208
1858150 208
1858160 207
1858170 207
1858180 206
1858190 204
1858200 204
1858210 202
1858220 202
1858230 202
1858240 201
1858250 199
1858260 199
1858270 197
1858280 196
1858290 196
1858300 194
1858310 193
1858320 193
1858330 193
1858340 193
1858350 193
1858360 193
1858370 193
1858380 193
1858390 192
1858400 192
1858410 192
1858420 192
1858430 192
1858440 192
1858450 192
1858460 192
1858470 192
1858480 192
1858490 192
1858500 192
1858510 192
1858520 192
1858530 192
1858540 192
1858550 192
1858560 192
1858570 192
1858580 192
1858590 192
1858600 192
1858610 192
1858620 192
1858630 192
1858640 192
1858650 192
1858660 192
1858670 191
1858680 191
1858690 191
1858700 192
1858710 192
1858720 192
1858730 192
1858740 192
1858750 192
1858760 192
1858770 192
1858780 192
1858790 192
1858800 192
1858810 192
1858820 195
1858830 195
1858840 195
1858850 196
1858860 196
1858870 196
1858880 196
1858890 196
1858900 197
1858910 197
1858920 197
1858930 197
1858940 197
1858950 197
1858960 197
1858970 197
1858980 197
1858990 198
1859000 198
1859010 197
1859020 197
1859030 197
1859040 197
1859050 197
1859060 197
1859070 197
1859080 197
1859090 197
1859100 197
1859110 196
1859120 196
1859130 196
1859140 197
1859150 197
1859160 196
1859170 199
1859180 199
1859190 199
1859200 199
1859210 199
1859220 199
1859230 199
1859240 199
1859250 199
1859260 198
1859270 198
1859280 198
1859290 198
1859300 198
1859310 198
1859320 198
1859330 198
1859340 198
1859350 198
1859360 198
1859370 198
1859380 197
1859390 197
1859400 197
1859410 196
1859420 196
1859430 196
1859440 195
1859450 195
1859460 195
1859470 196
1859480 196
1859490 197
1859500 199
1859510 199
1859520 204
1859530 205
1859540 205
1859550 206
1859560 206
1859570 206
1859580 206
1859590 206
1859600 206
1859610 206
1859620 206
1859630 206
1859640 207
1859650 205
1859660 205
1859670 202
1859680 199
1859690 199
1859700 197
1859710 197
1859720 197
1859730 196
1859740 196
1859750 196
1859760 196
1859770 195
1859780 195
1859790 195
1859800 196
1859810 196
1859820 196
1859830 197
1859840 197
1859850 198
1859860 199
1859870 201
1859880 202
1859890 203
1859900 203
1859910 203
1859920 203
1859930 203
1859940 203
1859950 202
1859960 202
1859970 202
1859980 202
1859990 202
