1840000 206
1840010 206
1840020 207
1840030 208
1840040 208
1840050 211
1840060 212
1840070 212
1840080 214
1840090 215
1840100 215
1840110 217
1840120 218
1840130 218
1840140 220
1840150 221
1840160 221
1840170 222
1840180 223
1840190 223
1840200 224
1840210 225
1840220 225
1840230 226
1840240 227
1840250 227
1840260 227
1840270 227
1840280 227
1840290 229
1840300 231
1840310 231
1840320 232
1840330 233
1840340 233
1840350 234
1840360 236
1840370 236
1840380 237
1840390 237
1840400 237
1840410 237
1840420 237
1840430 238
1840440 240
1840450 240
1840460 241
1840470 242
1840480 242
1840490 243
1840500 243
1840510 244
1840520 245
1840530 242
1840540 242
1840550 243
1840560 246
1840570 246
1840580 248
1840590 249
1840600 249
1840610 250
1840620 250
1840630 250
1840640 251
1840650 252
1840660 252
1840670 253
1840680 253
1840690 253
1840700 254
1840710 254
1840720 254
1840730 254
1840740 255
1840750 255
1840760 255
1840770 255
1840780 255
1840790 255
1840800 256
1840810 256
1840820 256
1840830 256
1840840 256
1840850 256
1840860 256
1840870 256
1840880 256
1840890 256
1840900 256
1840910 257
1840920 257
1840930 257
1840940 257
1840950 257
1840960 257
1840970 257
1840980 257
1840990 257
1841000 257
1841010 257
1841020 257
1841030 258
1841040 258
1841050 258
1841060 258
1841070 259
1841080 259
1841090 259
1841100 259
1841110 259
1841120 260
1841130 260
1841140 260
1841150 260
1841160 261
1841170 261
1841180 261
1841190 261
1841200 261
1841210 262
1841220 262
1841230 262
1841240 262
1841250 263
1841260 263
1841270 263
1841280 263
1841290 263
1841300 263
1841310 264
1841320 264
1841330 264
1841340 264
1841350 264
1841360 265
1841370 265
1841380 265
1841390 265
1841400 265
1841410 265
1841420 265
1841430 266
1841440 266
1841450 266
1841460 266
1841470 266
1841480 267
1841490 267
1841500 267
1841510 267
1841520 267
1841530 267
1841540 267
1841550 267
1841560 268
1841570 268
1841580 268
1841590 268
1841600 268
1841610 268
1841620 268
1841630 268
1841640 268
1841650 269
1841660 269
1841670 269
1841680 269
1841690 269
1841700 269
1841710 269
1841720 269
1841730 269
1841740 269
1841750 269
1841760 269
1841770 269
1841780 269
1841790 269
1841800 269
1841810 269
1841820 269
1841830 269
1841840 269
1841850 269
1841860 269
1841870 268
1841880 268
1841890 268
1841900 268
1841910 268
1841920 268
1841930 268
1841940 268
1841950 268
1841960 268
1841970 268
1841980 268
1841990 268
1842000 268
1842010 268
1842020 268
1842030 268
1842040 268
1842050 268
1842060 268
1842070 268
1842080 268
1842090 268
1842100 268
1842110 267
1842120 267
1842130 267
1842140 267
1842150 267
1842160 267
1842170 267
1842180 267
1842190 267
1842200 267
1842210 267
1842220 267
1842230 267
1842240 267
1842250 267
1842260 267
1842270 267
1842280 267
1842290 267
1842300 267
1842310 267
1842320 267
1842330 267
1842340 267
1842350 267
1842360 267
1842370 267
1842380 267
1842390 267
1842400 266
1842410 266
1842420 266
1842430 266
1842440 266
1842450 266
1842460 266
1842470 266
1842480 266
1842490 265
1842500 265
1842510 265
1842520 265
1842530 265
1842540 265
1842550 265
1842560 265
1842570 265
1842580 262
1842590 258
1842600 258
1842610 258
1842620 258
1842630 258
1842640 258
1842650 263
1842660 263
1842670 264
1842680 264
1842690 264
1842700 264
1842710 264
1842720 264
1842730 264
1842740 264
1842750 264
1842760 263
1842770 263
1842780 263
1842790 262
1842800 262
1842810 262
1842820 262
1842830 262
1842840 262
1842850 261
1842860 261
1842870 261
1842880 261
1842890 261
1842900 261
1842910 260
1842920 260
1842930 260
1842940 260
1842950 260
1842960 259
1842970 259
1842980 259
1842990 259
1843000 259
1843010 259
1843020 258
1843030 258
1843040 258
1843050 257
1843060 257
1843070 257
1843080 257
1843090 256
1843100 256
1843110 256
1843120 255
1843130 255
1843140 255
1843150 255
1843160 255
1843170 254
1843180 254
1843190 254
1843200 253
1843210 253
1843220 253
1843230 253
1843240 252
1843250 252
1843260 252
1843270 251
1843280 251
1843290 251
1843300 251
1843310 251
1843320 250
1843330 250
1843340 250
1843350 249
1843360 249
1843370 249
1843380 249
1843390 248
1843400 248
1843410 248
1843420 248
1843430 248
1843440 248
1843450 247
1843460 247
1843470 247
1843480 246
1843490 246
1843500 246
1843510 245
1843520 245
1843530 244
1843540 243
1843550 243
1843560 242
1843570 242
1843580 242
1843590 241
1843600 240
1843610 240
1843620 238
1843630 237
1843640 237
1843650 236
1843660 235
1843670 235
1843680 234
1843690 233
1843700 233
1843710 233
1843720 233
1843730 233
1843740 233
1843750 232
1843760 232
1843770 233
1843780 232
1843790 232
1843800 232
1843810 232
1843820 232
1843830 232
1843840 232
1843850 232
1843860 232
1843870 232
1843880 231
1843890 231
1843900 231
1843910 231
1843920 230
1843930 230
1843940 230
1843950 229
1843960 229
1843970 229
1843980 228
1843990 228
1844000 228
1844010 227
1844020 227
1844030 226
1844040 225
1844050 225
1844060 224
1844070 223
1844080 223
1844090 222
1844100 220
1844110 220
1844120 219
1844130 217
1844140 217
1844150 216
1844160 214
1844170 214
1844180 212
1844190 211
1844200 211
1844210 209
1844220 208
1844230 208
1844240 207
1844250 207
1844260 207
1844270 207
1844280 207
1844290 207
1844300 207
1844310 207
1844320 207
1844330 209
1844340 213
1844350 213
1844360 217
1844370 222
1844380 222
1844390 225
1844400 227
1844410 227
1844420 228
1844430 228
1844440 228
1844450 229
1844460 229
1844470 229
1844480 229
1844490 229
1844500 229
1844510 226
1844520 225
1844530 225
1844540 225
1844550 225
1844560 225
1844570 225
1844580 225
1844590 225
1844600 225
1844610 225
1844620 225
1844630 225
1844640 225
1844650 225
1844660 225
1844670 225
1844680 225
1844690 225
1844700 225
1844710 225
1844720 225
1844730 225
1844740 225
1844750 225
1844760 225
1844770 225
1844780 225
1844790 225
1844800 225
1844810 225
1844820 225
1844830 225
1844840 225
1844850 225
1844860 225
1844870 225
1844880 225
1844890 225
1844900 224
1844910 224
1844920 224
1844930 223
1844940 223
1844950 223
1844960 222
1844970 222
1844980 222
1844990 221
1845000 221
1845010 221
1845020 220
1845030 220
1845040 220
1845050 219
1845060 219
1845070 218
1845080 217
1845090 217
1845100 216
1845110 215
1845120 215
1845130 215
1845140 215
1845150 215
1845160 215
1845170 216
1845180 216
1845190 216
1845200 217
1845210 217
1845220 218
1845230 218
1845240 218
1845250 219
1845260 219
1845270 219
1845280 219
1845290 219
1845300 219
1845310 219
1845320 219
1845330 219
1845340 219
1845350 218
1845360 218
1845370 218
1845380 218
1845390 218
1845400 218
1845410 218
1845420 218
1845430 218
1845440 218
1845450 218
1845460 218
1845470 219
1845480 219
1845490 219
1845500 219
1845510 219
1845520 219
1845530 219
1845540 219
1845550 219
1845560 219
1845570 219
1845580 219
1845590 218
1845600 218
1845610 218
1845620 218
1845630 218
1845640 218
1845650 219
1845660 219
1845670 219
1845680 219
1845690 219
1845700 220
1845710 220
1845720 220
1845730 220
1845740 220
1845750 220
1845760 221
1845770 221
1845780 221
1845790 221
1845800 221
1845810 221
1845820 222
1845830 222
1845840 222
1845850 223
1845860 223
1845870 223
1845880 223
1845890 224
1845900 224
1845910 224
1845920 225
1845930 225
1845940 225
1845950 226
1845960 226
1845970 226
1845980 227
1845990 227
1846000 227
1846010 227
1846020 227
1846030 228
1846040 226
1846050 226
1846060 224
1846070 224
1846080 224
1846090 226
1846100 229
1846110 229
1846120 229
1846130 229
1846140 229
1846150 230
1846160 230
1846170 230
1846180 230
1846190 230
1846200 230
1846210 229
1846220 229
1846230 229
1846240 229
1846250 229
1846260 229
1846270 229
1846280 229
1846290 228
1846300 228
1846310 227
1846320 227
1846330 226
1846340 226
1846350 225
1846360 223
1846370 223
1846380 222
1846390 221
1846400 221
1846410 219
1846420 218
1846430 218
1846440 217
1846450 216
1846460 216
1846470 215
1846480 215
1846490 215
1846500 214
1846510 214
1846520 214
1846530 214
1846540 213
1846550 213
1846560 213
1846570 213
1846580 213
1846590 212
1846600 212
1846610 212
1846620 212
1846630 211
1846640 211
1846650 211
1846660 211
1846670 209
1846680 209
1846690 208
1846700 208
1846710 208
1846720 207
1846730 207
1846740 207
1846750 206
1846760 206
1846770 205
1846780 205
1846790 205
1846800 204
1846810 204
1846820 204
1846830 203
1846840 203
1846850 203
1846860 202
1846870 202
1846880 202
1846890 201
1846900 201
1846910 201
1846920 200
1846930 200
1846940 200
1846950 199
1846960 199
1846970 199
1846980 199
1846990 199
1847000 199
1847010 198
1847020 198
1847030 197
1847040 197
1847050 196
1847060 196
1847070 196
1847080 195
1847090 195
1847100 194
1847110 193
1847120 193
1847130 193
1847140 192
1847150 192
1847160 191
1847170 190
1847180 190
1847190 189
1847200 188
1847210 188
1847220 187
1847230 186
1847240 186
1847250 186
1847260 186
1847270 186
1847280 186
1847290 186
1847300 185
1847310 185
1847320 185
1847330 185
1847340 184
1847350 184
1847360 184
1847370 183
1847380 183
1847390 182
1847400 181
1847410 181
1847420 181
1847430 180
1847440 180
1847450 179
1847460 179
1847470 179
1847480 179
1847490 178
1847500 178
1847510 178
1847520 178
1847530 178
1847540 178
1847550 178
1847560 178
1847570 178
1847580 178
1847590 178
1847600 178
1847610 178
1847620 178
1847630 178
1847640 178
1847650 178
1847660 178
1847670 178
1847680 178
1847690 178
1847700 178
1847710 178
1847720 178
1847730 178
1847740 178
1847750 178
1847760 178
1847770 178
1847780 178
1847790 177
1847800 177
1847810 177
1847820 178
1847830 178
1847840 178
1847850 178
1847860 178
1847870 178
1847880 178
1847890 178
1847900 178
1847910 178
1847920 178
1847930 178
1847940 178
1847950 178
1847960 178
1847970 178
1847980 178
1847990 178
1848000 178
1848010 178
1848020 178
1848030 178
1848040 178
1848050 178
1848060 179
1848070 179
1848080 180
1848090 181
1848100 181
1848110 182
1848120 184
1848130 184
1848140 184
1848150 181
1848160 181
1848170 181
1848180 185
1848190 185
1848200 192
1848210 193
1848220 193
1848230 197
1848240 199
1848250 199
1848260 199
1848270 199
1848280 199
1848290 198
1848300 198
1848310 198
1848320 198
1848330 197
1848340 197
1848350 197
1848360 197
1848370 197
1848380 196
1848390 196
1848400 196
1848410 196
1848420 196
1848430 196
1848440 195
1848450 195
1848460 195
1848470 195
1848480 195
1848490 195
1848500 195
1848510 195
1848520 195
1848530 194
1848540 194
1848550 194
1848560 194
1848570 194
1848580 194
1848590 194
1848600 194
1848610 194
1848620 194
1848630 194
1848640 194
1848650 194
1848660 194
1848670 194
1848680 194
1848690 194
1848700 193
1848710 193
1848720 193
1848730 193
1848740 193
1848750 193
1848760 193
1848770 192
1848780 192
1848790 192
1848800 192
1848810 192
1848820 192
1848830 192
1848840 192
1848850 191
1848860 191
1848870 191
1848880 190
1848890 190
1848900 190
1848910 189
1848920 188
1848930 188
1848940 188
1848950 187
1848960 187
1848970 186
1848980 185
1848990 185
1849000 184
1849010 183
1849020 183
1849030 183
1849040 182
1849050 182
1849060 181
1849070 180
1849080 180
1849090 179
1849100 178
1849110 178
1849120 177
1849130 177
1849140 177
1849150 176
1849160 176
1849170 176
1849180 176
1849190 176
1849200 176
1849210 176
1849220 177
1849230 177
1849240 177
1849250 176
1849260 176
1849270 176
1849280 176
1849290 176
1849300 176
1849310 176
1849320 176
1849330 176
1849340 176
1849350 176
1849360 176
1849370 176
1849380 176
1849390 177
1849400 177
1849410 177
1849420 178
1849430 179
1849440 179
1849450 180
1849460 181
1849470 181
1849480 183
1849490 185
1849500 185
1849510 187
1849520 187
1849530 189
1849540 191
1849550 191
1849560 193
1849570 194
1849580 194
1849590 199
1849600 202
1849610 202
1849620 203
1849630 204
1849640 204
1849650 205
1849660 206
1849670 206
1849680 207
1849690 208
1849700 208
1849710 209
1849720 209
1849730 209
1849740 209
1849750 209
1849760 209
1849770 209
1849780 209
1849790 209
1849800 209
1849810 209
1849820 209
1849830 209
1849840 209
1849850 209
1849860 209
1849870 209
1849880 209
1849890 209
1849900 209
1849910 209
1849920 209
1849930 209
1849940 209
1849950 208
1849960 208
1849970 208
1849980 208
1849990 207
1850000 207
1850010 207
1850020 207
1850030 207
1850040 206
1850050 206
1850060 206
1850070 205
1850080 204
1850090 204
1850100 204
1850110 203
1850120 203
1850130 202
1850140 202
1850150 202
1850160 201
1850170 200
1850180 200
1850190 199
1850200 199
1850210 199
1850220 198
1850230 198
1850240 198
1850250 197
1850260 197
1850270 197
1850280 196
1850290 196
1850300 196
1850310 195
1850320 195
1850330 195
1850340 195
1850350 194
1850360 194
1850370 194
1850380 194
1850390 194
1850400 193
1850410 193
1850420 193
1850430 192
1850440 192
1850450 192
1850460 192
1850470 192
1850480 192
1850490 192
1850500 193
1850510 193
1850520 194
1850530 195
1850540 195
1850550 196
1850560 197
1850570 197
1850580 199
1850590 200
1850600 200
1850610 200
1850620 201
1850630 201
1850640 202
1850650 203
1850660 203
1850670 204
1850680 204
1850690 205
1850700 205
1850710 205
1850720 206
1850730 207
1850740 207
1850750 208
1850760 209
1850770 209
1850780 210
1850790 210
1850800 210
1850810 211
1850820 212
1850830 212
1850840 213
1850850 214
1850860 214
1850870 215
1850880 216
1850890 216
1850900 216
1850910 217
1850920 217
1850930 217
1850940 218
1850950 218
1850960 218
1850970 218
1850980 218
1850990 218
1851000 218
1851010 218
1851020 218
1851030 218
1851040 218
1851050 218
1851060 218
1851070 218
1851080 218
1851090 217
1851100 217
1851110 217
1851120 217
1851130 217
1851140 217
1851150 216
1851160 216
1851170 215
1851180 214
1851190 214
1851200 213
1851210 212
1851220 212
1851230 211
1851240 210
1851250 210
1851260 209
1851270 208
1851280 208
1851290 208
1851300 207
1851310 207
1851320 205
1851330 205
1851340 205
1851350 204
1851360 204
1851370 204
1851380 205
1851390 205
1851400 205
1851410 205
1851420 206
1851430 206
1851440 206
1851450 206
1851460 206
1851470 206
1851480 206
1851490 206
1851500 206
1851510 206
1851520 206
1851530 206
1851540 206
1851550 206
1851560 207
1851570 207
1851580 207
1851590 208
1851600 208
1851610 208
1851620 209
1851630 210
1851640 210
1851650 211
1851660 211
1851670 212
1851680 212
1851690 213
1851700 213
1851710 214
1851720 215
1851730 215
1851740 215
1851750 216
1851760 216
1851770 217
1851780 218
1851790 218
1851800 218
1851810 218
1851820 219
1851830 220
1851840 220
1851850 220
1851860 221
1851870 221
1851880 222
1851890 222
1851900 222
1851910 223
1851920 223
1851930 223
1851940 224
1851950 224
1851960 224
1851970 224
1851980 224
1851990 224
1852000 224
1852010 224
1852020 224
1852030 224
1852040 224
1852050 224
1852060 224
1852070 224
1852080 224
1852090 224
1852100 224
1852110 224
1852120 224
1852130 224
1852140 224
1852150 224
1852160 224
1852170 224
1852180 224
1852190 224
1852200 224
1852210 224
1852220 224
1852230 224
1852240 224
1852250 224
1852260 224
1852270 224
1852280 225
1852290 225
1852300 224
1852310 224
1852320 224
1852330 224
1852340 224
1852350 224
1852360 224
1852370 225
1852380 225
1852390 225
1852400 226
1852410 226
1852420 226
1852430 226
1852440 226
1852450 226
1852460 227
1852470 227
1852480 227
1852490 227
1852500 227
1852510 228
1852520 228
1852530 228
1852540 228
1852550 229
1852560 229
1852570 229
1852580 229
1852590 229
1852600 229
1852610 229
1852620 229
1852630 230
1852640 230
1852650 230
1852660 230
1852670 230
1852680 230
1852690 229
1852700 229
1852710 229
1852720 228
1852730 228
1852740 228
1852750 228
1852760 227
1852770 227
1852780 226
1852790 226
1852800 226
1852810 226
1852820 226
1852830 226
1852840 226
1852850 226
1852860 226
1852870 227
1852880 227
1852890 227
1852900 228
1852910 228
1852920 228
1852930 228
1852940 228
1852950 228
1852960 228
1852970 228
1852980 227
1852990 226
1853000 226
1853010 225
1853020 224
1853030 224
1853040 223
1853050 222
1853060 222
1853070 222
1853080 221
1853090 222
1853100 220
1853110 219
1853120 219
1853130 219
1853140 219
1853150 219
1853160 219
1853170 218
1853180 218
1853190 218
1853200 217
1853210 217
1853220 217
1853230 217
1853240 217
1853250 220
1853260 223
1853270 223
1853280 226
1853290 227
1853300 227
1853310 229
1853320 232
1853330 232
1853340 234
1853350 238
1853360 238
1853370 241
1853380 243
1853390 243
1853400 245
1853410 247
1853420 247
1853430 247
1853440 248
1853450 248
1853460 248
1853470 249
1853480 249
1853490 250
1853500 251
1853510 251
1853520 251
1853530 252
1853540 252
1853550 252
1853560 253
1853570 253
1853580 254
1853590 255
1853600 255
1853610 255
1853620 256
1853630 256
1853640 256
1853650 257
1853660 257
1853670 258
1853680 259
1853690 259
1853700 259
1853710 260
1853720 260
1853730 260
1853740 260
1853750 260
1853760 261
1853770 261
1853780 261
1853790 261
1853800 262
1853810 262
1853820 262
1853830 263
1853840 263
1853850 263
1853860 264
1853870 264
1853880 264
1853890 264
1853900 264
1853910 264
1853920 264
1853930 264
1853940 264
1853950 265
1853960 265
1853970 265
1853980 265
1853990 265
1854000 265
1854010 265
1854020 265
1854030 265
1854040 265
1854050 265
1854060 265
1854070 265
1854080 265
1854090 265
1854100 265
1854110 264
1854120 264
1854130 264
1854140 264
1854150 264
1854160 264
1854170 264
1854180 264
1854190 264
1854200 263
1854210 263
1854220 263
1854230 263
1854240 263
1854250 263
1854260 263
1854270 263
1854280 263
1854290 262
1854300 262
1854310 262
1854320 262
1854330 262
1854340 262
1854350 262
1854360 262
1854370 262
1854380 262
1854390 262
1854400 262
1854410 261
1854420 261
1854430 261
1854440 261
1854450 261
1854460 261
1854470 260
1854480 260
1854490 260
1854500 260
1854510 260
1854520 260
1854530 260
1854540 259
1854550 259
1854560 259
1854570 259
1854580 259
1854590 259
1854600 259
1854610 259
1854620 258
1854630 258
1854640 258
1854650 258
1854660 258
1854670 258
1854680 258
1854690 257
1854700 257
1854710 257
1854720 257
1854730 257
1854740 256
1854750 256
1854760 256
1854770 256
1854780 255
1854790 255
1854800 255
1854810 255
1854820 255
1854830 255
1854840 255
1854850 255
1854860 254
1854870 254
1854880 254
1854890 254
1854900 254
1854910 254
1854920 253
1854930 253
1854940 253
1854950 253
1854960 252
1854970 252
1854980 252
1854990 252
1855000 252
1855010 251
1855020 251
1855030 251
1855040 251
1855050 250
1855060 250
1855070 250
1855080 250
1855090 250
1855100 249
1855110 249
1855120 249
1855130 249
1855140 248
1855150 248
1855160 248
1855170 248
1855180 248
1855190 247
1855200 247
1855210 246
1855220 246
1855230 246
1855240 246
1855250 245
1855260 245
1855270 245
1855280 244
1855290 244
1855300 243
1855310 243
1855320 243
1855330 242
1855340 242
1855350 242
1855360 241
1855370 240
1855380 240
1855390 240
1855400 239
1855410 239
1855420 238
1855430 238
1855440 238
1855450 237
1855460 236
1855470 236
1855480 234
1855490 233
1855500 233
1855510 232
1855520 231
1855530 231
1855540 230
1855550 228
1855560 228
1855570 228
1855580 227
1855590 227
1855600 227
1855610 226
1855620 226
1855630 226
1855640 225
1855650 225
1855660 224
1855670 224
1855680 224
1855690 223
1855700 222
1855710 222
1855720 222
1855730 223
1855740 223
1855750 225
1855760 226
1855770 226
1855780 226
1855790 226
1855800 226
1855810 226
1855820 226
1855830 226
1855840 226
1855850 226
1855860 226
1855870 226
1855880 226
1855890 226
1855900 228
1855910 228
1855920 228
1855930 228
1855940 228
1855950 228
1855960 228
1855970 228
1855980 228
1855990 228
1856000 227
1856010 227
1856020 226
1856030 226
1856040 226
1856050 226
1856060 227
1856070 227
1856080 228
1856090 230
1856100 230
1856110 231
1856120 232
1856130 232
1856140 233
1856150 233
1856160 233
1856170 234
1856180 235
1856190 235
1856200 235
1856210 236
1856220 236
1856230 237
1856240 237
1856250 238
1856260 239
1856270 239
1856280 239
1856290 239
1856300 239
1856310 239
1856320 238
1856330 238
1856340 238
1856350 238
1856360 238
1856370 237
1856380 236
1856390 236
1856400 235
1856410 235
1856420 235
1856430 234
1856440 234
1856450 234
1856460 233
1856470 233
1856480 233
1856490 232
1856500 232
1856510 232
1856520 232
1856530 232
1856540 232
1856550 232
1856560 232
1856570 232
1856580 231
1856590 231
1856600 231
1856610 231
1856620 231
1856630 231
1856640 231
1856650 231
1856660 231
1856670 230
1856680 230
1856690 230
1856700 230
1856710 230
1856720 230
1856730 229
1856740 229
1856750 229
1856760 228
1856770 228
1856780 228
1856790 227
1856800 225
1856810 225
1856820 224
1856830 223
1856840 223
1856850 223
1856860 222
1856870 222
1856880 223
1856890 223
1856900 223
1856910 224
1856920 225
1856930 225
1856940 226
1856950 229
1856960 229
1856970 230
1856980 230
1856990 230
1857000 230
1857010 230
1857020 230
1857030 230
1857040 230
1857050 230
1857060 230
1857070 230
1857080 230
1857090 230
1857100 230
1857110 230
1857120 230
1857130 229
1857140 229
1857150 230
1857160 230
1857170 230
1857180 229
1857190 229
1857200 229
1857210 229
1857220 229
1857230 229
1857240 229
1857250 229
1857260 229
1857270 229
1857280 229
1857290 229
1857300 230
1857310 230
1857320 230
1857330 231
1857340 231
1857350 231
1857360 231
1857370 231
1857380 231
1857390 231
1857400 231
1857410 231
1857420 231
1857430 231
1857440 231
1857450 231
1857460 231
1857470 231
1857480 231
1857490 231
1857500 231
1857510 231
1857520 231
1857530 231
1857540 231
1857550 231
1857560 231
1857570 231
1857580 231
1857590 231
1857600 231
1857610 231
1857620 231
1857630 231
1857640 231
1857650 230
1857660 230
1857670 230
1857680 229
1857690 229
1857700 229
1857710 229
1857720 229
1857730 229
1857740 229
1857750 229
1857760 229
1857770 229
1857780 229
1857790 229
1857800 229
1857810 229
1857820 229
1857830 229
1857840 228
1857850 228
1857860 228
1857870 228
1857880 228
1857890 228
1857900 228
1857910 228
1857920 228
1857930 227
1857940 227
1857950 227
1857960 227
1857970 227
1857980 227
1857990 226
1858000 226
1858010 226
1858020 226
1858030 226
1858040 226
1858050 225
1858060 225
1858070 225
1858080 225
1858090 225
1858100 225
1858110 225
1858120 225
1858130 225
1858140 225
1858150 225
1858160 225
1858170 224
1858180 224
1858190 224
1858200 224
1858210 224
1858220 223
1858230 223
1858240 223
1858250 223
1858260 222
1858270 222
1858280 222
1858290 221
1858300 221
1858310 219
1858320 217
1858330 217
1858340 216
1858350 214
1858360 214
1858370 213
1858380 214
1858390 214
1858400 215
1858410 216
1858420 216
1858430 217
1858440 218
1858450 218
1858460 218
1858470 219
1858480 219
1858490 220
1858500 220
1858510 220
1858520 219
1858530 218
1858540 218
1858550 218
1858560 218
1858570 217
1858580 216
1858590 216
1858600 216
1858610 216
1858620 216
1858630 215
1858640 215
1858650 215
1858660 214
1858670 212
1858680 212
1858690 211
1858700 210
1858710 210
1858720 210
1858730 211
1858740 211
1858750 211
1858760 212
1858770 212
1858780 213
1858790 214
1858800 214
1858810 215
1858820 217
1858830 217
1858840 218
1858850 219
1858860 219
1858870 219
1858880 220
1858890 220
1858900 220
1858910 220
1858920 220
1858930 220
1858940 220
1858950 220
1858960 220
1858970 220
1858980 220
1858990 220
1859000 220
1859010 220
1859020 219
1859030 218
1859040 218
1859050 217
1859060 217
1859070 217
1859080 217
1859090 217
1859100 217
1859110 216
1859120 217
1859130 217
1859140 217
1859150 217
1859160 217
1859170 217
1859180 217
1859190 217
1859200 216
1859210 216
1859220 216
1859230 216
1859240 216
1859250 216
1859260 215
1859270 215
1859280 215
1859290 214
1859300 214
1859310 214
1859320 213
1859330 213
1859340 213
1859350 213
1859360 211
1859370 211
1859380 210
1859390 207
1859400 206
1859410 204
1859420 204
1859430 204
1859440 205
1859450 207
1859460 207
1859470 209
1859480 210
1859490 210
1859500 210
1859510 210
1859520 210
1859530 210
1859540 210
1859550 210
1859560 211
1859570 212
1859580 212
1859590 212
1859600 211
1859610 211
1859620 211
1859630 210
1859640 210
1859650 209
1859660 208
1859670 208
1859680 208
1859690 208
1859700 209
1859710 210
1859720 210
1859730 210
1859740 210
1859750 210
1859760 210
1859770 211
1859780 211
1859790 208
1859800 207
1859810 207
1859820 212
1859830 212
1859840 212
1859850 211
1859860 211
1859870 211
1859880 211
1859890 211
1859900 211
1859910 211
1859920 211
1859930 211
1859940 211
1859950 211
1859960 211
1859970 211
1859980 211
1859990 211
