1840000 209
1840010 208
1840020 208
1840030 207
1840040 206
1840050 206
1840060 205
1840070 205
1840080 205
1840090 205
1840100 205
1840110 205
1840120 204
1840130 204
1840140 204
1840150 204
1840160 204
1840170 204
1840180 203
1840190 204
1840200 204
1840210 205
1840220 205
1840230 205
1840240 205
1840250 206
1840260 206
1840270 206
1840280 209
1840290 209
1840300 213
1840310 213
1840320 215
1840330 217
1840340 217
1840350 219
1840360 221
1840370 221
1840380 223
1840390 225
1840400 225
1840410 227
1840420 229
1840430 229
1840440 234
1840450 235
1840460 235
1840470 236
1840480 236
1840490 236
1840500 236
1840510 237
1840520 237
1840530 237
1840540 238
1840550 238
1840560 238
1840570 239
1840580 239
1840590 239
1840600 240
1840610 240
1840620 240
1840630 241
1840640 241
1840650 241
1840660 242
1840670 242
1840680 242
1840690 243
1840700 243
1840710 243
1840720 244
1840730 244
1840740 244
1840750 245
1840760 245
1840770 245
1840780 245
1840790 245
1840800 245
1840810 245
1840820 245
1840830 246
1840840 246
1840850 246
1840860 246
1840870 246
1840880 246
1840890 247
1840900 247
1840910 247
1840920 247
1840930 247
1840940 247
1840950 247
1840960 246
1840970 246
1840980 243
1840990 241
1841000 241
1841010 240
1841020 241
1841030 241
1841040 245
1841050 248
1841060 248
1841070 249
1841080 250
1841090 250
1841100 250
1841110 250
1841120 250
1841130 251
1841140 251
1841150 251
1841160 251
1841170 252
1841180 252
1841190 252
1841200 253
1841210 253
1841220 253
1841230 253
1841240 253
1841250 253
1841260 253
1841270 253
1841280 253
1841290 254
1841300 254
1841310 254
1841320 254
1841330 254
1841340 254
1841350 255
1841360 255
1841370 255
1841380 255
1841390 255
1841400 256
1841410 256
1841420 256
1841430 256
1841440 257
1841450 257
1841460 257
1841470 257
1841480 257
1841490 257
1841500 257
1841510 258
1841520 258
1841530 258
1841540 258
1841550 258
1841560 258
1841570 258
1841580 259
1841590 259
1841600 259
1841610 259
1841620 259
1841630 259
1841640 259
1841650 259
1841660 260
1841670 260
1841680 260
1841690 260
1841700 260
1841710 260
1841720 260
1841730 260
1841740 260
1841750 260
1841760 261
1841770 261
1841780 261
1841790 261
1841800 261
1841810 261
1841820 261
1841830 261
1841840 261
1841850 261
1841860 261
1841870 261
1841880 261
1841890 261
1841900 261
1841910 261
1841920 261
1841930 261
1841940 261
1841950 261
1841960 261
1841970 261
1841980 261
1841990 261
1842000 261
1842010 261
1842020 260
1842030 260
1842040 260
1842050 260
1842060 260
1842070 260
1842080 260
1842090 260
1842100 260
1842110 260
1842120 260
1842130 260
1842140 260
1842150 260
1842160 260
1842170 260
1842180 260
1842190 260
1842200 259
1842210 259
1842220 259
1842230 259
1842240 258
1842250 258
1842260 258
1842270 257
1842280 257
1842290 256
1842300 255
1842310 255
1842320 254
1842330 253
1842340 253
1842350 253
1842360 252
1842370 252
1842380 252
1842390 252
1842400 252
1842410 251
1842420 251
1842430 251
1842440 251
1842450 251
1842460 251
1842470 250
1842480 250
1842490 250
1842500 250
1842510 250
1842520 250
1842530 249
1842540 249
1842550 249
1842560 249
1842570 249
1842580 249
1842590 249
1842600 249
1842610 250
1842620 250
1842630 250
1842640 251
1842650 255
1842660 255
1842670 253
1842680 253
1842690 253
1842700 253
1842710 253
1842720 253
1842730 255
1842740 250
1842750 250
1842760 248
1842770 248
1842780 248
1842790 248
1842800 248
1842810 248
1842820 248
1842830 249
1842840 249
1842850 249
1842860 249
1842870 249
1842880 249
1842890 249
1842900 249
1842910 249
1842920 249
1842930 249
1842940 249
1842950 249
1842960 249
1842970 249
1842980 248
1842990 248
1843000 248
1843010 247
1843020 247
1843030 246
1843040 245
1843050 245
1843060 244
1843070 242
1843080 242
1843090 242
1843100 241
1843110 241
1843120 240
1843130 240
1843140 240
1843150 239
1843160 238
1843170 238
1843180 237
1843190 237
1843200 237
1843210 237
1843220 238
1843230 238
1843240 238
1843250 239
1843260 239
1843270 239
1843280 239
1843290 239
1843300 239
1843310 239
1843320 239
1843330 239
1843340 239
1843350 239
1843360 238
1843370 238
1843380 238
1843390 237
1843400 236
1843410 236
1843420 235
1843430 234
1843440 234
1843450 233
1843460 232
1843470 232
1843480 231
1843490 230
1843500 230
1843510 229
1843520 229
1843530 229
1843540 229
1843550 228
1843560 228
1843570 227
1843580 227
1843590 227
1843600 226
1843610 226
1843620 226
1843630 225
1843640 225
1843650 225
1843660 225
1843670 225
1843680 225
1843690 224
1843700 225
1843710 225
1843720 225
1843730 224
1843740 224
1843750 224
1843760 223
1843770 223
1843780 222
1843790 222
1843800 221
1843810 220
1843820 220
1843830 218
1843840 218
1843850 218
1843860 218
1843870 217
1843880 217
1843890 217
1843900 217
1843910 217
1843920 217
1843930 217
1843940 217
1843950 217
1843960 219
1843970 219
1843980 220
1843990 221
1844000 221
1844010 222
1844020 223
1844030 223
1844040 223
1844050 223
1844060 221
1844070 222
1844080 225
1844090 225
1844100 229
1844110 229
1844120 229
1844130 229
1844140 229
1844150 229
1844160 228
1844170 226
1844180 226
1844190 224
1844200 224
1844210 224
1844220 222
1844230 222
1844240 222
1844250 222
1844260 222
1844270 222
1844280 222
1844290 222
1844300 222
1844310 222
1844320 222
1844330 222
1844340 222
1844350 223
1844360 223
1844370 224
1844380 225
1844390 225
1844400 226
1844410 227
1844420 226
1844430 227
1844440 228
1844450 228
1844460 229
1844470 230
1844480 230
1844490 231
1844500 232
1844510 232
1844520 233
1844530 234
1844540 234
1844550 235
1844560 236
1844570 236
1844580 237
1844590 238
1844600 238
1844610 239
1844620 240
1844630 240
1844640 240
1844650 241
1844660 241
1844670 241
1844680 241
1844690 241
1844700 241
1844710 241
1844720 241
1844730 241
1844740 240
1844750 240
1844760 239
1844770 238
1844780 238
1844790 237
1844800 236
1844810 236
1844820 235
1844830 235
1844840 235
1844850 234
1844860 233
1844870 233
1844880 232
1844890 232
1844900 232
1844910 231
1844920 232
1844930 232
1844940 232
1844950 232
1844960 233
1844970 233
1844980 233
1844990 234
1845000 234
1845010 234
1845020 235
1845030 235
1845040 235
1845050 235
1845060 235
1845070 235
1845080 236
1845090 236
1845100 236
1845110 236
1845120 236
1845130 236
1845140 235
1845150 235
1845160 235
1845170 234
1845180 234
1845190 234
1845200 234
1845210 234
1845220 234
1845230 234
1845240 234
1845250 234
1845260 234
1845270 234
1845280 234
1845290 234
1845300 234
1845310 234
1845320 233
1845330 233
1845340 233
1845350 233
1845360 233
1845370 233
1845380 233
1845390 233
1845400 233
1845410 233
1845420 233
1845430 233
1845440 232
1845450 232
1845460 232
1845470 232
1845480 232
1845490 232
1845500 231
1845510 231
1845520 231
1845530 230
1845540 230
1845550 230
1845560 229
1845570 228
1845580 228
1845590 227
1845600 227
1845610 227
1845620 226
1845630 226
1845640 226
1845650 226
1845660 226
1845670 226
1845680 225
1845690 225
1845700 225
1845710 224
1845720 224
1845730 224
1845740 223
1845750 222
1845760 222
1845770 222
1845780 221
1845790 221
1845800 221
1845810 220
1845820 220
1845830 220
1845840 219
1845850 219
1845860 219
1845870 218
1845880 218
1845890 218
1845900 218
1845910 218
1845920 218
1845930 218
1845940 218
1845950 218
1845960 218
1845970 218
1845980 218
1845990 218
1846000 218
1846010 217
1846020 217
1846030 217
1846040 217
1846050 217
1846060 217
1846070 217
1846080 217
1846090 217
1846100 217
1846110 217
1846120 217
1846130 217
1846140 217
1846150 217
1846160 217
1846170 217
1846180 217
1846190 218
1846200 218
1846210 218
1846220 218
1846230 219
1846240 219
1846250 219
1846260 219
1846270 220
1846280 220
1846290 220
1846300 220
1846310 220
1846320 220
1846330 220
1846340 221
1846350 221
1846360 221
1846370 221
1846380 221
1846390 221
1846400 221
1846410 221
1846420 222
1846430 222
1846440 222
1846450 222
1846460 222
1846470 222
1846480 222
1846490 222
1846500 222
1846510 223
1846520 223
1846530 223
1846540 223
1846550 223
1846560 223
1846570 223
1846580 223
1846590 224
1846600 223
1846610 223
1846620 223
1846630 223
1846640 223
1846650 223
1846660 223
1846670 222
1846680 222
1846690 222
1846700 222
1846710 222
1846720 222
1846730 221
1846740 221
1846750 221
1846760 221
1846770 221
1846780 220
1846790 219
1846800 219
1846810 219
1846820 218
1846830 218
1846840 218
1846850 217
1846860 217
1846870 217
1846880 216
1846890 216
1846900 216
1846910 215
1846920 215
1846930 215
1846940 214
1846950 214
1846960 213
1846970 213
1846980 213
1846990 213
1847000 212
1847010 212
1847020 212
1847030 211
1847040 211
1847050 211
1847060 211
1847070 211
1847080 210
1847090 209
1847100 209
1847110 209
1847120 207
1847130 207
1847140 205
1847150 204
1847160 204
1847170 205
1847180 206
1847190 206
1847200 206
1847210 205
1847220 205
1847230 205
1847240 204
1847250 204
1847260 203
1847270 203
1847280 203
1847290 202
1847300 202
1847310 201
1847320 200
1847330 200
1847340 200
1847350 199
1847360 199
1847370 198
1847380 197
1847390 197
1847400 197
1847410 196
1847420 196
1847430 195
1847440 195
1847450 195
1847460 194
1847470 193
1847480 193
1847490 193
1847500 192
1847510 192
1847520 192
1847530 191
1847540 191
1847550 190
1847560 189
1847570 189
1847580 187
1847590 186
1847600 186
1847610 185
1847620 183
1847630 183
1847640 182
1847650 181
1847660 181
1847670 181
1847680 180
1847690 180
1847700 180
1847710 180
1847720 180
1847730 180
1847740 180
1847750 180
1847760 181
1847770 181
1847780 181
1847790 181
1847800 180
1847810 180
1847820 180
1847830 179
1847840 179
1847850 179
1847860 178
1847870 178
1847880 178
1847890 178
1847900 178
1847910 178
1847920 178
1847930 178
1847940 177
1847950 177
1847960 177
1847970 177
1847980 177
1847990 177
1848000 177
1848010 177
1848020 177
1848030 177
1848040 177
1848050 177
1848060 177
1848070 177
1848080 177
1848090 177
1848100 176
1848110 176
1848120 177
1848130 177
1848140 177
1848150 177
1848160 177
1848170 177
1848180 177
1848190 176
1848200 176
1848210 176
1848220 176
1848230 176
1848240 176
1848250 176
1848260 176
1848270 177
1848280 177
1848290 177
1848300 177
1848310 177
1848320 177
1848330 177
1848340 177
1848350 177
1848360 177
1848370 177
1848380 177
1848390 177
1848400 177
1848410 177
1848420 177
1848430 177
1848440 177
1848450 178
1848460 178
1848470 178
1848480 178
1848490 178
1848500 179
1848510 179
1848520 179
1848530 179
1848540 180
1848550 180
1848560 180
1848570 181
1848580 181
1848590 184
1848600 184
1848610 184
1848620 183
1848630 183
1848640 183
1848650 182
1848660 181
1848670 181
1848680 181
1848690 180
1848700 180
1848710 180
1848720 179
1848730 179
1848740 179
1848750 179
1848760 179
1848770 178
1848780 178
1848790 178
1848800 178
1848810 177
1848820 177
1848830 177
1848840 176
1848850 176
1848860 176
1848870 176
1848880 176
1848890 176
1848900 176
1848910 176
1848920 176
1848930 176
1848940 176
1848950 175
1848960 175
1848970 175
1848980 175
1848990 175
1849000 175
1849010 175
1849020 175
1849030 175
1849040 175
1849050 175
1849060 175
1849070 175
1849080 175
1849090 175
1849100 175
1849110 175
1849120 175
1849130 175
1849140 176
1849150 176
1849160 176
1849170 176
1849180 176
1849190 176
1849200 176
1849210 176
1849220 178
1849230 179
1849240 179
1849250 180
1849260 180
1849270 180
1849280 181
1849290 182
1849300 182
1849310 182
1849320 181
1849330 181
1849340 181
1849350 181
1849360 181
1849370 181
1849380 180
1849390 180
1849400 179
1849410 179
1849420 179
1849430 178
1849440 178
1849450 178
1849460 178
1849470 178
1849480 178
1849490 178
1849500 178
1849510 178
1849520 178
1849530 179
1849540 179
1849550 179
1849560 179
1849570 179
1849580 180
1849590 180
1849600 180
1849610 181
1849620 181
1849630 181
1849640 182
1849650 182
1849660 183
1849670 183
1849680 183
1849690 184
1849700 185
1849710 185
1849720 185
1849730 186
1849740 186
1849750 186
1849760 187
1849770 187
1849780 188
1849790 189
1849800 189
1849810 189
1849820 190
1849830 190
1849840 191
1849850 192
1849860 192
1849870 193
1849880 193
1849890 193
1849900 194
1849910 195
1849920 195
1849930 197
1849940 198
1849950 198
1849960 199
1849970 202
1849980 202
1849990 204
1850000 208
1850010 208
1850020 211
1850030 213
1850040 213
1850050 214
1850060 215
1850070 215
1850080 217
1850090 218
1850100 218
1850110 218
1850120 219
1850130 219
1850140 219
1850150 219
1850160 219
1850170 219
1850180 219
1850190 219
1850200 219
1850210 219
1850220 219
1850230 219
1850240 218
1850250 218
1850260 217
1850270 216
1850280 216
1850290 214
1850300 212
1850310 212
1850320 210
1850330 208
1850340 208
1850350 206
1850360 205
1850370 205
1850380 204
1850390 204
1850400 204
1850410 204
1850420 205
1850430 205
1850440 206
1850450 208
1850460 208
1850470 210
1850480 211
1850490 211
1850500 212
1850510 213
1850520 212
1850530 212
1850540 213
1850550 213
1850560 213
1850570 214
1850580 214
1850590 214
1850600 215
1850610 215
1850620 216
1850630 216
1850640 216
1850650 217
1850660 217
1850670 217
1850680 218
1850690 218
1850700 218
1850710 218
1850720 218
1850730 219
1850740 219
1850750 219
1850760 219
1850770 219
1850780 219
1850790 219
1850800 219
1850810 219
1850820 219
1850830 219
1850840 219
1850850 219
1850860 219
1850870 219
1850880 220
1850890 220
1850900 220
1850910 220
1850920 220
1850930 220
1850940 220
1850950 220
1850960 220
1850970 220
1850980 220
1850990 220
1851000 221
1851010 221
1851020 221
1851030 221
1851040 221
1851050 221
1851060 221
1851070 221
1851080 221
1851090 221
1851100 221
1851110 221
1851120 222
1851130 222
1851140 222
1851150 223
1851160 223
1851170 223
1851180 223
1851190 224
1851200 224
1851210 224
1851220 224
1851230 224
1851240 225
1851250 225
1851260 225
1851270 226
1851280 226
1851290 226
1851300 226
1851310 227
1851320 227
1851330 227
1851340 227
1851350 227
1851360 228
1851370 228
1851380 228
1851390 228
1851400 229
1851410 229
1851420 229
1851430 229
1851440 229
1851450 229
1851460 229
1851470 229
1851480 229
1851490 229
1851500 229
1851510 229
1851520 229
1851530 229
1851540 229
1851550 229
1851560 229
1851570 229
1851580 229
1851590 229
1851600 229
1851610 229
1851620 229
1851630 229
1851640 229
1851650 229
1851660 229
1851670 229
1851680 229
1851690 229
1851700 229
1851710 229
1851720 229
1851730 229
1851740 229
1851750 229
1851760 228
1851770 228
1851780 228
1851790 228
1851800 228
1851810 228
1851820 228
1851830 228
1851840 227
1851850 227
1851860 227
1851870 227
1851880 227
1851890 227
1851900 227
1851910 227
1851920 227
1851930 227
1851940 227
1851950 227
1851960 227
1851970 227
1851980 226
1851990 226
1852000 226
1852010 225
1852020 225
1852030 225
1852040 225
1852050 225
1852060 225
1852070 225
1852080 224
1852090 224
1852100 224
1852110 224
1852120 224
1852130 224
1852140 224
1852150 224
1852160 224
1852170 224
1852180 224
1852190 224
1852200 224
1852210 224
1852220 225
1852230 224
1852240 224
1852250 224
1852260 224
1852270 224
1852280 223
1852290 223
1852300 223
1852310 222
1852320 221
1852330 221
1852340 221
1852350 220
1852360 220
1852370 219
1852380 218
1852390 218
1852400 218
1852410 217
1852420 217
1852430 216
1852440 215
1852450 215
1852460 214
1852470 213
1852480 213
1852490 212
1852500 212
1852510 212
1852520 211
1852530 210
1852540 210
1852550 209
1852560 209
1852570 209
1852580 208
1852590 209
1852600 209
1852610 209
1852620 209
1852630 209
1852640 210
1852650 210
1852660 210
1852670 210
1852680 210
1852690 210
1852700 209
1852710 209
1852720 209
1852730 208
1852740 207
1852750 207
1852760 207
1852770 207
1852780 207
1852790 207
1852800 207
1852810 207
1852820 208
1852830 208
1852840 208
1852850 208
1852860 208
1852870 208
1852880 208
1852890 207
1852900 207
1852910 207
1852920 206
1852930 206
1852940 206
1852950 206
1852960 206
1852970 205
1852980 205
1852990 205
1853000 205
1853010 205
1853020 205
1853030 205
1853040 205
1853050 205
1853060 206
1853070 206
1853080 207
1853090 208
1853100 208
1853110 209
1853120 210
1853130 210
1853140 211
1853150 213
1853160 213
1853170 214
1853180 215
1853190 215
1853200 216
1853210 217
1853220 217
1853230 218
1853240 219
1853250 219
1853260 220
1853270 221
1853280 221
1853290 223
1853300 224
1853310 224
1853320 226
1853330 228
1853340 228
1853350 229
1853360 231
1853370 231
1853380 232
1853390 234
1853400 234
1853410 235
1853420 236
1853430 236
1853440 237
1853450 239
1853460 239
1853470 240
1853480 240
1853490 240
1853500 241
1853510 242
1853520 242
1853530 243
1853540 244
1853550 244
1853560 245
1853570 246
1853580 246
1853590 248
1853600 251
1853610 251
1853620 252
1853630 252
1853640 252
1853650 253
1853660 254
1853670 254
1853680 255
1853690 256
1853700 256
1853710 257
1853720 257
1853730 257
1853740 258
1853750 259
1853760 259
1853770 259
1853780 260
1853790 260
1853800 260
1853810 261
1853820 261
1853830 261
1853840 261
1853850 261
1853860 262
1853870 262
1853880 262
1853890 262
1853900 263
1853910 263
1853920 263
1853930 264
1853940 264
1853950 264
1853960 264
1853970 264
1853980 265
1853990 265
1854000 265
1854010 265
1854020 266
1854030 266
1854040 266
1854050 266
1854060 267
1854070 267
1854080 267
1854090 267
1854100 267
1854110 267
1854120 267
1854130 267
1854140 267
1854150 267
1854160 267
1854170 267
1854180 267
1854190 267
1854200 267
1854210 267
1854220 267
1854230 267
1854240 267
1854250 267
1854260 267
1854270 267
1854280 267
1854290 267
1854300 266
1854310 266
1854320 266
1854330 266
1854340 266
1854350 266
1854360 265
1854370 265
1854380 265
1854390 265
1854400 264
1854410 264
1854420 264
1854430 264
1854440 264
1854450 263
1854460 263
1854470 263
1854480 263
1854490 262
1854500 262
1854510 262
1854520 261
1854530 261
1854540 261
1854550 261
1854560 261
1854570 260
1854580 260
1854590 260
1854600 259
1854610 259
1854620 259
1854630 259
1854640 258
1854650 258
1854660 258
1854670 257
1854680 257
1854690 257
1854700 256
1854710 256
1854720 256
1854730 255
1854740 255
1854750 254
1854760 254
1854770 254
1854780 253
1854790 252
1854800 252
1854810 252
1854820 251
1854830 251
1854840 250
1854850 249
1854860 249
1854870 248
1854880 247
1854890 247
1854900 247
1854910 246
1854920 246
1854930 245
1854940 245
1854950 245
1854960 243
1854970 242
1854980 242
1854990 241
1855000 240
1855010 240
1855020 239
1855030 238
1855040 238
1855050 237
1855060 236
1855070 236
1855080 235
1855090 234
1855100 234
1855110 233
1855120 233
1855130 233
1855140 233
1855150 232
1855160 232
1855170 231
1855180 230
1855190 230
1855200 230
1855210 229
1855220 229
1855230 229
1855240 229
1855250 229
1855260 228
1855270 228
1855280 228
1855290 228
1855300 228
1855310 226
1855320 226
1855330 226
1855340 226
1855350 225
1855360 225
1855370 225
1855380 225
1855390 225
1855400 225
1855410 225
1855420 225
1855430 224
1855440 224
1855450 224
1855460 224
1855470 224
1855480 224
1855490 224
1855500 224
1855510 224
1855520 224
1855530 223
1855540 223
1855550 223
1855560 223
1855570 223
1855580 223
1855590 223
1855600 223
1855610 223
1855620 223
1855630 223
1855640 223
1855650 222
1855660 222
1855670 222
1855680 222
1855690 222
1855700 222
1855710 222
1855720 222
1855730 222
1855740 222
1855750 222
1855760 222
1855770 222
1855780 222
1855790 222
1855800 222
1855810 222
1855820 221
1855830 221
1855840 221
1855850 220
1855860 220
1855870 220
1855880 220
1855890 220
1855900 220
1855910 219
1855920 219
1855930 219
1855940 219
1855950 219
1855960 219
1855970 219
1855980 218
1855990 218
1856000 217
1856010 217
1856020 217
1856030 218
1856040 218
1856050 218
1856060 219
1856070 220
1856080 220
1856090 220
1856100 220
1856110 220
1856120 221
1856130 221
1856140 221
1856150 221
1856160 220
1856170 219
1856180 219
1856190 218
1856200 218
1856210 218
1856220 218
1856230 218
1856240 217
1856250 217
1856260 217
1856270 216
1856280 216
1856290 216
1856300 215
1856310 214
1856320 214
1856330 214
1856340 213
1856350 213
1856360 213
1856370 212
1856380 212
1856390 212
1856400 212
1856410 212
1856420 211
1856430 211
1856440 211
1856450 211
1856460 211
1856470 210
1856480 210
1856490 210
1856500 210
1856510 210
1856520 210
1856530 210
1856540 210
1856550 210
1856560 210
1856570 210
1856580 210
1856590 210
1856600 209
1856610 209
1856620 209
1856630 209
1856640 209
1856650 209
1856660 208
1856670 208
1856680 208
1856690 208
1856700 208
1856710 208
1856720 208
1856730 208
1856740 207
1856750 207
1856760 207
1856770 207
1856780 207
1856790 207
1856800 207
1856810 207
1856820 207
1856830 207
1856840 206
1856850 206
1856860 206
1856870 207
1856880 207
1856890 207
1856900 207
1856910 207
1856920 206
1856930 206
1856940 206
1856950 206
1856960 206
1856970 206
1856980 206
1856990 206
1857000 206
1857010 206
1857020 206
1857030 206
1857040 206
1857050 206
1857060 206
1857070 206
1857080 206
1857090 206
1857100 206
1857110 205
1857120 205
1857130 205
1857140 205
1857150 205
1857160 205
1857170 205
1857180 205
1857190 205
1857200 206
1857210 206
1857220 208
1857230 209
1857240 209
1857250 209
1857260 209
1857270 209
1857280 209
1857290 208
1857300 208
1857310 206
1857320 206
1857330 206
1857340 206
1857350 208
1857360 208
1857370 209
1857380 211
1857390 211
1857400 212
1857410 213
1857420 213
1857430 214
1857440 215
1857450 215
1857460 215
1857470 216
1857480 216
1857490 217
1857500 218
1857510 218
1857520 219
1857530 219
1857540 219
1857550 220
1857560 220
1857570 221
1857580 221
1857590 221
1857600 221
1857610 221
1857620 221
1857630 221
1857640 222
1857650 222
1857660 223
1857670 224
1857680 224
1857690 224
1857700 225
1857710 225
1857720 225
1857730 225
1857740 225
1857750 225
1857760 225
1857770 225
1857780 224
1857790 224
1857800 224
1857810 224
1857820 224
1857830 224
1857840 224
1857850 224
1857860 224
1857870 224
1857880 225
1857890 225
1857900 225
1857910 226
1857920 226
1857930 226
1857940 226
1857950 226
1857960 226
1857970 226
1857980 226
1857990 227
1858000 227
1858010 227
1858020 227
1858030 227
1858040 227
1858050 227
1858060 227
1858070 227
1858080 227
1858090 227
1858100 227
1858110 227
1858120 227
1858130 227
1858140 227
1858150 227
1858160 227
1858170 227
1858180 227
1858190 227
1858200 227
1858210 227
1858220 227
1858230 227
1858240 227
1858250 227
1858260 227
1858270 228
1858280 228
1858290 228
1858300 228
1858310 228
1858320 228
1858330 228
1858340 228
1858350 228
1858360 228
1858370 228
1858380 228
1858390 228
1858400 228
1858410 227
1858420 227
1858430 227
1858440 227
1858450 227
1858460 227
1858470 227
1858480 227
1858490 227
1858500 227
1858510 227
1858520 227
1858530 227
1858540 227
1858550 227
1858560 227
1858570 227
1858580 227
1858590 228
1858600 228
1858610 228
1858620 229
1858630 229
1858640 229
1858650 229
1858660 230
1858670 230
1858680 231
1858690 231
1858700 231
1858710 232
1858720 232
1858730 232
1858740 232
1858750 232
1858760 233
1858770 233
1858780 233
1858790 234
1858800 234
1858810 234
1858820 234
1858830 235
1858840 235
1858850 235
1858860 235
1858870 235
1858880 235
1858890 235
1858900 235
1858910 235
1858920 235
1858930 235
1858940 235
1858950 235
1858960 235
1858970 235
1858980 235
1858990 235
1859000 235
1859010 235
1859020 235
1859030 235
1859040 235
1859050 235
1859060 235
1859070 235
1859080 235
1859090 235
1859100 235
1859110 235
1859120 235
1859130 235
1859140 235
1859150 235
1859160 235
1859170 235
1859180 235
1859190 234
1859200 234
1859210 234
1859220 234
1859230 234
1859240 234
1859250 234
1859260 234
1859270 234
1859280 234
1859290 234
1859300 234
1859310 233
1859320 233
1859330 233
1859340 233
1859350 233
1859360 232
1859370 232
1859380 232
1859390 231
1859400 231
1859410 231
1859420 230
1859430 230
1859440 230
1859450 229
1859460 229
1859470 229
1859480 229
1859490 228
1859500 228
1859510 228
1859520 228
1859530 228
1859540 228
1859550 227
1859560 227
1859570 227
1859580 227
1859590 227
1859600 226
1859610 226
1859620 226
1859630 226
1859640 225
1859650 225
1859660 225
1859670 225
1859680 225
1859690 225
1859700 225
1859710 225
1859720 224
1859730 224
1859740 224
1859750 224
1859760 224
1859770 224
1859780 224
1859790 223
1859800 223
1859810 223
1859820 223
1859830 223
1859840 223
1859850 223
1859860 223
1859870 223
1859880 223
1859890 223
1859900 222
1859910 222
1859920 222
1859930 222
1859940 222
1859950 222
1859960 222
1859970 222
1859980 221
1859990 221
