1840000 209
1840010 211
1840020 212
1840030 212
1840040 213
1840050 216
1840060 216
1840070 217
1840080 218
1840090 218
1840100 220
1840110 221
1840120 221
1840130 222
1840140 224
1840150 224
1840160 225
1840170 227
1840180 227
1840190 228
1840200 229
1840210 229
1840220 230
1840230 231
1840240 231
1840250 231
1840260 232
1840270 232
1840280 233
1840290 235
1840300 235
1840310 235
1840320 236
1840330 236
1840340 236
1840350 237
1840360 237
1840370 237
1840380 238
1840390 238
1840400 240
1840410 241
1840420 241
1840430 242
1840440 243
1840450 243
1840460 244
1840470 245
1840480 245
1840490 246
1840500 246
1840510 247
1840520 248
1840530 248
1840540 249
1840550 250
1840560 250
1840570 250
1840580 251
1840590 251
1840600 252
1840610 252
1840620 252
1840630 252
1840640 253
1840650 253
1840660 253
1840670 254
1840680 254
1840690 254
1840700 255
1840710 255
1840720 255
1840730 255
1840740 255
1840750 255
1840760 256
1840770 256
1840780 256
1840790 256
1840800 256
1840810 256
1840820 256
1840830 256
1840840 257
1840850 257
1840860 257
1840870 257
1840880 257
1840890 257
1840900 257
1840910 258
1840920 258
1840930 258
1840940 258
1840950 258
1840960 259
1840970 259
1840980 259
1840990 259
1841000 259
1841010 259
1841020 260
1841030 260
1841040 260
1841050 260
1841060 260
1841070 260
1841080 261
1841090 261
1841100 261
1841110 261
1841120 262
1841130 262
1841140 262
1841150 262
1841160 262
1841170 263
1841180 263
1841190 263
1841200 263
1841210 264
1841220 264
1841230 264
1841240 264
1841250 264
1841260 265
1841270 265
1841280 265
1841290 265
1841300 265
1841310 265
1841320 266
1841330 266
1841340 266
1841350 266
1841360 267
1841370 267
1841380 267
1841390 267
1841400 267
1841410 267
1841420 267
1841430 267
1841440 267
1841450 268
1841460 268
1841470 268
1841480 268
1841490 268
1841500 268
1841510 268
1841520 268
1841530 269
1841540 269
1841550 269
1841560 269
1841570 269
1841580 269
1841590 269
1841600 269
1841610 269
1841620 270
1841630 270
1841640 270
1841650 270
1841660 270
1841670 270
1841680 270
1841690 270
1841700 270
1841710 270
1841720 270
1841730 270
1841740 270
1841750 270
1841760 270
1841770 270
1841780 270
1841790 270
1841800 270
1841810 270
1841820 270
1841830 270
1841840 270
1841850 270
1841860 270
1841870 270
1841880 270
1841890 270
1841900 270
1841910 270
1841920 270
1841930 270
1841940 270
1841950 270
1841960 270
1841970 270
1841980 270
1841990 270
1842000 270
1842010 270
1842020 270
1842030 270
1842040 270
1842050 270
1842060 270
1842070 270
1842080 270
1842090 270
1842100 270
1842110 270
1842120 270
1842130 270
1842140 270
1842150 270
1842160 270
1842170 270
1842180 270
1842190 270
1842200 270
1842210 270
1842220 270
1842230 270
1842240 270
1842250 270
1842260 270
1842270 270
1842280 270
1842290 270
1842300 270
1842310 270
1842320 270
1842330 270
1842340 270
1842350 270
1842360 270
1842370 270
1842380 270
1842390 270
1842400 270
1842410 270
1842420 269
1842430 269
1842440 269
1842450 269
1842460 269
1842470 269
1842480 269
1842490 269
1842500 269
1842510 269
1842520 268
1842530 268
1842540 268
1842550 268
1842560 268
1842570 264
1842580 259
1842590 259
1842600 259
1842610 259
1842620 259
1842630 259
1842640 264
1842650 264
1842660 267
1842670 266
1842680 266
1842690 266
1842700 266
1842710 266
1842720 266
1842730 265
1842740 265
1842750 265
1842760 265
1842770 265
1842780 264
1842790 264
1842800 264
1842810 264
1842820 264
1842830 263
1842840 263
1842850 263
1842860 262
1842870 262
1842880 262
1842890 262
1842900 261
1842910 261
1842920 261
1842930 260
1842940 260
1842950 260
1842960 259
1842970 259
1842980 259
1842990 259
1843000 259
1843010 258
1843020 257
1843030 257
1843040 257
1843050 257
1843060 257
1843070 256
1843080 256
1843090 256
1843100 255
1843110 255
1843120 255
1843130 254
1843140 254
1843150 254
1843160 253
1843170 253
1843180 253
1843190 253
1843200 252
1843210 252
1843220 252
1843230 251
1843240 251
1843250 251
1843260 251
1843270 251
1843280 250
1843290 250
1843300 250
1843310 250
1843320 249
1843330 249
1843340 249
1843350 249
1843360 249
1843370 248
1843380 248
1843390 248
1843400 247
1843410 247
1843420 247
1843430 247
1843440 246
1843450 246
1843460 246
1843470 245
1843480 245
1843490 245
1843500 245
1843510 245
1843520 244
1843530 244
1843540 244
1843550 243
1843560 243
1843570 243
1843580 242
1843590 241
1843600 241
1843610 240
1843620 239
1843630 239
1843640 239
1843650 238
1843660 238
1843670 237
1843680 236
1843690 236
1843700 235
1843710 234
1843720 234
1843730 233
1843740 232
1843750 232
1843760 231
1843770 231
1843780 231
1843790 229
1843800 229
1843810 229
1843820 227
1843830 223
1843840 223
1843850 222
1843860 222
1843870 222
1843880 222
1843890 223
1843900 223
1843910 222
1843920 222
1843930 221
1843940 222
1843950 222
1843960 221
1843970 221
1843980 221
1843990 220
1844000 219
1844010 219
1844020 219
1844030 218
1844040 218
1844050 216
1844060 215
1844070 215
1844080 214
1844090 214
1844100 214
1844110 213
1844120 212
1844130 212
1844140 212
1844150 211
1844160 211
1844170 210
1844180 209
1844190 209
1844200 208
1844210 208
1844220 208
1844230 207
1844240 207
1844250 207
1844260 206
1844270 206
1844280 206
1844290 206
1844300 206
1844310 206
1844320 206
1844330 206
1844340 206
1844350 207
1844360 210
1844370 210
1844380 212
1844390 216
1844400 216
1844410 217
1844420 217
1844430 217
1844440 216
1844450 216
1844460 216
1844470 216
1844480 216
1844490 216
1844500 214
1844510 216
1844520 216
1844530 217
1844540 218
1844550 218
1844560 218
1844570 218
1844580 218
1844590 219
1844600 219
1844610 219
1844620 220
1844630 221
1844640 221
1844650 222
1844660 222
1844670 222
1844680 223
1844690 223
1844700 223
1844710 224
1844720 224
1844730 224
1844740 224
1844750 224
1844760 224
1844770 224
1844780 223
1844790 223
1844800 223
1844810 223
1844820 223
1844830 223
1844840 223
1844850 223
1844860 223
1844870 223
1844880 223
1844890 223
1844900 223
1844910 223
1844920 223
1844930 222
1844940 222
1844950 222
1844960 222
1844970 222
1844980 222
1844990 222
1845000 222
1845010 221
1845020 221
1845030 221
1845040 220
1845050 220
1845060 220
1845070 219
1845080 219
1845090 219
1845100 218
1845110 218
1845120 217
1845130 216
1845140 216
1845150 214
1845160 213
1845170 213
1845180 211
1845190 210
1845200 210
1845210 209
1845220 209
1845230 209
1845240 211
1845250 211
1845260 211
1845270 212
1845280 213
1845290 213
1845300 214
1845310 215
1845320 215
1845330 215
1845340 215
1845350 215
1845360 215
1845370 215
1845380 215
1845390 215
1845400 215
1845410 215
1845420 215
1845430 215
1845440 215
1845450 215
1845460 215
1845470 215
1845480 215
1845490 215
1845500 215
1845510 215
1845520 215
1845530 215
1845540 216
1845550 216
1845560 216
1845570 217
1845580 217
1845590 217
1845600 218
1845610 218
1845620 218
1845630 218
1845640 219
1845650 219
1845660 219
1845670 219
1845680 219
1845690 220
1845700 220
1845710 220
1845720 221
1845730 221
1845740 221
1845750 222
1845760 222
1845770 222
1845780 223
1845790 223
1845800 223
1845810 224
1845820 224
1845830 224
1845840 224
1845850 225
1845860 225
1845870 225
1845880 226
1845890 226
1845900 226
1845910 226
1845920 226
1845930 227
1845940 227
1845950 227
1845960 227
1845970 228
1845980 228
1845990 228
1846000 228
1846010 228
1846020 228
1846030 228
1846040 228
1846050 229
1846060 229
1846070 229
1846080 229
1846090 229
1846100 229
1846110 229
1846120 229
1846130 229
1846140 226
1846150 223
1846160 223
1846170 222
1846180 224
1846190 224
1846200 227
1846210 224
1846220 227
1846230 226
1846240 226
1846250 226
1846260 226
1846270 226
1846280 225
1846290 224
1846300 224
1846310 223
1846320 223
1846330 223
1846340 222
1846350 222
1846360 222
1846370 221
1846380 220
1846390 220
1846400 218
1846410 217
1846420 217
1846430 216
1846440 215
1846450 215
1846460 214
1846470 213
1846480 213
1846490 213
1846500 212
1846510 212
1846520 211
1846530 210
1846540 210
1846550 209
1846560 209
1846570 209
1846580 208
1846590 207
1846600 207
1846610 206
1846620 206
1846630 206
1846640 205
1846650 204
1846660 204
1846670 203
1846680 202
1846690 202
1846700 202
1846710 201
1846720 201
1846730 201
1846740 200
1846750 200
1846760 200
1846770 200
1846780 200
1846790 199
1846800 199
1846810 199
1846820 199
1846830 198
1846840 198
1846850 198
1846860 197
1846870 197
1846880 197
1846890 196
1846900 196
1846910 196
1846920 195
1846930 195
1846940 194
1846950 194
1846960 194
1846970 194
1846980 194
1846990 194
1847000 193
1847010 192
1847020 192
1847030 191
1847040 190
1847050 190
1847060 190
1847070 189
1847080 189
1847090 189
1847100 188
1847110 188
1847120 188
1847130 187
1847140 187
1847150 187
1847160 187
1847170 187
1847180 187
1847190 186
1847200 186
1847210 186
1847220 186
1847230 186
1847240 185
1847250 185
1847260 185
1847270 184
1847280 184
1847290 184
1847300 183
1847310 182
1847320 182
1847330 182
1847340 182
1847350 182
1847360 181
1847370 181
1847380 180
1847390 180
1847400 180
1847410 180
1847420 179
1847430 179
1847440 179
1847450 178
1847460 178
1847470 178
1847480 178
1847490 178
1847500 178
1847510 178
1847520 178
1847530 178
1847540 178
1847550 178
1847560 178
1847570 178
1847580 178
1847590 178
1847600 178
1847610 178
1847620 178
1847630 178
1847640 178
1847650 178
1847660 177
1847670 177
1847680 178
1847690 178
1847700 178
1847710 177
1847720 177
1847730 177
1847740 177
1847750 178
1847760 178
1847770 178
1847780 178
1847790 178
1847800 178
1847810 178
1847820 178
1847830 178
1847840 179
1847850 179
1847860 178
1847870 179
1847880 179
1847890 179
1847900 179
1847910 179
1847920 179
1847930 179
1847940 179
1847950 179
1847960 179
1847970 179
1847980 179
1847990 180
1848000 180
1848010 181
1848020 181
1848030 181
1848040 184
1848050 188
1848060 188
1848070 189
1848080 189
1848090 189
1848100 195
1848110 199
1848120 199
1848130 200
1848140 201
1848150 201
1848160 201
1848170 201
1848180 201
1848190 201
1848200 200
1848210 200
1848220 195
1848230 191
1848240 191
1848250 191
1848260 190
1848270 190
1848280 189
1848290 191
1848300 191
1848310 198
1848320 200
1848330 200
1848340 199
1848350 199
1848360 199
1848370 199
1848380 199
1848390 199
1848400 198
1848410 198
1848420 198
1848430 198
1848440 198
1848450 198
1848460 197
1848470 197
1848480 197
1848490 197
1848500 197
1848510 197
1848520 197
1848530 197
1848540 196
1848550 196
1848560 196
1848570 196
1848580 196
1848590 196
1848600 196
1848610 196
1848620 196
1848630 196
1848640 196
1848650 196
1848660 196
1848670 196
1848680 196
1848690 196
1848700 195
1848710 195
1848720 195
1848730 195
1848740 195
1848750 195
1848760 194
1848770 194
1848780 194
1848790 193
1848800 193
1848810 193
1848820 192
1848830 192
1848840 192
1848850 191
1848860 191
1848870 190
1848880 189
1848890 189
1848900 189
1848910 188
1848920 188
1848930 187
1848940 186
1848950 186
1848960 185
1848970 185
1848980 185
1848990 184
1849000 183
1849010 183
1849020 182
1849030 182
1849040 182
1849050 181
1849060 180
1849070 180
1849080 179
1849090 178
1849100 178
1849110 178
1849120 177
1849130 177
1849140 177
1849150 177
1849160 177
1849170 177
1849180 177
1849190 177
1849200 177
1849210 177
1849220 177
1849230 177
1849240 177
1849250 177
1849260 176
1849270 176
1849280 176
1849290 176
1849300 176
1849310 176
1849320 176
1849330 176
1849340 176
1849350 176
1849360 176
1849370 176
1849380 177
1849390 177
1849400 177
1849410 178
1849420 178
1849430 178
1849440 182
1849450 184
1849460 184
1849470 185
1849480 186
1849490 186
1849500 189
1849510 191
1849520 191
1849530 194
1849540 197
1849550 197
1849560 198
1849570 199
1849580 199
1849590 200
1849600 202
1849610 202
1849620 202
1849630 202
1849640 203
1849650 204
1849660 204
1849670 204
1849680 204
1849690 204
1849700 204
1849710 205
1849720 205
1849730 205
1849740 205
1849750 205
1849760 205
1849770 206
1849780 206
1849790 206
1849800 207
1849810 207
1849820 207
1849830 207
1849840 207
1849850 208
1849860 208
1849870 208
1849880 208
1849890 208
1849900 208
1849910 208
1849920 208
1849930 208
1849940 208
1849950 208
1849960 208
1849970 208
1849980 208
1849990 208
1850000 208
1850010 208
1850020 208
1850030 208
1850040 207
1850050 207
1850060 207
1850070 206
1850080 206
1850090 206
1850100 205
1850110 205
1850120 205
1850130 204
1850140 204
1850150 204
1850160 203
1850170 203
1850180 202
1850190 201
1850200 201
1850210 201
1850220 200
1850230 200
1850240 199
1850250 199
1850260 199
1850270 198
1850280 197
1850290 197
1850300 197
1850310 196
1850320 196
1850330 196
1850340 195
1850350 195
1850360 195
1850370 194
1850380 194
1850390 193
1850400 193
1850410 193
1850420 192
1850430 192
1850440 192
1850450 191
1850460 191
1850470 191
1850480 191
1850490 191
1850500 191
1850510 191
1850520 191
1850530 191
1850540 191
1850550 192
1850560 192
1850570 192
1850580 193
1850590 193
1850600 194
1850610 195
1850620 195
1850630 196
1850640 198
1850650 198
1850660 200
1850670 201
1850680 201
1850690 202
1850700 203
1850710 203
1850720 204
1850730 205
1850740 205
1850750 206
1850760 206
1850770 207
1850780 208
1850790 208
1850800 209
1850810 211
1850820 211
1850830 212
1850840 212
1850850 212
1850860 213
1850870 213
1850880 213
1850890 213
1850900 213
1850910 213
1850920 213
1850930 212
1850940 212
1850950 212
1850960 212
1850970 212
1850980 211
1850990 211
1851000 211
1851010 212
1851020 212
1851030 212
1851040 212
1851050 211
1851060 211
1851070 211
1851080 210
1851090 210
1851100 209
1851110 209
1851120 209
1851130 209
1851140 209
1851150 209
1851160 208
1851170 208
1851180 208
1851190 207
1851200 207
1851210 207
1851220 205
1851230 204
1851240 204
1851250 203
1851260 202
1851270 202
1851280 201
1851290 201
1851300 201
1851310 201
1851320 201
1851330 201
1851340 201
1851350 201
1851360 201
1851370 201
1851380 202
1851390 202
1851400 202
1851410 202
1851420 202
1851430 202
1851440 203
1851450 203
1851460 204
1851470 204
1851480 204
1851490 205
1851500 206
1851510 206
1851520 206
1851530 207
1851540 207
1851550 208
1851560 209
1851570 210
1851580 210
1851590 211
1851600 211
1851610 212
1851620 213
1851630 213
1851640 214
1851650 215
1851660 215
1851670 216
1851680 216
1851690 216
1851700 217
1851710 218
1851720 218
1851730 218
1851740 219
1851750 219
1851760 219
1851770 220
1851780 220
1851790 221
1851800 221
1851810 221
1851820 222
1851830 223
1851840 223
1851850 223
1851860 223
1851870 223
1851880 224
1851890 224
1851900 224
1851910 224
1851920 224
1851930 224
1851940 224
1851950 224
1851960 224
1851970 224
1851980 224
1851990 224
1852000 224
1852010 224
1852020 224
1852030 224
1852040 224
1852050 224
1852060 224
1852070 224
1852080 224
1852090 224
1852100 224
1852110 224
1852120 224
1852130 224
1852140 224
1852150 224
1852160 224
1852170 225
1852180 225
1852190 225
1852200 225
1852210 225
1852220 225
1852230 225
1852240 226
1852250 226
1852260 226
1852270 226
1852280 226
1852290 226
1852300 226
1852310 226
1852320 227
1852330 227
1852340 227
1852350 227
1852360 227
1852370 227
1852380 227
1852390 227
1852400 227
1852410 227
1852420 228
1852430 228
1852440 229
1852450 229
1852460 229
1852470 230
1852480 230
1852490 230
1852500 231
1852510 231
1852520 231
1852530 231
1852540 231
1852550 231
1852560 232
1852570 232
1852580 232
1852590 232
1852600 233
1852610 233
1852620 233
1852630 233
1852640 233
1852650 233
1852660 233
1852670 233
1852680 233
1852690 233
1852700 233
1852710 233
1852720 233
1852730 233
1852740 233
1852750 233
1852760 233
1852770 233
1852780 233
1852790 233
1852800 233
1852810 233
1852820 233
1852830 233
1852840 233
1852850 233
1852860 233
1852870 233
1852880 233
1852890 233
1852900 233
1852910 233
1852920 233
1852930 232
1852940 232
1852950 232
1852960 232
1852970 232
1852980 232
1852990 232
1853000 232
1853010 231
1853020 231
1853030 230
1853040 230
1853050 230
1853060 229
1853070 229
1853080 229
1853090 228
1853100 228
1853110 228
1853120 227
1853130 227
1853140 227
1853150 227
1853160 226
1853170 226
1853180 226
1853190 226
1853200 226
1853210 226
1853220 226
1853230 226
1853240 226
1853250 227
1853260 227
1853270 227
1853280 227
1853290 227
1853300 227
1853310 227
1853320 227
1853330 227
1853340 229
1853350 229
1853360 228
1853370 228
1853380 228
1853390 228
1853400 229
1853410 229
1853420 231
1853430 234
1853440 234
1853450 235
1853460 236
1853470 236
1853480 238
1853490 240
1853500 240
1853510 243
1853520 245
1853530 245
1853540 247
1853550 249
1853560 249
1853570 251
1853580 253
1853590 253
1853600 254
1853610 255
1853620 255
1853630 255
1853640 256
1853650 256
1853660 257
1853670 258
1853680 258
1853690 258
1853700 258
1853710 258
1853720 259
1853730 259
1853740 259
1853750 260
1853760 260
1853770 260
1853780 260
1853790 261
1853800 261
1853810 261
1853820 261
1853830 261
1853840 262
1853850 262
1853860 262
1853870 262
1853880 262
1853890 262
1853900 263
1853910 263
1853920 263
1853930 263
1853940 263
1853950 263
1853960 263
1853970 263
1853980 263
1853990 263
1854000 263
1854010 263
1854020 264
1854030 264
1854040 264
1854050 263
1854060 263
1854070 263
1854080 263
1854090 263
1854100 263
1854110 263
1854120 263
1854130 263
1854140 263
1854150 263
1854160 263
1854170 263
1854180 263
1854190 263
1854200 262
1854210 262
1854220 262
1854230 262
1854240 262
1854250 262
1854260 262
1854270 262
1854280 262
1854290 262
1854300 262
1854310 262
1854320 262
1854330 262
1854340 261
1854350 261
1854360 261
1854370 261
1854380 261
1854390 261
1854400 261
1854410 261
1854420 261
1854430 261
1854440 261
1854450 261
1854460 261
1854470 260
1854480 260
1854490 260
1854500 260
1854510 260
1854520 260
1854530 259
1854540 259
1854550 259
1854560 259
1854570 259
1854580 259
1854590 258
1854600 258
1854610 258
1854620 258
1854630 258
1854640 258
1854650 257
1854660 257
1854670 257
1854680 257
1854690 257
1854700 256
1854710 256
1854720 256
1854730 256
1854740 255
1854750 255
1854760 255
1854770 255
1854780 255
1854790 254
1854800 254
1854810 254
1854820 254
1854830 254
1854840 254
1854850 254
1854860 253
1854870 253
1854880 253
1854890 253
1854900 253
1854910 252
1854920 252
1854930 252
1854940 251
1854950 251
1854960 251
1854970 250
1854980 250
1854990 250
1855000 249
1855010 248
1855020 248
1855030 248
1855040 247
1855050 247
1855060 247
1855070 246
1855080 246
1855090 246
1855100 245
1855110 245
1855120 245
1855130 244
1855140 244
1855150 243
1855160 243
1855170 243
1855180 242
1855190 242
1855200 242
1855210 241
1855220 241
1855230 241
1855240 240
1855250 240
1855260 240
1855270 239
1855280 239
1855290 239
1855300 238
1855310 238
1855320 237
1855330 236
1855340 236
1855350 235
1855360 234
1855370 234
1855380 234
1855390 233
1855400 233
1855410 233
1855420 232
1855430 232
1855440 232
1855450 230
1855460 230
1855470 230
1855480 229
1855490 229
1855500 229
1855510 228
1855520 228
1855530 227
1855540 227
1855550 227
1855560 227
1855570 227
1855580 227
1855590 228
1855600 229
1855610 229
1855620 228
1855630 228
1855640 228
1855650 228
1855660 228
1855670 228
1855680 228
1855690 228
1855700 228
1855710 228
1855720 228
1855730 228
1855740 229
1855750 229
1855760 229
1855770 230
1855780 230
1855790 230
1855800 231
1855810 232
1855820 232
1855830 232
1855840 233
1855850 233
1855860 233
1855870 233
1855880 233
1855890 233
1855900 233
1855910 233
1855920 233
1855930 233
1855940 233
1855950 233
1855960 233
1855970 233
1855980 233
1855990 232
1856000 232
1856010 232
1856020 232
1856030 232
1856040 232
1856050 233
1856060 233
1856070 234
1856080 234
1856090 234
1856100 235
1856110 236
1856120 236
1856130 237
1856140 238
1856150 238
1856160 240
1856170 241
1856180 241
1856190 241
1856200 241
1856210 241
1856220 242
1856230 242
1856240 242
1856250 242
1856260 241
1856270 241
1856280 241
1856290 240
1856300 240
1856310 239
1856320 239
1856330 239
1856340 238
1856350 237
1856360 237
1856370 236
1856380 236
1856390 236
1856400 235
1856410 235
1856420 234
1856430 234
1856440 234
1856450 234
1856460 233
1856470 233
1856480 233
1856490 233
1856500 233
1856510 233
1856520 233
1856530 233
1856540 233
1856550 233
1856560 233
1856570 233
1856580 233
1856590 233
1856600 232
1856610 232
1856620 232
1856630 232
1856640 231
1856650 231
1856660 231
1856670 230
1856680 230
1856690 230
1856700 229
1856710 229
1856720 228
1856730 227
1856740 227
1856750 227
1856760 226
1856770 226
1856780 226
1856790 226
1856800 226
1856810 226
1856820 227
1856830 227
1856840 227
1856850 228
1856860 229
1856870 231
1856880 231
1856890 231
1856900 232
1856910 232
1856920 232
1856930 232
1856940 232
1856950 232
1856960 232
1856970 232
1856980 232
1856990 232
1857000 232
1857010 232
1857020 232
1857030 232
1857040 232
1857050 232
1857060 232
1857070 232
1857080 231
1857090 231
1857100 231
1857110 231
1857120 231
1857130 231
1857140 231
1857150 231
1857160 231
1857170 231
1857180 231
1857190 231
1857200 231
1857210 232
1857220 232
1857230 232
1857240 232
1857250 232
1857260 232
1857270 232
1857280 232
1857290 232
1857300 232
1857310 232
1857320 231
1857330 231
1857340 231
1857350 231
1857360 231
1857370 231
1857380 231
1857390 231
1857400 231
1857410 231
1857420 231
1857430 231
1857440 231
1857450 230
1857460 230
1857470 230
1857480 230
1857490 230
1857500 230
1857510 230
1857520 230
1857530 229
1857540 229
1857550 229
1857560 229
1857570 229
1857580 229
1857590 228
1857600 228
1857610 228
1857620 228
1857630 228
1857640 227
1857650 227
1857660 227
1857670 227
1857680 226
1857690 226
1857700 226
1857710 226
1857720 226
1857730 226
1857740 226
1857750 226
1857760 226
1857770 226
1857780 226
1857790 226
1857800 226
1857810 226
1857820 226
1857830 226
1857840 226
1857850 226
1857860 226
1857870 226
1857880 226
1857890 226
1857900 226
1857910 226
1857920 226
1857930 226
1857940 226
1857950 226
1857960 226
1857970 225
1857980 225
1857990 225
1858000 225
1858010 225
1858020 225
1858030 224
1858040 224
1858050 224
1858060 223
1858070 223
1858080 223
1858090 222
1858100 222
1858110 222
1858120 221
1858130 221
1858140 221
1858150 221
1858160 221
1858170 221
1858180 220
1858190 220
1858200 220
1858210 220
1858220 219
1858230 219
1858240 219
1858250 218
1858260 218
1858270 217
1858280 217
1858290 217
1858300 216
1858310 215
1858320 215
1858330 214
1858340 212
1858350 212
1858360 211
1858370 211
1858380 211
1858390 210
1858400 209
1858410 209
1858420 208
1858430 208
1858440 208
1858450 208
1858460 208
1858470 208
1858480 209
1858490 210
1858500 210
1858510 212
1858520 212
1858530 212
1858540 212
1858550 212
1858560 212
1858570 211
1858580 210
1858590 210
1858600 209
1858610 208
1858620 208
1858630 207
1858640 207
1858650 207
1858660 206
1858670 206
1858680 204
1858690 203
1858700 203
1858710 202
1858720 202
1858730 202
1858740 206
1858750 207
1858760 207
1858770 209
1858780 210
1858790 210
1858800 211
1858810 212
1858820 212
1858830 212
1858840 212
1858850 212
1858860 211
1858870 211
1858880 211
1858890 211
1858900 211
1858910 211
1858920 210
1858930 210
1858940 210
1858950 209
1858960 209
1858970 209
1858980 209
1858990 209
1859000 209
1859010 208
1859020 208
1859030 208
1859040 207
1859050 207
1859060 207
1859070 206
1859080 206
1859090 206
1859100 206
1859110 206
1859120 206
1859130 206
1859140 206
1859150 206
1859160 206
1859170 207
1859180 207
1859190 208
1859200 209
1859210 209
1859220 209
1859230 209
1859240 209
1859250 209
1859260 208
1859270 208
1859280 208
1859290 207
1859300 206
1859310 206
1859320 205
1859330 205
1859340 204
1859350 202
1859360 202
1859370 199
1859380 198
1859390 198
1859400 195
1859410 194
1859420 194
1859430 194
1859440 195
1859450 195
1859460 197
1859470 198
1859480 198
1859490 200
1859500 201
1859510 201
1859520 202
1859530 204
1859540 204
1859550 204
1859560 205
1859570 205
1859580 205
1859590 204
1859600 204
1859610 203
1859620 201
1859630 201
1859640 196
1859650 196
1859660 196
1859670 191
1859680 193
1859690 193
1859700 194
1859710 196
1859720 196
1859730 198
1859740 198
1859750 198
1859760 198
1859770 198
1859780 199
1859790 198
1859800 198
1859810 198
1859820 198
1859830 198
1859840 198
1859850 198
1859860 198
1859870 198
1859880 198
1859890 198
1859900 198
1859910 198
1859920 198
1859930 199
1859940 199
1859950 199
1859960 199
1859970 199
1859980 199
1859990 197
