1840000 228
1840010 229
1840020 229
1840030 229
1840040 229
1840050 230
1840060 230
1840070 232
1840080 233
1840090 233
1840100 235
1840110 236
1840120 236
1840130 238
1840140 239
1840150 239
1840160 239
1840170 240
1840180 240
1840190 241
1840200 242
1840210 242
1840220 243
1840230 244
1840240 244
1840250 244
1840260 245
1840270 245
1840280 245
1840290 246
1840300 246
1840310 247
1840320 247
1840330 247
1840340 248
1840350 248
1840360 248
1840370 249
1840380 249
1840390 249
1840400 249
1840410 248
1840420 248
1840430 248
1840440 247
1840450 247
1840460 245
1840470 245
1840480 245
1840490 244
1840500 244
1840510 244
1840520 243
1840530 243
1840540 243
1840550 242
1840560 242
1840570 242
1840580 242
1840590 242
1840600 242
1840610 243
1840620 243
1840630 243
1840640 245
1840650 246
1840660 246
1840670 246
1840680 247
1840690 247
1840700 248
1840710 249
1840720 249
1840730 249
1840740 250
1840750 250
1840760 250
1840770 251
1840780 251
1840790 252
1840800 252
1840810 252
1840820 253
1840830 253
1840840 253
1840850 253
1840860 253
1840870 254
1840880 254
1840890 254
1840900 255
1840910 255
1840920 255
1840930 256
1840940 256
1840950 256
1840960 257
1840970 257
1840980 257
1840990 258
1841000 258
1841010 258
1841020 259
1841030 259
1841040 259
1841050 259
1841060 260
1841070 260
1841080 260
1841090 260
1841100 260
1841110 261
1841120 261
1841130 261
1841140 261
1841150 261
1841160 261
1841170 262
1841180 262
1841190 262
1841200 262
1841210 262
1841220 262
1841230 262
1841240 262
1841250 262
1841260 262
1841270 262
1841280 262
1841290 262
1841300 262
1841310 262
1841320 262
1841330 262
1841340 262
1841350 262
1841360 262
1841370 262
1841380 262
1841390 263
1841400 263
1841410 264
1841420 264
1841430 264
1841440 265
1841450 265
1841460 265
1841470 265
1841480 266
1841490 266
1841500 266
1841510 267
1841520 267
1841530 267
1841540 268
1841550 268
1841560 269
1841570 269
1841580 269
1841590 270
1841600 270
1841610 270
1841620 270
1841630 271
1841640 271
1841650 271
1841660 271
1841670 271
1841680 271
1841690 272
1841700 272
1841710 272
1841720 272
1841730 272
1841740 273
1841750 273
1841760 273
1841770 273
1841780 274
1841790 274
1841800 274
1841810 274
1841820 274
1841830 275
1841840 275
1841850 275
1841860 275
1841870 275
1841880 275
1841890 276
1841900 276
1841910 276
1841920 277
1841930 277
1841940 277
1841950 277
1841960 277
1841970 277
1841980 277
1841990 277
1842000 277
1842010 277
1842020 277
1842030 277
1842040 277
1842050 277
1842060 277
1842070 277
1842080 277
1842090 277
1842100 277
1842110 277
1842120 277
1842130 277
1842140 277
1842150 277
1842160 276
1842170 276
1842180 276
1842190 276
1842200 276
1842210 275
1842220 274
1842230 274
1842240 274
1842250 273
1842260 273
1842270 272
1842280 271
1842290 271
1842300 270
1842310 269
1842320 269
1842330 268
1842340 267
1842350 267
1842360 266
1842370 265
1842380 265
1842390 264
1842400 263
1842410 263
1842420 262
1842430 261
1842440 261
1842450 260
1842460 259
1842470 259
1842480 258
1842490 258
1842500 258
1842510 257
1842520 257
1842530 257
1842540 257
1842550 257
1842560 257
1842570 261
1842580 258
1842590 258
1842600 259
1842610 259
1842620 259
1842630 259
1842640 260
1842650 260
1842660 255
1842670 254
1842680 254
1842690 253
1842700 252
1842710 252
1842720 252
1842730 251
1842740 251
1842750 251
1842760 251
1842770 251
1842780 250
1842790 250
1842800 250
1842810 250
1842820 249
1842830 249
1842840 249
1842850 249
1842860 249
1842870 248
1842880 248
1842890 248
1842900 247
1842910 247
1842920 247
1842930 247
1842940 246
1842950 246
1842960 246
1842970 246
1842980 246
1842990 245
1843000 245
1843010 245
1843020 244
1843030 244
1843040 244
1843050 244
1843060 243
1843070 243
1843080 243
1843090 243
1843100 243
1843110 242
1843120 242
1843130 242
1843140 242
1843150 242
1843160 241
1843170 241
1843180 241
1843190 240
1843200 240
1843210 240
1843220 240
1843230 240
1843240 240
1843250 239
1843260 239
1843270 239
1843280 239
1843290 238
1843300 238
1843310 238
1843320 237
1843330 237
1843340 237
1843350 237
1843360 237
1843370 236
1843380 235
1843390 235
1843400 235
1843410 234
1843420 234
1843430 233
1843440 233
1843450 233
1843460 233
1843470 232
1843480 232
1843490 232
1843500 231
1843510 231
1843520 231
1843530 231
1843540 231
1843550 230
1843560 230
1843570 230
1843580 230
1843590 229
1843600 229
1843610 229
1843620 228
1843630 228
1843640 228
1843650 227
1843660 227
1843670 227
1843680 226
1843690 226
1843700 226
1843710 225
1843720 225
1843730 225
1843740 224
1843750 224
1843760 224
1843770 223
1843780 223
1843790 222
1843800 219
1843810 219
1843820 219
1843830 220
1843840 220
1843850 219
1843860 218
1843870 218
1843880 216
1843890 214
1843900 214
1843910 215
1843920 217
1843930 217
1843940 219
1843950 219
1843960 219
1843970 219
1843980 219
1843990 219
1844000 219
1844010 219
1844020 219
1844030 219
1844040 219
1844050 219
1844060 219
1844070 220
1844080 220
1844090 220
1844100 222
1844110 222
1844120 221
1844130 221
1844140 221
1844150 221
1844160 220
1844170 220
1844180 219
1844190 218
1844200 218
1844210 217
1844220 217
1844230 217
1844240 216
1844250 216
1844260 215
1844270 214
1844280 214
1844290 213
1844300 213
1844310 213
1844320 213
1844330 212
1844340 212
1844350 212
1844360 212
1844370 212
1844380 212
1844390 212
1844400 212
1844410 212
1844420 212
1844430 212
1844440 212
1844450 212
1844460 212
1844470 214
1844480 213
1844490 213
1844500 213
1844510 212
1844520 212
1844530 212
1844540 212
1844550 212
1844560 211
1844570 211
1844580 211
1844590 211
1844600 210
1844610 210
1844620 210
1844630 209
1844640 209
1844650 208
1844660 207
1844670 207
1844680 206
1844690 205
1844700 205
1844710 205
1844720 204
1844730 204
1844740 203
1844750 203
1844760 203
1844770 202
1844780 201
1844790 201
1844800 201
1844810 200
1844820 200
1844830 201
1844840 200
1844850 200
1844860 200
1844870 200
1844880 200
1844890 200
1844900 200
1844910 200
1844920 200
1844930 201
1844940 201
1844950 203
1844960 205
1844970 205
1844980 208
1844990 209
1845000 209
1845010 209
1845020 209
1845030 209
1845040 209
1845050 209
1845060 209
1845070 208
1845080 207
1845090 207
1845100 206
1845110 204
1845120 204
1845130 202
1845140 201
1845150 201
1845160 201
1845170 202
1845180 202
1845190 199
1845200 199
1845210 199
1845220 199
1845230 200
1845240 200
1845250 199
1845260 199
1845270 199
1845280 199
1845290 198
1845300 198
1845310 198
1845320 198
1845330 198
1845340 198
1845350 198
1845360 198
1845370 199
1845380 199
1845390 201
1845400 203
1845410 203
1845420 203
1845430 204
1845440 204
1845450 206
1845460 209
1845470 209
1845480 210
1845490 212
1845500 212
1845510 213
1845520 214
1845530 214
1845540 215
1845550 216
1845560 216
1845570 216
1845580 217
1845590 217
1845600 217
1845610 218
1845620 218
1845630 218
1845640 218
1845650 218
1845660 218
1845670 218
1845680 218
1845690 218
1845700 219
1845710 219
1845720 219
1845730 219
1845740 219
1845750 220
1845760 220
1845770 220
1845780 220
1845790 221
1845800 221
1845810 221
1845820 222
1845830 222
1845840 222
1845850 223
1845860 223
1845870 223
1845880 224
1845890 224
1845900 224
1845910 224
1845920 224
1845930 224
1845940 224
1845950 224
1845960 225
1845970 225
1845980 225
1845990 225
1846000 225
1846010 225
1846020 225
1846030 225
1846040 225
1846050 225
1846060 225
1846070 225
1846080 225
1846090 225
1846100 225
1846110 225
1846120 224
1846130 224
1846140 224
1846150 224
1846160 224
1846170 223
1846180 223
1846190 223
1846200 223
1846210 222
1846220 222
1846230 222
1846240 222
1846250 222
1846260 222
1846270 222
1846280 222
1846290 221
1846300 221
1846310 221
1846320 221
1846330 220
1846340 220
1846350 219
1846360 219
1846370 219
1846380 218
1846390 218
1846400 218
1846410 217
1846420 215
1846430 215
1846440 214
1846450 214
1846460 214
1846470 215
1846480 215
1846490 215
1846500 214
1846510 214
1846520 214
1846530 213
1846540 213
1846550 212
1846560 212
1846570 212
1846580 212
1846590 211
1846600 211
1846610 210
1846620 210
1846630 210
1846640 209
1846650 209
1846660 209
1846670 207
1846680 205
1846690 205
1846700 205
1846710 206
1846720 206
1846730 206
1846740 206
1846750 206
1846760 205
1846770 205
1846780 205
1846790 204
1846800 204
1846810 204
1846820 203
1846830 203
1846840 203
1846850 202
1846860 202
1846870 202
1846880 202
1846890 201
1846900 201
1846910 201
1846920 200
1846930 200
1846940 199
1846950 199
1846960 199
1846970 199
1846980 198
1846990 198
1847000 197
1847010 197
1847020 197
1847030 196
1847040 196
1847050 196
1847060 196
1847070 196
1847080 196
1847090 195
1847100 195
1847110 195
1847120 195
1847130 194
1847140 194
1847150 194
1847160 193
1847170 193
1847180 193
1847190 193
1847200 193
1847210 192
1847220 192
1847230 192
1847240 191
1847250 191
1847260 191
1847270 190
1847280 190
1847290 190
1847300 187
1847310 184
1847320 184
1847330 183
1847340 182
1847350 182
1847360 181
1847370 181
1847380 181
1847390 181
1847400 180
1847410 180
1847420 180
1847430 180
1847440 180
1847450 180
1847460 179
1847470 179
1847480 179
1847490 179
1847500 179
1847510 179
1847520 179
1847530 179
1847540 178
1847550 180
1847560 180
1847570 180
1847580 181
1847590 181
1847600 186
1847610 189
1847620 189
1847630 190
1847640 190
1847650 193
1847660 194
1847670 194
1847680 194
1847690 194
1847700 194
1847710 196
1847720 195
1847730 195
1847740 198
1847750 199
1847760 199
1847770 200
1847780 200
1847790 200
1847800 201
1847810 202
1847820 202
1847830 202
1847840 203
1847850 203
1847860 204
1847870 205
1847880 205
1847890 205
1847900 206
1847910 206
1847920 206
1847930 207
1847940 207
1847950 207
1847960 207
1847970 207
1847980 208
1847990 208
1848000 208
1848010 208
1848020 209
1848030 209
1848040 209
1848050 209
1848060 209
1848070 209
1848080 209
1848090 209
1848100 209
1848110 209
1848120 209
1848130 209
1848140 209
1848150 209
1848160 209
1848170 209
1848180 209
1848190 209
1848200 209
1848210 209
1848220 209
1848230 208
1848240 208
1848250 208
1848260 207
1848270 207
1848280 207
1848290 207
1848300 207
1848310 206
1848320 206
1848330 206
1848340 206
1848350 205
1848360 205
1848370 205
1848380 204
1848390 204
1848400 204
1848410 203
1848420 203
1848430 203
1848440 202
1848450 202
1848460 201
1848470 201
1848480 201
1848490 200
1848500 199
1848510 199
1848520 198
1848530 198
1848540 198
1848550 197
1848560 196
1848570 196
1848580 195
1848590 194
1848600 194
1848610 193
1848620 193
1848630 193
1848640 192
1848650 192
1848660 192
1848670 191
1848680 191
1848690 191
1848700 190
1848710 190
1848720 190
1848730 189
1848740 189
1848750 189
1848760 188
1848770 188
1848780 188
1848790 187
1848800 187
1848810 187
1848820 186
1848830 186
1848840 186
1848850 186
1848860 186
1848870 185
1848880 184
1848890 184
1848900 184
1848910 183
1848920 183
1848930 182
1848940 181
1848950 181
1848960 180
1848970 180
1848980 180
1848990 179
1849000 179
1849010 179
1849020 178
1849030 178
1849040 178
1849050 178
1849060 178
1849070 178
1849080 178
1849090 178
1849100 178
1849110 178
1849120 178
1849130 178
1849140 180
1849150 179
1849160 179
1849170 178
1849180 178
1849190 178
1849200 178
1849210 179
1849220 179
1849230 180
1849240 181
1849250 181
1849260 181
1849270 182
1849280 182
1849290 183
1849300 184
1849310 184
1849320 185
1849330 186
1849340 186
1849350 186
1849360 187
1849370 187
1849380 188
1849390 188
1849400 188
1849410 188
1849420 189
1849430 189
1849440 189
1849450 189
1849460 189
1849470 190
1849480 190
1849490 190
1849500 192
1849510 192
1849520 192
1849530 193
1849540 194
1849550 194
1849560 195
1849570 196
1849580 196
1849590 197
1849600 198
1849610 198
1849620 200
1849630 201
1849640 201
1849650 202
1849660 203
1849670 203
1849680 204
1849690 204
1849700 204
1849710 205
1849720 205
1849730 205
1849740 206
1849750 206
1849760 206
1849770 206
1849780 206
1849790 206
1849800 206
1849810 206
1849820 206
1849830 207
1849840 206
1849850 206
1849860 206
1849870 206
1849880 206
1849890 206
1849900 206
1849910 206
1849920 206
1849930 206
1849940 205
1849950 205
1849960 205
1849970 205
1849980 204
1849990 204
1850000 204
1850010 203
1850020 203
1850030 203
1850040 202
1850050 202
1850060 202
1850070 201
1850080 201
1850090 200
1850100 200
1850110 200
1850120 199
1850130 198
1850140 198
1850150 198
1850160 197
1850170 197
1850180 197
1850190 196
1850200 196
1850210 194
1850220 192
1850230 192
1850240 191
1850250 190
1850260 190
1850270 189
1850280 189
1850290 189
1850300 188
1850310 188
1850320 188
1850330 187
1850340 187
1850350 187
1850360 187
1850370 187
1850380 187
1850390 187
1850400 185
1850410 185
1850420 185
1850430 185
1850440 185
1850450 186
1850460 187
1850470 187
1850480 188
1850490 188
1850500 188
1850510 189
1850520 191
1850530 191
1850540 192
1850550 194
1850560 195
1850570 196
1850580 198
1850590 198
1850600 199
1850610 200
1850620 200
1850630 201
1850640 202
1850650 202
1850660 203
1850670 203
1850680 203
1850690 203
1850700 203
1850710 203
1850720 203
1850730 203
1850740 203
1850750 202
1850760 202
1850770 202
1850780 201
1850790 201
1850800 201
1850810 200
1850820 200
1850830 200
1850840 199
1850850 199
1850860 199
1850870 199
1850880 198
1850890 198
1850900 197
1850910 196
1850920 196
1850930 195
1850940 194
1850950 194
1850960 194
1850970 193
1850980 193
1850990 192
1851000 192
1851010 192
1851020 192
1851030 192
1851040 192
1851050 192
1851060 192
1851070 192
1851080 192
1851090 192
1851100 192
1851110 193
1851120 193
1851130 193
1851140 193
1851150 193
1851160 194
1851170 195
1851180 195
1851190 196
1851200 197
1851210 197
1851220 198
1851230 198
1851240 198
1851250 199
1851260 199
1851270 199
1851280 201
1851290 202
1851300 202
1851310 202
1851320 203
1851330 203
1851340 204
1851350 205
1851360 205
1851370 206
1851380 207
1851390 207
1851400 208
1851410 209
1851420 209
1851430 210
1851440 211
1851450 211
1851460 211
1851470 212
1851480 212
1851490 213
1851500 214
1851510 214
1851520 215
1851530 215
1851540 215
1851550 216
1851560 216
1851570 216
1851580 217
1851590 217
1851600 217
1851610 218
1851620 218
1851630 218
1851640 218
1851650 218
1851660 218
1851670 219
1851680 219
1851690 219
1851700 220
1851710 219
1851720 219
1851730 219
1851740 219
1851750 219
1851760 220
1851770 221
1851780 221
1851790 221
1851800 221
1851810 221
1851820 221
1851830 222
1851840 222
1851850 222
1851860 222
1851870 222
1851880 222
1851890 222
1851900 222
1851910 223
1851920 223
1851930 223
1851940 223
1851950 223
1851960 223
1851970 223
1851980 222
1851990 222
1852000 222
1852010 222
1852020 222
1852030 223
1852040 223
1852050 223
1852060 223
1852070 223
1852080 223
1852090 223
1852100 223
1852110 223
1852120 223
1852130 223
1852140 223
1852150 223
1852160 223
1852170 223
1852180 223
1852190 223
1852200 223
1852210 223
1852220 223
1852230 223
1852240 223
1852250 223
1852260 224
1852270 225
1852280 225
1852290 225
1852300 226
1852310 226
1852320 227
1852330 227
1852340 227
1852350 228
1852360 228
1852370 228
1852380 229
1852390 229
1852400 229
1852410 229
1852420 230
1852430 230
1852440 230
1852450 230
1852460 230
1852470 231
1852480 231
1852490 231
1852500 231
1852510 232
1852520 232
1852530 232
1852540 232
1852550 232
1852560 233
1852570 233
1852580 233
1852590 233
1852600 233
1852610 233
1852620 233
1852630 233
1852640 233
1852650 233
1852660 233
1852670 233
1852680 233
1852690 232
1852700 232
1852710 232
1852720 232
1852730 232
1852740 232
1852750 232
1852760 232
1852770 232
1852780 232
1852790 232
1852800 232
1852810 232
1852820 232
1852830 233
1852840 233
1852850 233
1852860 233
1852870 233
1852880 233
1852890 233
1852900 234
1852910 234
1852920 234
1852930 234
1852940 234
1852950 234
1852960 235
1852970 235
1852980 235
1852990 235
1853000 235
1853010 236
1853020 236
1853030 236
1853040 236
1853050 236
1853060 236
1853070 237
1853080 237
1853090 237
1853100 238
1853110 238
1853120 238
1853130 238
1853140 239
1853150 239
1853160 239
1853170 240
1853180 240
1853190 240
1853200 241
1853210 241
1853220 241
1853230 242
1853240 242
1853250 242
1853260 242
1853270 243
1853280 243
1853290 243
1853300 243
1853310 244
1853320 244
1853330 244
1853340 244
1853350 244
1853360 245
1853370 245
1853380 245
1853390 246
1853400 246
1853410 246
1853420 246
1853430 246
1853440 246
1853450 247
1853460 247
1853470 247
1853480 248
1853490 248
1853500 248
1853510 248
1853520 249
1853530 249
1853540 249
1853550 250
1853560 250
1853570 250
1853580 251
1853590 251
1853600 251
1853610 251
1853620 251
1853630 252
1853640 252
1853650 252
1853660 253
1853670 253
1853680 253
1853690 253
1853700 254
1853710 254
1853720 254
1853730 254
1853740 254
1853750 254
1853760 255
1853770 255
1853780 255
1853790 255
1853800 255
1853810 256
1853820 256
1853830 256
1853840 256
1853850 256
1853860 256
1853870 256
1853880 257
1853890 257
1853900 257
1853910 257
1853920 257
1853930 258
1853940 258
1853950 258
1853960 258
1853970 258
1853980 258
1853990 258
1854000 258
1854010 258
1854020 258
1854030 258
1854040 258
1854050 258
1854060 258
1854070 258
1854080 258
1854090 258
1854100 257
1854110 257
1854120 257
1854130 257
1854140 257
1854150 257
1854160 257
1854170 257
1854180 257
1854190 257
1854200 257
1854210 257
1854220 257
1854230 257
1854240 257
1854250 257
1854260 257
1854270 257
1854280 257
1854290 256
1854300 257
1854310 257
1854320 257
1854330 257
1854340 257
1854350 256
1854360 256
1854370 254
1854380 253
1854390 253
1854400 253
1854410 251
1854420 251
1854430 248
1854440 247
1854450 247
1854460 248
1854470 250
1854480 250
1854490 250
1854500 248
1854510 248
1854520 247
1854530 246
1854540 246
1854550 245
1854560 244
1854570 244
1854580 243
1854590 242
1854600 242
1854610 241
1854620 240
1854630 240
1854640 240
1854650 239
1854660 239
1854670 241
1854680 241
1854690 241
1854700 241
1854710 242
1854720 242
1854730 242
1854740 242
1854750 242
1854760 243
1854770 243
1854780 243
1854790 243
1854800 243
1854810 243
1854820 243
1854830 243
1854840 243
1854850 243
1854860 243
1854870 243
1854880 243
1854890 243
1854900 243
1854910 243
1854920 243
1854930 243
1854940 243
1854950 243
1854960 243
1854970 243
1854980 243
1854990 243
1855000 243
1855010 244
1855020 244
1855030 244
1855040 244
1855050 244
1855060 244
1855070 244
1855080 244
1855090 244
1855100 244
1855110 244
1855120 244
1855130 243
1855140 243
1855150 243
1855160 243
1855170 243
1855180 242
1855190 241
1855200 241
1855210 240
1855220 239
1855230 239
1855240 240
1855250 242
1855260 242
1855270 243
1855280 242
1855290 242
1855300 242
1855310 243
1855320 243
1855330 243
1855340 244
1855350 244
1855360 244
1855370 244
1855380 244
1855390 244
1855400 244
1855410 244
1855420 244
1855430 244
1855440 244
1855450 244
1855460 243
1855470 243
1855480 243
1855490 243
1855500 242
1855510 241
1855520 241
1855530 240
1855540 239
1855550 239
1855560 239
1855570 238
1855580 238
1855590 238
1855600 238
1855610 238
1855620 238
1855630 238
1855640 238
1855650 239
1855660 239
1855670 239
1855680 239
1855690 240
1855700 240
1855710 240
1855720 241
1855730 241
1855740 241
1855750 241
1855760 241
1855770 241
1855780 241
1855790 241
1855800 242
1855810 242
1855820 242
1855830 242
1855840 242
1855850 242
1855860 243
1855870 243
1855880 243
1855890 243
1855900 243
1855910 243
1855920 244
1855930 244
1855940 244
1855950 245
1855960 245
1855970 245
1855980 245
1855990 246
1856000 246
1856010 246
1856020 246
1856030 246
1856040 246
1856050 246
1856060 246
1856070 246
1856080 246
1856090 246
1856100 245
1856110 245
1856120 245
1856130 244
1856140 244
1856150 244
1856160 243
1856170 243
1856180 243
1856190 242
1856200 242
1856210 242
1856220 241
1856230 240
1856240 240
1856250 240
1856260 239
1856270 239
1856280 239
1856290 238
1856300 238
1856310 238
1856320 237
1856330 237
1856340 237
1856350 236
1856360 236
1856370 236
1856380 236
1856390 236
1856400 236
1856410 235
1856420 235
1856430 235
1856440 235
1856450 235
1856460 235
1856470 235
1856480 235
1856490 235
1856500 235
1856510 235
1856520 235
1856530 235
1856540 235
1856550 235
1856560 235
1856570 235
1856580 235
1856590 235
1856600 235
1856610 235
1856620 235
1856630 235
1856640 235
1856650 235
1856660 235
1856670 235
1856680 235
1856690 236
1856700 236
1856710 236
1856720 236
1856730 236
1856740 236
1856750 236
1856760 236
1856770 236
1856780 236
1856790 236
1856800 236
1856810 236
1856820 236
1856830 236
1856840 236
1856850 236
1856860 236
1856870 236
1856880 235
1856890 235
1856900 235
1856910 235
1856920 235
1856930 234
1856940 234
1856950 234
1856960 234
1856970 233
1856980 233
1856990 233
1857000 233
1857010 233
1857020 233
1857030 232
1857040 232
1857050 232
1857060 232
1857070 232
1857080 231
1857090 231
1857100 231
1857110 231
1857120 231
1857130 231
1857140 230
1857150 230
1857160 230
1857170 230
1857180 230
1857190 230
1857200 230
1857210 229
1857220 229
1857230 229
1857240 229
1857250 229
1857260 228
1857270 228
1857280 228
1857290 227
1857300 227
1857310 227
1857320 227
1857330 226
1857340 226
1857350 225
1857360 225
1857370 225
1857380 224
1857390 224
1857400 224
1857410 224
1857420 223
1857430 223
1857440 223
1857450 222
1857460 222
1857470 221
1857480 220
1857490 220
1857500 219
1857510 218
1857520 218
1857530 217
1857540 216
1857550 216
1857560 215
1857570 214
1857580 214
1857590 213
1857600 213
1857610 212
1857620 212
1857630 214
1857640 214
1857650 215
1857660 215
1857670 215
1857680 215
1857690 215
1857700 215
1857710 215
1857720 215
1857730 216
1857740 216
1857750 216
1857760 217
1857770 218
1857780 218
1857790 219
1857800 219
1857810 219
1857820 219
1857830 219
1857840 219
1857850 218
1857860 218
1857870 218
1857880 218
1857890 217
1857900 217
1857910 217
1857920 216
1857930 216
1857940 216
1857950 215
1857960 215
1857970 214
1857980 213
1857990 213
1858000 212
1858010 211
1858020 211
1858030 210
1858040 209
1858050 209
1858060 208
1858070 207
1858080 207
1858090 206
1858100 205
1858110 205
1858120 204
1858130 203
1858140 203
1858150 203
1858160 202
1858170 202
1858180 202
1858190 202
1858200 202
1858210 202
1858220 202
1858230 202
1858240 203
1858250 203
1858260 203
1858270 203
1858280 204
1858290 204
1858300 204
1858310 203
1858320 203
1858330 203
1858340 203
1858350 203
1858360 203
1858370 202
1858380 202
1858390 202
1858400 202
1858410 202
1858420 201
1858430 201
1858440 201
1858450 200
1858460 200
1858470 200
1858480 199
1858490 198
1858500 198
1858510 197
1858520 197
1858530 197
1858540 196
1858550 195
1858560 195
1858570 194
1858580 193
1858590 193
1858600 192
1858610 192
1858620 192
1858630 191
1858640 192
1858650 192
1858660 192
1858670 191
1858680 191
1858690 191
1858700 191
1858710 191
1858720 191
1858730 191
1858740 191
1858750 191
1858760 190
1858770 190
1858780 190
1858790 190
1858800 190
1858810 190
1858820 190
1858830 190
1858840 190
1858850 190
1858860 190
1858870 190
1858880 190
1858890 190
1858900 189
1858910 189
1858920 189
1858930 189
1858940 189
1858950 189
1858960 189
1858970 189
1858980 189
1858990 189
1859000 189
1859010 189
1859020 189
1859030 189
1859040 188
1859050 188
1859060 188
1859070 188
1859080 188
1859090 188
1859100 188
1859110 189
1859120 189
1859130 189
1859140 190
1859150 190
1859160 190
1859170 191
1859180 191
1859190 191
1859200 191
1859210 191
1859220 191
1859230 191
1859240 191
1859250 191
1859260 192
1859270 192
1859280 192
1859290 191
1859300 191
1859310 190
1859320 189
1859330 189
1859340 188
1859350 187
1859360 188
1859370 187
1859380 187
1859390 187
1859400 187
1859410 186
1859420 186
1859430 186
1859440 186
1859450 186
1859460 185
1859470 185
1859480 185
1859490 185
1859500 185
1859510 185
1859520 185
1859530 185
1859540 185
1859550 185
1859560 184
1859570 184
1859580 184
1859590 184
1859600 184
1859610 184
1859620 184
1859630 184
1859640 183
1859650 183
1859660 183
1859670 183
1859680 183
1859690 183
1859700 183
1859710 183
1859720 183
1859730 183
1859740 183
1859750 183
1859760 183
1859770 183
1859780 183
1859790 183
1859800 183
1859810 183
1859820 183
1859830 183
1859840 183
1859850 183
1859860 183
1859870 183
1859880 183
1859890 182
1859900 182
1859910 182
1859920 182
1859930 182
1859940 182
1859950 182
1859960 182
1859970 182
1859980 182
1859990 181
