1840000 215
1840010 215
1840020 215
1840030 216
1840040 216
1840050 217
1840060 218
1840070 218
1840080 219
1840090 220
1840100 220
1840110 223
1840120 225
1840130 225
1840140 225
1840150 225
1840160 225
1840170 226
1840180 227
1840190 227
1840200 227
1840210 228
1840220 228
1840230 229
1840240 231
1840250 231
1840260 232
1840270 234
1840280 234
1840290 234
1840300 235
1840310 235
1840320 235
1840330 238
1840340 238
1840350 236
1840360 235
1840370 235
1840380 237
1840390 240
1840400 240
1840410 242
1840420 242
1840430 242
1840440 243
1840450 243
1840460 243
1840470 244
1840480 244
1840490 244
1840500 245
1840510 245
1840520 245
1840530 245
1840540 246
1840550 246
1840560 246
1840570 246
1840580 246
1840590 246
1840600 247
1840610 247
1840620 248
1840630 249
1840640 249
1840650 250
1840660 250
1840670 250
1840680 251
1840690 253
1840700 253
1840710 254
1840720 256
1840730 256
1840740 257
1840750 257
1840760 257
1840770 258
1840780 258
1840790 258
1840800 259
1840810 259
1840820 259
1840830 259
1840840 260
1840850 260
1840860 260
1840870 260
1840880 261
1840890 262
1840900 262
1840910 263
1840920 263
1840930 263
1840940 264
1840950 265
1840960 265
1840970 266
1840980 266
1840990 266
1841000 267
1841010 267
1841020 267
1841030 268
1841040 269
1841050 269
1841060 270
1841070 271
1841080 271
1841090 271
1841100 272
1841110 272
1841120 273
1841130 273
1841140 273
1841150 274
1841160 274
1841170 274
1841180 274
1841190 275
1841200 275
1841210 275
1841220 276
1841230 276
1841240 276
1841250 277
1841260 277
1841270 277
1841280 278
1841290 278
1841300 278
1841310 278
1841320 278
1841330 279
1841340 279
1841350 279
1841360 280
1841370 280
1841380 280
1841390 280
1841400 280
1841410 280
1841420 280
1841430 281
1841440 281
1841450 281
1841460 282
1841470 282
1841480 282
1841490 282
1841500 282
1841510 282
1841520 282
1841530 282
1841540 282
1841550 282
1841560 282
1841570 282
1841580 282
1841590 282
1841600 282
1841610 282
1841620 282
1841630 282
1841640 282
1841650 282
1841660 282
1841670 282
1841680 282
1841690 282
1841700 282
1841710 282
1841720 282
1841730 282
1841740 282
1841750 282
1841760 281
1841770 281
1841780 281
1841790 281
1841800 281
1841810 280
1841820 280
1841830 280
1841840 280
1841850 280
1841860 280
1841870 279
1841880 279
1841890 279
1841900 279
1841910 278
1841920 278
1841930 278
1841940 278
1841950 278
1841960 277
1841970 277
1841980 277
1841990 276
1842000 276
1842010 276
1842020 276
1842030 276
1842040 275
1842050 275
1842060 275
1842070 274
1842080 274
1842090 274
1842100 273
1842110 272
1842120 272
1842130 272
1842140 271
1842150 271
1842160 270
1842170 269
1842180 269
1842190 269
1842200 268
1842210 268
1842220 267
1842230 266
1842240 266
1842250 265
1842260 264
1842270 264
1842280 263
1842290 262
1842300 262
1842310 261
1842320 260
1842330 260
1842340 259
1842350 258
1842360 258
1842370 257
1842380 257
1842390 257
1842400 256
1842410 255
1842420 255
1842430 254
1842440 254
1842450 254
1842460 253
1842470 253
1842480 253
1842490 252
1842500 252
1842510 252
1842520 251
1842530 251
1842540 251
1842550 250
1842560 249
1842570 249
1842580 249
1842590 248
1842600 248
1842610 247
1842620 249
1842630 249
1842640 252
1842650 249
1842660 249
1842670 249
1842680 249
1842690 249
1842700 250
1842710 251
1842720 251
1842730 245
1842740 243
1842750 243
1842760 243
1842770 243
1842780 243
1842790 242
1842800 242
1842810 242
1842820 241
1842830 241
1842840 241
1842850 240
1842860 240
1842870 240
1842880 239
1842890 240
1842900 240
1842910 240
1842920 240
1842930 240
1842940 240
1842950 240
1842960 240
1842970 239
1842980 239
1842990 239
1843000 238
1843010 238
1843020 238
1843030 238
1843040 238
1843050 238
1843060 237
1843070 237
1843080 237
1843090 237
1843100 237
1843110 236
1843120 236
1843130 236
1843140 236
1843150 236
1843160 236
1843170 235
1843180 235
1843190 235
1843200 235
1843210 235
1843220 235
1843230 234
1843240 234
1843250 233
1843260 233
1843270 233
1843280 233
1843290 232
1843300 232
1843310 232
1843320 233
1843330 233
1843340 233
1843350 233
1843360 233
1843370 233
1843380 233
1843390 233
1843400 233
1843410 233
1843420 233
1843430 233
1843440 233
1843450 232
1843460 232
1843470 232
1843480 232
1843490 232
1843500 232
1843510 232
1843520 232
1843530 233
1843540 233
1843550 233
1843560 233
1843570 233
1843580 233
1843590 234
1843600 234
1843610 234
1843620 234
1843630 234
1843640 234
1843650 235
1843660 235
1843670 235
1843680 235
1843690 236
1843700 236
1843710 236
1843720 236
1843730 236
1843740 236
1843750 236
1843760 236
1843770 236
1843780 235
1843790 235
1843800 235
1843810 235
1843820 235
1843830 235
1843840 235
1843850 235
1843860 235
1843870 234
1843880 234
1843890 234
1843900 234
1843910 234
1843920 234
1843930 234
1843940 234
1843950 234
1843960 233
1843970 233
1843980 233
1843990 232
1844000 232
1844010 232
1844020 232
1844030 232
1844040 231
1844050 231
1844060 231
1844070 230
1844080 230
1844090 230
1844100 230
1844110 229
1844120 229
1844130 229
1844140 229
1844150 229
1844160 228
1844170 228
1844180 228
1844190 228
1844200 228
1844210 227
1844220 227
1844230 227
1844240 227
1844250 226
1844260 226
1844270 226
1844280 226
1844290 226
1844300 226
1844310 225
1844320 225
1844330 225
1844340 225
1844350 225
1844360 225
1844370 225
1844380 225
1844390 225
1844400 225
1844410 225
1844420 224
1844430 224
1844440 224
1844450 225
1844460 225
1844470 225
1844480 225
1844490 225
1844500 225
1844510 225
1844520 225
1844530 225
1844540 225
1844550 224
1844560 224
1844570 224
1844580 224
1844590 224
1844600 224
1844610 223
1844620 223
1844630 223
1844640 222
1844650 222
1844660 222
1844670 221
1844680 221
1844690 221
1844700 221
1844710 221
1844720 220
1844730 220
1844740 220
1844750 220
1844760 219
1844770 219
1844780 219
1844790 218
1844800 218
1844810 217
1844820 217
1844830 217
1844840 216
1844850 215
1844860 215
1844870 214
1844880 214
1844890 214
1844900 214
1844910 214
1844920 214
1844930 214
1844940 214
1844950 214
1844960 214
1844970 215
1844980 215
1844990 215
1845000 215
1845010 215
1845020 215
1845030 215
1845040 215
1845050 215
1845060 216
1845070 216
1845080 216
1845090 216
1845100 216
1845110 216
1845120 215
1845130 215
1845140 215
1845150 215
1845160 215
1845170 215
1845180 215
1845190 215
1845200 215
1845210 215
1845220 215
1845230 215
1845240 215
1845250 215
1845260 214
1845270 214
1845280 214
1845290 214
1845300 214
1845310 214
1845320 214
1845330 214
1845340 214
1845350 214
1845360 214
1845370 214
1845380 213
1845390 213
1845400 213
1845410 212
1845420 213
1845430 213
1845440 212
1845450 212
1845460 212
1845470 211
1845480 211
1845490 211
1845500 210
1845510 210
1845520 210
1845530 209
1845540 209
1845550 208
1845560 207
1845570 207
1845580 206
1845590 206
1845600 206
1845610 205
1845620 204
1845630 204
1845640 204
1845650 203
1845660 203
1845670 201
1845680 200
1845690 200
1845700 199
1845710 198
1845720 198
1845730 197
1845740 196
1845750 196
1845760 195
1845770 194
1845780 195
1845790 194
1845800 193
1845810 193
1845820 193
1845830 192
1845840 192
1845850 192
1845860 191
1845870 191
1845880 191
1845890 191
1845900 191
1845910 190
1845920 190
1845930 190
1845940 189
1845950 188
1845960 188
1845970 188
1845980 188
1845990 188
1846000 188
1846010 188
1846020 188
1846030 188
1846040 188
1846050 188
1846060 188
1846070 189
1846080 189
1846090 190
1846100 190
1846110 190
1846120 191
1846130 191
1846140 190
1846150 191
1846160 192
1846170 192
1846180 192
1846190 192
1846200 192
1846210 192
1846220 192
1846230 192
1846240 192
1846250 192
1846260 192
1846270 192
1846280 193
1846290 193
1846300 193
1846310 193
1846320 193
1846330 193
1846340 193
1846350 193
1846360 193
1846370 193
1846380 193
1846390 193
1846400 193
1846410 193
1846420 193
1846430 193
1846440 194
1846450 193
1846460 193
1846470 193
1846480 193
1846490 193
1846500 193
1846510 193
1846520 193
1846530 193
1846540 193
1846550 193
1846560 193
1846570 193
1846580 193
1846590 194
1846600 194
1846610 194
1846620 193
1846630 193
1846640 193
1846650 193
1846660 193
1846670 193
1846680 193
1846690 193
1846700 193
1846710 194
1846720 194
1846730 194
1846740 193
1846750 194
1846760 194
1846770 194
1846780 193
1846790 193
1846800 194
1846810 194
1846820 194
1846830 194
1846840 194
1846850 194
1846860 191
1846870 190
1846880 190
1846890 191
1846900 191
1846910 191
1846920 191
1846930 191
1846940 191
1846950 190
1846960 190
1846970 190
1846980 190
1846990 190
1847000 190
1847010 189
1847020 188
1847030 188
1847040 188
1847050 185
1847060 185
1847070 185
1847080 185
1847090 185
1847100 184
1847110 184
1847120 184
1847130 184
1847140 184
1847150 184
1847160 184
1847170 184
1847180 184
1847190 184
1847200 183
1847210 183
1847220 183
1847230 182
1847240 182
1847250 182
1847260 182
1847270 182
1847280 182
1847290 182
1847300 182
1847310 182
1847320 181
1847330 181
1847340 182
1847350 181
1847360 181
1847370 181
1847380 182
1847390 182
1847400 181
1847410 180
1847420 180
1847430 181
1847440 181
1847450 181
1847460 181
1847470 181
1847480 181
1847490 181
1847500 180
1847510 180
1847520 179
1847530 179
1847540 181
1847550 182
1847560 182
1847570 181
1847580 182
1847590 182
1847600 182
1847610 182
1847620 182
1847630 182
1847640 182
1847650 182
1847660 182
1847670 183
1847680 183
1847690 183
1847700 183
1847710 183
1847720 183
1847730 183
1847740 183
1847750 184
1847760 185
1847770 185
1847780 185
1847790 186
1847800 186
1847810 186
1847820 187
1847830 187
1847840 188
1847850 189
1847860 189
1847870 191
1847880 192
1847890 192
1847900 193
1847910 195
1847920 195
1847930 196
1847940 198
1847950 198
1847960 200
1847970 202
1847980 202
1847990 204
1848000 206
1848010 206
1848020 208
1848030 209
1848040 209
1848050 211
1848060 212
1848070 212
1848080 213
1848090 213
1848100 213
1848110 213
1848120 214
1848130 214
1848140 214
1848150 214
1848160 214
1848170 214
1848180 214
1848190 214
1848200 214
1848210 213
1848220 213
1848230 213
1848240 213
1848250 213
1848260 212
1848270 212
1848280 212
1848290 212
1848300 212
1848310 212
1848320 211
1848330 211
1848340 211
1848350 210
1848360 210
1848370 210
1848380 209
1848390 208
1848400 208
1848410 207
1848420 206
1848430 206
1848440 205
1848450 204
1848460 204
1848470 203
1848480 202
1848490 202
1848500 201
1848510 200
1848520 200
1848530 199
1848540 198
1848550 198
1848560 197
1848570 196
1848580 196
1848590 196
1848600 195
1848610 195
1848620 194
1848630 193
1848640 193
1848650 192
1848660 192
1848670 191
1848680 191
1848690 191
1848700 190
1848710 190
1848720 190
1848730 189
1848740 189
1848750 189
1848760 189
1848770 189
1848780 189
1848790 188
1848800 187
1848810 187
1848820 187
1848830 186
1848840 186
1848850 186
1848860 185
1848870 185
1848880 185
1848890 185
1848900 185
1848910 184
1848920 184
1848930 184
1848940 184
1848950 184
1848960 184
1848970 184
1848980 185
1848990 185
1849000 185
1849010 185
1849020 185
1849030 186
1849040 185
1849050 185
1849060 185
1849070 185
1849080 185
1849090 184
1849100 183
1849110 183
1849120 183
1849130 182
1849140 182
1849150 181
1849160 181
1849170 181
1849180 180
1849190 180
1849200 180
1849210 180
1849220 180
1849230 180
1849240 179
1849250 179
1849260 179
1849270 179
1849280 179
1849290 179
1849300 179
1849310 180
1849320 180
1849330 180
1849340 180
1849350 180
1849360 180
1849370 180
1849380 180
1849390 180
1849400 180
1849410 180
1849420 180
1849430 180
1849440 180
1849450 180
1849460 180
1849470 180
1849480 180
1849490 180
1849500 180
1849510 179
1849520 180
1849530 180
1849540 180
1849550 179
1849560 179
1849570 180
1849580 180
1849590 180
1849600 180
1849610 180
1849620 180
1849630 180
1849640 180
1849650 180
1849660 180
1849670 180
1849680 180
1849690 180
1849700 180
1849710 180
1849720 180
1849730 180
1849740 180
1849750 180
1849760 180
1849770 180
1849780 180
1849790 180
1849800 180
1849810 180
1849820 180
1849830 180
1849840 180
1849850 180
1849860 180
1849870 180
1849880 180
1849890 180
1849900 180
1849910 180
1849920 181
1849930 181
1849940 181
1849950 181
1849960 181
1849970 181
1849980 181
1849990 181
1850000 181
1850010 181
1850020 181
1850030 181
1850040 181
1850050 181
1850060 181
1850070 181
1850080 181
1850090 181
1850100 181
1850110 182
1850120 182
1850130 182
1850140 182
1850150 182
1850160 182
1850170 182
1850180 182
1850190 182
1850200 182
1850210 182
1850220 182
1850230 182
1850240 182
1850250 182
1850260 182
1850270 182
1850280 183
1850290 183
1850300 183
1850310 184
1850320 185
1850330 185
1850340 185
1850350 186
1850360 186
1850370 186
1850380 186
1850390 186
1850400 185
1850410 185
1850420 185
1850430 185
1850440 186
1850450 186
1850460 186
1850470 186
1850480 186
1850490 186
1850500 186
1850510 186
1850520 187
1850530 187
1850540 187
1850550 187
1850560 188
1850570 188
1850580 188
1850590 188
1850600 188
1850610 189
1850620 190
1850630 190
1850640 190
1850650 192
1850660 192
1850670 192
1850680 192
1850690 192
1850700 192
1850710 192
1850720 192
1850730 193
1850740 192
1850750 192
1850760 192
1850770 192
1850780 192
1850790 192
1850800 191
1850810 191
1850820 191
1850830 190
1850840 190
1850850 190
1850860 190
1850870 189
1850880 189
1850890 189
1850900 188
1850910 188
1850920 188
1850930 187
1850940 187
1850950 187
1850960 186
1850970 186
1850980 186
1850990 186
1851000 185
1851010 185
1851020 184
1851030 184
1851040 184
1851050 184
1851060 184
1851070 184
1851080 184
1851090 184
1851100 184
1851110 184
1851120 184
1851130 184
1851140 184
1851150 184
1851160 184
1851170 184
1851180 184
1851190 184
1851200 184
1851210 184
1851220 184
1851230 184
1851240 184
1851250 184
1851260 184
1851270 184
1851280 184
1851290 184
1851300 185
1851310 185
1851320 184
1851330 184
1851340 184
1851350 184
1851360 184
1851370 184
1851380 184
1851390 185
1851400 185
1851410 185
1851420 184
1851430 184
1851440 184
1851450 183
1851460 183
1851470 183
1851480 183
1851490 183
1851500 184
1851510 184
1851520 184
1851530 183
1851540 184
1851550 184
1851560 184
1851570 184
1851580 184
1851590 185
1851600 185
1851610 185
1851620 186
1851630 186
1851640 186
1851650 188
1851660 190
1851670 190
1851680 190
1851690 191
1851700 191
1851710 192
1851720 192
1851730 192
1851740 193
1851750 193
1851760 193
1851770 194
1851780 194
1851790 194
1851800 195
1851810 196
1851820 196
1851830 197
1851840 198
1851850 198
1851860 200
1851870 201
1851880 201
1851890 202
1851900 204
1851910 204
1851920 205
1851930 205
1851940 205
1851950 206
1851960 206
1851970 206
1851980 206
1851990 206
1852000 206
1852010 205
1852020 205
1852030 205
1852040 204
1852050 204
1852060 204
1852070 204
1852080 204
1852090 204
1852100 204
1852110 204
1852120 204
1852130 204
1852140 204
1852150 204
1852160 204
1852170 204
1852180 204
1852190 204
1852200 204
1852210 204
1852220 205
1852230 205
1852240 205
1852250 205
1852260 205
1852270 205
1852280 205
1852290 205
1852300 206
1852310 206
1852320 206
1852330 207
1852340 208
1852350 208
1852360 208
1852370 208
1852380 208
1852390 209
1852400 209
1852410 209
1852420 210
1852430 210
1852440 210
1852450 211
1852460 211
1852470 211
1852480 211
1852490 212
1852500 212
1852510 212
1852520 212
1852530 212
1852540 213
1852550 213
1852560 214
1852570 214
1852580 215
1852590 215
1852600 216
1852610 216
1852620 216
1852630 217
1852640 218
1852650 218
1852660 218
1852670 219
1852680 219
1852690 219
1852700 220
1852710 220
1852720 221
1852730 221
1852740 221
1852750 222
1852760 223
1852770 223
1852780 223
1852790 223
1852800 223
1852810 224
1852820 224
1852830 224
1852840 224
1852850 224
1852860 224
1852870 225
1852880 225
1852890 225
1852900 225
1852910 225
1852920 225
1852930 225
1852940 225
1852950 225
1852960 225
1852970 225
1852980 225
1852990 225
1853000 226
1853010 226
1853020 226
1853030 226
1853040 226
1853050 226
1853060 226
1853070 227
1853080 227
1853090 227
1853100 228
1853110 228
1853120 228
1853130 228
1853140 228
1853150 228
1853160 228
1853170 228
1853180 228
1853190 226
1853200 226
1853210 226
1853220 226
1853230 225
1853240 225
1853250 225
1853260 224
1853270 224
1853280 224
1853290 223
1853300 223
1853310 223
1853320 222
1853330 222
1853340 222
1853350 222
1853360 222
1853370 221
1853380 221
1853390 221
1853400 220
1853410 220
1853420 220
1853430 219
1853440 219
1853450 219
1853460 219
1853470 218
1853480 218
1853490 218
1853500 218
1853510 218
1853520 219
1853530 219
1853540 219
1853550 219
1853560 219
1853570 219
1853580 221
1853590 222
1853600 222
1853610 223
1853620 225
1853630 225
1853640 225
1853650 227
1853660 227
1853670 227
1853680 229
1853690 229
1853700 229
1853710 230
1853720 230
1853730 230
1853740 230
1853750 230
1853760 231
1853770 231
1853780 231
1853790 231
1853800 231
1853810 231
1853820 231
1853830 231
1853840 231
1853850 231
1853860 231
1853870 231
1853880 231
1853890 230
1853900 230
1853910 227
1853920 227
1853930 227
1853940 226
1853950 224
1853960 224
1853970 223
1853980 221
1853990 221
1854000 219
1854010 218
1854020 218
1854030 218
1854040 217
1854050 217
1854060 216
1854070 217
1854080 217
1854090 217
1854100 216
1854110 216
1854120 218
1854130 219
1854140 219
1854150 220
1854160 220
1854170 222
1854180 224
1854190 224
1854200 226
1854210 227
1854220 227
1854230 227
1854240 228
1854250 228
1854260 229
1854270 229
1854280 229
1854290 230
1854300 231
1854310 231
1854320 231
1854330 233
1854340 233
1854350 234
1854360 235
1854370 235
1854380 235
1854390 236
1854400 236
1854410 237
1854420 238
1854430 238
1854440 238
1854450 239
1854460 239
1854470 240
1854480 240
1854490 240
1854500 241
1854510 241
1854520 241
1854530 241
1854540 242
1854550 242
1854560 242
1854570 243
1854580 243
1854590 244
1854600 245
1854610 245
1854620 245
1854630 246
1854640 246
1854650 247
1854660 247
1854670 247
1854680 248
1854690 248
1854700 248
1854710 249
1854720 250
1854730 250
1854740 251
1854750 251
1854760 251
1854770 252
1854780 252
1854790 252
1854800 253
1854810 253
1854820 253
1854830 254
1854840 254
1854850 254
1854860 254
1854870 255
1854880 255
1854890 254
1854900 255
1854910 255
1854920 255
1854930 255
1854940 255
1854950 255
1854960 255
1854970 255
1854980 255
1854990 255
1855000 255
1855010 255
1855020 255
1855030 255
1855040 256
1855050 256
1855060 256
1855070 256
1855080 256
1855090 256
1855100 256
1855110 256
1855120 256
1855130 256
1855140 257
1855150 257
1855160 256
1855170 256
1855180 256
1855190 256
1855200 256
1855210 256
1855220 256
1855230 256
1855240 256
1855250 256
1855260 256
1855270 256
1855280 256
1855290 256
1855300 256
1855310 256
1855320 256
1855330 256
1855340 256
1855350 256
1855360 255
1855370 255
1855380 255
1855390 254
1855400 254
1855410 254
1855420 253
1855430 252
1855440 252
1855450 251
1855460 250
1855470 250
1855480 249
1855490 248
1855500 248
1855510 247
1855520 246
1855530 246
1855540 246
1855550 246
1855560 246
1855570 247
1855580 248
1855590 248
1855600 248
1855610 247
1855620 247
1855630 247
1855640 247
1855650 247
1855660 247
1855670 246
1855680 246
1855690 246
1855700 246
1855710 246
1855720 246
1855730 246
1855740 245
1855750 244
1855760 244
1855770 244
1855780 243
1855790 242
1855800 242
1855810 241
1855820 240
1855830 240
1855840 240
1855850 238
1855860 238
1855870 239
1855880 239
1855890 239
1855900 238
1855910 238
1855920 238
1855930 237
1855940 237
1855950 237
1855960 236
1855970 236
1855980 236
1855990 236
1856000 235
1856010 235
1856020 235
1856030 235
1856040 235
1856050 234
1856060 234
1856070 234
1856080 234
1856090 233
1856100 233
1856110 232
1856120 232
1856130 232
1856140 231
1856150 231
1856160 231
1856170 230
1856180 230
1856190 230
1856200 229
1856210 229
1856220 229
1856230 229
1856240 229
1856250 229
1856260 228
1856270 228
1856280 228
1856290 227
1856300 227
1856310 227
1856320 227
1856330 227
1856340 227
1856350 227
1856360 227
1856370 227
1856380 227
1856390 227
1856400 227
1856410 226
1856420 226
1856430 226
1856440 225
1856450 225
1856460 225
1856470 225
1856480 225
1856490 226
1856500 226
1856510 226
1856520 226
1856530 226
1856540 226
1856550 226
1856560 226
1856570 226
1856580 226
1856590 225
1856600 225
1856610 225
1856620 224
1856630 224
1856640 224
1856650 223
1856660 223
1856670 222
1856680 222
1856690 222
1856700 221
1856710 221
1856720 221
1856730 221
1856740 220
1856750 220
1856760 220
1856770 220
1856780 220
1856790 218
1856800 217
1856810 217
1856820 217
1856830 217
1856840 217
1856850 216
1856860 215
1856870 215
1856880 215
1856890 214
1856900 214
1856910 214
1856920 213
1856930 213
1856940 213
1856950 212
1856960 212
1856970 212
1856980 212
1856990 212
1857000 211
1857010 211
1857020 211
1857030 211
1857040 210
1857050 210
1857060 210
1857070 210
1857080 210
1857090 210
1857100 210
1857110 210
1857120 210
1857130 211
1857140 211
1857150 211
1857160 212
1857170 212
1857180 212
1857190 212
1857200 212
1857210 212
1857220 212
1857230 212
1857240 212
1857250 212
1857260 212
1857270 212
1857280 212
1857290 212
1857300 212
1857310 212
1857320 212
1857330 211
1857340 211
1857350 211
1857360 211
1857370 210
1857380 210
1857390 210
1857400 209
1857410 209
1857420 208
1857430 207
1857440 207
1857450 207
1857460 207
1857470 206
1857480 205
1857490 204
1857500 203
1857510 202
1857520 202
1857530 202
1857540 201
1857550 201
1857560 201
1857570 200
1857580 200
1857590 200
1857600 200
1857610 200
1857620 200
1857630 200
1857640 200
1857650 200
1857660 199
1857670 199
1857680 199
1857690 199
1857700 199
1857710 199
1857720 199
1857730 199
1857740 199
1857750 199
1857760 199
1857770 199
1857780 200
1857790 200
1857800 200
1857810 200
1857820 200
1857830 200
1857840 200
1857850 200
1857860 200
1857870 200
1857880 200
1857890 201
1857900 201
1857910 201
1857920 202
1857930 203
1857940 203
1857950 203
1857960 204
1857970 204
1857980 205
1857990 206
1858000 206
1858010 206
1858020 206
1858030 206
1858040 205
1858050 204
1858060 204
1858070 204
1858080 204
1858090 204
1858100 205
1858110 207
1858120 207
1858130 208
1858140 209
1858150 209
1858160 210
1858170 211
1858180 212
1858190 213
1858200 214
1858210 214
1858220 214
1858230 215
1858240 215
1858250 215
1858260 216
1858270 216
1858280 216
1858290 217
1858300 217
1858310 217
1858320 218
1858330 218
1858340 218
1858350 218
1858360 218
1858370 218
1858380 217
1858390 217
1858400 217
1858410 217
1858420 217
1858430 217
1858440 218
1858450 218
1858460 218
1858470 219
1858480 219
1858490 219
1858500 220
1858510 220
1858520 220
1858530 221
1858540 221
1858550 221
1858560 221
1858570 221
1858580 221
1858590 221
1858600 221
1858610 221
1858620 221
1858630 221
1858640 220
1858650 220
1858660 220
1858670 220
1858680 220
1858690 220
1858700 220
1858710 220
1858720 220
1858730 220
1858740 220
1858750 220
1858760 220
1858770 220
1858780 220
1858790 220
1858800 220
1858810 219
1858820 219
1858830 219
1858840 219
1858850 219
1858860 219
1858870 219
1858880 218
1858890 218
1858900 218
1858910 218
1858920 218
1858930 218
1858940 218
1858950 218
1858960 218
1858970 218
1858980 218
1858990 218
1859000 217
1859010 217
1859020 217
1859030 217
1859040 217
1859050 217
1859060 216
1859070 216
1859080 216
1859090 216
1859100 216
1859110 215
1859120 215
1859130 215
1859140 214
1859150 214
1859160 214
1859170 213
1859180 213
1859190 213
1859200 212
1859210 212
1859220 212
1859230 210
1859240 210
1859250 210
1859260 210
1859270 210
1859280 210
1859290 209
1859300 209
1859310 209
1859320 208
1859330 208
1859340 208
1859350 207
1859360 206
1859370 206
1859380 206
1859390 205
1859400 205
1859410 205
1859420 206
1859430 206
1859440 206
1859450 206
1859460 206
1859470 206
1859480 206
1859490 206
1859500 207
1859510 207
1859520 207
1859530 207
1859540 206
1859550 206
1859560 206
1859570 206
1859580 203
1859590 203
1859600 202
1859610 202
1859620 202
1859630 202
1859640 202
1859650 201
1859660 201
1859670 201
1859680 200
1859690 200
1859700 199
1859710 198
1859720 198
1859730 197
1859740 196
1859750 196
1859760 196
1859770 195
1859780 195
1859790 194
1859800 193
1859810 193
1859820 193
1859830 192
1859840 192
1859850 192
1859860 191
1859870 191
1859880 191
1859890 191
1859900 191
1859910 190
1859920 189
1859930 189
1859940 189
1859950 189
1859960 189
1859970 189
1859980 188
1859990 188
