1840000 223
1840010 223
1840020 224
1840030 225
1840040 225
1840050 227
1840060 228
1840070 228
1840080 229
1840090 230
1840100 230
1840110 231
1840120 233
1840130 233
1840140 234
1840150 235
1840160 235
1840170 236
1840180 237
1840190 237
1840200 239
1840210 240
1840220 241
1840230 242
1840240 243
1840250 243
1840260 245
1840270 246
1840280 246
1840290 247
1840300 248
1840310 248
1840320 249
1840330 250
1840340 250
1840350 250
1840360 251
1840370 251
1840380 252
1840390 253
1840400 253
1840410 254
1840420 254
1840430 254
1840440 255
1840450 255
1840460 255
1840470 256
1840480 257
1840490 257
1840500 257
1840510 258
1840520 258
1840530 258
1840540 259
1840550 259
1840560 259
1840570 260
1840580 260
1840590 260
1840600 260
1840610 260
1840620 260
1840630 260
1840640 259
1840650 259
1840660 259
1840670 259
1840680 259
1840690 259
1840700 259
1840710 259
1840720 259
1840730 259
1840740 259
1840750 259
1840760 260
1840770 260
1840780 260
1840790 261
1840800 261
1840810 261
1840820 262
1840830 262
1840840 262
1840850 263
1840860 263
1840870 263
1840880 263
1840890 263
1840900 263
1840910 264
1840920 264
1840930 264
1840940 264
1840950 263
1840960 263
1840970 263
1840980 263
1840990 263
1841000 263
1841010 264
1841020 264
1841030 264
1841040 264
1841050 264
1841060 264
1841070 264
1841080 264
1841090 264
1841100 264
1841110 264
1841120 265
1841130 265
1841140 265
1841150 265
1841160 266
1841170 266
1841180 266
1841190 267
1841200 267
1841210 267
1841220 268
1841230 268
1841240 268
1841250 268
1841260 268
1841270 268
1841280 268
1841290 268
1841300 269
1841310 269
1841320 269
1841330 269
1841340 269
1841350 269
1841360 269
1841370 269
1841380 269
1841390 269
1841400 269
1841410 269
1841420 269
1841430 269
1841440 269
1841450 269
1841460 269
1841470 269
1841480 269
1841490 269
1841500 269
1841510 269
1841520 269
1841530 269
1841540 269
1841550 269
1841560 269
1841570 268
1841580 268
1841590 268
1841600 268
1841610 268
1841620 268
1841630 268
1841640 268
1841650 268
1841660 267
1841670 267
1841680 267
1841690 267
1841700 266
1841710 266
1841720 266
1841730 266
1841740 266
1841750 266
1841760 266
1841770 265
1841780 265
1841790 265
1841800 265
1841810 264
1841820 264
1841830 264
1841840 263
1841850 263
1841860 263
1841870 263
1841880 263
1841890 263
1841900 262
1841910 262
1841920 260
1841930 259
1841940 259
1841950 258
1841960 257
1841970 257
1841980 256
1841990 256
1842000 256
1842010 256
1842020 256
1842030 256
1842040 256
1842050 256
1842060 256
1842070 256
1842080 256
1842090 256
1842100 256
1842110 256
1842120 256
1842130 256
1842140 256
1842150 256
1842160 257
1842170 257
1842180 257
1842190 257
1842200 257
1842210 257
1842220 257
1842230 257
1842240 257
1842250 257
1842260 257
1842270 257
1842280 257
1842290 256
1842300 256
1842310 256
1842320 255
1842330 255
1842340 255
1842350 254
1842360 254
1842370 254
1842380 253
1842390 253
1842400 252
1842410 250
1842420 250
1842430 249
1842440 248
1842450 248
1842460 247
1842470 245
1842480 245
1842490 244
1842500 243
1842510 243
1842520 242
1842530 240
1842540 240
1842550 239
1842560 238
1842570 238
1842580 237
1842590 237
1842600 237
1842610 236
1842620 236
1842630 236
1842640 236
1842650 237
1842660 237
1842670 237
1842680 238
1842690 238
1842700 239
1842710 240
1842720 240
1842730 240
1842740 240
1842750 240
1842760 240
1842770 240
1842780 241
1842790 241
1842800 241
1842810 241
1842820 240
1842830 240
1842840 238
1842850 240
1842860 240
1842870 240
1842880 237
1842890 237
1842900 236
1842910 235
1842920 235
1842930 234
1842940 234
1842950 234
1842960 233
1842970 233
1842980 233
1842990 233
1843000 234
1843010 234
1843020 234
1843030 235
1843040 235
1843050 235
1843060 235
1843070 235
1843080 235
1843090 235
1843100 235
1843110 235
1843120 235
1843130 235
1843140 235
1843150 235
1843160 235
1843170 235
1843180 234
1843190 234
1843200 234
1843210 233
1843220 233
1843230 233
1843240 233
1843250 233
1843260 232
1843270 231
1843280 231
1843290 230
1843300 230
1843310 230
1843320 229
1843330 228
1843340 228
1843350 227
1843360 226
1843370 226
1843380 226
1843390 225
1843400 225
1843410 224
1843420 224
1843430 224
1843440 225
1843450 225
1843460 225
1843470 225
1843480 226
1843490 226
1843500 227
1843510 227
1843520 227
1843530 226
1843540 226
1843550 226
1843560 225
1843570 224
1843580 224
1843590 223
1843600 223
1843610 223
1843620 222
1843630 221
1843640 221
1843650 220
1843660 219
1843670 219
1843680 218
1843690 218
1843700 218
1843710 217
1843720 216
1843730 216
1843740 215
1843750 215
1843760 215
1843770 214
1843780 213
1843790 213
1843800 212
1843810 211
1843820 211
1843830 210
1843840 210
1843850 210
1843860 209
1843870 208
1843880 208
1843890 208
1843900 208
1843910 207
1843920 207
1843930 207
1843940 207
1843950 207
1843960 207
1843970 207
1843980 208
1843990 208
1844000 209
1844010 210
1844020 210
1844030 211
1844040 213
1844050 213
1844060 216
1844070 218
1844080 218
1844090 220
1844100 222
1844110 222
1844120 224
1844130 225
1844140 225
1844150 226
1844160 227
1844170 227
1844180 227
1844190 228
1844200 228
1844210 228
1844220 228
1844230 227
1844240 227
1844250 227
1844260 227
1844270 227
1844280 227
1844290 227
1844300 227
1844310 227
1844320 227
1844330 227
1844340 226
1844350 226
1844360 226
1844370 226
1844380 226
1844390 226
1844400 225
1844410 225
1844420 225
1844430 224
1844440 224
1844450 224
1844460 223
1844470 223
1844480 223
1844490 222
1844500 222
1844510 222
1844520 222
1844530 222
1844540 221
1844550 221
1844560 221
1844570 221
1844580 220
1844590 220
1844600 220
1844610 220
1844620 220
1844630 219
1844640 219
1844650 219
1844660 219
1844670 219
1844680 219
1844690 219
1844700 219
1844710 219
1844720 218
1844730 218
1844740 218
1844750 217
1844760 216
1844770 216
1844780 215
1844790 213
1844800 213
1844810 212
1844820 210
1844830 210
1844840 209
1844850 208
1844860 208
1844870 206
1844880 205
1844890 205
1844900 204
1844910 203
1844920 203
1844930 202
1844940 201
1844950 200
1844960 200
1844970 199
1844980 199
1844990 199
1845000 199
1845010 198
1845020 197
1845030 197
1845040 197
1845050 197
1845060 197
1845070 196
1845080 196
1845090 196
1845100 196
1845110 196
1845120 196
1845130 195
1845140 195
1845150 195
1845160 195
1845170 195
1845180 195
1845190 194
1845200 194
1845210 194
1845220 194
1845230 194
1845240 194
1845250 194
1845260 194
1845270 194
1845280 194
1845290 193
1845300 193
1845310 193
1845320 193
1845330 193
1845340 193
1845350 193
1845360 193
1845370 193
1845380 193
1845390 193
1845400 193
1845410 192
1845420 192
1845430 192
1845440 192
1845450 192
1845460 192
1845470 192
1845480 192
1845490 192
1845500 192
1845510 192
1845520 192
1845530 192
1845540 192
1845550 192
1845560 192
1845570 192
1845580 192
1845590 191
1845600 191
1845610 191
1845620 191
1845630 191
1845640 191
1845650 191
1845660 191
1845670 191
1845680 191
1845690 191
1845700 191
1845710 191
1845720 191
1845730 191
1845740 191
1845750 191
1845760 190
1845770 190
1845780 190
1845790 190
1845800 190
1845810 190
1845820 190
1845830 190
1845840 190
1845850 190
1845860 190
1845870 190
1845880 190
1845890 190
1845900 190
1845910 189
1845920 189
1845930 189
1845940 189
1845950 189
1845960 189
1845970 189
1845980 189
1845990 189
1846000 189
1846010 189
1846020 189
1846030 189
1846040 188
1846050 188
1846060 188
1846070 188
1846080 188
1846090 188
1846100 188
1846110 188
1846120 188
1846130 188
1846140 188
1846150 188
1846160 188
1846170 188
1846180 188
1846190 188
1846200 187
1846210 187
1846220 187
1846230 187
1846240 187
1846250 187
1846260 187
1846270 188
1846280 188
1846290 188
1846300 188
1846310 188
1846320 188
1846330 189
1846340 189
1846350 189
1846360 189
1846370 189
1846380 189
1846390 189
1846400 189
1846410 189
1846420 189
1846430 189
1846440 190
1846450 191
1846460 191
1846470 190
1846480 190
1846490 190
1846500 190
1846510 191
1846520 191
1846530 191
1846540 190
1846550 190
1846560 189
1846570 189
1846580 189
1846590 190
1846600 190
1846610 190
1846620 190
1846630 192
1846640 192
1846650 193
1846660 194
1846670 194
1846680 197
1846690 199
1846700 199
1846710 200
1846720 201
1846730 201
1846740 203
1846750 203
1846760 205
1846770 203
1846780 194
1846790 194
1846800 189
1846810 193
1846820 193
1846830 197
1846840 199
1846850 199
1846860 198
1846870 198
1846880 198
1846890 197
1846900 196
1846910 196
1846920 195
1846930 193
1846940 193
1846950 192
1846960 190
1846970 190
1846980 189
1846990 187
1847000 187
1847010 184
1847020 184
1847030 184
1847040 183
1847050 183
1847060 183
1847070 183
1847080 183
1847090 183
1847100 183
1847110 183
1847120 183
1847130 183
1847140 183
1847150 183
1847160 183
1847170 183
1847180 182
1847190 181
1847200 181
1847210 182
1847220 183
1847230 183
1847240 183
1847250 183
1847260 183
1847270 183
1847280 183
1847290 183
1847300 183
1847310 183
1847320 183
1847330 183
1847340 183
1847350 183
1847360 183
1847370 183
1847380 183
1847390 183
1847400 184
1847410 184
1847420 184
1847430 184
1847440 184
1847450 185
1847460 185
1847470 187
1847480 188
1847490 189
1847500 189
1847510 189
1847520 191
1847530 191
1847540 192
1847550 194
1847560 194
1847570 195
1847580 195
1847590 195
1847600 195
1847610 195
1847620 195
1847630 196
1847640 195
1847650 195
1847660 194
1847670 194
1847680 194
1847690 195
1847700 196
1847710 196
1847720 198
1847730 199
1847740 199
1847750 201
1847760 203
1847770 203
1847780 207
1847790 209
1847800 209
1847810 212
1847820 214
1847830 215
1847840 217
1847850 218
1847860 218
1847870 219
1847880 219
1847890 219
1847900 220
1847910 221
1847920 221
1847930 222
1847940 223
1847950 223
1847960 224
1847970 224
1847980 224
1847990 224
1848000 225
1848010 225
1848020 225
1848030 225
1848040 225
1848050 225
1848060 225
1848070 225
1848080 225
1848090 225
1848100 225
1848110 225
1848120 225
1848130 225
1848140 225
1848150 225
1848160 225
1848170 225
1848180 224
1848190 225
1848200 225
1848210 225
1848220 225
1848230 225
1848240 225
1848250 225
1848260 224
1848270 224
1848280 224
1848290 224
1848300 224
1848310 224
1848320 224
1848330 224
1848340 224
1848350 224
1848360 224
1848370 224
1848380 223
1848390 223
1848400 223
1848410 223
1848420 223
1848430 223
1848440 223
1848450 223
1848460 223
1848470 223
1848480 223
1848490 222
1848500 222
1848510 222
1848520 222
1848530 221
1848540 221
1848550 221
1848560 221
1848570 221
1848580 221
1848590 220
1848600 220
1848610 220
1848620 220
1848630 220
1848640 219
1848650 219
1848660 219
1848670 219
1848680 219
1848690 219
1848700 218
1848710 218
1848720 218
1848730 218
1848740 218
1848750 218
1848760 218
1848770 217
1848780 217
1848790 217
1848800 217
1848810 217
1848820 216
1848830 216
1848840 216
1848850 215
1848860 215
1848870 215
1848880 215
1848890 214
1848900 214
1848910 214
1848920 213
1848930 213
1848940 213
1848950 213
1848960 213
1848970 212
1848980 212
1848990 212
1849000 211
1849010 211
1849020 211
1849030 211
1849040 210
1849050 210
1849060 210
1849070 209
1849080 209
1849090 209
1849100 209
1849110 209
1849120 208
1849130 208
1849140 208
1849150 208
1849160 207
1849170 207
1849180 207
1849190 206
1849200 206
1849210 206
1849220 205
1849230 205
1849240 204
1849250 204
1849260 203
1849270 202
1849280 201
1849290 201
1849300 201
1849310 200
1849320 200
1849330 200
1849340 199
1849350 199
1849360 198
1849370 198
1849380 198
1849390 197
1849400 197
1849410 197
1849420 196
1849430 196
1849440 196
1849450 195
1849460 195
1849470 195
1849480 194
1849490 194
1849500 194
1849510 193
1849520 193
1849530 193
1849540 193
1849550 193
1849560 193
1849570 193
1849580 193
1849590 193
1849600 193
1849610 193
1849620 193
1849630 193
1849640 193
1849650 194
1849660 195
1849670 195
1849680 196
1849690 197
1849700 197
1849710 198
1849720 199
1849730 199
1849740 199
1849750 200
1849760 200
1849770 200
1849780 199
1849790 199
1849800 199
1849810 198
1849820 198
1849830 197
1849840 195
1849850 195
1849860 194
1849870 193
1849880 193
1849890 192
1849900 192
1849910 192
1849920 192
1849930 192
1849940 192
1849950 193
1849960 193
1849970 193
1849980 195
1849990 197
1850000 197
1850010 198
1850020 199
1850030 199
1850040 201
1850050 202
1850060 202
1850070 203
1850080 204
1850090 204
1850100 204
1850110 205
1850120 205
1850130 206
1850140 206
1850150 206
1850160 207
1850170 207
1850180 207
1850190 207
1850200 207
1850210 207
1850220 208
1850230 208
1850240 208
1850250 208
1850260 208
1850270 208
1850280 207
1850290 207
1850300 207
1850310 207
1850320 206
1850330 206
1850340 206
1850350 206
1850360 206
1850370 205
1850380 205
1850390 205
1850400 205
1850410 205
1850420 205
1850430 205
1850440 205
1850450 205
1850460 205
1850470 205
1850480 205
1850490 205
1850500 205
1850510 205
1850520 205
1850530 205
1850540 205
1850550 205
1850560 205
1850570 205
1850580 205
1850590 205
1850600 204
1850610 204
1850620 204
1850630 204
1850640 205
1850650 205
1850660 205
1850670 205
1850680 205
1850690 205
1850700 205
1850710 205
1850720 204
1850730 204
1850740 204
1850750 203
1850760 202
1850770 202
1850780 201
1850790 200
1850800 200
1850810 199
1850820 198
1850830 198
1850840 198
1850850 197
1850860 197
1850870 196
1850880 195
1850890 195
1850900 195
1850910 194
1850920 194
1850930 194
1850940 194
1850950 194
1850960 194
1850970 194
1850980 194
1850990 194
1851000 194
1851010 194
1851020 194
1851030 194
1851040 193
1851050 194
1851060 194
1851070 194
1851080 195
1851090 195
1851100 195
1851110 194
1851120 194
1851130 194
1851140 193
1851150 193
1851160 193
1851170 192
1851180 192
1851190 192
1851200 191
1851210 191
1851220 191
1851230 190
1851240 190
1851250 190
1851260 189
1851270 189
1851280 189
1851290 188
1851300 188
1851310 188
1851320 187
1851330 187
1851340 187
1851350 186
1851360 186
1851370 186
1851380 186
1851390 186
1851400 186
1851410 186
1851420 186
1851430 186
1851440 185
1851450 185
1851460 185
1851470 185
1851480 185
1851490 185
1851500 186
1851510 186
1851520 186
1851530 186
1851540 186
1851550 186
1851560 186
1851570 186
1851580 186
1851590 187
1851600 187
1851610 187
1851620 187
1851630 187
1851640 188
1851650 188
1851660 188
1851670 189
1851680 190
1851690 190
1851700 191
1851710 193
1851720 193
1851730 194
1851740 194
1851750 194
1851760 195
1851770 198
1851780 198
1851790 200
1851800 201
1851810 201
1851820 202
1851830 203
1851840 203
1851850 204
1851860 205
1851870 205
1851880 206
1851890 207
1851900 207
1851910 208
1851920 208
1851930 208
1851940 209
1851950 210
1851960 210
1851970 210
1851980 211
1851990 211
1852000 211
1852010 212
1852020 212
1852030 212
1852040 212
1852050 212
1852060 212
1852070 213
1852080 213
1852090 213
1852100 213
1852110 212
1852120 213
1852130 213
1852140 213
1852150 213
1852160 213
1852170 213
1852180 213
1852190 214
1852200 214
1852210 214
1852220 215
1852230 215
1852240 215
1852250 216
1852260 216
1852270 216
1852280 217
1852290 217
1852300 217
1852310 217
1852320 217
1852330 218
1852340 218
1852350 218
1852360 218
1852370 218
1852380 218
1852390 219
1852400 219
1852410 219
1852420 219
1852430 219
1852440 219
1852450 219
1852460 218
1852470 218
1852480 218
1852490 218
1852500 218
1852510 218
1852520 218
1852530 218
1852540 218
1852550 218
1852560 218
1852570 218
1852580 218
1852590 218
1852600 218
1852610 218
1852620 217
1852630 217
1852640 217
1852650 217
1852660 217
1852670 217
1852680 217
1852690 217
1852700 217
1852710 217
1852720 216
1852730 216
1852740 216
1852750 216
1852760 216
1852770 216
1852780 216
1852790 216
1852800 216
1852810 216
1852820 215
1852830 215
1852840 215
1852850 215
1852860 216
1852870 216
1852880 216
1852890 217
1852900 217
1852910 217
1852920 218
1852930 218
1852940 218
1852950 218
1852960 218
1852970 218
1852980 218
1852990 218
1853000 218
1853010 218
1853020 217
1853030 217
1853040 217
1853050 217
1853060 217
1853070 216
1853080 216
1853090 216
1853100 216
1853110 216
1853120 216
1853130 215
1853140 215
1853150 215
1853160 214
1853170 213
1853180 213
1853190 213
1853200 213
1853210 213
1853220 212
1853230 211
1853240 211
1853250 210
1853260 209
1853270 209
1853280 208
1853290 208
1853300 208
1853310 207
1853320 206
1853330 206
1853340 206
1853350 206
1853360 206
1853370 206
1853380 205
1853390 205
1853400 205
1853410 205
1853420 205
1853430 205
1853440 206
1853450 206
1853460 205
1853470 205
1853480 205
1853490 205
1853500 205
1853510 205
1853520 206
1853530 206
1853540 206
1853550 206
1853560 207
1853570 207
1853580 208
1853590 208
1853600 208
1853610 209
1853620 211
1853630 211
1853640 211
1853650 213
1853660 213
1853670 213
1853680 213
1853690 214
1853700 215
1853710 215
1853720 215
1853730 216
1853740 216
1853750 216
1853760 216
1853770 216
1853780 216
1853790 217
1853800 217
1853810 217
1853820 217
1853830 217
1853840 217
1853850 216
1853860 216
1853870 217
1853880 216
1853890 216
1853900 216
1853910 216
1853920 216
1853930 216
1853940 217
1853950 217
1853960 217
1853970 217
1853980 217
1853990 217
1854000 217
1854010 217
1854020 217
1854030 218
1854040 218
1854050 218
1854060 218
1854070 218
1854080 218
1854090 219
1854100 219
1854110 219
1854120 219
1854130 219
1854140 219
1854150 219
1854160 219
1854170 219
1854180 220
1854190 220
1854200 220
1854210 220
1854220 220
1854230 220
1854240 220
1854250 220
1854260 220
1854270 220
1854280 220
1854290 220
1854300 220
1854310 220
1854320 220
1854330 220
1854340 220
1854350 221
1854360 221
1854370 221
1854380 221
1854390 221
1854400 221
1854410 221
1854420 222
1854430 222
1854440 222
1854450 222
1854460 222
1854470 222
1854480 222
1854490 222
1854500 222
1854510 222
1854520 222
1854530 222
1854540 223
1854550 223
1854560 223
1854570 224
1854580 222
1854590 223
1854600 223
1854610 223
1854620 223
1854630 224
1854640 224
1854650 225
1854660 224
1854670 224
1854680 224
1854690 224
1854700 224
1854710 225
1854720 225
1854730 225
1854740 225
1854750 225
1854760 225
1854770 225
1854780 225
1854790 225
1854800 225
1854810 225
1854820 225
1854830 225
1854840 225
1854850 225
1854860 225
1854870 225
1854880 225
1854890 225
1854900 225
1854910 226
1854920 226
1854930 225
1854940 225
1854950 226
1854960 226
1854970 226
1854980 227
1854990 227
1855000 228
1855010 228
1855020 228
1855030 229
1855040 230
1855050 230
1855060 231
1855070 231
1855080 231
1855090 232
1855100 232
1855110 232
1855120 233
1855130 233
1855140 233
1855150 233
1855160 233
1855170 233
1855180 233
1855190 233
1855200 233
1855210 234
1855220 234
1855230 234
1855240 233
1855250 233
1855260 233
1855270 233
1855280 233
1855290 233
1855300 233
1855310 232
1855320 232
1855330 232
1855340 232
1855350 232
1855360 232
1855370 232
1855380 232
1855390 232
1855400 232
1855410 232
1855420 232
1855430 232
1855440 232
1855450 231
1855460 231
1855470 231
1855480 231
1855490 231
1855500 231
1855510 231
1855520 231
1855530 231
1855540 231
1855550 231
1855560 231
1855570 231
1855580 231
1855590 231
1855600 231
1855610 231
1855620 231
1855630 231
1855640 230
1855650 230
1855660 230
1855670 230
1855680 230
1855690 230
1855700 230
1855710 230
1855720 230
1855730 230
1855740 230
1855750 230
1855760 230
1855770 230
1855780 229
1855790 229
1855800 229
1855810 229
1855820 229
1855830 229
1855840 229
1855850 229
1855860 228
1855870 228
1855880 228
1855890 227
1855900 227
1855910 227
1855920 226
1855930 226
1855940 226
1855950 225
1855960 225
1855970 225
1855980 224
1855990 223
1856000 223
1856010 222
1856020 221
1856030 221
1856040 220
1856050 219
1856060 219
1856070 218
1856080 218
1856090 218
1856100 217
1856110 217
1856120 217
1856130 217
1856140 217
1856150 217
1856160 216
1856170 216
1856180 216
1856190 216
1856200 216
1856210 216
1856220 216
1856230 215
1856240 215
1856250 215
1856260 215
1856270 215
1856280 215
1856290 215
1856300 215
1856310 214
1856320 214
1856330 214
1856340 214
1856350 213
1856360 213
1856370 213
1856380 213
1856390 213
1856400 213
1856410 213
1856420 213
1856430 213
1856440 212
1856450 212
1856460 212
1856470 212
1856480 212
1856490 213
1856500 212
1856510 212
1856520 212
1856530 212
1856540 212
1856550 211
1856560 211
1856570 211
1856580 211
1856590 211
1856600 211
1856610 211
1856620 211
1856630 211
1856640 211
1856650 211
1856660 211
1856670 211
1856680 210
1856690 211
1856700 211
1856710 211
1856720 211
1856730 211
1856740 211
1856750 211
1856760 211
1856770 211
1856780 211
1856790 212
1856800 212
1856810 212
1856820 213
1856830 213
1856840 213
1856850 213
1856860 213
1856870 213
1856880 213
1856890 213
1856900 213
1856910 212
1856920 212
1856930 212
1856940 211
1856950 211
1856960 210
1856970 210
1856980 210
1856990 210
1857000 210
1857010 210
1857020 211
1857030 211
1857040 212
1857050 212
1857060 213
1857070 213
1857080 214
1857090 215
1857100 215
1857110 215
1857120 215
1857130 215
1857140 216
1857150 216
1857160 216
1857170 216
1857180 216
1857190 216
1857200 217
1857210 217
1857220 217
1857230 218
1857240 219
1857250 219
1857260 219
1857270 220
1857280 220
1857290 220
1857300 221
1857310 221
1857320 222
1857330 222
1857340 222
1857350 223
1857360 223
1857370 223
1857380 224
1857390 225
1857400 225
1857410 225
1857420 226
1857430 226
1857440 226
1857450 227
1857460 227
1857470 227
1857480 227
1857490 227
1857500 228
1857510 228
1857520 228
1857530 228
1857540 229
1857550 229
1857560 229
1857570 230
1857580 230
1857590 230
1857600 230
1857610 230
1857620 230
1857630 230
1857640 230
1857650 230
1857660 230
1857670 230
1857680 230
1857690 230
1857700 230
1857710 230
1857720 230
1857730 230
1857740 230
1857750 230
1857760 230
1857770 230
1857780 230
1857790 230
1857800 229
1857810 229
1857820 229
1857830 229
1857840 229
1857850 229
1857860 229
1857870 229
1857880 229
1857890 229
1857900 229
1857910 229
1857920 229
1857930 229
1857940 229
1857950 229
1857960 229
1857970 229
1857980 228
1857990 228
1858000 228
1858010 228
1858020 228
1858030 228
1858040 228
1858050 228
1858060 227
1858070 227
1858080 227
1858090 226
1858100 226
1858110 226
1858120 225
1858130 225
1858140 225
1858150 225
1858160 224
1858170 224
1858180 224
1858190 223
1858200 223
1858210 223
1858220 222
1858230 222
1858240 222
1858250 222
1858260 222
1858270 221
1858280 220
1858290 220
1858300 220
1858310 219
1858320 219
1858330 219
1858340 218
1858350 218
1858360 217
1858370 217
1858380 217
1858390 216
1858400 216
1858410 216
1858420 216
1858430 215
1858440 215
1858450 215
1858460 215
1858470 215
1858480 215
1858490 214
1858500 214
1858510 214
1858520 214
1858530 214
1858540 214
1858550 214
1858560 214
1858570 214
1858580 213
1858590 213
1858600 214
1858610 214
1858620 214
1858630 214
1858640 214
1858650 214
1858660 214
1858670 215
1858680 215
1858690 215
1858700 215
1858710 215
1858720 216
1858730 216
1858740 216
1858750 216
1858760 217
1858770 217
1858780 219
1858790 219
1858800 219
1858810 219
1858820 219
1858830 219
1858840 219
1858850 219
1858860 219
1858870 218
1858880 218
1858890 218
1858900 218
1858910 219
1858920 219
1858930 219
1858940 220
1858950 220
1858960 220
1858970 219
1858980 219
1858990 219
1859000 218
1859010 218
1859020 217
1859030 217
1859040 217
1859050 216
1859060 216
1859070 215
1859080 215
1859090 215
1859100 215
1859110 215
1859120 215
1859130 217
1859140 218
1859150 218
1859160 219
1859170 220
1859180 220
1859190 221
1859200 222
1859210 222
1859220 222
1859230 223
1859240 223
1859250 223
1859260 223
1859270 223
1859280 223
1859290 223
1859300 223
1859310 223
1859320 223
1859330 223
1859340 223
1859350 223
1859360 223
1859370 223
1859380 224
1859390 224
1859400 224
1859410 224
1859420 224
1859430 224
1859440 224
1859450 224
1859460 224
1859470 224
1859480 224
1859490 224
1859500 224
1859510 224
1859520 224
1859530 224
1859540 224
1859550 224
1859560 224
1859570 224
1859580 224
1859590 224
1859600 224
1859610 224
1859620 224
1859630 224
1859640 224
1859650 224
1859660 224
1859670 224
1859680 224
1859690 224
1859700 224
1859710 223
1859720 223
1859730 223
1859740 223
1859750 223
1859760 223
1859770 223
1859780 223
1859790 223
1859800 223
1859810 223
1859820 223
1859830 222
1859840 222
1859850 222
1859860 221
1859870 221
1859880 221
1859890 220
1859900 220
1859910 219
1859920 219
1859930 219
1859940 218
1859950 218
1859960 218
1859970 217
1859980 217
1859990 217
