1840000 234
1840010 235
1840020 235
1840030 235
1840040 235
1840050 235
1840060 236
1840070 236
1840080 236
1840090 236
1840100 236
1840110 236
1840120 236
1840130 237
1840140 237
1840150 237
1840160 237
1840170 237
1840180 238
1840190 239
1840200 239
1840210 240
1840220 241
1840230 241
1840240 242
1840250 243
1840260 242
1840270 243
1840280 243
1840290 243
1840300 244
1840310 245
1840320 245
1840330 245
1840340 245
1840350 245
1840360 245
1840370 246
1840380 246
1840390 246
1840400 246
1840410 246
1840420 246
1840430 246
1840440 246
1840450 246
1840460 247
1840470 247
1840480 246
1840490 246
1840500 246
1840510 246
1840520 246
1840530 246
1840540 246
1840550 245
1840560 245
1840570 245
1840580 245
1840590 245
1840600 245
1840610 245
1840620 245
1840630 245
1840640 246
1840650 246
1840660 247
1840670 247
1840680 247
1840690 247
1840700 248
1840710 248
1840720 248
1840730 249
1840740 249
1840750 249
1840760 249
1840770 249
1840780 250
1840790 250
1840800 250
1840810 250
1840820 251
1840830 251
1840840 251
1840850 252
1840860 252
1840870 252
1840880 253
1840890 253
1840900 254
1840910 255
1840920 255
1840930 255
1840940 255
1840950 256
1840960 257
1840970 257
1840980 257
1840990 258
1841000 258
1841010 259
1841020 260
1841030 260
1841040 261
1841050 261
1841060 261
1841070 262
1841080 263
1841090 263
1841100 263
1841110 263
1841120 263
1841130 264
1841140 264
1841150 264
1841160 264
1841170 265
1841180 265
1841190 265
1841200 265
1841210 265
1841220 265
1841230 265
1841240 265
1841250 265
1841260 265
1841270 265
1841280 265
1841290 265
1841300 265
1841310 265
1841320 265
1841330 265
1841340 265
1841350 265
1841360 264
1841370 264
1841380 265
1841390 265
1841400 264
1841410 264
1841420 264
1841430 264
1841440 264
1841450 264
1841460 264
1841470 264
1841480 264
1841490 264
1841500 264
1841510 264
1841520 264
1841530 264
1841540 264
1841550 264
1841560 264
1841570 264
1841580 264
1841590 264
1841600 264
1841610 264
1841620 264
1841630 264
1841640 264
1841650 264
1841660 264
1841670 264
1841680 264
1841690 264
1841700 264
1841710 265
1841720 265
1841730 265
1841740 265
1841750 265
1841760 265
1841770 265
1841780 265
1841790 265
1841800 265
1841810 265
1841820 265
1841830 264
1841840 264
1841850 264
1841860 264
1841870 264
1841880 264
1841890 265
1841900 265
1841910 264
1841920 264
1841930 264
1841940 264
1841950 264
1841960 264
1841970 264
1841980 264
1841990 264
1842000 263
1842010 263
1842020 263
1842030 263
1842040 263
1842050 263
1842060 263
1842070 263
1842080 262
1842090 262
1842100 262
1842110 262
1842120 262
1842130 262
1842140 261
1842150 261
1842160 261
1842170 260
1842180 260
1842190 260
1842200 259
1842210 259
1842220 259
1842230 257
1842240 256
1842250 256
1842260 255
1842270 254
1842280 254
1842290 253
1842300 252
1842310 252
1842320 251
1842330 250
1842340 250
1842350 249
1842360 249
1842370 249
1842380 249
1842390 249
1842400 249
1842410 249
1842420 249
1842430 249
1842440 249
1842450 250
1842460 250
1842470 250
1842480 250
1842490 250
1842500 250
1842510 250
1842520 250
1842530 250
1842540 250
1842550 250
1842560 250
1842570 250
1842580 250
1842590 250
1842600 249
1842610 249
1842620 249
1842630 249
1842640 249
1842650 249
1842660 248
1842670 248
1842680 248
1842690 247
1842700 247
1842710 247
1842720 247
1842730 247
1842740 246
1842750 246
1842760 246
1842770 245
1842780 245
1842790 245
1842800 245
1842810 244
1842820 244
1842830 244
1842840 244
1842850 244
1842860 243
1842870 243
1842880 243
1842890 243
1842900 243
1842910 243
1842920 243
1842930 242
1842940 242
1842950 241
1842960 240
1842970 240
1842980 240
1842990 239
1843000 239
1843010 239
1843020 240
1843030 240
1843040 239
1843050 238
1843060 238
1843070 238
1843080 237
1843090 237
1843100 237
1843110 237
1843120 237
1843130 237
1843140 237
1843150 237
1843160 236
1843170 236
1843180 237
1843190 236
1843200 236
1843210 236
1843220 236
1843230 236
1843240 236
1843250 236
1843260 236
1843270 236
1843280 236
1843290 236
1843300 236
1843310 235
1843320 235
1843330 235
1843340 234
1843350 234
1843360 234
1843370 234
1843380 234
1843390 233
1843400 233
1843410 233
1843420 232
1843430 232
1843440 232
1843450 231
1843460 231
1843470 231
1843480 230
1843490 230
1843500 230
1843510 229
1843520 229
1843530 229
1843540 229
1843550 228
1843560 228
1843570 227
1843580 226
1843590 226
1843600 225
1843610 224
1843620 224
1843630 223
1843640 222
1843650 222
1843660 221
1843670 220
1843680 220
1843690 219
1843700 217
1843710 217
1843720 216
1843730 216
1843740 216
1843750 215
1843760 214
1843770 214
1843780 213
1843790 213
1843800 213
1843810 212
1843820 211
1843830 211
1843840 210
1843850 210
1843860 210
1843870 209
1843880 208
1843890 208
1843900 208
1843910 207
1843920 207
1843930 206
1843940 206
1843950 206
1843960 205
1843970 205
1843980 205
1843990 204
1844000 204
1844010 204
1844020 204
1844030 204
1844040 204
1844050 204
1844060 204
1844070 204
1844080 204
1844090 204
1844100 204
1844110 204
1844120 204
1844130 204
1844140 204
1844150 205
1844160 205
1844170 207
1844180 207
1844190 209
1844200 211
1844210 211
1844220 212
1844230 213
1844240 213
1844250 214
1844260 214
1844270 210
1844280 210
1844290 210
1844300 210
1844310 210
1844320 210
1844330 210
1844340 210
1844350 210
1844360 210
1844370 209
1844380 209
1844390 209
1844400 208
1844410 209
1844420 209
1844430 212
1844440 213
1844450 213
1844460 213
1844470 213
1844480 213
1844490 213
1844500 214
1844510 214
1844520 214
1844530 214
1844540 214
1844550 214
1844560 213
1844570 213
1844580 213
1844590 213
1844600 213
1844610 212
1844620 212
1844630 211
1844640 210
1844650 209
1844660 209
1844670 208
1844680 207
1844690 207
1844700 205
1844710 204
1844720 204
1844730 203
1844740 203
1844750 203
1844760 202
1844770 201
1844780 201
1844790 201
1844800 201
1844810 201
1844820 200
1844830 199
1844840 199
1844850 199
1844860 198
1844870 198
1844880 198
1844890 197
1844900 197
1844910 197
1844920 197
1844930 197
1844940 196
1844950 196
1844960 196
1844970 196
1844980 195
1844990 195
1845000 195
1845010 195
1845020 195
1845030 195
1845040 195
1845050 195
1845060 195
1845070 195
1845080 195
1845090 195
1845100 195
1845110 195
1845120 195
1845130 195
1845140 195
1845150 195
1845160 195
1845170 195
1845180 195
1845190 195
1845200 195
1845210 195
1845220 196
1845230 196
1845240 198
1845250 200
1845260 200
1845270 201
1845280 201
1845290 202
1845300 203
1845310 203
1845320 203
1845330 203
1845340 203
1845350 205
1845360 205
1845370 205
1845380 205
1845390 206
1845400 206
1845410 207
1845420 207
1845430 207
1845440 208
1845450 208
1845460 208
1845470 208
1845480 208
1845490 208
1845500 208
1845510 208
1845520 208
1845530 209
1845540 209
1845550 209
1845560 209
1845570 209
1845580 209
1845590 208
1845600 208
1845610 208
1845620 207
1845630 206
1845640 206
1845650 205
1845660 204
1845670 204
1845680 203
1845690 202
1845700 202
1845710 201
1845720 201
1845730 201
1845740 201
1845750 202
1845760 202
1845770 203
1845780 204
1845790 204
1845800 204
1845810 204
1845820 204
1845830 204
1845840 204
1845850 204
1845860 204
1845870 204
1845880 204
1845890 204
1845900 204
1845910 204
1845920 204
1845930 204
1845940 204
1845950 204
1845960 203
1845970 203
1845980 202
1845990 202
1846000 202
1846010 201
1846020 201
1846030 201
1846040 202
1846050 201
1846060 201
1846070 203
1846080 203
1846090 203
1846100 203
1846110 203
1846120 203
1846130 203
1846140 203
1846150 203
1846160 202
1846170 202
1846180 202
1846190 202
1846200 202
1846210 202
1846220 202
1846230 202
1846240 202
1846250 203
1846260 203
1846270 203
1846280 202
1846290 201
1846300 201
1846310 201
1846320 200
1846330 200
1846340 200
1846350 201
1846360 201
1846370 201
1846380 201
1846390 202
1846400 203
1846410 203
1846420 205
1846430 207
1846440 207
1846450 208
1846460 209
1846470 209
1846480 209
1846490 210
1846500 210
1846510 210
1846520 210
1846530 210
1846540 210
1846550 210
1846560 210
1846570 210
1846580 210
1846590 210
1846600 210
1846610 209
1846620 209
1846630 209
1846640 208
1846650 208
1846660 207
1846670 207
1846680 207
1846690 206
1846700 205
1846710 205
1846720 205
1846730 204
1846740 204
1846750 202
1846760 201
1846770 201
1846780 200
1846790 199
1846800 199
1846810 196
1846820 197
1846830 197
1846840 196
1846850 193
1846860 193
1846870 191
1846880 189
1846890 189
1846900 188
1846910 187
1846920 187
1846930 186
1846940 185
1846950 185
1846960 184
1846970 184
1846980 184
1846990 183
1847000 183
1847010 183
1847020 183
1847030 183
1847040 183
1847050 183
1847060 182
1847070 182
1847080 183
1847090 185
1847100 185
1847110 186
1847120 187
1847130 187
1847140 187
1847150 192
1847160 192
1847170 192
1847180 193
1847190 193
1847200 194
1847210 194
1847220 194
1847230 195
1847240 196
1847250 196
1847260 196
1847270 197
1847280 197
1847290 198
1847300 198
1847310 198
1847320 199
1847330 201
1847340 201
1847350 201
1847360 202
1847370 202
1847380 203
1847390 204
1847400 204
1847410 204
1847420 205
1847430 205
1847440 206
1847450 206
1847460 207
1847470 208
1847480 208
1847490 208
1847500 209
1847510 211
1847520 211
1847530 212
1847540 212
1847550 212
1847560 213
1847570 213
1847580 214
1847590 215
1847600 215
1847610 216
1847620 217
1847630 217
1847640 217
1847650 218
1847660 218
1847670 219
1847680 219
1847690 219
1847700 220
1847710 220
1847720 220
1847730 221
1847740 221
1847750 221
1847760 221
1847770 222
1847780 222
1847790 222
1847800 222
1847810 222
1847820 223
1847830 224
1847840 224
1847850 225
1847860 226
1847870 227
1847880 227
1847890 227
1847900 227
1847910 228
1847920 228
1847930 228
1847940 228
1847950 228
1847960 228
1847970 228
1847980 228
1847990 228
1848000 228
1848010 228
1848020 228
1848030 228
1848040 227
1848050 227
1848060 227
1848070 227
1848080 227
1848090 227
1848100 227
1848110 227
1848120 227
1848130 227
1848140 227
1848150 226
1848160 226
1848170 226
1848180 226
1848190 226
1848200 226
1848210 226
1848220 226
1848230 225
1848240 225
1848250 225
1848260 225
1848270 225
1848280 224
1848290 224
1848300 224
1848310 224
1848320 224
1848330 223
1848340 223
1848350 223
1848360 223
1848370 223
1848380 223
1848390 222
1848400 222
1848410 222
1848420 222
1848430 222
1848440 222
1848450 221
1848460 221
1848470 221
1848480 221
1848490 221
1848500 221
1848510 220
1848520 220
1848530 220
1848540 220
1848550 220
1848560 219
1848570 219
1848580 219
1848590 218
1848600 218
1848610 218
1848620 217
1848630 217
1848640 217
1848650 217
1848660 216
1848670 216
1848680 216
1848690 215
1848700 215
1848710 215
1848720 214
1848730 214
1848740 214
1848750 213
1848760 213
1848770 213
1848780 212
1848790 212
1848800 212
1848810 211
1848820 211
1848830 211
1848840 211
1848850 211
1848860 210
1848870 210
1848880 210
1848890 210
1848900 210
1848910 210
1848920 209
1848930 209
1848940 209
1848950 209
1848960 209
1848970 209
1848980 209
1848990 209
1849000 209
1849010 209
1849020 208
1849030 208
1849040 208
1849050 208
1849060 208
1849070 208
1849080 208
1849090 208
1849100 208
1849110 208
1849120 208
1849130 208
1849140 208
1849150 208
1849160 208
1849170 208
1849180 208
1849190 207
1849200 207
1849210 207
1849220 207
1849230 206
1849240 206
1849250 206
1849260 205
1849270 205
1849280 205
1849290 204
1849300 204
1849310 203
1849320 202
1849330 202
1849340 202
1849350 201
1849360 201
1849370 200
1849380 199
1849390 199
1849400 198
1849410 198
1849420 198
1849430 198
1849440 199
1849450 199
1849460 199
1849470 200
1849480 200
1849490 200
1849500 201
1849510 201
1849520 202
1849530 203
1849540 203
1849550 204
1849560 204
1849570 204
1849580 205
1849590 205
1849600 205
1849610 205
1849620 205
1849630 205
1849640 205
1849650 205
1849660 204
1849670 204
1849680 204
1849690 204
1849700 203
1849710 203
1849720 203
1849730 202
1849740 202
1849750 202
1849760 203
1849770 203
1849780 203
1849790 203
1849800 203
1849810 203
1849820 203
1849830 203
1849840 203
1849850 203
1849860 203
1849870 203
1849880 203
1849890 203
1849900 203
1849910 203
1849920 203
1849930 203
1849940 203
1849950 203
1849960 204
1849970 204
1849980 204
1849990 205
1850000 206
1850010 207
1850020 208
1850030 208
1850040 208
1850050 208
1850060 209
1850070 209
1850080 209
1850090 209
1850100 209
1850110 209
1850120 209
1850130 209
1850140 209
1850150 209
1850160 209
1850170 208
1850180 208
1850190 208
1850200 208
1850210 208
1850220 208
1850230 208
1850240 208
1850250 208
1850260 208
1850270 208
1850280 208
1850290 208
1850300 208
1850310 208
1850320 207
1850330 207
1850340 207
1850350 207
1850360 207
1850370 207
1850380 207
1850390 207
1850400 207
1850410 207
1850420 207
1850430 207
1850440 207
1850450 207
1850460 207
1850470 207
1850480 207
1850490 207
1850500 207
1850510 207
1850520 207
1850530 207
1850540 206
1850550 206
1850560 206
1850570 206
1850580 206
1850590 206
1850600 206
1850610 206
1850620 206
1850630 206
1850640 206
1850650 206
1850660 205
1850670 205
1850680 205
1850690 205
1850700 205
1850710 205
1850720 205
1850730 204
1850740 204
1850750 204
1850760 204
1850770 203
1850780 203
1850790 203
1850800 203
1850810 203
1850820 202
1850830 202
1850840 202
1850850 202
1850860 201
1850870 201
1850880 200
1850890 200
1850900 200
1850910 199
1850920 199
1850930 199
1850940 198
1850950 197
1850960 197
1850970 197
1850980 196
1850990 196
1851000 195
1851010 194
1851020 194
1851030 194
1851040 192
1851050 192
1851060 191
1851070 190
1851080 190
1851090 189
1851100 188
1851110 188
1851120 188
1851130 188
1851140 188
1851150 188
1851160 187
1851170 187
1851180 187
1851190 187
1851200 187
1851210 187
1851220 187
1851230 187
1851240 186
1851250 186
1851260 186
1851270 186
1851280 186
1851290 186
1851300 186
1851310 186
1851320 186
1851330 186
1851340 186
1851350 186
1851360 186
1851370 186
1851380 186
1851390 186
1851400 186
1851410 186
1851420 186
1851430 186
1851440 186
1851450 187
1851460 187
1851470 187
1851480 187
1851490 187
1851500 187
1851510 187
1851520 187
1851530 187
1851540 187
1851550 187
1851560 187
1851570 187
1851580 186
1851590 186
1851600 187
1851610 187
1851620 187
1851630 187
1851640 187
1851650 187
1851660 187
1851670 187
1851680 187
1851690 188
1851700 188
1851710 188
1851720 189
1851730 190
1851740 190
1851750 191
1851760 192
1851770 192
1851780 193
1851790 193
1851800 196
1851810 197
1851820 197
1851830 198
1851840 199
1851850 199
1851860 200
1851870 200
1851880 200
1851890 201
1851900 202
1851910 202
1851920 202
1851930 203
1851940 203
1851950 204
1851960 204
1851970 204
1851980 205
1851990 205
1852000 205
1852010 206
1852020 207
1852030 207
1852040 207
1852050 208
1852060 208
1852070 209
1852080 210
1852090 210
1852100 210
1852110 211
1852120 211
1852130 212
1852140 212
1852150 213
1852160 213
1852170 213
1852180 213
1852190 214
1852200 214
1852210 214
1852220 214
1852230 214
1852240 214
1852250 214
1852260 215
1852270 215
1852280 215
1852290 215
1852300 215
1852310 214
1852320 214
1852330 214
1852340 214
1852350 214
1852360 214
1852370 214
1852380 214
1852390 214
1852400 213
1852410 213
1852420 213
1852430 213
1852440 213
1852450 213
1852460 212
1852470 212
1852480 212
1852490 212
1852500 211
1852510 211
1852520 211
1852530 211
1852540 211
1852550 210
1852560 210
1852570 210
1852580 210
1852590 210
1852600 210
1852610 210
1852620 209
1852630 209
1852640 209
1852650 210
1852660 210
1852670 210
1852680 211
1852690 211
1852700 211
1852710 212
1852720 212
1852730 212
1852740 213
1852750 213
1852760 214
1852770 214
1852780 214
1852790 214
1852800 215
1852810 215
1852820 215
1852830 215
1852840 215
1852850 214
1852860 214
1852870 214
1852880 214
1852890 214
1852900 214
1852910 213
1852920 213
1852930 213
1852940 213
1852950 213
1852960 212
1852970 212
1852980 212
1852990 212
1853000 211
1853010 211
1853020 211
1853030 208
1853040 208
1853050 208
1853060 208
1853070 208
1853080 209
1853090 209
1853100 209
1853110 208
1853120 206
1853130 206
1853140 204
1853150 204
1853160 204
1853170 204
1853180 204
1853190 204
1853200 204
1853210 203
1853220 203
1853230 203
1853240 203
1853250 203
1853260 203
1853270 203
1853280 203
1853290 203
1853300 203
1853310 203
1853320 203
1853330 203
1853340 203
1853350 203
1853360 203
1853370 203
1853380 204
1853390 204
1853400 204
1853410 205
1853420 205
1853430 205
1853440 206
1853450 207
1853460 207
1853470 208
1853480 208
1853490 208
1853500 209
1853510 209
1853520 209
1853530 209
1853540 210
1853550 210
1853560 209
1853570 209
1853580 209
1853590 209
1853600 209
1853610 209
1853620 209
1853630 210
1853640 210
1853650 209
1853660 210
1853670 210
1853680 210
1853690 210
1853700 210
1853710 210
1853720 210
1853730 210
1853740 210
1853750 210
1853760 210
1853770 210
1853780 210
1853790 210
1853800 210
1853810 210
1853820 210
1853830 210
1853840 210
1853850 210
1853860 209
1853870 210
1853880 210
1853890 210
1853900 210
1853910 209
1853920 209
1853930 209
1853940 210
1853950 210
1853960 210
1853970 210
1853980 210
1853990 210
1854000 209
1854010 210
1854020 210
1854030 210
1854040 210
1854050 210
1854060 211
1854070 211
1854080 211
1854090 211
1854100 211
1854110 211
1854120 211
1854130 211
1854140 211
1854150 211
1854160 211
1854170 211
1854180 211
1854190 211
1854200 211
1854210 211
1854220 211
1854230 211
1854240 211
1854250 211
1854260 211
1854270 211
1854280 211
1854290 211
1854300 211
1854310 211
1854320 211
1854330 212
1854340 212
1854350 212
1854360 212
1854370 212
1854380 212
1854390 212
1854400 213
1854410 213
1854420 213
1854430 213
1854440 213
1854450 213
1854460 213
1854470 213
1854480 214
1854490 214
1854500 214
1854510 214
1854520 214
1854530 214
1854540 214
1854550 214
1854560 214
1854570 214
1854580 214
1854590 214
1854600 214
1854610 215
1854620 214
1854630 214
1854640 215
1854650 215
1854660 215
1854670 215
1854680 215
1854690 215
1854700 216
1854710 216
1854720 216
1854730 217
1854740 217
1854750 217
1854760 218
1854770 218
1854780 218
1854790 219
1854800 219
1854810 219
1854820 219
1854830 219
1854840 220
1854850 221
1854860 221
1854870 221
1854880 222
1854890 222
1854900 223
1854910 223
1854920 223
1854930 224
1854940 224
1854950 224
1854960 225
1854970 226
1854980 226
1854990 226
1855000 226
1855010 227
1855020 228
1855030 228
1855040 228
1855050 228
1855060 228
1855070 228
1855080 229
1855090 229
1855100 229
1855110 229
1855120 229
1855130 229
1855140 229
1855150 229
1855160 229
1855170 229
1855180 229
1855190 230
1855200 230
1855210 230
1855220 230
1855230 230
1855240 230
1855250 230
1855260 231
1855270 231
1855280 231
1855290 231
1855300 231
1855310 231
1855320 231
1855330 231
1855340 231
1855350 231
1855360 231
1855370 230
1855380 230
1855390 230
1855400 230
1855410 230
1855420 230
1855430 230
1855440 230
1855450 230
1855460 230
1855470 230
1855480 230
1855490 230
1855500 230
1855510 230
1855520 230
1855530 230
1855540 230
1855550 230
1855560 230
1855570 230
1855580 230
1855590 230
1855600 230
1855610 229
1855620 229
1855630 229
1855640 229
1855650 229
1855660 229
1855670 229
1855680 229
1855690 229
1855700 229
1855710 228
1855720 228
1855730 228
1855740 227
1855750 227
1855760 227
1855770 227
1855780 227
1855790 227
1855800 226
1855810 226
1855820 226
1855830 226
1855840 226
1855850 226
1855860 226
1855870 226
1855880 226
1855890 226
1855900 226
1855910 226
1855920 225
1855930 225
1855940 225
1855950 225
1855960 225
1855970 225
1855980 225
1855990 225
1856000 226
1856010 226
1856020 226
1856030 227
1856040 227
1856050 227
1856060 227
1856070 227
1856080 227
1856090 227
1856100 227
1856110 226
1856120 226
1856130 226
1856140 226
1856150 225
1856160 225
1856170 224
1856180 223
1856190 223
1856200 222
1856210 221
1856220 221
1856230 220
1856240 219
1856250 219
1856260 219
1856270 218
1856280 218
1856290 218
1856300 218
1856310 218
1856320 218
1856330 218
1856340 218
1856350 218
1856360 219
1856370 220
1856380 220
1856390 221
1856400 221
1856410 221
1856420 221
1856430 221
1856440 221
1856450 221
1856460 221
1856470 220
1856480 220
1856490 220
1856500 219
1856510 219
1856520 219
1856530 218
1856540 218
1856550 218
1856560 218
1856570 218
1856580 218
1856590 218
1856600 219
1856610 219
1856620 219
1856630 219
1856640 219
1856650 219
1856660 219
1856670 219
1856680 219
1856690 219
1856700 219
1856710 219
1856720 220
1856730 220
1856740 220
1856750 221
1856760 221
1856770 221
1856780 221
1856790 221
1856800 221
1856810 221
1856820 221
1856830 221
1856840 221
1856850 221
1856860 220
1856870 220
1856880 220
1856890 220
1856900 220
1856910 220
1856920 219
1856930 219
1856940 219
1856950 219
1856960 219
1856970 219
1856980 220
1856990 220
1857000 220
1857010 220
1857020 221
1857030 221
1857040 221
1857050 221
1857060 221
1857070 222
1857080 223
1857090 223
1857100 223
1857110 223
1857120 223
1857130 224
1857140 224
1857150 224
1857160 224
1857170 224
1857180 224
1857190 225
1857200 225
1857210 225
1857220 225
1857230 225
1857240 225
1857250 225
1857260 225
1857270 225
1857280 225
1857290 225
1857300 226
1857310 226
1857320 226
1857330 226
1857340 226
1857350 226
1857360 226
1857370 227
1857380 227
1857390 227
1857400 227
1857410 227
1857420 227
1857430 227
1857440 227
1857450 227
1857460 227
1857470 227
1857480 227
1857490 227
1857500 227
1857510 227
1857520 227
1857530 227
1857540 227
1857550 227
1857560 227
1857570 227
1857580 227
1857590 227
1857600 227
1857610 227
1857620 227
1857630 227
1857640 227
1857650 227
1857660 228
1857670 228
1857680 228
1857690 228
1857700 228
1857710 228
1857720 227
1857730 227
1857740 227
1857750 227
1857760 227
1857770 227
1857780 226
1857790 226
1857800 226
1857810 226
1857820 225
1857830 225
1857840 225
1857850 225
1857860 225
1857870 224
1857880 224
1857890 224
1857900 223
1857910 223
1857920 223
1857930 223
1857940 222
1857950 222
1857960 222
1857970 222
1857980 222
1857990 221
1858000 221
1858010 221
1858020 221
1858030 221
1858040 221
1858050 220
1858060 220
1858070 220
1858080 220
1858090 220
1858100 220
1858110 220
1858120 221
1858130 221
1858140 220
1858150 221
1858160 221
1858170 221
1858180 221
1858190 221
1858200 221
1858210 221
1858220 221
1858230 222
1858240 222
1858250 222
1858260 222
1858270 222
1858280 223
1858290 223
1858300 223
1858310 223
1858320 224
1858330 224
1858340 224
1858350 224
1858360 224
1858370 225
1858380 225
1858390 225
1858400 225
1858410 225
1858420 225
1858430 226
1858440 226
1858450 226
1858460 226
1858470 226
1858480 226
1858490 227
1858500 227
1858510 227
1858520 227
1858530 227
1858540 227
1858550 227
1858560 227
1858570 227
1858580 227
1858590 227
1858600 227
1858610 227
1858620 228
1858630 228
1858640 228
1858650 228
1858660 228
1858670 228
1858680 228
1858690 228
1858700 227
1858710 227
1858720 227
1858730 227
1858740 227
1858750 227
1858760 227
1858770 227
1858780 227
1858790 227
1858800 227
1858810 227
1858820 227
1858830 227
1858840 227
1858850 227
1858860 227
1858870 227
1858880 227
1858890 227
1858900 227
1858910 227
1858920 227
1858930 227
1858940 226
1858950 226
1858960 226
1858970 226
1858980 226
1858990 226
1859000 226
1859010 226
1859020 226
1859030 226
1859040 226
1859050 226
1859060 226
1859070 226
1859080 226
1859090 226
1859100 226
1859110 226
1859120 226
1859130 225
1859140 225
1859150 225
1859160 225
1859170 225
1859180 225
1859190 225
1859200 225
1859210 224
1859220 224
1859230 224
1859240 224
1859250 224
1859260 224
1859270 224
1859280 224
1859290 223
1859300 223
1859310 223
1859320 223
1859330 222
1859340 222
1859350 222
1859360 222
1859370 222
1859380 222
1859390 221
1859400 221
1859410 221
1859420 221
1859430 221
1859440 221
1859450 220
1859460 220
1859470 220
1859480 220
1859490 220
1859500 220
1859510 220
1859520 220
1859530 220
1859540 220
1859550 220
1859560 220
1859570 219
1859580 219
1859590 219
1859600 219
1859610 219
1859620 219
1859630 218
1859640 218
1859650 218
1859660 218
1859670 218
1859680 218
1859690 218
1859700 218
1859710 217
1859720 217
1859730 217
1859740 217
1859750 216
1859760 216
1859770 216
1859780 216
1859790 216
1859800 215
1859810 215
1859820 215
1859830 215
1859840 214
1859850 214
1859860 214
1859870 214
1859880 214
1859890 213
1859900 213
1859910 213
1859920 213
1859930 213
1859940 213
1859950 213
1859960 213
1859970 213
1859980 213
1859990 213
