1840000 222
1840010 222
1840020 222
1840030 222
1840040 222
1840050 223
1840060 223
1840070 223
1840080 223
1840090 223
1840100 224
1840110 224
1840120 224
1840130 225
1840140 225
1840150 225
1840160 225
1840170 224
1840180 224
1840190 224
1840200 224
1840210 224
1840220 225
1840230 225
1840240 225
1840250 225
1840260 226
1840270 226
1840280 227
1840290 227
1840300 227
1840310 227
1840320 226
1840330 226
1840340 228
1840350 229
1840360 229
1840370 231
1840380 231
1840390 231
1840400 233
1840410 234
1840420 234
1840430 235
1840440 236
1840450 236
1840460 237
1840470 238
1840480 238
1840490 239
1840500 240
1840510 240
1840520 241
1840530 242
1840540 242
1840550 242
1840560 244
1840570 244
1840580 244
1840590 245
1840600 245
1840610 246
1840620 246
1840630 246
1840640 247
1840650 248
1840660 248
1840670 249
1840680 249
1840690 249
1840700 250
1840710 250
1840720 250
1840730 250
1840740 251
1840750 251
1840760 251
1840770 252
1840780 252
1840790 252
1840800 252
1840810 252
1840820 252
1840830 252
1840840 252
1840850 252
1840860 253
1840870 253
1840880 253
1840890 253
1840900 253
1840910 254
1840920 254
1840930 254
1840940 254
1840950 254
1840960 254
1840970 255
1840980 255
1840990 255
1841000 255
1841010 255
1841020 255
1841030 256
1841040 256
1841050 256
1841060 256
1841070 256
1841080 256
1841090 257
1841100 257
1841110 257
1841120 257
1841130 257
1841140 257
1841150 257
1841160 257
1841170 257
1841180 257
1841190 257
1841200 257
1841210 257
1841220 257
1841230 257
1841240 257
1841250 257
1841260 257
1841270 258
1841280 258
1841290 257
1841300 257
1841310 257
1841320 257
1841330 257
1841340 257
1841350 257
1841360 257
1841370 257
1841380 257
1841390 258
1841400 258
1841410 258
1841420 258
1841430 258
1841440 259
1841450 259
1841460 259
1841470 260
1841480 260
1841490 260
1841500 260
1841510 260
1841520 260
1841530 261
1841540 261
1841550 261
1841560 262
1841570 262
1841580 262
1841590 262
1841600 262
1841610 262
1841620 263
1841630 263
1841640 263
1841650 263
1841660 263
1841670 263
1841680 263
1841690 263
1841700 263
1841710 263
1841720 263
1841730 263
1841740 263
1841750 263
1841760 263
1841770 263
1841780 263
1841790 263
1841800 263
1841810 263
1841820 263
1841830 263
1841840 263
1841850 263
1841860 263
1841870 263
1841880 263
1841890 262
1841900 262
1841910 262
1841920 262
1841930 262
1841940 262
1841950 261
1841960 261
1841970 261
1841980 261
1841990 261
1842000 261
1842010 260
1842020 260
1842030 260
1842040 260
1842050 260
1842060 260
1842070 259
1842080 259
1842090 259
1842100 259
1842110 259
1842120 259
1842130 258
1842140 258
1842150 258
1842160 258
1842170 258
1842180 257
1842190 257
1842200 257
1842210 256
1842220 255
1842230 255
1842240 254
1842250 253
1842260 253
1842270 252
1842280 252
1842290 252
1842300 251
1842310 251
1842320 251
1842330 250
1842340 250
1842350 250
1842360 250
1842370 249
1842380 249
1842390 249
1842400 249
1842410 249
1842420 248
1842430 248
1842440 248
1842450 247
1842460 247
1842470 247
1842480 247
1842490 246
1842500 246
1842510 245
1842520 245
1842530 245
1842540 244
1842550 244
1842560 244
1842570 244
1842580 243
1842590 243
1842600 243
1842610 243
1842620 242
1842630 241
1842640 241
1842650 241
1842660 240
1842670 240
1842680 240
1842690 240
1842700 240
1842710 240
1842720 240
1842730 240
1842740 240
1842750 241
1842760 241
1842770 241
1842780 241
1842790 241
1842800 241
1842810 241
1842820 241
1842830 241
1842840 241
1842850 241
1842860 241
1842870 240
1842880 240
1842890 240
1842900 240
1842910 240
1842920 240
1842930 240
1842940 240
1842950 240
1842960 240
1842970 239
1842980 239
1842990 239
1843000 239
1843010 239
1843020 240
1843030 240
1843040 240
1843050 239
1843060 239
1843070 239
1843080 239
1843090 239
1843100 239
1843110 238
1843120 238
1843130 238
1843140 238
1843150 238
1843160 238
1843170 238
1843180 238
1843190 238
1843200 238
1843210 238
1843220 237
1843230 237
1843240 237
1843250 237
1843260 237
1843270 237
1843280 237
1843290 236
1843300 236
1843310 236
1843320 235
1843330 235
1843340 235
1843350 235
1843360 235
1843370 234
1843380 234
1843390 234
1843400 233
1843410 233
1843420 233
1843430 232
1843440 231
1843450 231
1843460 230
1843470 229
1843480 229
1843490 228
1843500 227
1843510 227
1843520 226
1843530 224
1843540 224
1843550 223
1843560 222
1843570 222
1843580 221
1843590 220
1843600 220
1843610 219
1843620 218
1843630 218
1843640 216
1843650 215
1843660 215
1843670 214
1843680 213
1843690 213
1843700 212
1843710 211
1843720 211
1843730 210
1843740 209
1843750 209
1843760 208
1843770 207
1843780 207
1843790 207
1843800 206
1843810 206
1843820 206
1843830 206
1843840 206
1843850 205
1843860 205
1843870 205
1843880 205
1843890 205
1843900 205
1843910 205
1843920 204
1843930 204
1843940 204
1843950 204
1843960 204
1843970 204
1843980 204
1843990 204
1844000 204
1844010 204
1844020 204
1844030 204
1844040 204
1844050 204
1844060 204
1844070 204
1844080 204
1844090 204
1844100 204
1844110 204
1844120 204
1844130 204
1844140 203
1844150 204
1844160 204
1844170 204
1844180 204
1844190 204
1844200 204
1844210 204
1844220 204
1844230 204
1844240 204
1844250 204
1844260 204
1844270 204
1844280 204
1844290 204
1844300 203
1844310 203
1844320 203
1844330 203
1844340 203
1844350 203
1844360 202
1844370 202
1844380 202
1844390 202
1844400 202
1844410 202
1844420 202
1844430 202
1844440 202
1844450 202
1844460 202
1844470 203
1844480 203
1844490 203
1844500 204
1844510 205
1844520 205
1844530 205
1844540 205
1844550 205
1844560 205
1844570 205
1844580 205
1844590 204
1844600 203
1844610 203
1844620 202
1844630 201
1844640 201
1844650 201
1844660 200
1844670 200
1844680 200
1844690 200
1844700 200
1844710 199
1844720 200
1844730 200
1844740 201
1844750 203
1844760 203
1844770 205
1844780 206
1844790 206
1844800 208
1844810 208
1844820 208
1844830 209
1844840 209
1844850 209
1844860 210
1844870 210
1844880 210
1844890 210
1844900 209
1844910 209
1844920 208
1844930 208
1844940 208
1844950 208
1844960 209
1844970 209
1844980 210
1844990 212
1845000 212
1845010 215
1845020 217
1845030 217
1845040 218
1845050 218
1845060 218
1845070 217
1845080 217
1845090 217
1845100 216
1845110 214
1845120 214
1845130 214
1845140 214
1845150 214
1845160 214
1845170 214
1845180 214
1845190 214
1845200 214
1845210 214
1845220 214
1845230 214
1845240 213
1845250 211
1845260 211
1845270 211
1845280 211
1845290 211
1845300 211
1845310 212
1845320 212
1845330 213
1845340 213
1845350 213
1845360 212
1845370 212
1845380 212
1845390 212
1845400 214
1845410 214
1845420 215
1845430 216
1845440 216
1845450 219
1845460 220
1845470 220
1845480 221
1845490 222
1845500 222
1845510 222
1845520 223
1845530 223
1845540 224
1845550 224
1845560 224
1845570 224
1845580 224
1845590 224
1845600 224
1845610 224
1845620 224
1845630 224
1845640 224
1845650 224
1845660 223
1845670 223
1845680 223
1845690 223
1845700 223
1845710 223
1845720 223
1845730 223
1845740 223
1845750 223
1845760 223
1845770 223
1845780 223
1845790 223
1845800 223
1845810 223
1845820 223
1845830 223
1845840 223
1845850 223
1845860 223
1845870 223
1845880 224
1845890 224
1845900 223
1845910 223
1845920 223
1845930 223
1845940 223
1845950 223
1845960 222
1845970 222
1845980 222
1845990 222
1846000 222
1846010 222
1846020 221
1846030 221
1846040 221
1846050 221
1846060 221
1846070 221
1846080 220
1846090 220
1846100 220
1846110 220
1846120 220
1846130 220
1846140 219
1846150 219
1846160 219
1846170 218
1846180 218
1846190 218
1846200 218
1846210 217
1846220 217
1846230 217
1846240 217
1846250 217
1846260 217
1846270 217
1846280 217
1846290 217
1846300 217
1846310 216
1846320 216
1846330 216
1846340 216
1846350 216
1846360 216
1846370 215
1846380 215
1846390 215
1846400 214
1846410 214
1846420 214
1846430 213
1846440 213
1846450 213
1846460 212
1846470 211
1846480 211
1846490 211
1846500 210
1846510 210
1846520 209
1846530 208
1846540 208
1846550 208
1846560 207
1846570 207
1846580 206
1846590 205
1846600 205
1846610 204
1846620 203
1846630 203
1846640 202
1846650 201
1846660 201
1846670 200
1846680 199
1846690 199
1846700 198
1846710 197
1846720 197
1846730 196
1846740 196
1846750 196
1846760 195
1846770 196
1846780 196
1846790 195
1846800 192
1846810 192
1846820 191
1846830 190
1846840 190
1846850 189
1846860 188
1846870 188
1846880 187
1846890 186
1846900 186
1846910 186
1846920 186
1846930 186
1846940 186
1846950 186
1846960 185
1846970 185
1846980 185
1846990 185
1847000 185
1847010 185
1847020 185
1847030 184
1847040 183
1847050 183
1847060 184
1847070 184
1847080 184
1847090 184
1847100 184
1847110 184
1847120 185
1847130 187
1847140 187
1847150 188
1847160 190
1847170 190
1847180 192
1847190 195
1847200 195
1847210 198
1847220 202
1847230 202
1847240 204
1847250 205
1847260 205
1847270 206
1847280 207
1847290 207
1847300 208
1847310 209
1847320 209
1847330 210
1847340 211
1847350 211
1847360 212
1847370 212
1847380 212
1847390 213
1847400 213
1847410 214
1847420 215
1847430 215
1847440 216
1847450 216
1847460 216
1847470 217
1847480 218
1847490 218
1847500 219
1847510 220
1847520 220
1847530 220
1847540 221
1847550 221
1847560 222
1847570 222
1847580 222
1847590 223
1847600 223
1847610 223
1847620 224
1847630 224
1847640 224
1847650 225
1847660 226
1847670 226
1847680 226
1847690 226
1847700 226
1847710 227
1847720 227
1847730 227
1847740 227
1847750 227
1847760 227
1847770 227
1847780 227
1847790 227
1847800 227
1847810 227
1847820 227
1847830 227
1847840 227
1847850 227
1847860 227
1847870 227
1847880 227
1847890 227
1847900 226
1847910 226
1847920 226
1847930 226
1847940 226
1847950 226
1847960 226
1847970 226
1847980 226
1847990 226
1848000 226
1848010 225
1848020 225
1848030 225
1848040 225
1848050 225
1848060 225
1848070 225
1848080 225
1848090 225
1848100 224
1848110 224
1848120 224
1848130 224
1848140 224
1848150 224
1848160 224
1848170 224
1848180 224
1848190 224
1848200 224
1848210 224
1848220 224
1848230 223
1848240 223
1848250 223
1848260 223
1848270 223
1848280 223
1848290 223
1848300 223
1848310 223
1848320 223
1848330 223
1848340 223
1848350 222
1848360 222
1848370 222
1848380 222
1848390 222
1848400 222
1848410 222
1848420 222
1848430 222
1848440 222
1848450 221
1848460 221
1848470 221
1848480 221
1848490 221
1848500 221
1848510 220
1848520 220
1848530 220
1848540 220
1848550 220
1848560 220
1848570 220
1848580 219
1848590 219
1848600 219
1848610 219
1848620 219
1848630 219
1848640 218
1848650 218
1848660 218
1848670 218
1848680 218
1848690 218
1848700 217
1848710 217
1848720 217
1848730 217
1848740 217
1848750 217
1848760 217
1848770 217
1848780 217
1848790 216
1848800 216
1848810 216
1848820 216
1848830 216
1848840 216
1848850 215
1848860 215
1848870 215
1848880 215
1848890 215
1848900 215
1848910 214
1848920 214
1848930 214
1848940 214
1848950 214
1848960 214
1848970 214
1848980 214
1848990 213
1849000 213
1849010 213
1849020 213
1849030 213
1849040 213
1849050 213
1849060 212
1849070 212
1849080 212
1849090 212
1849100 212
1849110 212
1849120 212
1849130 212
1849140 211
1849150 211
1849160 211
1849170 210
1849180 210
1849190 210
1849200 209
1849210 209
1849220 209
1849230 208
1849240 208
1849250 208
1849260 207
1849270 207
1849280 207
1849290 207
1849300 207
1849310 207
1849320 207
1849330 208
1849340 208
1849350 208
1849360 208
1849370 208
1849380 209
1849390 209
1849400 209
1849410 209
1849420 209
1849430 209
1849440 209
1849450 209
1849460 209
1849470 209
1849480 209
1849490 209
1849500 209
1849510 209
1849520 209
1849530 209
1849540 209
1849550 208
1849560 208
1849570 208
1849580 209
1849590 209
1849600 209
1849610 209
1849620 209
1849630 209
1849640 210
1849650 210
1849660 210
1849670 210
1849680 210
1849690 210
1849700 210
1849710 210
1849720 210
1849730 210
1849740 210
1849750 210
1849760 210
1849770 210
1849780 210
1849790 210
1849800 210
1849810 210
1849820 210
1849830 210
1849840 210
1849850 210
1849860 210
1849870 210
1849880 210
1849890 210
1849900 210
1849910 210
1849920 210
1849930 210
1849940 210
1849950 210
1849960 210
1849970 210
1849980 210
1849990 210
1850000 210
1850010 210
1850020 210
1850030 210
1850040 210
1850050 210
1850060 210
1850070 210
1850080 210
1850090 210
1850100 210
1850110 210
1850120 210
1850130 210
1850140 210
1850150 210
1850160 210
1850170 210
1850180 209
1850190 209
1850200 209
1850210 209
1850220 209
1850230 209
1850240 209
1850250 209
1850260 209
1850270 209
1850280 208
1850290 208
1850300 208
1850310 208
1850320 208
1850330 208
1850340 207
1850350 207
1850360 207
1850370 207
1850380 207
1850390 206
1850400 206
1850410 206
1850420 206
1850430 205
1850440 205
1850450 205
1850460 204
1850470 204
1850480 204
1850490 203
1850500 203
1850510 203
1850520 202
1850530 202
1850540 201
1850550 201
1850560 201
1850570 200
1850580 200
1850590 200
1850600 199
1850610 199
1850620 199
1850630 198
1850640 198
1850650 198
1850660 197
1850670 197
1850680 197
1850690 196
1850700 196
1850710 196
1850720 196
1850730 196
1850740 195
1850750 195
1850760 195
1850770 195
1850780 194
1850790 194
1850800 194
1850810 193
1850820 193
1850830 193
1850840 192
1850850 192
1850860 191
1850870 191
1850880 191
1850890 190
1850900 189
1850910 189
1850920 189
1850930 189
1850940 189
1850950 188
1850960 188
1850970 188
1850980 188
1850990 187
1851000 187
1851010 187
1851020 187
1851030 187
1851040 187
1851050 187
1851060 187
1851070 187
1851080 187
1851090 187
1851100 188
1851110 189
1851120 189
1851130 190
1851140 191
1851150 191
1851160 192
1851170 193
1851180 193
1851190 194
1851200 195
1851210 195
1851220 195
1851230 195
1851240 195
1851250 196
1851260 196
1851270 196
1851280 196
1851290 196
1851300 196
1851310 197
1851320 199
1851330 199
1851340 200
1851350 200
1851360 200
1851370 200
1851380 200
1851390 200
1851400 199
1851410 199
1851420 199
1851430 198
1851440 196
1851450 196
1851460 195
1851470 193
1851480 193
1851490 192
1851500 190
1851510 190
1851520 190
1851530 189
1851540 189
1851550 187
1851560 188
1851570 188
1851580 188
1851590 187
1851600 187
1851610 187
1851620 187
1851630 187
1851640 187
1851650 187
1851660 187
1851670 188
1851680 188
1851690 189
1851700 189
1851710 189
1851720 190
1851730 191
1851740 191
1851750 192
1851760 193
1851770 193
1851780 195
1851790 196
1851800 196
1851810 197
1851820 198
1851830 198
1851840 199
1851850 200
1851860 200
1851870 201
1851880 202
1851890 202
1851900 203
1851910 204
1851920 204
1851930 204
1851940 205
1851950 205
1851960 207
1851970 208
1851980 208
1851990 209
1852000 210
1852010 210
1852020 210
1852030 210
1852040 210
1852050 210
1852060 210
1852070 210
1852080 210
1852090 210
1852100 210
1852110 210
1852120 210
1852130 210
1852140 210
1852150 210
1852160 210
1852170 210
1852180 210
1852190 210
1852200 210
1852210 210
1852220 210
1852230 209
1852240 209
1852250 209
1852260 208
1852270 208
1852280 208
1852290 208
1852300 207
1852310 207
1852320 206
1852330 205
1852340 205
1852350 204
1852360 203
1852370 203
1852380 203
1852390 202
1852400 202
1852410 202
1852420 202
1852430 202
1852440 202
1852450 201
1852460 201
1852470 200
1852480 201
1852490 201
1852500 203
1852510 205
1852520 205
1852530 206
1852540 206
1852550 206
1852560 208
1852570 208
1852580 208
1852590 209
1852600 210
1852610 210
1852620 210
1852630 211
1852640 211
1852650 211
1852660 210
1852670 210
1852680 210
1852690 210
1852700 210
1852710 210
1852720 210
1852730 209
1852740 209
1852750 209
1852760 208
1852770 208
1852780 208
1852790 207
1852800 206
1852810 206
1852820 205
1852830 204
1852840 204
1852850 204
1852860 203
1852870 203
1852880 202
1852890 202
1852900 202
1852910 201
1852920 201
1852930 201
1852940 201
1852950 201
1852960 201
1852970 201
1852980 200
1852990 200
1853000 200
1853010 201
1853020 200
1853030 200
1853040 201
1853050 201
1853060 200
1853070 200
1853080 200
1853090 201
1853100 201
1853110 201
1853120 201
1853130 200
1853140 200
1853150 201
1853160 201
1853170 201
1853180 201
1853190 202
1853200 202
1853210 202
1853220 202
1853230 202
1853240 202
1853250 202
1853260 202
1853270 202
1853280 203
1853290 203
1853300 203
1853310 203
1853320 203
1853330 203
1853340 203
1853350 203
1853360 203
1853370 203
1853380 203
1853390 203
1853400 203
1853410 203
1853420 203
1853430 203
1853440 203
1853450 203
1853460 202
1853470 202
1853480 202
1853490 202
1853500 202
1853510 202
1853520 202
1853530 202
1853540 202
1853550 202
1853560 202
1853570 202
1853580 202
1853590 202
1853600 202
1853610 202
1853620 202
1853630 201
1853640 201
1853650 201
1853660 201
1853670 201
1853680 201
1853690 201
1853700 201
1853710 201
1853720 201
1853730 201
1853740 201
1853750 201
1853760 201
1853770 201
1853780 201
1853790 201
1853800 202
1853810 202
1853820 202
1853830 202
1853840 202
1853850 202
1853860 202
1853870 202
1853880 202
1853890 202
1853900 202
1853910 202
1853920 203
1853930 203
1853940 203
1853950 203
1853960 203
1853970 203
1853980 203
1853990 203
1854000 203
1854010 203
1854020 204
1854030 204
1854040 204
1854050 204
1854060 204
1854070 204
1854080 204
1854090 204
1854100 205
1854110 205
1854120 205
1854130 205
1854140 205
1854150 205
1854160 205
1854170 206
1854180 206
1854190 206
1854200 206
1854210 206
1854220 206
1854230 206
1854240 206
1854250 206
1854260 206
1854270 206
1854280 206
1854290 206
1854300 206
1854310 206
1854320 207
1854330 207
1854340 207
1854350 207
1854360 207
1854370 207
1854380 207
1854390 207
1854400 207
1854410 207
1854420 207
1854430 208
1854440 208
1854450 208
1854460 208
1854470 209
1854480 209
1854490 209
1854500 210
1854510 210
1854520 210
1854530 211
1854540 211
1854550 211
1854560 212
1854570 212
1854580 212
1854590 212
1854600 212
1854610 213
1854620 213
1854630 213
1854640 214
1854650 214
1854660 214
1854670 214
1854680 215
1854690 215
1854700 215
1854710 215
1854720 215
1854730 216
1854740 216
1854750 216
1854760 216
1854770 217
1854780 216
1854790 217
1854800 217
1854810 217
1854820 218
1854830 218
1854840 218
1854850 219
1854860 219
1854870 219
1854880 220
1854890 220
1854900 220
1854910 220
1854920 220
1854930 220
1854940 220
1854950 220
1854960 221
1854970 221
1854980 221
1854990 221
1855000 221
1855010 221
1855020 221
1855030 221
1855040 221
1855050 222
1855060 222
1855070 222
1855080 222
1855090 222
1855100 222
1855110 222
1855120 222
1855130 222
1855140 222
1855150 222
1855160 222
1855170 222
1855180 223
1855190 223
1855200 223
1855210 223
1855220 223
1855230 223
1855240 224
1855250 224
1855260 224
1855270 224
1855280 224
1855290 225
1855300 225
1855310 225
1855320 225
1855330 226
1855340 226
1855350 226
1855360 227
1855370 227
1855380 227
1855390 228
1855400 228
1855410 228
1855420 229
1855430 229
1855440 229
1855450 229
1855460 229
1855470 229
1855480 230
1855490 230
1855500 230
1855510 230
1855520 230
1855530 231
1855540 231
1855550 231
1855560 231
1855570 231
1855580 231
1855590 231
1855600 232
1855610 232
1855620 232
1855630 232
1855640 232
1855650 232
1855660 232
1855670 232
1855680 232
1855690 232
1855700 232
1855710 232
1855720 232
1855730 232
1855740 232
1855750 232
1855760 232
1855770 232
1855780 232
1855790 232
1855800 232
1855810 232
1855820 232
1855830 232
1855840 232
1855850 232
1855860 232
1855870 232
1855880 232
1855890 232
1855900 233
1855910 233
1855920 233
1855930 233
1855940 233
1855950 233
1855960 233
1855970 233
1855980 233
1855990 233
1856000 233
1856010 233
1856020 233
1856030 233
1856040 233
1856050 233
1856060 233
1856070 233
1856080 233
1856090 232
1856100 232
1856110 232
1856120 231
1856130 231
1856140 231
1856150 230
1856160 230
1856170 230
1856180 230
1856190 230
1856200 230
1856210 230
1856220 230
1856230 230
1856240 230
1856250 229
1856260 229
1856270 229
1856280 229
1856290 229
1856300 229
1856310 228
1856320 228
1856330 228
1856340 228
1856350 228
1856360 228
1856370 227
1856380 227
1856390 227
1856400 227
1856410 227
1856420 227
1856430 227
1856440 227
1856450 227
1856460 227
1856470 227
1856480 227
1856490 226
1856500 226
1856510 226
1856520 226
1856530 226
1856540 226
1856550 226
1856560 226
1856570 226
1856580 226
1856590 226
1856600 226
1856610 226
1856620 226
1856630 226
1856640 226
1856650 226
1856660 226
1856670 226
1856680 226
1856690 226
1856700 226
1856710 226
1856720 226
1856730 226
1856740 226
1856750 226
1856760 227
1856770 227
1856780 227
1856790 227
1856800 227
1856810 227
1856820 227
1856830 227
1856840 227
1856850 227
1856860 227
1856870 227
1856880 227
1856890 228
1856900 228
1856910 228
1856920 228
1856930 228
1856940 228
1856950 228
1856960 228
1856970 228
1856980 228
1856990 228
1857000 228
1857010 228
1857020 228
1857030 228
1857040 228
1857050 228
1857060 228
1857070 228
1857080 228
1857090 228
1857100 228
1857110 228
1857120 228
1857130 228
1857140 228
1857150 228
1857160 228
1857170 228
1857180 228
1857190 228
1857200 228
1857210 228
1857220 227
1857230 227
1857240 227
1857250 227
1857260 226
1857270 226
1857280 226
1857290 226
1857300 226
1857310 226
1857320 225
1857330 225
1857340 225
1857350 225
1857360 225
1857370 225
1857380 225
1857390 225
1857400 225
1857410 224
1857420 224
1857430 224
1857440 224
1857450 224
1857460 224
1857470 224
1857480 224
1857490 224
1857500 224
1857510 224
1857520 224
1857530 224
1857540 224
1857550 224
1857560 224
1857570 224
1857580 224
1857590 224
1857600 224
1857610 224
1857620 224
1857630 224
1857640 224
1857650 224
1857660 224
1857670 225
1857680 225
1857690 225
1857700 225
1857710 225
1857720 225
1857730 225
1857740 225
1857750 225
1857760 225
1857770 226
1857780 226
1857790 226
1857800 226
1857810 226
1857820 226
1857830 227
1857840 227
1857850 227
1857860 227
1857870 227
1857880 227
1857890 227
1857900 227
1857910 228
1857920 228
1857930 228
1857940 228
1857950 229
1857960 229
1857970 229
1857980 229
1857990 229
1858000 229
1858010 229
1858020 229
1858030 229
1858040 229
1858050 229
1858060 229
1858070 229
1858080 229
1858090 230
1858100 230
1858110 230
1858120 230
1858130 230
1858140 230
1858150 230
1858160 230
1858170 230
1858180 230
1858190 230
1858200 230
1858210 230
1858220 230
1858230 230
1858240 230
1858250 230
1858260 230
1858270 230
1858280 230
1858290 230
1858300 230
1858310 230
1858320 230
1858330 230
1858340 230
1858350 230
1858360 230
1858370 230
1858380 230
1858390 229
1858400 229
1858410 229
1858420 229
1858430 229
1858440 229
1858450 229
1858460 229
1858470 229
1858480 229
1858490 229
1858500 229
1858510 229
1858520 229
1858530 229
1858540 228
1858550 228
1858560 228
1858570 228
1858580 228
1858590 228
1858600 228
1858610 228
1858620 228
1858630 227
1858640 227
1858650 227
1858660 227
1858670 227
1858680 226
1858690 226
1858700 226
1858710 226
1858720 226
1858730 226
1858740 226
1858750 226
1858760 226
1858770 225
1858780 225
1858790 225
1858800 225
1858810 225
1858820 225
1858830 225
1858840 225
1858850 225
1858860 225
1858870 225
1858880 225
1858890 225
1858900 225
1858910 225
1858920 225
1858930 224
1858940 224
1858950 224
1858960 224
1858970 224
1858980 224
1858990 224
1859000 224
1859010 224
1859020 224
1859030 224
1859040 224
1859050 224
1859060 224
1859070 223
1859080 223
1859090 223
1859100 223
1859110 223
1859120 223
1859130 222
1859140 222
1859150 222
1859160 222
1859170 222
1859180 222
1859190 222
1859200 222
1859210 222
1859220 222
1859230 222
1859240 222
1859250 222
1859260 222
1859270 222
1859280 221
1859290 221
1859300 221
1859310 221
1859320 221
1859330 220
1859340 220
1859350 220
1859360 219
1859370 219
1859380 219
1859390 219
1859400 219
1859410 219
1859420 219
1859430 219
1859440 219
1859450 218
1859460 218
1859470 218
1859480 218
1859490 218
1859500 218
1859510 218
1859520 218
1859530 218
1859540 218
1859550 218
1859560 218
1859570 218
1859580 218
1859590 218
1859600 218
1859610 218
1859620 218
1859630 218
1859640 218
1859650 218
1859660 217
1859670 217
1859680 217
1859690 217
1859700 217
1859710 217
1859720 217
1859730 217
1859740 217
1859750 217
1859760 217
1859770 217
1859780 217
1859790 216
1859800 216
1859810 216
1859820 216
1859830 216
1859840 216
1859850 216
1859860 216
1859870 216
1859880 216
1859890 216
1859900 216
1859910 216
1859920 216
1859930 215
1859940 215
1859950 215
1859960 215
1859970 215
1859980 215
1859990 215
