1840000 251
1840010 252
1840020 253
1840030 253
1840040 254
1840050 255
1840060 255
1840070 256
1840080 257
1840090 257
1840100 257
1840110 258
1840120 258
1840130 258
1840140 259
1840150 259
1840160 259
1840170 260
1840180 260
1840190 260
1840200 261
1840210 261
1840220 261
1840230 261
1840240 261
1840250 262
1840260 262
1840270 262
1840280 263
1840290 263
1840300 263
1840310 263
1840320 264
1840330 264
1840340 264
1840350 264
1840360 264
1840370 264
1840380 264
1840390 264
1840400 264
1840410 264
1840420 264
1840430 265
1840440 265
1840450 265
1840460 265
1840470 265
1840480 265
1840490 265
1840500 265
1840510 265
1840520 265
1840530 265
1840540 265
1840550 265
1840560 265
1840570 265
1840580 265
1840590 265
1840600 265
1840610 265
1840620 265
1840630 265
1840640 265
1840650 264
1840660 264
1840670 264
1840680 264
1840690 264
1840700 264
1840710 264
1840720 264
1840730 264
1840740 264
1840750 264
1840760 263
1840770 263
1840780 263
1840790 263
1840800 263
1840810 262
1840820 262
1840830 262
1840840 262
1840850 261
1840860 261
1840870 261
1840880 261
1840890 261
1840900 260
1840910 259
1840920 259
1840930 259
1840940 258
1840950 258
1840960 257
1840970 256
1840980 256
1840990 255
1841000 254
1841010 254
1841020 250
1841030 250
1841040 250
1841050 249
1841060 249
1841070 249
1841080 248
1841090 248
1841100 248
1841110 248
1841120 247
1841130 247
1841140 247
1841150 247
1841160 247
1841170 247
1841180 246
1841190 246
1841200 246
1841210 246
1841220 246
1841230 246
1841240 246
1841250 246
1841260 246
1841270 247
1841280 247
1841290 247
1841300 247
1841310 247
1841320 247
1841330 247
1841340 247
1841350 247
1841360 246
1841370 246
1841380 245
1841390 245
1841400 245
1841410 244
1841420 243
1841430 243
1841440 243
1841450 242
1841460 242
1841470 241
1841480 240
1841490 240
1841500 239
1841510 238
1841520 238
1841530 237
1841540 235
1841550 235
1841560 234
1841570 232
1841580 232
1841590 231
1841600 229
1841610 229
1841620 228
1841630 226
1841640 226
1841650 225
1841660 223
1841670 223
1841680 221
1841690 220
1841700 220
1841710 219
1841720 218
1841730 218
1841740 217
1841750 216
1841760 216
1841770 215
1841780 215
1841790 214
1841800 214
1841810 214
1841820 214
1841830 214
1841840 214
1841850 214
1841860 214
1841870 214
1841880 214
1841890 214
1841900 214
1841910 215
1841920 215
1841930 215
1841940 215
1841950 216
1841960 216
1841970 216
1841980 217
1841990 217
1842000 218
1842010 218
1842020 218
1842030 219
1842040 220
1842050 220
1842060 221
1842070 221
1842080 221
1842090 222
1842100 223
1842110 223
1842120 224
1842130 225
1842140 225
1842150 225
1842160 226
1842170 226
1842180 227
1842190 227
1842200 227
1842210 228
1842220 228
1842230 228
1842240 229
1842250 229
1842260 229
1842270 229
1842280 229
1842290 229
1842300 229
1842310 229
1842320 229
1842330 229
1842340 229
1842350 229
1842360 229
1842370 230
1842380 230
1842390 230
1842400 230
1842410 230
1842420 230
1842430 230
1842440 230
1842450 230
1842460 230
1842470 230
1842480 230
1842490 229
1842500 229
1842510 229
1842520 229
1842530 229
1842540 228
1842550 228
1842560 228
1842570 227
1842580 227
1842590 227
1842600 226
1842610 225
1842620 225
1842630 225
1842640 224
1842650 224
1842660 224
1842670 223
1842680 223
1842690 222
1842700 222
1842710 222
1842720 221
1842730 220
1842740 220
1842750 220
1842760 220
1842770 220
1842780 219
1842790 219
1842800 219
1842810 219
1842820 219
1842830 218
1842840 218
1842850 218
1842860 217
1842870 217
1842880 217
1842890 217
1842900 216
1842910 216
1842920 216
1842930 216
1842940 216
1842950 216
1842960 217
1842970 217
1842980 217
1842990 217
1843000 217
1843010 217
1843020 217
1843030 217
1843040 217
1843050 217
1843060 217
1843070 217
1843080 217
1843090 217
1843100 217
1843110 217
1843120 217
1843130 217
1843140 216
1843150 216
1843160 216
1843170 215
1843180 215
1843190 215
1843200 215
1843210 215
1843220 215
1843230 214
1843240 214
1843250 214
1843260 214
1843270 214
1843280 214
1843290 214
1843300 214
1843310 213
1843320 213
1843330 213
1843340 213
1843350 213
1843360 213
1843370 213
1843380 213
1843390 213
1843400 213
1843410 212
1843420 212
1843430 212
1843440 211
1843450 211
1843460 211
1843470 211
1843480 211
1843490 211
1843500 211
1843510 211
1843520 211
1843530 211
1843540 211
1843550 211
1843560 211
1843570 211
1843580 211
1843590 211
1843600 211
1843610 212
1843620 213
1843630 213
1843640 213
1843650 214
1843660 214
1843670 214
1843680 214
1843690 214
1843700 214
1843710 215
1843720 215
1843730 215
1843740 216
1843750 216
1843760 217
1843770 217
1843780 217
1843790 218
1843800 219
1843810 219
1843820 220
1843830 220
1843840 220
1843850 221
1843860 221
1843870 222
1843880 222
1843890 222
1843900 223
1843910 223
1843920 223
1843930 225
1843940 225
1843950 225
1843960 226
1843970 227
1843980 227
1843990 227
1844000 228
1844010 228
1844020 228
1844030 229
1844040 229
1844050 229
1844060 230
1844070 230
1844080 230
1844090 230
1844100 230
1844110 228
1844120 223
1844130 223
1844140 219
1844150 215
1844160 215
1844170 214
1844180 214
1844190 214
1844200 215
1844210 215
1844220 215
1844230 216
1844240 220
1844250 220
1844260 224
1844270 229
1844280 229
1844290 229
1844300 229
1844310 229
1844320 229
1844330 228
1844340 228
1844350 228
1844360 227
1844370 227
1844380 226
1844390 225
1844400 225
1844410 224
1844420 223
1844430 223
1844440 222
1844450 221
1844460 221
1844470 220
1844480 219
1844490 219
1844500 218
1844510 217
1844520 217
1844530 216
1844540 214
1844550 214
1844560 213
1844570 212
1844580 212
1844590 211
1844600 211
1844610 211
1844620 211
1844630 211
1844640 211
1844650 210
1844660 210
1844670 210
1844680 209
1844690 209
1844700 209
1844710 209
1844720 210
1844730 210
1844740 210
1844750 212
1844760 212
1844770 213
1844780 213
1844790 213
1844800 214
1844810 214
1844820 214
1844830 214
1844840 213
1844850 213
1844860 213
1844870 213
1844880 212
1844890 211
1844900 211
1844910 211
1844920 210
1844930 210
1844940 210
1844950 210
1844960 210
1844970 210
1844980 210
1844990 210
1845000 210
1845010 210
1845020 209
1845030 209
1845040 209
1845050 209
1845060 208
1845070 208
1845080 208
1845090 207
1845100 207
1845110 207
1845120 206
1845130 205
1845140 205
1845150 204
1845160 203
1845170 203
1845180 202
1845190 201
1845200 201
1845210 201
1845220 200
1845230 200
1845240 199
1845250 198
1845260 198
1845270 198
1845280 197
1845290 197
1845300 197
1845310 196
1845320 196
1845330 196
1845340 196
1845350 196
1845360 196
1845370 195
1845380 195
1845390 195
1845400 194
1845410 194
1845420 194
1845430 193
1845440 193
1845450 193
1845460 193
1845470 193
1845480 193
1845490 192
1845500 192
1845510 192
1845520 191
1845530 191
1845540 192
1845550 192
1845560 192
1845570 193
1845580 193
1845590 193
1845600 192
1845610 192
1845620 192
1845630 192
1845640 193
1845650 193
1845660 193
1845670 192
1845680 192
1845690 192
1845700 192
1845710 192
1845720 192
1845730 192
1845740 193
1845750 193
1845760 193
1845770 193
1845780 193
1845790 193
1845800 193
1845810 193
1845820 193
1845830 193
1845840 193
1845850 193
1845860 193
1845870 194
1845880 195
1845890 195
1845900 195
1845910 195
1845920 196
1845930 197
1845940 197
1845950 198
1845960 198
1845970 198
1845980 198
1845990 198
1846000 198
1846010 198
1846020 199
1846030 199
1846040 199
1846050 200
1846060 200
1846070 201
1846080 202
1846090 202
1846100 205
1846110 207
1846120 207
1846130 207
1846140 206
1846150 206
1846160 206
1846170 206
1846180 206
1846190 206
1846200 206
1846210 206
1846220 206
1846230 205
1846240 205
1846250 205
1846260 205
1846270 205
1846280 204
1846290 203
1846300 203
1846310 202
1846320 201
1846330 201
1846340 200
1846350 200
1846360 200
1846370 200
1846380 199
1846390 199
1846400 198
1846410 198
1846420 198
1846430 197
1846440 196
1846450 196
1846460 197
1846470 196
1846480 196
1846490 196
1846500 197
1846510 197
1846520 199
1846530 200
1846540 200
1846550 200
1846560 200
1846570 200
1846580 199
1846590 200
1846600 200
1846610 201
1846620 202
1846630 202
1846640 202
1846650 202
1846660 202
1846670 202
1846680 202
1846690 202
1846700 201
1846710 201
1846720 201
1846730 200
1846740 200
1846750 200
1846760 200
1846770 199
1846780 199
1846790 199
1846800 199
1846810 199
1846820 199
1846830 200
1846840 200
1846850 200
1846860 199
1846870 199
1846880 198
1846890 198
1846900 198
1846910 197
1846920 197
1846930 197
1846940 196
1846950 196
1846960 195
1846970 195
1846980 195
1846990 195
1847000 195
1847010 195
1847020 194
1847030 194
1847040 194
1847050 194
1847060 194
1847070 194
1847080 194
1847090 194
1847100 194
1847110 195
1847120 195
1847130 195
1847140 195
1847150 195
1847160 195
1847170 194
1847180 194
1847190 194
1847200 194
1847210 193
1847220 193
1847230 193
1847240 192
1847250 192
1847260 191
1847270 191
1847280 191
1847290 191
1847300 190
1847310 190
1847320 191
1847330 191
1847340 191
1847350 191
1847360 192
1847370 192
1847380 193
1847390 195
1847400 195
1847410 199
1847420 200
1847430 200
1847440 201
1847450 205
1847460 205
1847470 208
1847480 211
1847490 211
1847500 212
1847510 214
1847520 214
1847530 215
1847540 217
1847550 217
1847560 218
1847570 218
1847580 218
1847590 219
1847600 219
1847610 219
1847620 220
1847630 220
1847640 220
1847650 221
1847660 222
1847670 222
1847680 222
1847690 223
1847700 223
1847710 223
1847720 223
1847730 223
1847740 224
1847750 224
1847760 224
1847770 224
1847780 225
1847790 225
1847800 225
1847810 225
1847820 225
1847830 225
1847840 225
1847850 225
1847860 225
1847870 225
1847880 225
1847890 225
1847900 225
1847910 225
1847920 225
1847930 225
1847940 225
1847950 225
1847960 225
1847970 225
1847980 225
1847990 225
1848000 225
1848010 224
1848020 224
1848030 224
1848040 224
1848050 224
1848060 224
1848070 224
1848080 224
1848090 224
1848100 223
1848110 223
1848120 223
1848130 223
1848140 223
1848150 223
1848160 222
1848170 222
1848180 222
1848190 222
1848200 222
1848210 222
1848220 221
1848230 221
1848240 221
1848250 221
1848260 221
1848270 221
1848280 221
1848290 221
1848300 221
1848310 220
1848320 220
1848330 220
1848340 220
1848350 220
1848360 220
1848370 219
1848380 219
1848390 219
1848400 219
1848410 219
1848420 218
1848430 218
1848440 218
1848450 218
1848460 217
1848470 217
1848480 217
1848490 216
1848500 216
1848510 216
1848520 216
1848530 216
1848540 215
1848550 215
1848560 215
1848570 214
1848580 214
1848590 214
1848600 213
1848610 213
1848620 213
1848630 212
1848640 211
1848650 211
1848660 211
1848670 210
1848680 210
1848690 210
1848700 209
1848710 209
1848720 208
1848730 208
1848740 208
1848750 207
1848760 206
1848770 206
1848780 205
1848790 205
1848800 205
1848810 204
1848820 204
1848830 204
1848840 204
1848850 203
1848860 203
1848870 203
1848880 203
1848890 203
1848900 203
1848910 203
1848920 203
1848930 203
1848940 202
1848950 202
1848960 202
1848970 202
1848980 202
1848990 202
1849000 202
1849010 202
1849020 202
1849030 202
1849040 202
1849050 202
1849060 202
1849070 202
1849080 202
1849090 202
1849100 202
1849110 202
1849120 202
1849130 202
1849140 202
1849150 202
1849160 202
1849170 203
1849180 203
1849190 203
1849200 203
1849210 203
1849220 203
1849230 203
1849240 203
1849250 203
1849260 203
1849270 203
1849280 202
1849290 202
1849300 202
1849310 202
1849320 202
1849330 203
1849340 203
1849350 204
1849360 204
1849370 204
1849380 204
1849390 204
1849400 205
1849410 206
1849420 206
1849430 207
1849440 208
1849450 208
1849460 209
1849470 210
1849480 210
1849490 211
1849500 213
1849510 213
1849520 214
1849530 215
1849540 215
1849550 216
1849560 216
1849570 216
1849580 216
1849590 217
1849600 217
1849610 217
1849620 217
1849630 217
1849640 217
1849650 218
1849660 218
1849670 218
1849680 217
1849690 218
1849700 218
1849710 217
1849720 217
1849730 217
1849740 217
1849750 217
1849760 217
1849770 217
1849780 217
1849790 217
1849800 217
1849810 217
1849820 216
1849830 216
1849840 216
1849850 216
1849860 216
1849870 216
1849880 215
1849890 215
1849900 215
1849910 215
1849920 214
1849930 214
1849940 214
1849950 214
1849960 214
1849970 213
1849980 213
1849990 213
1850000 212
1850010 211
1850020 211
1850030 211
1850040 211
1850050 210
1850060 209
1850070 209
1850080 209
1850090 208
1850100 208
1850110 207
1850120 207
1850130 207
1850140 206
1850150 205
1850160 205
1850170 204
1850180 203
1850190 203
1850200 202
1850210 201
1850220 201
1850230 200
1850240 199
1850250 199
1850260 198
1850270 198
1850280 198
1850290 198
1850300 198
1850310 198
1850320 197
1850330 197
1850340 197
1850350 197
1850360 197
1850370 197
1850380 197
1850390 197
1850400 198
1850410 198
1850420 199
1850430 199
1850440 201
1850450 203
1850460 203
1850470 205
1850480 207
1850490 207
1850500 208
1850510 209
1850520 209
1850530 210
1850540 210
1850550 210
1850560 211
1850570 211
1850580 211
1850590 211
1850600 211
1850610 211
1850620 211
1850630 211
1850640 211
1850650 212
1850660 212
1850670 212
1850680 212
1850690 212
1850700 212
1850710 213
1850720 213
1850730 213
1850740 214
1850750 214
1850760 214
1850770 214
1850780 214
1850790 214
1850800 214
1850810 213
1850820 213
1850830 213
1850840 213
1850850 213
1850860 213
1850870 212
1850880 212
1850890 212
1850900 212
1850910 212
1850920 212
1850930 211
1850940 211
1850950 211
1850960 210
1850970 210
1850980 210
1850990 210
1851000 210
1851010 209
1851020 209
1851030 209
1851040 209
1851050 209
1851060 208
1851070 208
1851080 208
1851090 208
1851100 208
1851110 208
1851120 208
1851130 208
1851140 208
1851150 208
1851160 209
1851170 209
1851180 209
1851190 209
1851200 209
1851210 209
1851220 209
1851230 209
1851240 209
1851250 209
1851260 209
1851270 209
1851280 210
1851290 210
1851300 210
1851310 210
1851320 210
1851330 210
1851340 210
1851350 210
1851360 210
1851370 210
1851380 210
1851390 209
1851400 209
1851410 209
1851420 209
1851430 209
1851440 209
1851450 209
1851460 209
1851470 209
1851480 209
1851490 209
1851500 209
1851510 209
1851520 209
1851530 209
1851540 209
1851550 209
1851560 209
1851570 209
1851580 209
1851590 209
1851600 209
1851610 208
1851620 208
1851630 208
1851640 208
1851650 208
1851660 208
1851670 208
1851680 208
1851690 208
1851700 208
1851710 208
1851720 207
1851730 207
1851740 207
1851750 207
1851760 207
1851770 207
1851780 207
1851790 206
1851800 206
1851810 206
1851820 206
1851830 206
1851840 206
1851850 206
1851860 206
1851870 206
1851880 205
1851890 205
1851900 205
1851910 205
1851920 205
1851930 205
1851940 205
1851950 205
1851960 205
1851970 205
1851980 205
1851990 205
1852000 204
1852010 204
1852020 204
1852030 204
1852040 204
1852050 204
1852060 204
1852070 204
1852080 204
1852090 204
1852100 204
1852110 203
1852120 203
1852130 203
1852140 203
1852150 203
1852160 203
1852170 203
1852180 203
1852190 203
1852200 203
1852210 203
1852220 203
1852230 203
1852240 203
1852250 203
1852260 203
1852270 203
1852280 203
1852290 203
1852300 203
1852310 203
1852320 203
1852330 203
1852340 203
1852350 203
1852360 203
1852370 202
1852380 202
1852390 202
1852400 202
1852410 202
1852420 202
1852430 202
1852440 202
1852450 202
1852460 202
1852470 202
1852480 202
1852490 202
1852500 202
1852510 202
1852520 202
1852530 203
1852540 203
1852550 203
1852560 203
1852570 203
1852580 203
1852590 203
1852600 203
1852610 203
1852620 204
1852630 204
1852640 204
1852650 204
1852660 204
1852670 204
1852680 204
1852690 204
1852700 204
1852710 204
1852720 204
1852730 204
1852740 204
1852750 204
1852760 204
1852770 204
1852780 204
1852790 203
1852800 203
1852810 203
1852820 204
1852830 204
1852840 204
1852850 204
1852860 205
1852870 205
1852880 206
1852890 207
1852900 207
1852910 208
1852920 209
1852930 209
1852940 210
1852950 211
1852960 211
1852970 212
1852980 213
1852990 213
1853000 213
1853010 214
1853020 214
1853030 214
1853040 214
1853050 214
1853060 214
1853070 214
1853080 214
1853090 214
1853100 214
1853110 214
1853120 214
1853130 214
1853140 213
1853150 213
1853160 213
1853170 212
1853180 212
1853190 212
1853200 211
1853210 211
1853220 211
1853230 210
1853240 209
1853250 209
1853260 209
1853270 208
1853280 208
1853290 207
1853300 207
1853310 207
1853320 207
1853330 206
1853340 206
1853350 206
1853360 206
1853370 206
1853380 205
1853390 205
1853400 205
1853410 204
1853420 204
1853430 204
1853440 203
1853450 204
1853460 204
1853470 204
1853480 205
1853490 205
1853500 206
1853510 208
1853520 208
1853530 209
1853540 211
1853550 211
1853560 211
1853570 212
1853580 212
1853590 212
1853600 213
1853610 213
1853620 213
1853630 214
1853640 214
1853650 214
1853660 215
1853670 215
1853680 215
1853690 216
1853700 216
1853710 216
1853720 216
1853730 216
1853740 217
1853750 217
1853760 217
1853770 218
1853780 218
1853790 218
1853800 219
1853810 219
1853820 219
1853830 220
1853840 220
1853850 220
1853860 220
1853870 221
1853880 221
1853890 221
1853900 221
1853910 221
1853920 221
1853930 222
1853940 222
1853950 222
1853960 223
1853970 223
1853980 223
1853990 224
1854000 224
1854010 224
1854020 224
1854030 224
1854040 225
1854050 225
1854060 225
1854070 225
1854080 225
1854090 225
1854100 225
1854110 225
1854120 224
1854130 224
1854140 224
1854150 223
1854160 223
1854170 223
1854180 222
1854190 222
1854200 222
1854210 222
1854220 221
1854230 221
1854240 222
1854250 222
1854260 222
1854270 224
1854280 225
1854290 225
1854300 226
1854310 227
1854320 227
1854330 228
1854340 228
1854350 228
1854360 228
1854370 228
1854380 228
1854390 228
1854400 228
1854410 228
1854420 227
1854430 227
1854440 227
1854450 227
1854460 227
1854470 227
1854480 227
1854490 228
1854500 228
1854510 228
1854520 229
1854530 229
1854540 229
1854550 230
1854560 230
1854570 231
1854580 231
1854590 231
1854600 232
1854610 232
1854620 232
1854630 232
1854640 232
1854650 233
1854660 233
1854670 234
1854680 234
1854690 234
1854700 235
1854710 235
1854720 235
1854730 236
1854740 236
1854750 236
1854760 237
1854770 237
1854780 237
1854790 237
1854800 237
1854810 238
1854820 239
1854830 239
1854840 239
1854850 240
1854860 240
1854870 241
1854880 241
1854890 241
1854900 241
1854910 241
1854920 241
1854930 242
1854940 242
1854950 242
1854960 242
1854970 241
1854980 241
1854990 241
1855000 240
1855010 240
1855020 240
1855030 240
1855040 240
1855050 239
1855060 239
1855070 239
1855080 238
1855090 238
1855100 238
1855110 237
1855120 237
1855130 237
1855140 237
1855150 237
1855160 237
1855170 237
1855180 237
1855190 237
1855200 237
1855210 237
1855220 237
1855230 238
1855240 238
1855250 238
1855260 239
1855270 239
1855280 239
1855290 240
1855300 240
1855310 240
1855320 240
1855330 240
1855340 241
1855350 241
1855360 241
1855370 241
1855380 241
1855390 241
1855400 242
1855410 242
1855420 242
1855430 242
1855440 243
1855450 243
1855460 243
1855470 243
1855480 243
1855490 244
1855500 244
1855510 244
1855520 245
1855530 245
1855540 245
1855550 245
1855560 245
1855570 245
1855580 246
1855590 246
1855600 246
1855610 246
1855620 246
1855630 246
1855640 246
1855650 247
1855660 247
1855670 247
1855680 247
1855690 247
1855700 247
1855710 247
1855720 247
1855730 246
1855740 246
1855750 246
1855760 246
1855770 246
1855780 246
1855790 245
1855800 244
1855810 244
1855820 244
1855830 243
1855840 243
1855850 243
1855860 242
1855870 242
1855880 242
1855890 241
1855900 241
1855910 241
1855920 240
1855930 240
1855940 239
1855950 239
1855960 239
1855970 238
1855980 237
1855990 237
1856000 236
1856010 235
1856020 235
1856030 234
1856040 233
1856050 233
1856060 232
1856070 232
1856080 232
1856090 231
1856100 230
1856110 230
1856120 229
1856130 229
1856140 229
1856150 228
1856160 228
1856170 228
1856180 227
1856190 227
1856200 227
1856210 227
1856220 227
1856230 226
1856240 226
1856250 226
1856260 226
1856270 225
1856280 225
1856290 225
1856300 225
1856310 225
1856320 225
1856330 225
1856340 225
1856350 224
1856360 224
1856370 224
1856380 224
1856390 224
1856400 224
1856410 223
1856420 222
1856430 222
1856440 221
1856450 220
1856460 220
1856470 219
1856480 218
1856490 218
1856500 217
1856510 216
1856520 216
1856530 214
1856540 213
1856550 213
1856560 211
1856570 210
1856580 210
1856590 209
1856600 207
1856610 207
1856620 206
1856630 205
1856640 205
1856650 204
1856660 203
1856670 203
1856680 202
1856690 201
1856700 201
1856710 201
1856720 200
1856730 200
1856740 200
1856750 200
1856760 200
1856770 200
1856780 200
1856790 200
1856800 199
1856810 199
1856820 199
1856830 198
1856840 197
1856850 197
1856860 196
1856870 196
1856880 196
1856890 196
1856900 196
1856910 196
1856920 197
1856930 199
1856940 199
1856950 200
1856960 200
1856970 200
1856980 202
1856990 202
1857000 202
1857010 202
1857020 204
1857030 204
1857040 206
1857050 206
1857060 206
1857070 206
1857080 206
1857090 206
1857100 207
1857110 209
1857120 209
1857130 211
1857140 214
1857150 214
1857160 216
1857170 216
1857180 218
1857190 219
1857200 219
1857210 219
1857220 220
1857230 220
1857240 220
1857250 220
1857260 220
1857270 220
1857280 220
1857290 220
1857300 221
1857310 221
1857320 221
1857330 220
1857340 220
1857350 220
1857360 220
1857370 220
1857380 220
1857390 220
1857400 220
1857410 220
1857420 220
1857430 220
1857440 220
1857450 219
1857460 218
1857470 218
1857480 218
1857490 218
1857500 218
1857510 217
1857520 217
1857530 217
1857540 217
1857550 216
1857560 216
1857570 216
1857580 215
1857590 215
1857600 214
1857610 214
1857620 214
1857630 213
1857640 211
1857650 211
1857660 210
1857670 208
1857680 208
1857690 207
1857700 206
1857710 206
1857720 206
1857730 205
1857740 205
1857750 205
1857760 204
1857770 204
1857780 203
1857790 203
1857800 202
1857810 203
1857820 203
1857830 203
1857840 205
1857850 206
1857860 206
1857870 207
1857880 208
1857890 208
1857900 208
1857910 208
1857920 208
1857930 208
1857940 208
1857950 208
1857960 208
1857970 208
1857980 208
1857990 208
1858000 209
1858010 209
1858020 209
1858030 209
1858040 209
1858050 209
1858060 208
1858070 208
1858080 207
1858090 206
1858100 206
1858110 205
1858120 204
1858130 204
1858140 203
1858150 203
1858160 203
1858170 203
1858180 203
1858190 203
1858200 204
1858210 204
1858220 204
1858230 205
1858240 205
1858250 206
1858260 206
1858270 206
1858280 207
1858290 207
1858300 207
1858310 208
1858320 208
1858330 208
1858340 207
1858350 207
1858360 207
1858370 207
1858380 207
1858390 207
1858400 208
1858410 208
1858420 208
1858430 208
1858440 208
1858450 208
1858460 208
1858470 209
1858480 209
1858490 208
1858500 207
1858510 207
1858520 206
1858530 206
1858540 206
1858550 205
1858560 204
1858570 204
1858580 204
1858590 203
1858600 203
1858610 203
1858620 202
1858630 202
1858640 202
1858650 202
1858660 202
1858670 202
1858680 201
1858690 201
1858700 201
1858710 200
1858720 200
1858730 200
1858740 199
1858750 199
1858760 198
1858770 197
1858780 197
1858790 195
1858800 194
1858810 194
1858820 193
1858830 192
1858840 192
1858850 190
1858860 190
1858870 190
1858880 190
1858890 189
1858900 189
1858910 189
1858920 188
1858930 188
1858940 188
1858950 189
1858960 189
1858970 189
1858980 190
1858990 190
1859000 191
1859010 192
1859020 192
1859030 192
1859040 193
1859050 193
1859060 194
1859070 194
1859080 194
1859090 195
1859100 195
1859110 195
1859120 195
1859130 195
1859140 195
1859150 195
1859160 195
1859170 195
1859180 194
1859190 194
1859200 193
1859210 192
1859220 192
1859230 192
1859240 191
1859250 191
1859260 190
1859270 190
1859280 190
1859290 189
1859300 189
1859310 189
1859320 188
1859330 188
1859340 188
1859350 188
1859360 188
1859370 188
1859380 188
1859390 188
1859400 188
1859410 188
1859420 189
1859430 189
1859440 189
1859450 189
1859460 189
1859470 189
1859480 189
1859490 189
1859500 188
1859510 187
1859520 187
1859530 186
1859540 184
1859550 184
1859560 184
1859570 184
1859580 184
1859590 184
1859600 184
1859610 184
1859620 184
1859630 184
1859640 184
1859650 184
1859660 184
1859670 184
1859680 183
1859690 182
1859700 182
1859710 182
1859720 181
1859730 181
1859740 181
1859750 180
1859760 180
1859770 179
1859780 178
1859790 178
1859800 177
1859810 176
1859820 176
1859830 176
1859840 175
1859850 175
1859860 175
1859870 175
1859880 175
1859890 174
1859900 175
1859910 175
1859920 175
1859930 175
1859940 175
1859950 175
1859960 176
1859970 176
1859980 175
1859990 175
