1840000 261
1840010 261
1840020 261
1840030 260
1840040 259
1840050 259
1840060 259
1840070 258
1840080 258
1840090 257
1840100 257
1840110 257
1840120 256
1840130 256
1840140 256
1840150 255
1840160 254
1840170 254
1840180 254
1840190 254
1840200 254
1840210 253
1840220 253
1840230 253
1840240 252
1840250 251
1840260 251
1840270 251
1840280 251
1840290 250
1840300 249
1840310 249
1840320 248
1840330 248
1840340 248
1840350 247
1840360 246
1840370 246
1840380 245
1840390 244
1840400 244
1840410 243
1840420 242
1840430 242
1840440 241
1840450 241
1840460 241
1840470 239
1840480 238
1840490 238
1840500 237
1840510 236
1840520 236
1840530 235
1840540 234
1840550 234
1840560 233
1840570 231
1840580 231
1840590 230
1840600 230
1840610 230
1840620 229
1840630 228
1840640 228
1840650 228
1840660 227
1840670 227
1840680 226
1840690 225
1840700 225
1840710 225
1840720 224
1840730 224
1840740 224
1840750 223
1840760 223
1840770 222
1840780 222
1840790 222
1840800 221
1840810 220
1840820 220
1840830 219
1840840 218
1840850 218
1840860 218
1840870 217
1840880 217
1840890 217
1840900 216
1840910 216
1840920 216
1840930 216
1840940 216
1840950 217
1840960 217
1840970 217
1840980 218
1840990 218
1841000 218
1841010 218
1841020 218
1841030 218
1841040 219
1841050 219
1841060 219
1841070 220
1841080 220
1841090 220
1841100 221
1841110 222
1841120 222
1841130 223
1841140 224
1841150 224
1841160 224
1841170 225
1841180 225
1841190 225
1841200 226
1841210 226
1841220 226
1841230 227
1841240 227
1841250 227
1841260 227
1841270 227
1841280 227
1841290 227
1841300 227
1841310 228
1841320 228
1841330 228
1841340 229
1841350 229
1841360 229
1841370 229
1841380 229
1841390 229
1841400 229
1841410 229
1841420 229
1841430 230
1841440 230
1841450 230
1841460 230
1841470 230
1841480 230
1841490 230
1841500 230
1841510 230
1841520 230
1841530 230
1841540 230
1841550 230
1841560 230
1841570 230
1841580 230
1841590 230
1841600 230
1841610 230
1841620 230
1841630 230
1841640 230
1841650 230
1841660 229
1841670 229
1841680 229
1841690 229
1841700 228
1841710 228
1841720 228
1841730 227
1841740 227
1841750 227
1841760 226
1841770 226
1841780 226
1841790 226
1841800 226
1841810 226
1841820 226
1841830 226
1841840 226
1841850 226
1841860 226
1841870 226
1841880 226
1841890 226
1841900 225
1841910 225
1841920 225
1841930 225
1841940 224
1841950 224
1841960 224
1841970 223
1841980 223
1841990 223
1842000 223
1842010 223
1842020 222
1842030 221
1842040 221
1842050 221
1842060 220
1842070 220
1842080 219
1842090 219
1842100 219
1842110 218
1842120 217
1842130 217
1842140 216
1842150 215
1842160 215
1842170 214
1842180 213
1842190 213
1842200 212
1842210 211
1842220 211
1842230 210
1842240 209
1842250 209
1842260 209
1842270 208
1842280 208
1842290 207
1842300 207
1842310 206
1842320 206
1842330 206
1842340 205
1842350 205
1842360 205
1842370 204
1842380 204
1842390 204
1842400 204
1842410 204
1842420 204
1842430 204
1842440 203
1842450 203
1842460 204
1842470 204
1842480 204
1842490 204
1842500 205
1842510 205
1842520 207
1842530 209
1842540 209
1842550 209
1842560 209
1842570 209
1842580 210
1842590 210
1842600 210
1842610 210
1842620 210
1842630 210
1842640 208
1842650 206
1842660 206
1842670 206
1842680 205
1842690 205
1842700 204
1842710 203
1842720 203
1842730 203
1842740 203
1842750 203
1842760 203
1842770 203
1842780 203
1842790 203
1842800 203
1842810 203
1842820 203
1842830 203
1842840 203
1842850 203
1842860 203
1842870 203
1842880 203
1842890 203
1842900 203
1842910 203
1842920 203
1842930 203
1842940 203
1842950 203
1842960 202
1842970 202
1842980 202
1842990 202
1843000 202
1843010 202
1843020 202
1843030 202
1843040 202
1843050 202
1843060 202
1843070 202
1843080 202
1843090 202
1843100 202
1843110 202
1843120 202
1843130 203
1843140 203
1843150 203
1843160 203
1843170 203
1843180 204
1843190 204
1843200 204
1843210 204
1843220 204
1843230 204
1843240 206
1843250 209
1843260 209
1843270 212
1843280 212
1843290 213
1843300 213
1843310 213
1843320 213
1843330 214
1843340 214
1843350 215
1843360 216
1843370 216
1843380 216
1843390 217
1843400 217
1843410 218
1843420 218
1843430 218
1843440 218
1843450 218
1843460 218
1843470 218
1843480 219
1843490 219
1843500 219
1843510 219
1843520 219
1843530 218
1843540 218
1843550 218
1843560 218
1843570 217
1843580 217
1843590 215
1843600 214
1843610 214
1843620 213
1843630 211
1843640 211
1843650 210
1843660 210
1843670 210
1843680 211
1843690 212
1843700 212
1843710 213
1843720 215
1843730 215
1843740 216
1843750 214
1843760 214
1843770 213
1843780 213
1843790 213
1843800 213
1843810 213
1843820 213
1843830 212
1843840 212
1843850 212
1843860 211
1843870 210
1843880 210
1843890 209
1843900 208
1843910 208
1843920 208
1843930 207
1843940 207
1843950 207
1843960 206
1843970 206
1843980 205
1843990 205
1844000 205
1844010 205
1844020 205
1844030 205
1844040 205
1844050 206
1844060 206
1844070 208
1844080 209
1844090 209
1844100 210
1844110 211
1844120 211
1844130 212
1844140 213
1844150 213
1844160 214
1844170 214
1844180 214
1844190 215
1844200 216
1844210 216
1844220 216
1844230 216
1844240 216
1844250 216
1844260 217
1844270 217
1844280 217
1844290 217
1844300 217
1844310 217
1844320 217
1844330 217
1844340 217
1844350 217
1844360 217
1844370 217
1844380 217
1844390 217
1844400 217
1844410 217
1844420 217
1844430 218
1844440 218
1844450 218
1844460 219
1844470 219
1844480 219
1844490 220
1844500 220
1844510 220
1844520 221
1844530 221
1844540 221
1844550 221
1844560 221
1844570 222
1844580 222
1844590 222
1844600 223
1844610 223
1844620 223
1844630 223
1844640 223
1844650 223
1844660 223
1844670 224
1844680 224
1844690 224
1844700 224
1844710 224
1844720 224
1844730 224
1844740 224
1844750 224
1844760 224
1844770 224
1844780 224
1844790 224
1844800 224
1844810 224
1844820 223
1844830 223
1844840 223
1844850 223
1844860 223
1844870 223
1844880 222
1844890 222
1844900 222
1844910 222
1844920 222
1844930 222
1844940 222
1844950 222
1844960 222
1844970 222
1844980 222
1844990 222
1845000 222
1845010 222
1845020 223
1845030 223
1845040 223
1845050 223
1845060 224
1845070 224
1845080 224
1845090 224
1845100 224
1845110 224
1845120 224
1845130 224
1845140 224
1845150 224
1845160 224
1845170 224
1845180 224
1845190 224
1845200 224
1845210 224
1845220 224
1845230 224
1845240 224
1845250 224
1845260 224
1845270 224
1845280 224
1845290 224
1845300 224
1845310 223
1845320 222
1845330 222
1845340 221
1845350 221
1845360 221
1845370 220
1845380 216
1845390 216
1845400 217
1845410 217
1845420 217
1845430 220
1845440 221
1845450 221
1845460 221
1845470 220
1845480 220
1845490 220
1845500 220
1845510 220
1845520 220
1845530 219
1845540 219
1845550 219
1845560 219
1845570 219
1845580 219
1845590 219
1845600 219
1845610 219
1845620 219
1845630 219
1845640 219
1845650 219
1845660 219
1845670 219
1845680 219
1845690 219
1845700 219
1845710 219
1845720 219
1845730 218
1845740 218
1845750 218
1845760 218
1845770 217
1845780 217
1845790 217
1845800 217
1845810 217
1845820 216
1845830 216
1845840 216
1845850 215
1845860 214
1845870 214
1845880 213
1845890 213
1845900 213
1845910 212
1845920 211
1845930 211
1845940 210
1845950 209
1845960 209
1845970 209
1845980 208
1845990 208
1846000 207
1846010 207
1846020 207
1846030 206
1846040 205
1846050 205
1846060 205
1846070 204
1846080 204
1846090 204
1846100 203
1846110 203
1846120 202
1846130 201
1846140 201
1846150 201
1846160 200
1846170 200
1846180 199
1846190 199
1846200 199
1846210 198
1846220 198
1846230 198
1846240 197
1846250 197
1846260 197
1846270 197
1846280 197
1846290 197
1846300 197
1846310 197
1846320 196
1846330 195
1846340 195
1846350 195
1846360 196
1846370 196
1846380 196
1846390 196
1846400 196
1846410 196
1846420 197
1846430 197
1846440 198
1846450 199
1846460 199
1846470 200
1846480 201
1846490 201
1846500 203
1846510 205
1846520 205
1846530 205
1846540 206
1846550 206
1846560 204
1846570 204
1846580 205
1846590 208
1846600 210
1846610 210
1846620 211
1846630 211
1846640 211
1846650 212
1846660 212
1846670 212
1846680 212
1846690 213
1846700 213
1846710 213
1846720 213
1846730 213
1846740 213
1846750 213
1846760 213
1846770 214
1846780 214
1846790 214
1846800 214
1846810 214
1846820 214
1846830 213
1846840 213
1846850 213
1846860 212
1846870 211
1846880 211
1846890 210
1846900 209
1846910 209
1846920 209
1846930 208
1846940 209
1846950 209
1846960 209
1846970 209
1846980 209
1846990 210
1847000 210
1847010 210
1847020 210
1847030 210
1847040 211
1847050 211
1847060 211
1847070 210
1847080 210
1847090 210
1847100 209
1847110 209
1847120 209
1847130 208
1847140 207
1847150 207
1847160 206
1847170 205
1847180 205
1847190 204
1847200 203
1847210 203
1847220 202
1847230 201
1847240 201
1847250 201
1847260 202
1847270 202
1847280 205
1847290 205
1847300 205
1847310 203
1847320 203
1847330 203
1847340 204
1847350 204
1847360 205
1847370 206
1847380 206
1847390 208
1847400 209
1847410 209
1847420 211
1847430 212
1847440 212
1847450 212
1847460 213
1847470 213
1847480 214
1847490 214
1847500 214
1847510 214
1847520 214
1847530 214
1847540 214
1847550 215
1847560 215
1847570 216
1847580 217
1847590 217
1847600 218
1847610 220
1847620 220
1847630 221
1847640 223
1847650 223
1847660 225
1847670 226
1847680 226
1847690 227
1847700 228
1847710 228
1847720 229
1847730 229
1847740 229
1847750 229
1847760 230
1847770 230
1847780 230
1847790 230
1847800 230
1847810 230
1847820 230
1847830 230
1847840 230
1847850 230
1847860 230
1847870 230
1847880 230
1847890 230
1847900 230
1847910 229
1847920 229
1847930 229
1847940 229
1847950 229
1847960 229
1847970 229
1847980 229
1847990 228
1848000 228
1848010 228
1848020 228
1848030 228
1848040 228
1848050 227
1848060 227
1848070 227
1848080 227
1848090 227
1848100 227
1848110 227
1848120 226
1848130 226
1848140 226
1848150 226
1848160 226
1848170 225
1848180 225
1848190 225
1848200 225
1848210 225
1848220 225
1848230 225
1848240 225
1848250 225
1848260 225
1848270 225
1848280 225
1848290 225
1848300 225
1848310 225
1848320 225
1848330 225
1848340 224
1848350 224
1848360 224
1848370 224
1848380 224
1848390 224
1848400 224
1848410 223
1848420 223
1848430 223
1848440 222
1848450 222
1848460 222
1848470 221
1848480 221
1848490 221
1848500 220
1848510 220
1848520 219
1848530 219
1848540 219
1848550 218
1848560 217
1848570 217
1848580 216
1848590 216
1848600 216
1848610 215
1848620 214
1848630 214
1848640 214
1848650 213
1848660 213
1848670 213
1848680 214
1848690 214
1848700 214
1848710 214
1848720 214
1848730 214
1848740 215
1848750 215
1848760 216
1848770 217
1848780 217
1848790 219
1848800 221
1848810 221
1848820 222
1848830 224
1848840 224
1848850 225
1848860 226
1848870 226
1848880 227
1848890 227
1848900 227
1848910 228
1848920 229
1848930 229
1848940 229
1848950 229
1848960 229
1848970 230
1848980 230
1848990 230
1849000 230
1849010 231
1849020 231
1849030 231
1849040 231
1849050 231
1849060 231
1849070 231
1849080 231
1849090 232
1849100 232
1849110 232
1849120 232
1849130 232
1849140 232
1849150 232
1849160 232
1849170 232
1849180 232
1849190 232
1849200 232
1849210 232
1849220 232
1849230 232
1849240 231
1849250 231
1849260 231
1849270 231
1849280 231
1849290 231
1849300 231
1849310 231
1849320 230
1849330 229
1849340 229
1849350 229
1849360 228
1849370 228
1849380 227
1849390 226
1849400 226
1849410 225
1849420 224
1849430 224
1849440 223
1849450 222
1849460 222
1849470 221
1849480 221
1849490 221
1849500 220
1849510 219
1849520 219
1849530 219
1849540 219
1849550 219
1849560 219
1849570 219
1849580 219
1849590 220
1849600 221
1849610 221
1849620 222
1849630 222
1849640 222
1849650 223
1849660 225
1849670 225
1849680 226
1849690 227
1849700 227
1849710 227
1849720 227
1849730 227
1849740 228
1849750 228
1849760 228
1849770 228
1849780 228
1849790 228
1849800 228
1849810 228
1849820 228
1849830 228
1849840 227
1849850 227
1849860 226
1849870 225
1849880 225
1849890 225
1849900 224
1849910 224
1849920 223
1849930 223
1849940 223
1849950 223
1849960 223
1849970 223
1849980 224
1849990 225
1850000 225
1850010 226
1850020 227
1850030 227
1850040 227
1850050 228
1850060 228
1850070 229
1850080 229
1850090 229
1850100 230
1850110 230
1850120 230
1850130 230
1850140 231
1850150 231
1850160 231
1850170 232
1850180 232
1850190 232
1850200 232
1850210 232
1850220 233
1850230 233
1850240 233
1850250 233
1850260 233
1850270 233
1850280 233
1850290 233
1850300 233
1850310 233
1850320 233
1850330 232
1850340 232
1850350 232
1850360 232
1850370 231
1850380 231
1850390 230
1850400 230
1850410 230
1850420 229
1850430 228
1850440 228
1850450 228
1850460 228
1850470 228
1850480 229
1850490 229
1850500 229
1850510 230
1850520 231
1850530 231
1850540 231
1850550 232
1850560 232
1850570 232
1850580 232
1850590 232
1850600 233
1850610 233
1850620 233
1850630 234
1850640 234
1850650 234
1850660 234
1850670 234
1850680 234
1850690 235
1850700 235
1850710 235
1850720 235
1850730 236
1850740 236
1850750 236
1850760 236
1850770 236
1850780 236
1850790 235
1850800 235
1850810 235
1850820 234
1850830 234
1850840 233
1850850 233
1850860 233
1850870 233
1850880 234
1850890 234
1850900 234
1850910 235
1850920 235
1850930 236
1850940 236
1850950 236
1850960 237
1850970 238
1850980 238
1850990 238
1851000 238
1851010 238
1851020 238
1851030 238
1851040 238
1851050 238
1851060 239
1851070 239
1851080 240
1851090 240
1851100 240
1851110 240
1851120 240
1851130 240
1851140 241
1851150 241
1851160 241
1851170 242
1851180 242
1851190 242
1851200 242
1851210 243
1851220 243
1851230 243
1851240 243
1851250 243
1851260 244
1851270 244
1851280 244
1851290 244
1851300 244
1851310 244
1851320 244
1851330 244
1851340 244
1851350 244
1851360 244
1851370 244
1851380 244
1851390 244
1851400 244
1851410 244
1851420 244
1851430 244
1851440 244
1851450 244
1851460 244
1851470 244
1851480 244
1851490 244
1851500 243
1851510 243
1851520 243
1851530 243
1851540 243
1851550 242
1851560 242
1851570 242
1851580 241
1851590 241
1851600 241
1851610 241
1851620 240
1851630 240
1851640 240
1851650 239
1851660 239
1851670 239
1851680 238
1851690 238
1851700 238
1851710 237
1851720 237
1851730 237
1851740 237
1851750 237
1851760 237
1851770 236
1851780 236
1851790 236
1851800 235
1851810 235
1851820 235
1851830 235
1851840 235
1851850 233
1851860 232
1851870 232
1851880 230
1851890 229
1851900 229
1851910 227
1851920 224
1851930 224
1851940 222
1851950 221
1851960 221
1851970 220
1851980 220
1851990 220
1852000 220
1852010 219
1852020 219
1852030 219
1852040 218
1852050 218
1852060 218
1852070 218
1852080 218
1852090 219
1852100 220
1852110 220
1852120 221
1852130 222
1852140 222
1852150 223
1852160 224
1852170 224
1852180 224
1852190 224
1852200 224
1852210 224
1852220 225
1852230 225
1852240 225
1852250 225
1852260 225
1852270 226
1852280 226
1852290 227
1852300 226
1852310 226
1852320 226
1852330 227
1852340 227
1852350 227
1852360 228
1852370 228
1852380 228
1852390 228
1852400 228
1852410 229
1852420 229
1852430 229
1852440 229
1852450 229
1852460 229
1852470 229
1852480 230
1852490 230
1852500 230
1852510 230
1852520 230
1852530 230
1852540 230
1852550 230
1852560 231
1852570 231
1852580 231
1852590 231
1852600 231
1852610 231
1852620 232
1852630 232
1852640 232
1852650 232
1852660 232
1852670 232
1852680 232
1852690 232
1852700 232
1852710 232
1852720 232
1852730 232
1852740 232
1852750 232
1852760 232
1852770 232
1852780 232
1852790 232
1852800 232
1852810 232
1852820 232
1852830 232
1852840 231
1852850 231
1852860 231
1852870 231
1852880 231
1852890 231
1852900 231
1852910 231
1852920 231
1852930 230
1852940 230
1852950 230
1852960 229
1852970 229
1852980 229
1852990 229
1853000 229
1853010 229
1853020 229
1853030 229
1853040 229
1853050 229
1853060 229
1853070 229
1853080 229
1853090 229
1853100 229
1853110 229
1853120 229
1853130 228
1853140 228
1853150 228
1853160 228
1853170 228
1853180 228
1853190 228
1853200 229
1853210 229
1853220 229
1853230 229
1853240 229
1853250 229
1853260 230
1853270 230
1853280 230
1853290 230
1853300 231
1853310 231
1853320 231
1853330 231
1853340 231
1853350 231
1853360 232
1853370 232
1853380 232
1853390 232
1853400 232
1853410 232
1853420 233
1853430 233
1853440 233
1853450 233
1853460 233
1853470 233
1853480 232
1853490 232
1853500 232
1853510 232
1853520 231
1853530 231
1853540 230
1853550 229
1853560 229
1853570 228
1853580 226
1853590 226
1853600 225
1853610 224
1853620 224
1853630 222
1853640 221
1853650 221
1853660 219
1853670 218
1853680 218
1853690 217
1853700 216
1853710 216
1853720 215
1853730 214
1853740 214
1853750 214
1853760 214
1853770 214
1853780 214
1853790 215
1853800 215
1853810 216
1853820 217
1853830 217
1853840 218
1853850 219
1853860 219
1853870 219
1853880 219
1853890 219
1853900 219
1853910 219
1853920 219
1853930 218
1853940 217
1853950 217
1853960 216
1853970 216
1853980 216
1853990 215
1854000 215
1854010 215
1854020 214
1854030 214
1854040 214
1854050 213
1854060 212
1854070 212
1854080 212
1854090 212
1854100 212
1854110 212
1854120 211
1854130 211
1854140 211
1854150 211
1854160 211
1854170 211
1854180 210
1854190 210
1854200 210
1854210 210
1854220 210
1854230 210
1854240 210
1854250 210
1854260 210
1854270 210
1854280 209
1854290 209
1854300 209
1854310 209
1854320 209
1854330 209
1854340 209
1854350 209
1854360 209
1854370 209
1854380 209
1854390 209
1854400 209
1854410 209
1854420 209
1854430 209
1854440 209
1854450 209
1854460 208
1854470 208
1854480 208
1854490 208
1854500 207
1854510 207
1854520 206
1854530 206
1854540 206
1854550 205
1854560 204
1854570 204
1854580 203
1854590 202
1854600 202
1854610 201
1854620 200
1854630 200
1854640 200
1854650 199
1854660 199
1854670 198
1854680 197
1854690 197
1854700 196
1854710 195
1854720 195
1854730 195
1854740 194
1854750 194
1854760 194
1854770 193
1854780 193
1854790 193
1854800 192
1854810 192
1854820 192
1854830 192
1854840 192
1854850 193
1854860 193
1854870 193
1854880 193
1854890 193
1854900 193
1854910 193
1854920 194
1854930 194
1854940 195
1854950 197
1854960 197
1854970 199
1854980 201
1854990 201
1855000 203
1855010 204
1855020 204
1855030 206
1855040 207
1855050 207
1855060 208
1855070 209
1855080 209
1855090 210
1855100 210
1855110 210
1855120 210
1855130 210
1855140 210
1855150 211
1855160 211
1855170 211
1855180 210
1855190 210
1855200 210
1855210 210
1855220 210
1855230 210
1855240 210
1855250 210
1855260 209
1855270 209
1855280 209
1855290 209
1855300 209
1855310 209
1855320 208
1855330 208
1855340 208
1855350 208
1855360 207
1855370 207
1855380 207
1855390 207
1855400 207
1855410 207
1855420 206
1855430 206
1855440 206
1855450 206
1855460 206
1855470 205
1855480 204
1855490 204
1855500 204
1855510 204
1855520 204
1855530 204
1855540 203
1855550 203
1855560 203
1855570 202
1855580 202
1855590 202
1855600 202
1855610 202
1855620 201
1855630 201
1855640 201
1855650 201
1855660 200
1855670 200
1855680 200
1855690 199
1855700 199
1855710 199
1855720 198
1855730 198
1855740 198
1855750 197
1855760 197
1855770 196
1855780 195
1855790 195
1855800 195
1855810 194
1855820 194
1855830 193
1855840 192
1855850 192
1855860 192
1855870 191
1855880 191
1855890 191
1855900 190
1855910 190
1855920 190
1855930 189
1855940 189
1855950 189
1855960 188
1855970 188
1855980 187
1855990 186
1856000 186
1856010 185
1856020 185
1856030 185
1856040 184
1856050 184
1856060 184
1856070 184
1856080 184
1856090 184
1856100 184
1856110 184
1856120 184
1856130 184
1856140 184
1856150 184
1856160 184
1856170 184
1856180 184
1856190 184
1856200 185
1856210 185
1856220 185
1856230 185
1856240 185
1856250 185
1856260 185
1856270 184
1856280 184
1856290 184
1856300 185
1856310 185
1856320 185
1856330 185
1856340 185
1856350 185
1856360 185
1856370 186
1856380 186
1856390 186
1856400 186
1856410 186
1856420 185
1856430 185
1856440 185
1856450 186
1856460 186
1856470 186
1856480 185
1856490 185
1856500 185
1856510 186
1856520 187
1856530 187
1856540 187
1856550 188
1856560 188
1856570 189
1856580 189
1856590 189
1856600 190
1856610 190
1856620 190
1856630 191
1856640 192
1856650 192
1856660 194
1856670 195
1856680 195
1856690 196
1856700 196
1856710 196
1856720 196
1856730 197
1856740 197
1856750 197
1856760 197
1856770 197
1856780 197
1856790 197
1856800 197
1856810 197
1856820 196
1856830 196
1856840 196
1856850 196
1856860 196
1856870 195
1856880 194
1856890 194
1856900 193
1856910 191
1856920 191
1856930 190
1856940 189
1856950 189
1856960 189
1856970 188
1856980 188
1856990 188
1857000 187
1857010 187
1857020 187
1857030 186
1857040 186
1857050 186
1857060 186
1857070 186
1857080 186
1857090 186
1857100 186
1857110 187
1857120 188
1857130 188
1857140 191
1857150 193
1857160 193
1857170 195
1857180 196
1857190 196
1857200 196
1857210 196
1857220 196
1857230 197
1857240 197
1857250 198
1857260 197
1857270 197
1857280 194
1857290 196
1857300 196
1857310 199
1857320 199
1857330 199
1857340 200
1857350 200
1857360 200
1857370 200
1857380 200
1857390 200
1857400 200
1857410 200
1857420 200
1857430 201
1857440 201
1857450 201
1857460 201
1857470 201
1857480 201
1857490 201
1857500 201
1857510 201
1857520 201
1857530 201
1857540 201
1857550 201
1857560 201
1857570 202
1857580 202
1857590 202
1857600 202
1857610 201
1857620 201
1857630 201
1857640 201
1857650 200
1857660 200
1857670 199
1857680 198
1857690 198
1857700 197
1857710 195
1857720 195
1857730 194
1857740 193
1857750 193
1857760 192
1857770 191
1857780 191
1857790 190
1857800 190
1857810 190
1857820 190
1857830 191
1857840 191
1857850 192
1857860 193
1857870 193
1857880 194
1857890 195
1857900 195
1857910 196
1857920 198
1857930 198
1857940 198
1857950 199
1857960 199
1857970 200
1857980 201
1857990 201
1858000 202
1858010 203
1858020 203
1858030 204
1858040 205
1858050 205
1858060 205
1858070 205
1858080 205
1858090 206
1858100 206
1858110 206
1858120 206
1858130 206
1858140 206
1858150 206
1858160 206
1858170 206
1858180 206
1858190 206
1858200 206
1858210 206
1858220 206
1858230 206
1858240 206
1858250 206
1858260 206
1858270 207
1858280 207
1858290 207
1858300 206
1858310 206
1858320 206
1858330 206
1858340 206
1858350 206
1858360 206
1858370 206
1858380 206
1858390 206
1858400 206
1858410 206
1858420 206
1858430 206
1858440 206
1858450 207
1858460 207
1858470 208
1858480 209
1858490 209
1858500 209
1858510 210
1858520 210
1858530 211
1858540 212
1858550 212
1858560 212
1858570 213
1858580 213
1858590 214
1858600 214
1858610 214
1858620 214
1858630 214
1858640 214
1858650 213
1858660 212
1858670 212
1858680 212
1858690 212
1858700 212
1858710 212
1858720 213
1858730 213
1858740 213
1858750 213
1858760 213
1858770 214
1858780 215
1858790 215
1858800 216
1858810 217
1858820 217
1858830 218
1858840 218
1858850 218
1858860 219
1858870 219
1858880 219
1858890 220
1858900 220
1858910 220
1858920 220
1858930 220
1858940 220
1858950 220
1858960 220
1858970 220
1858980 220
1858990 219
1859000 219
1859010 219
1859020 219
1859030 219
1859040 218
1859050 218
1859060 218
1859070 218
1859080 218
1859090 218
1859100 218
1859110 218
1859120 218
1859130 218
1859140 218
1859150 218
1859160 219
1859170 219
1859180 219
1859190 219
1859200 219
1859210 220
1859220 220
1859230 220
1859240 221
1859250 221
1859260 221
1859270 221
1859280 222
1859290 222
1859300 222
1859310 222
1859320 223
1859330 223
1859340 223
1859350 223
1859360 223
1859370 223
1859380 223
1859390 222
1859400 222
1859410 222
1859420 222
1859430 222
1859440 222
1859450 222
1859460 222
1859470 222
1859480 222
1859490 222
1859500 222
1859510 222
1859520 221
1859530 221
1859540 221
1859550 221
1859560 221
1859570 221
1859580 221
1859590 221
1859600 221
1859610 221
1859620 221
1859630 221
1859640 220
1859650 220
1859660 221
1859670 220
1859680 220
1859690 221
1859700 221
1859710 221
1859720 220
1859730 221
1859740 221
1859750 221
1859760 221
1859770 221
1859780 221
1859790 221
1859800 221
1859810 221
1859820 220
1859830 220
1859840 220
1859850 220
1859860 220
1859870 220
1859880 220
1859890 220
1859900 220
1859910 220
1859920 220
1859930 220
1859940 220
1859950 220
1859960 220
1859970 220
1859980 220
1859990 220
