1840000 234
1840010 233
1840020 233
1840030 232
1840040 232
1840050 232
1840060 231
1840070 230
1840080 230
1840090 229
1840100 230
1840110 230
1840120 230
1840130 231
1840140 231
1840150 232
1840160 233
1840170 233
1840180 233
1840190 234
1840200 234
1840210 235
1840220 235
1840230 235
1840240 236
1840250 236
1840260 236
1840270 236
1840280 237
1840290 237
1840300 237
1840310 236
1840320 236
1840330 236
1840340 236
1840350 236
1840360 235
1840370 235
1840380 233
1840390 232
1840400 232
1840410 231
1840420 229
1840430 229
1840440 228
1840450 227
1840460 227
1840470 227
1840480 225
1840490 225
1840500 223
1840510 222
1840520 222
1840530 222
1840540 221
1840550 221
1840560 221
1840570 220
1840580 220
1840590 221
1840600 221
1840610 221
1840620 222
1840630 223
1840640 223
1840650 226
1840660 228
1840670 228
1840680 231
1840690 232
1840700 232
1840710 233
1840720 232
1840730 232
1840740 227
1840750 221
1840760 221
1840770 215
1840780 217
1840790 217
1840800 221
1840810 226
1840820 226
1840830 232
1840840 236
1840850 236
1840860 238
1840870 240
1840880 240
1840890 239
1840900 239
1840910 239
1840920 239
1840930 238
1840940 238
1840950 238
1840960 238
1840970 238
1840980 238
1840990 238
1841000 238
1841010 238
1841020 238
1841030 238
1841040 238
1841050 238
1841060 238
1841070 238
1841080 238
1841090 238
1841100 239
1841110 239
1841120 239
1841130 241
1841140 242
1841150 242
1841160 243
1841170 244
1841180 244
1841190 245
1841200 246
1841210 246
1841220 247
1841230 247
1841240 247
1841250 247
1841260 248
1841270 248
1841280 248
1841290 248
1841300 249
1841310 249
1841320 249
1841330 249
1841340 250
1841350 250
1841360 250
1841370 250
1841380 250
1841390 250
1841400 250
1841410 250
1841420 251
1841430 251
1841440 251
1841450 250
1841460 250
1841470 250
1841480 250
1841490 250
1841500 250
1841510 250
1841520 250
1841530 250
1841540 249
1841550 249
1841560 249
1841570 248
1841580 248
1841590 248
1841600 247
1841610 246
1841620 246
1841630 245
1841640 245
1841650 245
1841660 244
1841670 243
1841680 243
1841690 242
1841700 241
1841710 241
1841720 239
1841730 239
1841740 239
1841750 240
1841760 239
1841770 239
1841780 239
1841790 239
1841800 239
1841810 239
1841820 240
1841830 240
1841840 240
1841850 240
1841860 242
1841870 243
1841880 244
1841890 244
1841900 244
1841910 244
1841920 244
1841930 244
1841940 244
1841950 244
1841960 244
1841970 244
1841980 244
1841990 244
1842000 244
1842010 244
1842020 244
1842030 244
1842040 244
1842050 244
1842060 243
1842070 243
1842080 243
1842090 242
1842100 242
1842110 242
1842120 241
1842130 241
1842140 240
1842150 240
1842160 240
1842170 239
1842180 239
1842190 239
1842200 238
1842210 238
1842220 238
1842230 236
1842240 236
1842250 236
1842260 235
1842270 235
1842280 234
1842290 234
1842300 234
1842310 233
1842320 233
1842330 233
1842340 232
1842350 232
1842360 232
1842370 231
1842380 231
1842390 231
1842400 230
1842410 229
1842420 229
1842430 229
1842440 229
1842450 229
1842460 228
1842470 227
1842480 227
1842490 227
1842500 227
1842510 227
1842520 226
1842530 226
1842540 226
1842550 226
1842560 225
1842570 225
1842580 225
1842590 221
1842600 221
1842610 220
1842620 219
1842630 219
1842640 219
1842650 220
1842660 220
1842670 219
1842680 219
1842690 219
1842700 219
1842710 218
1842720 218
1842730 218
1842740 218
1842750 218
1842760 218
1842770 218
1842780 218
1842790 217
1842800 217
1842810 217
1842820 217
1842830 216
1842840 216
1842850 216
1842860 216
1842870 216
1842880 216
1842890 216
1842900 216
1842910 216
1842920 216
1842930 216
1842940 216
1842950 216
1842960 216
1842970 215
1842980 216
1842990 216
1843000 216
1843010 215
1843020 215
1843030 215
1843040 215
1843050 215
1843060 215
1843070 215
1843080 215
1843090 215
1843100 214
1843110 214
1843120 214
1843130 214
1843140 214
1843150 214
1843160 213
1843170 213
1843180 213
1843190 213
1843200 213
1843210 213
1843220 213
1843230 213
1843240 212
1843250 212
1843260 212
1843270 212
1843280 212
1843290 212
1843300 212
1843310 212
1843320 211
1843330 211
1843340 211
1843350 210
1843360 210
1843370 210
1843380 209
1843390 209
1843400 209
1843410 209
1843420 209
1843430 209
1843440 209
1843450 209
1843460 209
1843470 209
1843480 209
1843490 209
1843500 209
1843510 208
1843520 208
1843530 208
1843540 208
1843550 208
1843560 208
1843570 208
1843580 208
1843590 208
1843600 208
1843610 208
1843620 208
1843630 208
1843640 208
1843650 208
1843660 208
1843670 208
1843680 207
1843690 207
1843700 207
1843710 207
1843720 207
1843730 207
1843740 208
1843750 208
1843760 208
1843770 208
1843780 208
1843790 208
1843800 209
1843810 208
1843820 208
1843830 208
1843840 207
1843850 207
1843860 207
1843870 208
1843880 208
1843890 208
1843900 210
1843910 210
1843920 211
1843930 212
1843940 212
1843950 213
1843960 214
1843970 214
1843980 214
1843990 215
1844000 215
1844010 215
1844020 215
1844030 215
1844040 215
1844050 219
1844060 219
1844070 219
1844080 220
1844090 220
1844100 221
1844110 222
1844120 222
1844130 222
1844140 223
1844150 223
1844160 223
1844170 224
1844180 224
1844190 225
1844200 225
1844210 225
1844220 226
1844230 226
1844240 227
1844250 227
1844260 227
1844270 227
1844280 227
1844290 227
1844300 227
1844310 228
1844320 228
1844330 228
1844340 228
1844350 228
1844360 228
1844370 228
1844380 228
1844390 228
1844400 227
1844410 228
1844420 227
1844430 227
1844440 227
1844450 226
1844460 225
1844470 225
1844480 224
1844490 223
1844500 223
1844510 222
1844520 221
1844530 221
1844540 220
1844550 219
1844560 219
1844570 218
1844580 217
1844590 217
1844600 216
1844610 215
1844620 215
1844630 214
1844640 214
1844650 214
1844660 213
1844670 212
1844680 212
1844690 211
1844700 211
1844710 211
1844720 210
1844730 209
1844740 209
1844750 209
1844760 208
1844770 209
1844780 208
1844790 208
1844800 208
1844810 208
1844820 207
1844830 207
1844840 206
1844850 206
1844860 206
1844870 206
1844880 205
1844890 205
1844900 205
1844910 205
1844920 205
1844930 205
1844940 206
1844950 206
1844960 206
1844970 206
1844980 206
1844990 206
1845000 206
1845010 206
1845020 207
1845030 209
1845040 209
1845050 210
1845060 212
1845070 212
1845080 213
1845090 214
1845100 214
1845110 215
1845120 217
1845130 216
1845140 217
1845150 217
1845160 218
1845170 219
1845180 219
1845190 220
1845200 221
1845210 221
1845220 222
1845230 224
1845240 224
1845250 225
1845260 226
1845270 226
1845280 227
1845290 228
1845300 228
1845310 229
1845320 230
1845330 230
1845340 231
1845350 233
1845360 233
1845370 234
1845380 236
1845390 236
1845400 238
1845410 240
1845420 240
1845430 242
1845440 244
1845450 244
1845460 246
1845470 247
1845480 247
1845490 247
1845500 247
1845510 247
1845520 247
1845530 248
1845540 248
1845550 248
1845560 248
1845570 248
1845580 248
1845590 248
1845600 248
1845610 248
1845620 248
1845630 248
1845640 248
1845650 248
1845660 248
1845670 248
1845680 248
1845690 248
1845700 249
1845710 249
1845720 249
1845730 249
1845740 249
1845750 249
1845760 249
1845770 249
1845780 249
1845790 249
1845800 249
1845810 249
1845820 249
1845830 249
1845840 249
1845850 249
1845860 249
1845870 249
1845880 249
1845890 248
1845900 248
1845910 249
1845920 249
1845930 249
1845940 249
1845950 249
1845960 249
1845970 249
1845980 249
1845990 249
1846000 250
1846010 250
1846020 250
1846030 250
1846040 250
1846050 250
1846060 250
1846070 250
1846080 250
1846090 251
1846100 251
1846110 251
1846120 251
1846130 251
1846140 251
1846150 252
1846160 252
1846170 252
1846180 252
1846190 252
1846200 253
1846210 253
1846220 253
1846230 254
1846240 254
1846250 254
1846260 254
1846270 255
1846280 255
1846290 255
1846300 256
1846310 256
1846320 256
1846330 256
1846340 256
1846350 257
1846360 257
1846370 257
1846380 257
1846390 257
1846400 257
1846410 258
1846420 258
1846430 258
1846440 258
1846450 258
1846460 258
1846470 258
1846480 258
1846490 258
1846500 259
1846510 259
1846520 259
1846530 259
1846540 259
1846550 259
1846560 259
1846570 260
1846580 260
1846590 260
1846600 259
1846610 259
1846620 259
1846630 259
1846640 259
1846650 259
1846660 259
1846670 259
1846680 259
1846690 259
1846700 259
1846710 259
1846720 258
1846730 258
1846740 258
1846750 258
1846760 258
1846770 257
1846780 257
1846790 257
1846800 257
1846810 256
1846820 256
1846830 256
1846840 255
1846850 255
1846860 255
1846870 254
1846880 254
1846890 252
1846900 251
1846910 251
1846920 251
1846930 249
1846940 249
1846950 248
1846960 248
1846970 248
1846980 247
1846990 246
1847000 246
1847010 245
1847020 244
1847030 244
1847040 243
1847050 241
1847060 241
1847070 240
1847080 240
1847090 239
1847100 238
1847110 238
1847120 237
1847130 236
1847140 236
1847150 235
1847160 234
1847170 234
1847180 233
1847190 232
1847200 232
1847210 232
1847220 232
1847230 232
1847240 231
1847250 231
1847260 231
1847270 231
1847280 231
1847290 231
1847300 231
1847310 231
1847320 231
1847330 231
1847340 232
1847350 232
1847360 232
1847370 232
1847380 232
1847390 232
1847400 233
1847410 233
1847420 234
1847430 235
1847440 235
1847450 235
1847460 236
1847470 236
1847480 236
1847490 237
1847500 237
1847510 238
1847520 238
1847530 238
1847540 239
1847550 239
1847560 239
1847570 240
1847580 239
1847590 239
1847600 239
1847610 240
1847620 240
1847630 242
1847640 241
1847650 242
1847660 242
1847670 242
1847680 242
1847690 242
1847700 242
1847710 242
1847720 241
1847730 242
1847740 242
1847750 243
1847760 241
1847770 241
1847780 241
1847790 242
1847800 242
1847810 242
1847820 242
1847830 242
1847840 243
1847850 242
1847860 242
1847870 241
1847880 240
1847890 240
1847900 240
1847910 239
1847920 239
1847930 238
1847940 238
1847950 238
1847960 237
1847970 237
1847980 237
1847990 236
1848000 236
1848010 236
1848020 236
1848030 236
1848040 235
1848050 236
1848060 236
1848070 236
1848080 237
1848090 237
1848100 238
1848110 238
1848120 238
1848130 239
1848140 240
1848150 240
1848160 240
1848170 241
1848180 241
1848190 242
1848200 243
1848210 243
1848220 243
1848230 244
1848240 244
1848250 245
1848260 246
1848270 246
1848280 247
1848290 247
1848300 247
1848310 248
1848320 248
1848330 248
1848340 249
1848350 249
1848360 249
1848370 251
1848380 252
1848390 252
1848400 252
1848410 252
1848420 252
1848430 252
1848440 252
1848450 252
1848460 252
1848470 252
1848480 252
1848490 252
1848500 253
1848510 253
1848520 254
1848530 256
1848540 256
1848550 258
1848560 260
1848570 260
1848580 263
1848590 265
1848600 265
1848610 267
1848620 268
1848630 268
1848640 270
1848650 271
1848660 271
1848670 272
1848680 273
1848690 273
1848700 273
1848710 274
1848720 274
1848730 277
1848740 278
1848750 278
1848760 279
1848770 279
1848780 279
1848790 280
1848800 280
1848810 280
1848820 278
1848830 280
1848840 280
1848850 281
1848860 281
1848870 281
1848880 282
1848890 283
1848900 283
1848910 282
1848920 281
1848930 281
1848940 281
1848950 281
1848960 281
1848970 281
1848980 281
1848990 281
1849000 281
1849010 281
1849020 281
1849030 281
1849040 281
1849050 280
1849060 280
1849070 280
1849080 279
1849090 278
1849100 278
1849110 277
1849120 276
1849130 276
1849140 275
1849150 274
1849160 274
1849170 272
1849180 272
1849190 272
1849200 269
1849210 266
1849220 266
1849230 264
1849240 263
1849250 263
1849260 261
1849270 260
1849280 260
1849290 258
1849300 257
1849310 257
1849320 255
1849330 254
1849340 254
1849350 253
1849360 251
1849370 251
1849380 250
1849390 249
1849400 249
1849410 248
1849420 247
1849430 247
1849440 247
1849450 246
1849460 246
1849470 244
1849480 242
1849490 242
1849500 241
1849510 239
1849520 239
1849530 238
1849540 237
1849550 237
1849560 236
1849570 235
1849580 235
1849590 233
1849600 232
1849610 232
1849620 231
1849630 230
1849640 230
1849650 229
1849660 228
1849670 228
1849680 228
1849690 228
1849700 228
1849710 227
1849720 227
1849730 227
1849740 227
1849750 226
1849760 226
1849770 226
1849780 226
1849790 226
1849800 226
1849810 227
1849820 227
1849830 226
1849840 226
1849850 226
1849860 226
1849870 226
1849880 226
1849890 227
1849900 227
1849910 227
1849920 228
1849930 229
1849940 229
1849950 229
1849960 229
1849970 230
1849980 231
1849990 231
1850000 231
1850010 232
1850020 232
1850030 232
1850040 233
1850050 233
1850060 233
1850070 234
1850080 234
1850090 234
1850100 235
1850110 235
1850120 235
1850130 236
1850140 236
1850150 236
1850160 238
1850170 238
1850180 238
1850190 239
1850200 239
1850210 239
1850220 239
1850230 239
1850240 240
1850250 240
1850260 240
1850270 240
1850280 240
1850290 240
1850300 240
1850310 240
1850320 240
1850330 239
1850340 239
1850350 239
1850360 239
1850370 238
1850380 238
1850390 237
1850400 237
1850410 237
1850420 236
1850430 235
1850440 235
1850450 234
1850460 233
1850470 233
1850480 233
1850490 232
1850500 232
1850510 230
1850520 229
1850530 229
1850540 228
1850550 227
1850560 227
1850570 225
1850580 224
1850590 224
1850600 223
1850610 222
1850620 222
1850630 221
1850640 220
1850650 220
1850660 219
1850670 219
1850680 219
1850690 218
1850700 218
1850710 218
1850720 218
1850730 218
1850740 218
1850750 218
1850760 218
1850770 218
1850780 218
1850790 218
1850800 218
1850810 219
1850820 219
1850830 219
1850840 219
1850850 220
1850860 220
1850870 221
1850880 221
1850890 221
1850900 221
1850910 221
1850920 221
1850930 221
1850940 221
1850950 221
1850960 221
1850970 221
1850980 221
1850990 221
1851000 221
1851010 220
1851020 220
1851030 220
1851040 220
1851050 220
1851060 220
1851070 220
1851080 219
1851090 219
1851100 219
1851110 219
1851120 219
1851130 219
1851140 218
1851150 218
1851160 218
1851170 217
1851180 217
1851190 217
1851200 216
1851210 216
1851220 216
1851230 216
1851240 216
1851250 215
1851260 214
1851270 214
1851280 213
1851290 212
1851300 212
1851310 210
1851320 209
1851330 209
1851340 208
1851350 207
1851360 207
1851370 207
1851380 206
1851390 206
1851400 206
1851410 206
1851420 206
1851430 206
1851440 206
1851450 206
1851460 206
1851470 206
1851480 206
1851490 205
1851500 205
1851510 205
1851520 205
1851530 205
1851540 205
1851550 205
1851560 205
1851570 205
1851580 205
1851590 204
1851600 204
1851610 204
1851620 204
1851630 204
1851640 204
1851650 203
1851660 203
1851670 202
1851680 202
1851690 202
1851700 202
1851710 202
1851720 202
1851730 202
1851740 202
1851750 202
1851760 201
1851770 202
1851780 202
1851790 202
1851800 201
1851810 201
1851820 201
1851830 201
1851840 201
1851850 201
1851860 201
1851870 201
1851880 201
1851890 201
1851900 201
1851910 201
1851920 201
1851930 201
1851940 201
1851950 201
1851960 201
1851970 202
1851980 202
1851990 203
1852000 204
1852010 204
1852020 205
1852030 206
1852040 206
1852050 206
1852060 207
1852070 207
1852080 207
1852090 207
1852100 207
1852110 207
1852120 207
1852130 207
1852140 207
1852150 207
1852160 207
1852170 208
1852180 208
1852190 208
1852200 208
1852210 207
1852220 207
1852230 207
1852240 207
1852250 207
1852260 207
1852270 207
1852280 207
1852290 207
1852300 207
1852310 207
1852320 206
1852330 206
1852340 206
1852350 206
1852360 205
1852370 205
1852380 205
1852390 205
1852400 205
1852410 204
1852420 205
1852430 205
1852440 205
1852450 205
1852460 205
1852470 206
1852480 207
1852490 207
1852500 207
1852510 208
1852520 208
1852530 209
1852540 210
1852550 210
1852560 211
1852570 212
1852580 212
1852590 213
1852600 213
1852610 213
1852620 214
1852630 215
1852640 215
1852650 215
1852660 216
1852670 216
1852680 216
1852690 217
1852700 217
1852710 217
1852720 218
1852730 218
1852740 218
1852750 219
1852760 219
1852770 219
1852780 219
1852790 219
1852800 220
1852810 220
1852820 220
1852830 220
1852840 220
1852850 220
1852860 221
1852870 221
1852880 221
1852890 221
1852900 221
1852910 221
1852920 221
1852930 221
1852940 221
1852950 221
1852960 221
1852970 221
1852980 221
1852990 221
1853000 221
1853010 221
1853020 221
1853030 221
1853040 222
1853050 222
1853060 222
1853070 222
1853080 222
1853090 222
1853100 222
1853110 222
1853120 222
1853130 223
1853140 223
1853150 223
1853160 223
1853170 223
1853180 224
1853190 224
1853200 224
1853210 224
1853220 225
1853230 225
1853240 225
1853250 226
1853260 226
1853270 226
1853280 226
1853290 226
1853300 227
1853310 227
1853320 227
1853330 227
1853340 228
1853350 228
1853360 228
1853370 228
1853380 228
1853390 229
1853400 228
1853410 228
1853420 228
1853430 228
1853440 228
1853450 228
1853460 227
1853470 227
1853480 226
1853490 226
1853500 226
1853510 225
1853520 225
1853530 225
1853540 224
1853550 224
1853560 224
1853570 223
1853580 222
1853590 222
1853600 222
1853610 221
1853620 221
1853630 220
1853640 220
1853650 220
1853660 219
1853670 218
1853680 218
1853690 217
1853700 216
1853710 216
1853720 215
1853730 214
1853740 214
1853750 214
1853760 214
1853770 213
1853780 212
1853790 212
1853800 211
1853810 211
1853820 211
1853830 210
1853840 209
1853850 209
1853860 208
1853870 207
1853880 207
1853890 207
1853900 206
1853910 206
1853920 206
1853930 207
1853940 207
1853950 207
1853960 209
1853970 209
1853980 211
1853990 212
1854000 212
1854010 214
1854020 215
1854030 215
1854040 216
1854050 218
1854060 218
1854070 219
1854080 220
1854090 220
1854100 222
1854110 223
1854120 223
1854130 224
1854140 225
1854150 225
1854160 226
1854170 227
1854180 227
1854190 228
1854200 229
1854210 229
1854220 230
1854230 230
1854240 230
1854250 231
1854260 232
1854270 232
1854280 233
1854290 234
1854300 234
1854310 234
1854320 235
1854330 235
1854340 235
1854350 236
1854360 236
1854370 236
1854380 236
1854390 236
1854400 236
1854410 236
1854420 236
1854430 236
1854440 236
1854450 236
1854460 235
1854470 235
1854480 235
1854490 234
1854500 234
1854510 234
1854520 233
1854530 233
1854540 233
1854550 232
1854560 231
1854570 231
1854580 230
1854590 229
1854600 229
1854610 229
1854620 228
1854630 228
1854640 227
1854650 227
1854660 227
1854670 226
1854680 226
1854690 226
1854700 225
1854710 225
1854720 225
1854730 225
1854740 225
1854750 224
1854760 224
1854770 224
1854780 224
1854790 224
1854800 224
1854810 224
1854820 224
1854830 224
1854840 223
1854850 223
1854860 223
1854870 223
1854880 223
1854890 223
1854900 223
1854910 223
1854920 223
1854930 223
1854940 223
1854950 223
1854960 223
1854970 223
1854980 223
1854990 223
1855000 223
1855010 223
1855020 223
1855030 224
1855040 224
1855050 224
1855060 225
1855070 225
1855080 225
1855090 226
1855100 226
1855110 226
1855120 228
1855130 228
1855140 229
1855150 229
1855160 229
1855170 229
1855180 229
1855190 229
1855200 228
1855210 227
1855220 227
1855230 226
1855240 225
1855250 225
1855260 224
1855270 224
1855280 224
1855290 223
1855300 222
1855310 222
1855320 221
1855330 221
1855340 221
1855350 221
1855360 221
1855370 221
1855380 221
1855390 221
1855400 221
1855410 221
1855420 221
1855430 221
1855440 222
1855450 222
1855460 222
1855470 224
1855480 224
1855490 224
1855500 225
1855510 225
1855520 225
1855530 226
1855540 226
1855550 226
1855560 227
1855570 227
1855580 227
1855590 228
1855600 228
1855610 228
1855620 228
1855630 228
1855640 228
1855650 228
1855660 228
1855670 228
1855680 227
1855690 227
1855700 227
1855710 227
1855720 227
1855730 226
1855740 225
1855750 225
1855760 225
1855770 224
1855780 224
1855790 223
1855800 223
1855810 223
1855820 222
1855830 221
1855840 221
1855850 220
1855860 219
1855870 219
1855880 219
1855890 218
1855900 218
1855910 217
1855920 216
1855930 216
1855940 215
1855950 214
1855960 214
1855970 213
1855980 212
1855990 212
1856000 212
1856010 211
1856020 211
1856030 210
1856040 209
1856050 209
1856060 208
1856070 207
1856080 207
1856090 206
1856100 205
1856110 205
1856120 205
1856130 204
1856140 204
1856150 203
1856160 202
1856170 202
1856180 202
1856190 201
1856200 201
1856210 200
1856220 199
1856230 199
1856240 198
1856250 198
1856260 198
1856270 197
1856280 197
1856290 197
1856300 197
1856310 196
1856320 196
1856330 196
1856340 196
1856350 196
1856360 195
1856370 195
1856380 195
1856390 195
1856400 195
1856410 195
1856420 196
1856430 196
1856440 196
1856450 196
1856460 196
1856470 196
1856480 197
1856490 198
1856500 198
1856510 198
1856520 199
1856530 199
1856540 200
1856550 200
1856560 200
1856570 201
1856580 201
1856590 201
1856600 201
1856610 201
1856620 202
1856630 202
1856640 202
1856650 202
1856660 203
1856670 203
1856680 204
1856690 205
1856700 205
1856710 207
1856720 208
1856730 208
1856740 210
1856750 211
1856760 211
1856770 215
1856780 217
1856790 217
1856800 219
1856810 220
1856820 220
1856830 221
1856840 222
1856850 222
1856860 223
1856870 224
1856880 224
1856890 224
1856900 225
1856910 225
1856920 225
1856930 225
1856940 225
1856950 224
1856960 223
1856970 223
1856980 223
1856990 222
1857000 222
1857010 221
1857020 221
1857030 221
1857040 221
1857050 221
1857060 221
1857070 221
1857080 221
1857090 221
1857100 222
1857110 222
1857120 222
1857130 222
1857140 223
1857150 223
1857160 223
1857170 224
1857180 224
1857190 224
1857200 224
1857210 224
1857220 225
1857230 225
1857240 225
1857250 226
1857260 226
1857270 226
1857280 227
1857290 227
1857300 227
1857310 228
1857320 229
1857330 229
1857340 229
1857350 230
1857360 230
1857370 231
1857380 232
1857390 232
1857400 233
1857410 234
1857420 234
1857430 235
1857440 236
1857450 236
1857460 237
1857470 239
1857480 239
1857490 240
1857500 241
1857510 241
1857520 242
1857530 244
1857540 244
1857550 245
1857560 245
1857570 246
1857580 247
1857590 247
1857600 248
1857610 249
1857620 249
1857630 249
1857640 250
1857650 250
1857660 251
1857670 251
1857680 251
1857690 252
1857700 252
1857710 252
1857720 253
1857730 253
1857740 253
1857750 253
1857760 254
1857770 254
1857780 254
1857790 254
1857800 254
1857810 254
1857820 255
1857830 255
1857840 255
1857850 255
1857860 255
1857870 255
1857880 255
1857890 255
1857900 255
1857910 255
1857920 255
1857930 256
1857940 255
1857950 255
1857960 255
1857970 255
1857980 255
1857990 255
1858000 255
1858010 255
1858020 255
1858030 254
1858040 254
1858050 254
1858060 254
1858070 254
1858080 253
1858090 253
1858100 253
1858110 252
1858120 252
1858130 252
1858140 251
1858150 251
1858160 251
1858170 250
1858180 250
1858190 250
1858200 249
1858210 249
1858220 249
1858230 248
1858240 247
1858250 247
1858260 246
1858270 245
1858280 245
1858290 244
1858300 244
1858310 244
1858320 243
1858330 243
1858340 243
1858350 243
1858360 242
1858370 242
1858380 241
1858390 241
1858400 241
1858410 240
1858420 240
1858430 240
1858440 239
1858450 239
1858460 239
1858470 238
1858480 238
1858490 238
1858500 237
1858510 237
1858520 237
1858530 236
1858540 236
1858550 236
1858560 235
1858570 235
1858580 235
1858590 234
1858600 234
1858610 233
1858620 232
1858630 232
1858640 231
1858650 230
1858660 230
1858670 229
1858680 228
1858690 228
1858700 227
1858710 226
1858720 226
1858730 225
1858740 224
1858750 224
1858760 224
1858770 223
1858780 223
1858790 222
1858800 222
1858810 222
1858820 221
1858830 221
1858840 221
1858850 220
1858860 220
1858870 220
1858880 220
1858890 219
1858900 219
1858910 219
1858920 219
1858930 219
1858940 219
1858950 220
1858960 220
1858970 222
1858980 222
1858990 222
1859000 222
1859010 223
1859020 223
1859030 223
1859040 223
1859050 223
1859060 223
1859070 223
1859080 223
1859090 222
1859100 222
1859110 222
1859120 222
1859130 222
1859140 222
1859150 221
1859160 221
1859170 221
1859180 221
1859190 221
1859200 221
1859210 221
1859220 221
1859230 221
1859240 221
1859250 221
1859260 221
1859270 221
1859280 221
1859290 221
1859300 221
1859310 221
1859320 221
1859330 221
1859340 221
1859350 221
1859360 221
1859370 221
1859380 221
1859390 221
1859400 222
1859410 222
1859420 222
1859430 222
1859440 222
1859450 222
1859460 222
1859470 222
1859480 222
1859490 222
1859500 223
1859510 223
1859520 223
1859530 223
1859540 223
1859550 223
1859560 223
1859570 224
1859580 224
1859590 224
1859600 224
1859610 224
1859620 224
1859630 224
1859640 224
1859650 224
1859660 224
1859670 224
1859680 224
1859690 224
1859700 224
1859710 224
1859720 224
1859730 224
1859740 224
1859750 225
1859760 225
1859770 225
1859780 225
1859790 225
1859800 225
1859810 225
1859820 225
1859830 226
1859840 226
1859850 226
1859860 226
1859870 226
1859880 226
1859890 226
1859900 226
1859910 226
1859920 226
1859930 226
1859940 226
1859950 226
1859960 226
1859970 226
1859980 226
1859990 225
