1840000 255
1840010 252
1840020 250
1840030 250
1840040 249
1840050 248
1840060 248
1840070 247
1840080 247
1840090 247
1840100 247
1840110 246
1840120 246
1840130 246
1840140 245
1840150 245
1840160 246
1840170 246
1840180 246
1840190 245
1840200 245
1840210 245
1840220 245
1840230 245
1840240 246
1840250 246
1840260 246
1840270 246
1840280 246
1840290 246
1840300 246
1840310 247
1840320 247
1840330 247
1840340 247
1840350 247
1840360 246
1840370 246
1840380 246
1840390 245
1840400 244
1840410 244
1840420 243
1840430 242
1840440 242
1840450 240
1840460 239
1840470 239
1840480 237
1840490 236
1840500 236
1840510 235
1840520 235
1840530 236
1840540 235
1840550 236
1840560 236
1840570 236
1840580 236
1840590 236
1840600 236
1840610 237
1840620 237
1840630 238
1840640 239
1840650 239
1840660 241
1840670 242
1840680 242
1840690 244
1840700 245
1840710 245
1840720 246
1840730 247
1840740 247
1840750 248
1840760 247
1840770 247
1840780 247
1840790 247
1840800 247
1840810 245
1840820 245
1840830 245
1840840 245
1840850 245
1840860 245
1840870 247
1840880 249
1840890 250
1840900 252
1840910 255
1840920 255
1840930 257
1840940 258
1840950 258
1840960 258
1840970 257
1840980 257
1840990 257
1841000 256
1841010 256
1841020 256
1841030 255
1841040 255
1841050 255
1841060 254
1841070 254
1841080 254
1841090 253
1841100 253
1841110 252
1841120 252
1841130 252
1841140 251
1841150 251
1841160 250
1841170 250
1841180 250
1841190 249
1841200 248
1841210 248
1841220 248
1841230 247
1841240 247
1841250 247
1841260 246
1841270 246
1841280 246
1841290 246
1841300 246
1841310 246
1841320 246
1841330 246
1841340 246
1841350 245
1841360 245
1841370 245
1841380 244
1841390 244
1841400 244
1841410 243
1841420 243
1841430 243
1841440 242
1841450 242
1841460 242
1841470 242
1841480 242
1841490 242
1841500 242
1841510 242
1841520 241
1841530 241
1841540 241
1841550 240
1841560 239
1841570 239
1841580 239
1841590 239
1841600 239
1841610 238
1841620 237
1841630 237
1841640 237
1841650 237
1841660 237
1841670 237
1841680 237
1841690 237
1841700 237
1841710 237
1841720 237
1841730 237
1841740 237
1841750 237
1841760 237
1841770 237
1841780 237
1841790 236
1841800 236
1841810 236
1841820 236
1841830 235
1841840 235
1841850 235
1841860 234
1841870 234
1841880 233
1841890 233
1841900 233
1841910 232
1841920 232
1841930 232
1841940 231
1841950 230
1841960 230
1841970 229
1841980 229
1841990 228
1842000 227
1842010 226
1842020 226
1842030 225
1842040 224
1842050 224
1842060 224
1842070 223
1842080 223
1842090 223
1842100 223
1842110 223
1842120 222
1842130 222
1842140 222
1842150 221
1842160 221
1842170 221
1842180 221
1842190 221
1842200 221
1842210 221
1842220 221
1842230 221
1842240 221
1842250 221
1842260 221
1842270 221
1842280 221
1842290 221
1842300 221
1842310 221
1842320 222
1842330 223
1842340 223
1842350 224
1842360 225
1842370 225
1842380 226
1842390 226
1842400 226
1842410 227
1842420 228
1842430 228
1842440 229
1842450 229
1842460 229
1842470 230
1842480 230
1842490 230
1842500 230
1842510 231
1842520 231
1842530 232
1842540 232
1842550 232
1842560 233
1842570 234
1842580 234
1842590 234
1842600 235
1842610 235
1842620 236
1842630 236
1842640 236
1842650 237
1842660 237
1842670 237
1842680 238
1842690 239
1842700 239
1842710 239
1842720 241
1842730 241
1842740 242
1842750 242
1842760 242
1842770 242
1842780 242
1842790 242
1842800 243
1842810 243
1842820 243
1842830 243
1842840 243
1842850 243
1842860 243
1842870 243
1842880 243
1842890 242
1842900 242
1842910 242
1842920 241
1842930 241
1842940 241
1842950 240
1842960 239
1842970 239
1842980 238
1842990 237
1843000 237
1843010 236
1843020 236
1843030 236
1843040 235
1843050 235
1843060 234
1843070 233
1843080 233
1843090 232
1843100 232
1843110 232
1843120 231
1843130 230
1843140 230
1843150 229
1843160 228
1843170 228
1843180 227
1843190 226
1843200 226
1843210 225
1843220 224
1843230 224
1843240 223
1843250 222
1843260 222
1843270 222
1843280 221
1843290 221
1843300 220
1843310 220
1843320 220
1843330 219
1843340 218
1843350 218
1843360 217
1843370 216
1843380 216
1843390 215
1843400 214
1843410 214
1843420 213
1843430 212
1843440 211
1843450 210
1843460 210
1843470 210
1843480 209
1843490 209
1843500 209
1843510 209
1843520 209
1843530 209
1843540 209
1843550 209
1843560 209
1843570 209
1843580 210
1843590 210
1843600 210
1843610 210
1843620 210
1843630 210
1843640 210
1843650 210
1843660 211
1843670 212
1843680 212
1843690 212
1843700 213
1843710 213
1843720 214
1843730 214
1843740 214
1843750 215
1843760 215
1843770 215
1843780 215
1843790 216
1843800 216
1843810 217
1843820 218
1843830 218
1843840 222
1843850 225
1843860 225
1843870 222
1843880 222
1843890 222
1843900 223
1843910 223
1843920 223
1843930 224
1843940 225
1843950 225
1843960 227
1843970 228
1843980 228
1843990 229
1844000 229
1844010 230
1844020 231
1844030 231
1844040 232
1844050 233
1844060 233
1844070 234
1844080 235
1844090 235
1844100 236
1844110 237
1844120 237
1844130 237
1844140 237
1844150 237
1844160 238
1844170 238
1844180 238
1844190 239
1844200 239
1844210 239
1844220 239
1844230 239
1844240 239
1844250 239
1844260 238
1844270 238
1844280 238
1844290 238
1844300 238
1844310 238
1844320 238
1844330 238
1844340 238
1844350 237
1844360 237
1844370 237
1844380 237
1844390 237
1844400 237
1844410 236
1844420 236
1844430 236
1844440 236
1844450 236
1844460 235
1844470 235
1844480 235
1844490 234
1844500 234
1844510 234
1844520 233
1844530 233
1844540 233
1844550 232
1844560 231
1844570 231
1844580 230
1844590 229
1844600 229
1844610 228
1844620 227
1844630 227
1844640 227
1844650 226
1844660 226
1844670 225
1844680 224
1844690 224
1844700 223
1844710 222
1844720 222
1844730 221
1844740 220
1844750 220
1844760 219
1844770 219
1844780 219
1844790 218
1844800 217
1844810 217
1844820 217
1844830 216
1844840 216
1844850 216
1844860 216
1844870 216
1844880 215
1844890 215
1844900 215
1844910 215
1844920 214
1844930 214
1844940 213
1844950 213
1844960 212
1844970 212
1844980 212
1844990 212
1845000 211
1845010 211
1845020 211
1845030 210
1845040 210
1845050 210
1845060 210
1845070 210
1845080 210
1845090 209
1845100 209
1845110 210
1845120 210
1845130 210
1845140 210
1845150 210
1845160 210
1845170 210
1845180 210
1845190 210
1845200 210
1845210 210
1845220 210
1845230 210
1845240 209
1845250 209
1845260 209
1845270 209
1845280 209
1845290 210
1845300 212
1845310 212
1845320 212
1845330 214
1845340 214
1845350 215
1845360 216
1845370 216
1845380 217
1845390 219
1845400 219
1845410 221
1845420 221
1845430 221
1845440 221
1845450 221
1845460 221
1845470 220
1845480 219
1845490 219
1845500 218
1845510 218
1845520 218
1845530 218
1845540 218
1845550 218
1845560 218
1845570 217
1845580 217
1845590 217
1845600 217
1845610 217
1845620 216
1845630 216
1845640 216
1845650 216
1845660 216
1845670 216
1845680 216
1845690 216
1845700 216
1845710 216
1845720 216
1845730 216
1845740 216
1845750 216
1845760 216
1845770 216
1845780 216
1845790 216
1845800 216
1845810 217
1845820 217
1845830 217
1845840 217
1845850 217
1845860 217
1845870 217
1845880 217
1845890 218
1845900 218
1845910 218
1845920 219
1845930 219
1845940 219
1845950 220
1845960 220
1845970 220
1845980 220
1845990 220
1846000 221
1846010 221
1846020 221
1846030 222
1846040 223
1846050 223
1846060 224
1846070 224
1846080 224
1846090 224
1846100 224
1846110 224
1846120 224
1846130 224
1846140 224
1846150 223
1846160 223
1846170 223
1846180 223
1846190 223
1846200 223
1846210 223
1846220 223
1846230 223
1846240 224
1846250 225
1846260 225
1846270 226
1846280 227
1846290 227
1846300 228
1846310 229
1846320 229
1846330 230
1846340 232
1846350 232
1846360 232
1846370 232
1846380 232
1846390 232
1846400 233
1846410 233
1846420 233
1846430 234
1846440 234
1846450 235
1846460 236
1846470 236
1846480 238
1846490 239
1846500 239
1846510 240
1846520 241
1846530 241
1846540 244
1846550 249
1846560 249
1846570 251
1846580 253
1846590 253
1846600 254
1846610 254
1846620 254
1846630 255
1846640 254
1846650 254
1846660 254
1846670 253
1846680 253
1846690 252
1846700 251
1846710 251
1846720 250
1846730 249
1846740 249
1846750 249
1846760 248
1846770 248
1846780 247
1846790 246
1846800 246
1846810 246
1846820 245
1846830 245
1846840 244
1846850 244
1846860 243
1846870 243
1846880 243
1846890 242
1846900 242
1846910 242
1846920 241
1846930 240
1846940 240
1846950 239
1846960 239
1846970 239
1846980 239
1846990 239
1847000 239
1847010 240
1847020 240
1847030 240
1847040 240
1847050 241
1847060 241
1847070 241
1847080 241
1847090 241
1847100 241
1847110 241
1847120 241
1847130 241
1847140 241
1847150 241
1847160 241
1847170 241
1847180 241
1847190 241
1847200 240
1847210 240
1847220 239
1847230 239
1847240 239
1847250 239
1847260 239
1847270 239
1847280 238
1847290 238
1847300 238
1847310 237
1847320 237
1847330 237
1847340 237
1847350 237
1847360 237
1847370 238
1847380 238
1847390 238
1847400 239
1847410 240
1847420 240
1847430 241
1847440 242
1847450 242
1847460 243
1847470 244
1847480 244
1847490 245
1847500 246
1847510 246
1847520 246
1847530 247
1847540 247
1847550 247
1847560 248
1847570 248
1847580 248
1847590 249
1847600 249
1847610 249
1847620 250
1847630 250
1847640 250
1847650 251
1847660 251
1847670 251
1847680 251
1847690 251
1847700 251
1847710 251
1847720 251
1847730 251
1847740 251
1847750 251
1847760 251
1847770 251
1847780 251
1847790 250
1847800 250
1847810 250
1847820 250
1847830 250
1847840 250
1847850 251
1847860 251
1847870 251
1847880 252
1847890 252
1847900 252
1847910 253
1847920 253
1847930 254
1847940 255
1847950 255
1847960 255
1847970 256
1847980 256
1847990 257
1848000 256
1848010 256
1848020 253
1848030 253
1848040 253
1848050 253
1848060 253
1848070 253
1848080 253
1848090 254
1848100 254
1848110 260
1848120 265
1848130 265
1848140 266
1848150 266
1848160 266
1848170 267
1848180 268
1848190 268
1848200 269
1848210 269
1848220 269
1848230 269
1848240 270
1848250 270
1848260 270
1848270 271
1848280 271
1848290 272
1848300 272
1848310 272
1848320 273
1848330 273
1848340 273
1848350 273
1848360 274
1848370 274
1848380 274
1848390 273
1848400 273
1848410 273
1848420 273
1848430 273
1848440 272
1848450 271
1848460 271
1848470 270
1848480 269
1848490 268
1848500 267
1848510 266
1848520 266
1848530 265
1848540 264
1848550 264
1848560 262
1848570 261
1848580 261
1848590 260
1848600 259
1848610 259
1848620 258
1848630 258
1848640 258
1848650 258
1848660 258
1848670 258
1848680 259
1848690 261
1848700 261
1848710 262
1848720 263
1848730 263
1848740 264
1848750 264
1848760 264
1848770 263
1848780 263
1848790 263
1848800 262
1848810 262
1848820 261
1848830 261
1848840 261
1848850 260
1848860 259
1848870 259
1848880 260
1848890 261
1848900 261
1848910 259
1848920 258
1848930 258
1848940 257
1848950 257
1848960 257
1848970 256
1848980 256
1848990 256
1849000 255
1849010 255
1849020 255
1849030 255
1849040 255
1849050 255
1849060 255
1849070 255
1849080 255
1849090 255
1849100 255
1849110 255
1849120 255
1849130 254
1849140 254
1849150 254
1849160 254
1849170 254
1849180 254
1849190 253
1849200 253
1849210 253
1849220 252
1849230 252
1849240 252
1849250 252
1849260 252
1849270 252
1849280 252
1849290 252
1849300 252
1849310 252
1849320 252
1849330 252
1849340 252
1849350 252
1849360 252
1849370 252
1849380 252
1849390 252
1849400 252
1849410 252
1849420 252
1849430 252
1849440 252
1849450 252
1849460 252
1849470 252
1849480 252
1849490 251
1849500 251
1849510 251
1849520 251
1849530 251
1849540 251
1849550 251
1849560 251
1849570 251
1849580 251
1849590 251
1849600 251
1849610 251
1849620 251
1849630 251
1849640 251
1849650 251
1849660 250
1849670 250
1849680 250
1849690 250
1849700 250
1849710 250
1849720 250
1849730 250
1849740 250
1849750 249
1849760 249
1849770 249
1849780 248
1849790 248
1849800 248
1849810 247
1849820 247
1849830 247
1849840 248
1849850 248
1849860 248
1849870 248
1849880 248
1849890 249
1849900 250
1849910 250
1849920 251
1849930 252
1849940 252
1849950 252
1849960 253
1849970 253
1849980 253
1849990 253
1850000 253
1850010 253
1850020 253
1850030 253
1850040 253
1850050 253
1850060 253
1850070 253
1850080 253
1850090 253
1850100 253
1850110 253
1850120 253
1850130 253
1850140 253
1850150 253
1850160 253
1850170 253
1850180 253
1850190 253
1850200 253
1850210 253
1850220 253
1850230 253
1850240 253
1850250 253
1850260 252
1850270 252
1850280 254
1850290 253
1850300 253
1850310 253
1850320 253
1850330 253
1850340 254
1850350 253
1850360 253
1850370 253
1850380 253
1850390 253
1850400 254
1850410 253
1850420 253
1850430 253
1850440 253
1850450 253
1850460 253
1850470 253
1850480 253
1850490 253
1850500 253
1850510 253
1850520 252
1850530 252
1850540 252
1850550 251
1850560 251
1850570 251
1850580 250
1850590 250
1850600 250
1850610 249
1850620 249
1850630 249
1850640 248
1850650 248
1850660 247
1850670 246
1850680 246
1850690 245
1850700 244
1850710 244
1850720 243
1850730 242
1850740 242
1850750 241
1850760 240
1850770 240
1850780 239
1850790 238
1850800 238
1850810 237
1850820 236
1850830 236
1850840 235
1850850 233
1850860 233
1850870 232
1850880 231
1850890 231
1850900 230
1850910 230
1850920 230
1850930 229
1850940 228
1850950 228
1850960 228
1850970 228
1850980 228
1850990 229
1851000 229
1851010 229
1851020 229
1851030 229
1851040 229
1851050 229
1851060 230
1851070 230
1851080 230
1851090 231
1851100 231
1851110 231
1851120 232
1851130 232
1851140 232
1851150 232
1851160 232
1851170 231
1851180 231
1851190 231
1851200 231
1851210 230
1851220 230
1851230 230
1851240 229
1851250 229
1851260 229
1851270 228
1851280 228
1851290 228
1851300 227
1851310 227
1851320 227
1851330 226
1851340 226
1851350 226
1851360 225
1851370 225
1851380 224
1851390 223
1851400 223
1851410 222
1851420 222
1851430 222
1851440 221
1851450 220
1851460 220
1851470 219
1851480 218
1851490 218
1851500 217
1851510 216
1851520 216
1851530 215
1851540 213
1851550 213
1851560 212
1851570 212
1851580 211
1851590 210
1851600 210
1851610 209
1851620 208
1851630 208
1851640 207
1851650 206
1851660 206
1851670 206
1851680 206
1851690 206
1851700 206
1851710 206
1851720 206
1851730 206
1851740 206
1851750 206
1851760 206
1851770 206
1851780 206
1851790 206
1851800 206
1851810 206
1851820 206
1851830 206
1851840 206
1851850 206
1851860 207
1851870 207
1851880 207
1851890 208
1851900 208
1851910 209
1851920 210
1851930 210
1851940 210
1851950 211
1851960 211
1851970 211
1851980 212
1851990 212
1852000 212
1852010 212
1852020 212
1852030 213
1852040 213
1852050 213
1852060 213
1852070 214
1852080 214
1852090 214
1852100 214
1852110 214
1852120 214
1852130 214
1852140 214
1852150 214
1852160 215
1852170 215
1852180 215
1852190 215
1852200 215
1852210 215
1852220 216
1852230 216
1852240 216
1852250 216
1852260 216
1852270 217
1852280 217
1852290 217
1852300 218
1852310 218
1852320 218
1852330 219
1852340 219
1852350 219
1852360 220
1852370 220
1852380 220
1852390 220
1852400 221
1852410 222
1852420 222
1852430 222
1852440 222
1852450 222
1852460 222
1852470 222
1852480 222
1852490 222
1852500 222
1852510 221
1852520 221
1852530 221
1852540 221
1852550 221
1852560 221
1852570 221
1852580 221
1852590 221
1852600 222
1852610 222
1852620 222
1852630 222
1852640 222
1852650 222
1852660 222
1852670 222
1852680 222
1852690 222
1852700 222
1852710 221
1852720 221
1852730 221
1852740 220
1852750 220
1852760 220
1852770 221
1852780 222
1852790 222
1852800 223
1852810 225
1852820 225
1852830 226
1852840 227
1852850 227
1852860 228
1852870 228
1852880 228
1852890 229
1852900 229
1852910 229
1852920 230
1852930 230
1852940 230
1852950 230
1852960 230
1852970 230
1852980 230
1852990 231
1853000 231
1853010 231
1853020 231
1853030 231
1853040 231
1853050 231
1853060 231
1853070 231
1853080 232
1853090 232
1853100 232
1853110 232
1853120 232
1853130 232
1853140 232
1853150 232
1853160 232
1853170 232
1853180 232
1853190 232
1853200 232
1853210 232
1853220 232
1853230 232
1853240 232
1853250 232
1853260 232
1853270 232
1853280 232
1853290 232
1853300 232
1853310 232
1853320 232
1853330 232
1853340 231
1853350 231
1853360 231
1853370 231
1853380 231
1853390 231
1853400 231
1853410 230
1853420 230
1853430 230
1853440 230
1853450 230
1853460 230
1853470 230
1853480 230
1853490 230
1853500 230
1853510 230
1853520 230
1853530 230
1853540 230
1853550 230
1853560 230
1853570 230
1853580 230
1853590 230
1853600 231
1853610 231
1853620 231
1853630 231
1853640 231
1853650 231
1853660 232
1853670 232
1853680 232
1853690 231
1853700 231
1853710 231
1853720 231
1853730 230
1853740 230
1853750 230
1853760 229
1853770 229
1853780 228
1853790 227
1853800 227
1853810 226
1853820 225
1853830 225
1853840 224
1853850 223
1853860 223
1853870 222
1853880 221
1853890 221
1853900 220
1853910 219
1853920 219
1853930 218
1853940 217
1853950 217
1853960 216
1853970 215
1853980 215
1853990 215
1854000 215
1854010 215
1854020 215
1854030 215
1854040 215
1854050 215
1854060 215
1854070 215
1854080 216
1854090 216
1854100 216
1854110 217
1854120 218
1854130 218
1854140 218
1854150 218
1854160 218
1854170 219
1854180 220
1854190 220
1854200 220
1854210 222
1854220 222
1854230 223
1854240 224
1854250 224
1854260 225
1854270 227
1854280 227
1854290 228
1854300 229
1854310 229
1854320 231
1854330 232
1854340 232
1854350 233
1854360 234
1854370 234
1854380 235
1854390 235
1854400 236
1854410 237
1854420 237
1854430 238
1854440 239
1854450 239
1854460 239
1854470 240
1854480 240
1854490 241
1854500 241
1854510 241
1854520 241
1854530 242
1854540 242
1854550 242
1854560 243
1854570 243
1854580 243
1854590 243
1854600 243
1854610 244
1854620 244
1854630 244
1854640 244
1854650 244
1854660 244
1854670 244
1854680 244
1854690 244
1854700 244
1854710 245
1854720 245
1854730 245
1854740 245
1854750 245
1854760 245
1854770 245
1854780 245
1854790 245
1854800 244
1854810 244
1854820 244
1854830 244
1854840 244
1854850 244
1854860 243
1854870 243
1854880 243
1854890 241
1854900 241
1854910 241
1854920 240
1854930 240
1854940 240
1854950 239
1854960 239
1854970 239
1854980 239
1854990 239
1855000 238
1855010 238
1855020 238
1855030 238
1855040 238
1855050 238
1855060 237
1855070 237
1855080 237
1855090 237
1855100 237
1855110 237
1855120 236
1855130 236
1855140 236
1855150 236
1855160 236
1855170 236
1855180 236
1855190 236
1855200 236
1855210 235
1855220 235
1855230 235
1855240 234
1855250 233
1855260 233
1855270 233
1855280 233
1855290 233
1855300 232
1855310 232
1855320 232
1855330 231
1855340 231
1855350 231
1855360 230
1855370 230
1855380 230
1855390 230
1855400 230
1855410 229
1855420 229
1855430 229
1855440 228
1855450 228
1855460 228
1855470 227
1855480 227
1855490 227
1855500 226
1855510 226
1855520 226
1855530 226
1855540 225
1855550 225
1855560 225
1855570 224
1855580 224
1855590 223
1855600 222
1855610 222
1855620 222
1855630 221
1855640 221
1855650 220
1855660 220
1855670 220
1855680 219
1855690 218
1855700 218
1855710 218
1855720 217
1855730 217
1855740 217
1855750 217
1855760 217
1855770 216
1855780 215
1855790 215
1855800 213
1855810 211
1855820 211
1855830 210
1855840 210
1855850 210
1855860 210
1855870 209
1855880 209
1855890 209
1855900 208
1855910 208
1855920 207
1855930 206
1855940 206
1855950 205
1855960 205
1855970 205
1855980 204
1855990 204
1856000 204
1856010 204
1856020 202
1856030 202
1856040 201
1856050 201
1856060 201
1856070 200
1856080 200
1856090 200
1856100 200
1856110 199
1856120 199
1856130 199
1856140 199
1856150 199
1856160 199
1856170 199
1856180 199
1856190 199
1856200 198
1856210 198
1856220 199
1856230 199
1856240 199
1856250 199
1856260 199
1856270 199
1856280 200
1856290 200
1856300 200
1856310 201
1856320 201
1856330 202
1856340 203
1856350 203
1856360 205
1856370 205
1856380 205
1856390 207
1856400 209
1856410 209
1856420 210
1856430 211
1856440 211
1856450 211
1856460 212
1856470 212
1856480 213
1856490 214
1856500 214
1856510 215
1856520 217
1856530 217
1856540 218
1856550 219
1856560 219
1856570 221
1856580 222
1856590 222
1856600 223
1856610 225
1856620 225
1856630 229
1856640 231
1856650 231
1856660 231
1856670 233
1856680 233
1856690 235
1856700 237
1856710 237
1856720 240
1856730 242
1856740 242
1856750 242
1856760 242
1856770 242
1856780 241
1856790 240
1856800 240
1856810 240
1856820 239
1856830 239
1856840 239
1856850 239
1856860 239
1856870 238
1856880 238
1856890 238
1856900 238
1856910 238
1856920 238
1856930 238
1856940 238
1856950 238
1856960 238
1856970 238
1856980 238
1856990 238
1857000 239
1857010 239
1857020 239
1857030 240
1857040 240
1857050 240
1857060 241
1857070 241
1857080 241
1857090 242
1857100 242
1857110 243
1857120 244
1857130 244
1857140 245
1857150 245
1857160 245
1857170 246
1857180 247
1857190 247
1857200 248
1857210 248
1857220 249
1857230 250
1857240 250
1857250 250
1857260 251
1857270 251
1857280 252
1857290 252
1857300 252
1857310 253
1857320 253
1857330 253
1857340 254
1857350 255
1857360 255
1857370 255
1857380 256
1857390 256
1857400 256
1857410 258
1857420 258
1857430 261
1857440 261
1857450 261
1857460 261
1857470 258
1857480 258
1857490 258
1857500 258
1857510 258
1857520 258
1857530 258
1857540 258
1857550 258
1857560 258
1857570 258
1857580 258
1857590 258
1857600 258
1857610 258
1857620 258
1857630 258
1857640 257
1857650 257
1857660 257
1857670 256
1857680 255
1857690 255
1857700 254
1857710 254
1857720 254
1857730 253
1857740 252
1857750 252
1857760 251
1857770 250
1857780 250
1857790 249
1857800 249
1857810 249
1857820 249
1857830 248
1857840 248
1857850 248
1857860 247
1857870 247
1857880 247
1857890 246
1857900 246
1857910 246
1857920 246
1857930 246
1857940 245
1857950 245
1857960 245
1857970 244
1857980 244
1857990 244
1858000 244
1858010 243
1858020 243
1858030 243
1858040 243
1858050 243
1858060 243
1858070 243
1858080 243
1858090 242
1858100 242
1858110 242
1858120 242
1858130 242
1858140 242
1858150 242
1858160 242
1858170 242
1858180 242
1858190 242
1858200 242
1858210 243
1858220 243
1858230 243
1858240 243
1858250 243
1858260 242
1858270 242
1858280 242
1858290 241
1858300 240
1858310 240
1858320 239
1858330 239
1858340 239
1858350 238
1858360 238
1858370 238
1858380 239
1858390 241
1858400 241
1858410 242
1858420 244
1858430 244
1858440 245
1858450 246
1858460 246
1858470 247
1858480 248
1858490 248
1858500 250
1858510 251
1858520 251
1858530 252
1858540 253
1858550 253
1858560 254
1858570 255
1858580 255
1858590 255
1858600 256
1858610 256
1858620 256
1858630 256
1858640 256
1858650 256
1858660 256
1858670 256
1858680 255
1858690 254
1858700 254
1858710 254
1858720 253
1858730 253
1858740 252
1858750 250
1858760 250
1858770 249
1858780 248
1858790 248
1858800 247
1858810 246
1858820 246
1858830 245
1858840 244
1858850 244
1858860 243
1858870 242
1858880 242
1858890 242
1858900 241
1858910 241
1858920 241
1858930 240
1858940 240
1858950 240
1858960 240
1858970 240
1858980 240
1858990 239
1859000 239
1859010 239
1859020 238
1859030 238
1859040 238
1859050 237
1859060 237
1859070 237
1859080 237
1859090 236
1859100 236
1859110 236
1859120 235
1859130 235
1859140 235
1859150 235
1859160 234
1859170 234
1859180 234
1859190 233
1859200 233
1859210 233
1859220 232
1859230 232
1859240 232
1859250 231
1859260 231
1859270 231
1859280 230
1859290 230
1859300 230
1859310 230
1859320 230
1859330 229
1859340 228
1859350 228
1859360 228
1859370 227
1859380 227
1859390 226
1859400 225
1859410 225
1859420 224
1859430 223
1859440 223
1859450 223
1859460 222
1859470 222
1859480 221
1859490 220
1859500 220
1859510 220
1859520 219
1859530 219
1859540 219
1859550 219
1859560 219
1859570 220
1859580 221
1859590 221
1859600 221
1859610 222
1859620 222
1859630 222
1859640 222
1859650 222
1859660 223
1859670 223
1859680 223
1859690 222
1859700 222
1859710 222
1859720 222
1859730 221
1859740 221
1859750 221
1859760 221
1859770 221
1859780 220
1859790 220
1859800 220
1859810 220
1859820 220
1859830 220
1859840 219
1859850 219
1859860 219
1859870 218
1859880 217
1859890 217
1859900 217
1859910 216
1859920 216
1859930 215
1859940 215
1859950 215
1859960 215
1859970 215
1859980 215
1859990 215
