1840000 278
1840010 278
1840020 278
1840030 278
1840040 278
1840050 278
1840060 278
1840070 278
1840080 278
1840090 278
1840100 278
1840110 278
1840120 278
1840130 278
1840140 277
1840150 277
1840160 277
1840170 277
1840180 276
1840190 276
1840200 276
1840210 276
1840220 276
1840230 275
1840240 275
1840250 275
1840260 275
1840270 275
1840280 275
1840290 275
1840300 275
1840310 275
1840320 275
1840330 276
1840340 276
1840350 276
1840360 275
1840370 275
1840380 275
1840390 275
1840400 275
1840410 274
1840420 274
1840430 274
1840440 273
1840450 273
1840460 272
1840470 272
1840480 272
1840490 272
1840500 271
1840510 271
1840520 271
1840530 271
1840540 271
1840550 269
1840560 266
1840570 266
1840580 265
1840590 264
1840600 264
1840610 262
1840620 260
1840630 260
1840640 258
1840650 256
1840660 256
1840670 254
1840680 252
1840690 252
1840700 250
1840710 249
1840720 249
1840730 246
1840740 244
1840750 244
1840760 243
1840770 243
1840780 243
1840790 241
1840800 241
1840810 241
1840820 240
1840830 239
1840840 239
1840850 239
1840860 238
1840870 238
1840880 238
1840890 238
1840900 238
1840910 237
1840920 237
1840930 237
1840940 237
1840950 236
1840960 236
1840970 236
1840980 236
1840990 236
1841000 235
1841010 235
1841020 235
1841030 235
1841040 234
1841050 234
1841060 234
1841070 234
1841080 234
1841090 233
1841100 233
1841110 233
1841120 232
1841130 233
1841140 233
1841150 232
1841160 232
1841170 232
1841180 232
1841190 231
1841200 231
1841210 231
1841220 231
1841230 231
1841240 231
1841250 231
1841260 231
1841270 230
1841280 230
1841290 230
1841300 230
1841310 230
1841320 230
1841330 230
1841340 230
1841350 230
1841360 230
1841370 230
1841380 230
1841390 230
1841400 230
1841410 229
1841420 229
1841430 229
1841440 229
1841450 229
1841460 229
1841470 229
1841480 229
1841490 229
1841500 231
1841510 230
1841520 230
1841530 230
1841540 229
1841550 229
1841560 228
1841570 228
1841580 228
1841590 228
1841600 228
1841610 228
1841620 228
1841630 228
1841640 228
1841650 229
1841660 229
1841670 229
1841680 229
1841690 230
1841700 230
1841710 230
1841720 231
1841730 231
1841740 232
1841750 233
1841760 233
1841770 234
1841780 234
1841790 234
1841800 235
1841810 236
1841820 236
1841830 237
1841840 237
1841850 237
1841860 239
1841870 239
1841880 239
1841890 240
1841900 240
1841910 240
1841920 241
1841930 241
1841940 241
1841950 242
1841960 242
1841970 242
1841980 242
1841990 242
1842000 242
1842010 243
1842020 243
1842030 243
1842040 243
1842050 244
1842060 244
1842070 244
1842080 244
1842090 244
1842100 244
1842110 243
1842120 243
1842130 243
1842140 244
1842150 244
1842160 246
1842170 246
1842180 246
1842190 246
1842200 246
1842210 246
1842220 246
1842230 248
1842240 248
1842250 248
1842260 249
1842270 249
1842280 249
1842290 250
1842300 250
1842310 250
1842320 250
1842330 251
1842340 251
1842350 251
1842360 251
1842370 251
1842380 251
1842390 250
1842400 250
1842410 250
1842420 250
1842430 250
1842440 250
1842450 249
1842460 249
1842470 249
1842480 248
1842490 248
1842500 248
1842510 247
1842520 247
1842530 247
1842540 246
1842550 246
1842560 246
1842570 245
1842580 245
1842590 244
1842600 244
1842610 244
1842620 244
1842630 243
1842640 243
1842650 243
1842660 242
1842670 242
1842680 242
1842690 242
1842700 241
1842710 241
1842720 240
1842730 240
1842740 240
1842750 239
1842760 239
1842770 239
1842780 238
1842790 238
1842800 238
1842810 237
1842820 236
1842830 236
1842840 235
1842850 235
1842860 235
1842870 235
1842880 234
1842890 234
1842900 234
1842910 233
1842920 233
1842930 232
1842940 232
1842950 231
1842960 230
1842970 230
1842980 230
1842990 229
1843000 228
1843010 228
1843020 227
1843030 227
1843040 227
1843050 226
1843060 225
1843070 225
1843080 224
1843090 223
1843100 223
1843110 222
1843120 221
1843130 221
1843140 220
1843150 218
1843160 218
1843170 217
1843180 216
1843190 216
1843200 215
1843210 214
1843220 214
1843230 213
1843240 212
1843250 212
1843260 212
1843270 212
1843280 211
1843290 211
1843300 211
1843310 211
1843320 211
1843330 211
1843340 211
1843350 211
1843360 211
1843370 211
1843380 211
1843390 211
1843400 211
1843410 211
1843420 211
1843430 211
1843440 211
1843450 211
1843460 211
1843470 211
1843480 211
1843490 211
1843500 211
1843510 211
1843520 211
1843530 211
1843540 211
1843550 212
1843560 214
1843570 214
1843580 216
1843590 217
1843600 217
1843610 221
1843620 223
1843630 223
1843640 224
1843650 225
1843660 225
1843670 225
1843680 227
1843690 227
1843700 228
1843710 228
1843720 228
1843730 228
1843740 227
1843750 227
1843760 227
1843770 228
1843780 228
1843790 229
1843800 233
1843810 233
1843820 232
1843830 232
1843840 232
1843850 233
1843860 235
1843870 235
1843880 236
1843890 238
1843900 238
1843910 240
1843920 242
1843930 242
1843940 244
1843950 246
1843960 246
1843970 247
1843980 249
1843990 249
1844000 251
1844010 252
1844020 252
1844030 252
1844040 253
1844050 253
1844060 253
1844070 252
1844080 252
1844090 252
1844100 251
1844110 251
1844120 250
1844130 250
1844140 250
1844150 249
1844160 248
1844170 248
1844180 247
1844190 246
1844200 246
1844210 245
1844220 245
1844230 244
1844240 243
1844250 243
1844260 242
1844270 240
1844280 240
1844290 239
1844300 239
1844310 239
1844320 238
1844330 237
1844340 237
1844350 237
1844360 236
1844370 236
1844380 235
1844390 235
1844400 235
1844410 234
1844420 233
1844430 233
1844440 232
1844450 232
1844460 232
1844470 231
1844480 231
1844490 231
1844500 230
1844510 229
1844520 229
1844530 229
1844540 228
1844550 228
1844560 228
1844570 227
1844580 227
1844590 227
1844600 226
1844610 226
1844620 226
1844630 225
1844640 225
1844650 225
1844660 224
1844670 224
1844680 224
1844690 224
1844700 224
1844710 223
1844720 224
1844730 224
1844740 226
1844750 226
1844760 226
1844770 227
1844780 227
1844790 227
1844800 227
1844810 227
1844820 227
1844830 228
1844840 228
1844850 228
1844860 228
1844870 228
1844880 228
1844890 228
1844900 229
1844910 229
1844920 229
1844930 229
1844940 229
1844950 228
1844960 228
1844970 228
1844980 227
1844990 227
1845000 227
1845010 226
1845020 226
1845030 226
1845040 225
1845050 225
1845060 225
1845070 225
1845080 223
1845090 223
1845100 222
1845110 222
1845120 222
1845130 222
1845140 222
1845150 222
1845160 220
1845170 220
1845180 217
1845190 216
1845200 216
1845210 215
1845220 214
1845230 214
1845240 214
1845250 214
1845260 214
1845270 214
1845280 213
1845290 213
1845300 214
1845310 214
1845320 214
1845330 214
1845340 214
1845350 214
1845360 214
1845370 215
1845380 215
1845390 216
1845400 217
1845410 217
1845420 219
1845430 220
1845440 220
1845450 221
1845460 223
1845470 223
1845480 224
1845490 226
1845500 226
1845510 230
1845520 231
1845530 231
1845540 232
1845550 236
1845560 236
1845570 238
1845580 239
1845590 239
1845600 241
1845610 242
1845620 242
1845630 243
1845640 244
1845650 244
1845660 245
1845670 245
1845680 245
1845690 245
1845700 245
1845710 245
1845720 246
1845730 246
1845740 246
1845750 245
1845760 245
1845770 245
1845780 245
1845790 245
1845800 245
1845810 244
1845820 243
1845830 243
1845840 242
1845850 241
1845860 241
1845870 240
1845880 239
1845890 239
1845900 238
1845910 237
1845920 237
1845930 237
1845940 236
1845950 236
1845960 236
1845970 235
1845980 235
1845990 235
1846000 234
1846010 234
1846020 234
1846030 233
1846040 233
1846050 233
1846060 233
1846070 233
1846080 232
1846090 232
1846100 231
1846110 231
1846120 231
1846130 231
1846140 231
1846150 231
1846160 233
1846170 234
1846180 234
1846190 234
1846200 235
1846210 237
1846220 238
1846230 238
1846240 238
1846250 239
1846260 239
1846270 239
1846280 239
1846290 239
1846300 239
1846310 239
1846320 239
1846330 239
1846340 239
1846350 240
1846360 240
1846370 240
1846380 240
1846390 240
1846400 240
1846410 240
1846420 240
1846430 240
1846440 241
1846450 241
1846460 243
1846470 244
1846480 244
1846490 246
1846500 247
1846510 247
1846520 249
1846530 250
1846540 250
1846550 252
1846560 253
1846570 256
1846580 257
1846590 258
1846600 258
1846610 258
1846620 259
1846630 259
1846640 260
1846650 261
1846660 261
1846670 262
1846680 263
1846690 263
1846700 264
1846710 264
1846720 264
1846730 265
1846740 265
1846750 265
1846760 266
1846770 266
1846780 266
1846790 266
1846800 266
1846810 266
1846820 266
1846830 266
1846840 266
1846850 266
1846860 266
1846870 266
1846880 266
1846890 266
1846900 266
1846910 266
1846920 265
1846930 266
1846940 265
1846950 265
1846960 265
1846970 264
1846980 264
1846990 264
1847000 263
1847010 263
1847020 263
1847030 263
1847040 263
1847050 263
1847060 263
1847070 263
1847080 263
1847090 263
1847100 263
1847110 263
1847120 263
1847130 263
1847140 263
1847150 263
1847160 263
1847170 263
1847180 263
1847190 263
1847200 263
1847210 263
1847220 263
1847230 263
1847240 263
1847250 263
1847260 263
1847270 263
1847280 263
1847290 263
1847300 263
1847310 263
1847320 263
1847330 263
1847340 263
1847350 263
1847360 263
1847370 263
1847380 262
1847390 262
1847400 262
1847410 262
1847420 262
1847430 262
1847440 262
1847450 262
1847460 262
1847470 261
1847480 261
1847490 261
1847500 261
1847510 261
1847520 261
1847530 261
1847540 261
1847550 261
1847560 261
1847570 261
1847580 261
1847590 260
1847600 260
1847610 260
1847620 260
1847630 260
1847640 260
1847650 260
1847660 259
1847670 259
1847680 259
1847690 259
1847700 259
1847710 259
1847720 259
1847730 259
1847740 258
1847750 258
1847760 258
1847770 258
1847780 257
1847790 257
1847800 257
1847810 257
1847820 257
1847830 257
1847840 257
1847850 257
1847860 256
1847870 256
1847880 256
1847890 256
1847900 256
1847910 256
1847920 256
1847930 255
1847940 255
1847950 255
1847960 255
1847970 255
1847980 255
1847990 255
1848000 254
1848010 253
1848020 253
1848030 253
1848040 253
1848050 253
1848060 252
1848070 252
1848080 252
1848090 252
1848100 251
1848110 251
1848120 251
1848130 251
1848140 251
1848150 253
1848160 253
1848170 253
1848180 251
1848190 254
1848200 254
1848210 254
1848220 254
1848230 254
1848240 253
1848250 250
1848260 250
1848270 252
1848280 255
1848290 255
1848300 256
1848310 258
1848320 258
1848330 258
1848340 254
1848350 254
1848360 251
1848370 251
1848380 251
1848390 251
1848400 251
1848410 251
1848420 251
1848430 252
1848440 252
1848450 252
1848460 252
1848470 252
1848480 252
1848490 252
1848500 252
1848510 252
1848520 252
1848530 252
1848540 252
1848550 252
1848560 252
1848570 252
1848580 252
1848590 252
1848600 252
1848610 251
1848620 251
1848630 251
1848640 251
1848650 251
1848660 250
1848670 250
1848680 250
1848690 250
1848700 249
1848710 249
1848720 249
1848730 248
1848740 248
1848750 248
1848760 248
1848770 248
1848780 248
1848790 248
1848800 248
1848810 248
1848820 247
1848830 247
1848840 247
1848850 247
1848860 247
1848870 247
1848880 247
1848890 247
1848900 246
1848910 246
1848920 246
1848930 246
1848940 246
1848950 246
1848960 246
1848970 246
1848980 245
1848990 245
1849000 245
1849010 245
1849020 245
1849030 245
1849040 245
1849050 245
1849060 245
1849070 245
1849080 244
1849090 244
1849100 244
1849110 243
1849120 243
1849130 243
1849140 243
1849150 243
1849160 243
1849170 243
1849180 243
1849190 243
1849200 244
1849210 244
1849220 243
1849230 243
1849240 243
1849250 243
1849260 243
1849270 243
1849280 243
1849290 244
1849300 244
1849310 244
1849320 244
1849330 244
1849340 245
1849350 245
1849360 245
1849370 246
1849380 246
1849390 246
1849400 247
1849410 247
1849420 247
1849430 247
1849440 248
1849450 248
1849460 249
1849470 249
1849480 249
1849490 250
1849500 250
1849510 250
1849520 251
1849530 251
1849540 251
1849550 252
1849560 252
1849570 252
1849580 253
1849590 253
1849600 253
1849610 253
1849620 254
1849630 254
1849640 254
1849650 254
1849660 254
1849670 255
1849680 255
1849690 255
1849700 255
1849710 255
1849720 255
1849730 256
1849740 256
1849750 256
1849760 256
1849770 256
1849780 256
1849790 257
1849800 257
1849810 257
1849820 257
1849830 257
1849840 257
1849850 257
1849860 257
1849870 257
1849880 257
1849890 257
1849900 257
1849910 257
1849920 257
1849930 257
1849940 258
1849950 258
1849960 258
1849970 258
1849980 258
1849990 258
1850000 258
1850010 258
1850020 258
1850030 258
1850040 258
1850050 259
1850060 259
1850070 259
1850080 259
1850090 259
1850100 259
1850110 259
1850120 259
1850130 259
1850140 259
1850150 259
1850160 259
1850170 260
1850180 260
1850190 260
1850200 260
1850210 260
1850220 260
1850230 260
1850240 260
1850250 260
1850260 260
1850270 260
1850280 260
1850290 260
1850300 259
1850310 259
1850320 259
1850330 259
1850340 259
1850350 259
1850360 259
1850370 259
1850380 259
1850390 259
1850400 259
1850410 259
1850420 258
1850430 258
1850440 258
1850450 258
1850460 258
1850470 258
1850480 258
1850490 258
1850500 258
1850510 257
1850520 257
1850530 257
1850540 257
1850550 257
1850560 256
1850570 255
1850580 255
1850590 254
1850600 254
1850610 254
1850620 253
1850630 252
1850640 252
1850650 251
1850660 250
1850670 250
1850680 249
1850690 248
1850700 248
1850710 247
1850720 246
1850730 246
1850740 245
1850750 245
1850760 244
1850770 243
1850780 243
1850790 242
1850800 241
1850810 241
1850820 240
1850830 239
1850840 239
1850850 238
1850860 237
1850870 237
1850880 236
1850890 235
1850900 235
1850910 234
1850920 234
1850930 234
1850940 233
1850950 232
1850960 232
1850970 231
1850980 230
1850990 230
1851000 229
1851010 228
1851020 228
1851030 228
1851040 227
1851050 227
1851060 226
1851070 225
1851080 225
1851090 224
1851100 224
1851110 224
1851120 223
1851130 222
1851140 222
1851150 222
1851160 221
1851170 221
1851180 221
1851190 220
1851200 220
1851210 219
1851220 218
1851230 219
1851240 217
1851250 216
1851260 216
1851270 215
1851280 214
1851290 214
1851300 214
1851310 213
1851320 213
1851330 213
1851340 213
1851350 213
1851360 213
1851370 213
1851380 213
1851390 213
1851400 212
1851410 212
1851420 212
1851430 212
1851440 212
1851450 212
1851460 212
1851470 212
1851480 213
1851490 214
1851500 214
1851510 215
1851520 216
1851530 216
1851540 217
1851550 218
1851560 218
1851570 219
1851580 221
1851590 221
1851600 221
1851610 222
1851620 222
1851630 223
1851640 224
1851650 224
1851660 225
1851670 226
1851680 226
1851690 226
1851700 226
1851710 227
1851720 227
1851730 227
1851740 227
1851750 227
1851760 227
1851770 226
1851780 225
1851790 225
1851800 225
1851810 224
1851820 224
1851830 222
1851840 221
1851850 221
1851860 220
1851870 218
1851880 218
1851890 217
1851900 216
1851910 216
1851920 215
1851930 213
1851940 214
1851950 213
1851960 212
1851970 212
1851980 211
1851990 211
1852000 211
1852010 210
1852020 210
1852030 210
1852040 210
1852050 210
1852060 210
1852070 210
1852080 210
1852090 210
1852100 210
1852110 211
1852120 211
1852130 211
1852140 211
1852150 211
1852160 212
1852170 213
1852180 213
1852190 214
1852200 215
1852210 215
1852220 216
1852230 217
1852240 217
1852250 218
1852260 220
1852270 220
1852280 221
1852290 223
1852300 223
1852310 225
1852320 227
1852330 227
1852340 229
1852350 231
1852360 231
1852370 232
1852380 233
1852390 233
1852400 234
1852410 235
1852420 235
1852430 235
1852440 235
1852450 235
1852460 235
1852470 235
1852480 235
1852490 235
1852500 235
1852510 235
1852520 235
1852530 234
1852540 234
1852550 234
1852560 233
1852570 233
1852580 232
1852590 232
1852600 232
1852610 231
1852620 231
1852630 230
1852640 230
1852650 230
1852660 229
1852670 229
1852680 229
1852690 229
1852700 228
1852710 228
1852720 228
1852730 228
1852740 228
1852750 228
1852760 228
1852770 228
1852780 228
1852790 229
1852800 229
1852810 229
1852820 230
1852830 230
1852840 231
1852850 232
1852860 232
1852870 233
1852880 233
1852890 233
1852900 234
1852910 235
1852920 235
1852930 236
1852940 236
1852950 236
1852960 237
1852970 238
1852980 238
1852990 238
1853000 239
1853010 239
1853020 239
1853030 240
1853040 240
1853050 241
1853060 241
1853070 241
1853080 241
1853090 242
1853100 242
1853110 242
1853120 242
1853130 242
1853140 243
1853150 243
1853160 243
1853170 243
1853180 244
1853190 244
1853200 244
1853210 244
1853220 244
1853230 244
1853240 244
1853250 244
1853260 244
1853270 245
1853280 245
1853290 245
1853300 245
1853310 245
1853320 245
1853330 245
1853340 245
1853350 245
1853360 245
1853370 245
1853380 245
1853390 246
1853400 246
1853410 246
1853420 245
1853430 245
1853440 245
1853450 245
1853460 245
1853470 245
1853480 245
1853490 245
1853500 244
1853510 244
1853520 244
1853530 243
1853540 243
1853550 242
1853560 242
1853570 242
1853580 241
1853590 240
1853600 240
1853610 239
1853620 238
1853630 238
1853640 236
1853650 235
1853660 235
1853670 234
1853680 232
1853690 232
1853700 231
1853710 229
1853720 229
1853730 228
1853740 227
1853750 227
1853760 226
1853770 225
1853780 225
1853790 224
1853800 224
1853810 224
1853820 224
1853830 223
1853840 223
1853850 223
1853860 224
1853870 224
1853880 225
1853890 226
1853900 226
1853910 227
1853920 228
1853930 228
1853940 230
1853950 232
1853960 232
1853970 234
1853980 236
1853990 236
1854000 237
1854010 239
1854020 239
1854030 240
1854040 241
1854050 241
1854060 243
1854070 243
1854080 243
1854090 244
1854100 244
1854110 244
1854120 244
1854130 245
1854140 245
1854150 245
1854160 245
1854170 245
1854180 245
1854190 244
1854200 244
1854210 244
1854220 244
1854230 244
1854240 243
1854250 243
1854260 243
1854270 242
1854280 242
1854290 242
1854300 242
1854310 241
1854320 241
1854330 241
1854340 241
1854350 241
1854360 241
1854370 240
1854380 240
1854390 240
1854400 240
1854410 240
1854420 239
1854430 239
1854440 239
1854450 239
1854460 239
1854470 239
1854480 238
1854490 238
1854500 238
1854510 237
1854520 237
1854530 237
1854540 236
1854550 236
1854560 235
1854570 235
1854580 235
1854590 234
1854600 233
1854610 233
1854620 233
1854630 232
1854640 232
1854650 232
1854660 232
1854670 232
1854680 232
1854690 232
1854700 232
1854710 232
1854720 232
1854730 232
1854740 232
1854750 232
1854760 233
1854770 233
1854780 233
1854790 233
1854800 233
1854810 233
1854820 233
1854830 233
1854840 233
1854850 233
1854860 234
1854870 234
1854880 234
1854890 234
1854900 235
1854910 235
1854920 234
1854930 234
1854940 234
1854950 234
1854960 234
1854970 234
1854980 234
1854990 234
1855000 234
1855010 233
1855020 233
1855030 233
1855040 233
1855050 233
1855060 233
1855070 233
1855080 233
1855090 233
1855100 233
1855110 233
1855120 234
1855130 233
1855140 232
1855150 232
1855160 232
1855170 231
1855180 231
1855190 230
1855200 230
1855210 230
1855220 230
1855230 230
1855240 230
1855250 230
1855260 230
1855270 230
1855280 231
1855290 231
1855300 231
1855310 232
1855320 232
1855330 232
1855340 233
1855350 233
1855360 233
1855370 233
1855380 233
1855390 233
1855400 233
1855410 233
1855420 233
1855430 232
1855440 232
1855450 232
1855460 231
1855470 231
1855480 231
1855490 230
1855500 230
1855510 229
1855520 229
1855530 229
1855540 228
1855550 228
1855560 228
1855570 227
1855580 227
1855590 227
1855600 226
1855610 226
1855620 226
1855630 225
1855640 225
1855650 225
1855660 224
1855670 223
1855680 223
1855690 222
1855700 222
1855710 222
1855720 221
1855730 220
1855740 220
1855750 219
1855760 218
1855770 218
1855780 217
1855790 216
1855800 216
1855810 215
1855820 214
1855830 214
1855840 214
1855850 213
1855860 213
1855870 212
1855880 211
1855890 211
1855900 211
1855910 210
1855920 210
1855930 210
1855940 209
1855950 209
1855960 209
1855970 208
1855980 208
1855990 208
1856000 208
1856010 208
1856020 207
1856030 206
1856040 206
1856050 205
1856060 205
1856070 205
1856080 204
1856090 204
1856100 204
1856110 203
1856120 203
1856130 203
1856140 203
1856150 202
1856160 202
1856170 202
1856180 201
1856190 201
1856200 202
1856210 202
1856220 202
1856230 202
1856240 202
1856250 202
1856260 203
1856270 203
1856280 203
1856290 203
1856300 203
1856310 203
1856320 204
1856330 204
1856340 205
1856350 206
1856360 206
1856370 207
1856380 208
1856390 208
1856400 209
1856410 212
1856420 212
1856430 216
1856440 219
1856450 219
1856460 221
1856470 223
1856480 223
1856490 223
1856500 223
1856510 223
1856520 223
1856530 226
1856540 226
1856550 230
1856560 231
1856570 231
1856580 232
1856590 236
1856600 236
1856610 237
1856620 238
1856630 238
1856640 238
1856650 238
1856660 238
1856670 238
1856680 238
1856690 238
1856700 238
1856710 237
1856720 237
1856730 236
1856740 235
1856750 235
1856760 234
1856770 234
1856780 234
1856790 233
1856800 232
1856810 232
1856820 232
1856830 233
1856840 233
1856850 235
1856860 237
1856870 237
1856880 239
1856890 240
1856900 240
1856910 242
1856920 243
1856930 243
1856940 244
1856950 245
1856960 245
1856970 247
1856980 248
1856990 248
1857000 248
1857010 249
1857020 249
1857030 249
1857040 251
1857050 251
1857060 256
1857070 261
1857080 261
1857090 261
1857100 262
1857110 262
1857120 262
1857130 262
1857140 262
1857150 262
1857160 263
1857170 263
1857180 263
1857190 263
1857200 263
1857210 264
1857220 263
1857230 263
1857240 264
1857250 264
1857260 266
1857270 266
1857280 266
1857290 266
1857300 267
1857310 267
1857320 267
1857330 268
1857340 268
1857350 268
1857360 268
1857370 268
1857380 268
1857390 268
1857400 268
1857410 268
1857420 268
1857430 268
1857440 268
1857450 268
1857460 268
1857470 268
1857480 268
1857490 268
1857500 269
1857510 269
1857520 269
1857530 269
1857540 269
1857550 269
1857560 269
1857570 269
1857580 269
1857590 269
1857600 269
1857610 269
1857620 270
1857630 270
1857640 270
1857650 270
1857660 271
1857670 271
1857680 271
1857690 272
1857700 272
1857710 272
1857720 273
1857730 273
1857740 273
1857750 274
1857760 274
1857770 274
1857780 275
1857790 275
1857800 275
1857810 275
1857820 275
1857830 275
1857840 275
1857850 275
1857860 275
1857870 275
1857880 275
1857890 274
1857900 274
1857910 274
1857920 274
1857930 273
1857940 273
1857950 273
1857960 272
1857970 272
1857980 271
1857990 271
1858000 271
1858010 270
1858020 269
1858030 269
1858040 269
1858050 268
1858060 268
1858070 267
1858080 266
1858090 266
1858100 266
1858110 265
1858120 265
1858130 264
1858140 264
1858150 264
1858160 263
1858170 263
1858180 262
1858190 262
1858200 262
1858210 261
1858220 260
1858230 260
1858240 259
1858250 259
1858260 259
1858270 257
1858280 257
1858290 257
1858300 256
1858310 255
1858320 255
1858330 255
1858340 254
1858350 254
1858360 253
1858370 252
1858380 252
1858390 251
1858400 250
1858410 250
1858420 249
1858430 249
1858440 249
1858450 248
1858460 248
1858470 248
1858480 247
1858490 247
1858500 247
1858510 246
1858520 246
1858530 246
1858540 246
1858550 245
1858560 245
1858570 245
1858580 244
1858590 244
1858600 244
1858610 243
1858620 243
1858630 242
1858640 242
1858650 242
1858660 241
1858670 241
1858680 241
1858690 240
1858700 239
1858710 239
1858720 239
1858730 238
1858740 238
1858750 238
1858760 237
1858770 237
1858780 237
1858790 236
1858800 236
1858810 236
1858820 236
1858830 236
1858840 235
1858850 235
1858860 235
1858870 235
1858880 234
1858890 234
1858900 234
1858910 233
1858920 233
1858930 233
1858940 233
1858950 233
1858960 232
1858970 231
1858980 231
1858990 231
1859000 230
1859010 230
1859020 230
1859030 229
1859040 229
1859050 228
1859060 228
1859070 228
1859080 227
1859090 227
1859100 226
1859110 225
1859120 225
1859130 224
1859140 223
1859150 223
1859160 223
1859170 222
1859180 222
1859190 221
1859200 220
1859210 220
1859220 220
1859230 219
1859240 219
1859250 218
1859260 218
1859270 218
1859280 217
1859290 217
1859300 217
1859310 217
1859320 216
1859330 216
1859340 216
1859350 216
1859360 216
1859370 216
1859380 216
1859390 216
1859400 216
1859410 216
1859420 216
1859430 216
1859440 216
1859450 216
1859460 216
1859470 216
1859480 216
1859490 216
1859500 216
1859510 216
1859520 216
1859530 216
1859540 216
1859550 216
1859560 216
1859570 216
1859580 216
1859590 216
1859600 216
1859610 216
1859620 217
1859630 217
1859640 217
1859650 217
1859660 218
1859670 218
1859680 219
1859690 219
1859700 220
1859710 221
1859720 221
1859730 222
1859740 222
1859750 222
1859760 223
1859770 223
1859780 223
1859790 223
1859800 224
1859810 224
1859820 224
1859830 224
1859840 224
1859850 225
1859860 225
1859870 225
1859880 225
1859890 225
1859900 225
1859910 226
1859920 226
1859930 226
1859940 226
1859950 226
1859960 226
1859970 226
1859980 226
1859990 226
