1840000 273
1840010 272
1840020 272
1840030 272
1840040 272
1840050 272
1840060 272
1840070 272
1840080 271
1840090 271
1840100 271
1840110 271
1840120 271
1840130 271
1840140 271
1840150 271
1840160 271
1840170 271
1840180 271
1840190 271
1840200 271
1840210 271
1840220 271
1840230 271
1840240 271
1840250 271
1840260 270
1840270 270
1840280 270
1840290 270
1840300 270
1840310 270
1840320 270
1840330 270
1840340 270
1840350 270
1840360 270
1840370 269
1840380 269
1840390 269
1840400 269
1840410 268
1840420 268
1840430 267
1840440 267
1840450 266
1840460 265
1840470 265
1840480 264
1840490 264
1840500 264
1840510 263
1840520 262
1840530 262
1840540 262
1840550 261
1840560 261
1840570 261
1840580 263
1840590 263
1840600 265
1840610 264
1840620 264
1840630 263
1840640 263
1840650 263
1840660 263
1840670 263
1840680 263
1840690 263
1840700 264
1840710 264
1840720 264
1840730 264
1840740 264
1840750 264
1840760 265
1840770 265
1840780 265
1840790 265
1840800 265
1840810 266
1840820 266
1840830 266
1840840 266
1840850 266
1840860 266
1840870 267
1840880 267
1840890 267
1840900 267
1840910 267
1840920 267
1840930 267
1840940 267
1840950 267
1840960 267
1840970 267
1840980 267
1840990 267
1841000 268
1841010 268
1841020 268
1841030 268
1841040 268
1841050 268
1841060 268
1841070 268
1841080 268
1841090 267
1841100 267
1841110 267
1841120 266
1841130 266
1841140 266
1841150 266
1841160 266
1841170 265
1841180 266
1841190 266
1841200 266
1841210 266
1841220 266
1841230 266
1841240 266
1841250 266
1841260 266
1841270 266
1841280 266
1841290 266
1841300 266
1841310 266
1841320 266
1841330 266
1841340 266
1841350 266
1841360 266
1841370 266
1841380 266
1841390 266
1841400 266
1841410 266
1841420 266
1841430 266
1841440 265
1841450 265
1841460 265
1841470 265
1841480 265
1841490 265
1841500 265
1841510 265
1841520 265
1841530 264
1841540 264
1841550 264
1841560 264
1841570 264
1841580 264
1841590 264
1841600 264
1841610 264
1841620 264
1841630 264
1841640 263
1841650 262
1841660 262
1841670 263
1841680 262
1841690 262
1841700 261
1841710 260
1841720 260
1841730 258
1841740 256
1841750 256
1841760 254
1841770 252
1841780 252
1841790 250
1841800 249
1841810 249
1841820 247
1841830 246
1841840 246
1841850 245
1841860 245
1841870 245
1841880 245
1841890 244
1841900 244
1841910 246
1841920 245
1841930 245
1841940 244
1841950 243
1841960 243
1841970 241
1841980 240
1841990 240
1842000 238
1842010 237
1842020 237
1842030 236
1842040 234
1842050 234
1842060 233
1842070 232
1842080 232
1842090 231
1842100 231
1842110 231
1842120 231
1842130 230
1842140 230
1842150 230
1842160 230
1842170 230
1842180 230
1842190 230
1842200 230
1842210 231
1842220 232
1842230 232
1842240 233
1842250 233
1842260 233
1842270 233
1842280 234
1842290 233
1842300 232
1842310 232
1842320 230
1842330 229
1842340 229
1842350 228
1842360 227
1842370 227
1842380 226
1842390 225
1842400 225
1842410 224
1842420 224
1842430 224
1842440 224
1842450 223
1842460 223
1842470 222
1842480 221
1842490 221
1842500 220
1842510 220
1842520 220
1842530 220
1842540 220
1842550 220
1842560 219
1842570 219
1842580 219
1842590 220
1842600 219
1842610 219
1842620 219
1842630 220
1842640 220
1842650 221
1842660 222
1842670 222
1842680 224
1842690 225
1842700 225
1842710 227
1842720 228
1842730 228
1842740 228
1842750 229
1842760 229
1842770 231
1842780 233
1842790 233
1842800 234
1842810 237
1842820 237
1842830 239
1842840 240
1842850 240
1842860 242
1842870 243
1842880 243
1842890 244
1842900 245
1842910 245
1842920 246
1842930 246
1842940 246
1842950 246
1842960 247
1842970 247
1842980 247
1842990 247
1843000 247
1843010 248
1843020 249
1843030 249
1843040 249
1843050 249
1843060 249
1843070 250
1843080 250
1843090 250
1843100 250
1843110 250
1843120 250
1843130 250
1843140 250
1843150 250
1843160 252
1843170 254
1843180 254
1843190 254
1843200 254
1843210 255
1843220 256
1843230 256
1843240 256
1843250 257
1843260 257
1843270 257
1843280 257
1843290 257
1843300 258
1843310 258
1843320 258
1843330 259
1843340 259
1843350 259
1843360 260
1843370 261
1843380 261
1843390 262
1843400 263
1843410 263
1843420 263
1843430 263
1843440 263
1843450 264
1843460 263
1843470 263
1843480 263
1843490 263
1843500 263
1843510 262
1843520 262
1843530 262
1843540 261
1843550 260
1843560 260
1843570 259
1843580 258
1843590 258
1843600 257
1843610 257
1843620 257
1843630 256
1843640 255
1843650 255
1843660 255
1843670 255
1843680 255
1843690 255
1843700 255
1843710 255
1843720 256
1843730 257
1843740 257
1843750 257
1843760 257
1843770 257
1843780 257
1843790 258
1843800 258
1843810 258
1843820 259
1843830 259
1843840 259
1843850 259
1843860 259
1843870 259
1843880 259
1843890 259
1843900 259
1843910 259
1843920 259
1843930 259
1843940 259
1843950 259
1843960 259
1843970 259
1843980 259
1843990 259
1844000 258
1844010 258
1844020 258
1844030 257
1844040 257
1844050 256
1844060 256
1844070 256
1844080 255
1844090 254
1844100 254
1844110 253
1844120 253
1844130 252
1844140 251
1844150 251
1844160 250
1844170 250
1844180 250
1844190 249
1844200 250
1844210 250
1844220 250
1844230 250
1844240 250
1844250 251
1844260 251
1844270 251
1844280 251
1844290 251
1844300 251
1844310 252
1844320 252
1844330 252
1844340 252
1844350 253
1844360 253
1844370 253
1844380 254
1844390 254
1844400 254
1844410 254
1844420 254
1844430 253
1844440 254
1844450 254
1844460 255
1844470 256
1844480 256
1844490 256
1844500 257
1844510 257
1844520 257
1844530 257
1844540 257
1844550 257
1844560 257
1844570 257
1844580 258
1844590 258
1844600 258
1844610 258
1844620 259
1844630 259
1844640 259
1844650 260
1844660 260
1844670 260
1844680 260
1844690 260
1844700 261
1844710 261
1844720 261
1844730 262
1844740 262
1844750 262
1844760 263
1844770 263
1844780 263
1844790 263
1844800 263
1844810 263
1844820 264
1844830 264
1844840 264
1844850 264
1844860 264
1844870 264
1844880 265
1844890 265
1844900 265
1844910 264
1844920 264
1844930 264
1844940 265
1844950 265
1844960 265
1844970 266
1844980 266
1844990 266
1845000 267
1845010 267
1845020 267
1845030 267
1845040 267
1845050 267
1845060 267
1845070 267
1845080 267
1845090 268
1845100 268
1845110 268
1845120 269
1845130 269
1845140 269
1845150 270
1845160 270
1845170 271
1845180 272
1845190 272
1845200 273
1845210 273
1845220 273
1845230 273
1845240 272
1845250 272
1845260 271
1845270 270
1845280 270
1845290 269
1845300 268
1845310 268
1845320 266
1845330 265
1845340 265
1845350 263
1845360 262
1845370 262
1845380 261
1845390 259
1845400 259
1845410 258
1845420 257
1845430 257
1845440 256
1845450 253
1845460 253
1845470 252
1845480 252
1845490 252
1845500 252
1845510 253
1845520 253
1845530 254
1845540 260
1845550 260
1845560 264
1845570 269
1845580 269
1845590 270
1845600 270
1845610 270
1845620 269
1845630 267
1845640 267
1845650 266
1845660 266
1845670 266
1845680 266
1845690 268
1845700 268
1845710 270
1845720 272
1845730 272
1845740 274
1845750 277
1845760 277
1845770 279
1845780 280
1845790 280
1845800 281
1845810 281
1845820 281
1845830 282
1845840 282
1845850 282
1845860 283
1845870 283
1845880 283
1845890 283
1845900 284
1845910 284
1845920 284
1845930 284
1845940 284
1845950 284
1845960 284
1845970 284
1845980 284
1845990 284
1846000 283
1846010 283
1846020 283
1846030 282
1846040 282
1846050 282
1846060 281
1846070 281
1846080 281
1846090 281
1846100 276
1846110 276
1846120 277
1846130 279
1846140 279
1846150 279
1846160 279
1846170 279
1846180 278
1846190 278
1846200 278
1846210 277
1846220 277
1846230 277
1846240 276
1846250 276
1846260 276
1846270 276
1846280 275
1846290 275
1846300 275
1846310 275
1846320 275
1846330 275
1846340 275
1846350 275
1846360 275
1846370 275
1846380 275
1846390 275
1846400 275
1846410 275
1846420 275
1846430 275
1846440 275
1846450 275
1846460 275
1846470 275
1846480 275
1846490 275
1846500 275
1846510 274
1846520 274
1846530 274
1846540 274
1846550 274
1846560 274
1846570 274
1846580 274
1846590 274
1846600 274
1846610 274
1846620 274
1846630 274
1846640 274
1846650 274
1846660 274
1846670 274
1846680 274
1846690 274
1846700 273
1846710 273
1846720 273
1846730 273
1846740 273
1846750 273
1846760 273
1846770 273
1846780 273
1846790 273
1846800 273
1846810 273
1846820 273
1846830 273
1846840 273
1846850 273
1846860 273
1846870 272
1846880 272
1846890 272
1846900 272
1846910 272
1846920 272
1846930 272
1846940 272
1846950 272
1846960 272
1846970 272
1846980 272
1846990 272
1847000 272
1847010 272
1847020 272
1847030 272
1847040 272
1847050 272
1847060 272
1847070 272
1847080 272
1847090 272
1847100 272
1847110 272
1847120 272
1847130 272
1847140 271
1847150 271
1847160 271
1847170 271
1847180 271
1847190 271
1847200 271
1847210 271
1847220 271
1847230 271
1847240 271
1847250 271
1847260 270
1847270 270
1847280 270
1847290 270
1847300 270
1847310 270
1847320 270
1847330 270
1847340 270
1847350 270
1847360 270
1847370 269
1847380 269
1847390 269
1847400 269
1847410 268
1847420 268
1847430 268
1847440 268
1847450 268
1847460 267
1847470 267
1847480 267
1847490 267
1847500 267
1847510 267
1847520 267
1847530 267
1847540 267
1847550 267
1847560 267
1847570 267
1847580 267
1847590 267
1847600 267
1847610 267
1847620 267
1847630 267
1847640 267
1847650 268
1847660 268
1847670 268
1847680 268
1847690 268
1847700 269
1847710 269
1847720 269
1847730 269
1847740 268
1847750 268
1847760 268
1847770 268
1847780 268
1847790 268
1847800 268
1847810 268
1847820 268
1847830 268
1847840 268
1847850 268
1847860 268
1847870 268
1847880 268
1847890 268
1847900 268
1847910 267
1847920 267
1847930 267
1847940 267
1847950 267
1847960 267
1847970 267
1847980 267
1847990 267
1848000 267
1848010 267
1848020 267
1848030 267
1848040 267
1848050 267
1848060 267
1848070 267
1848080 267
1848090 267
1848100 267
1848110 266
1848120 266
1848130 266
1848140 266
1848150 266
1848160 266
1848170 266
1848180 265
1848190 265
1848200 265
1848210 265
1848220 265
1848230 264
1848240 264
1848250 264
1848260 264
1848270 264
1848280 264
1848290 263
1848300 263
1848310 263
1848320 263
1848330 263
1848340 263
1848350 263
1848360 262
1848370 262
1848380 262
1848390 262
1848400 262
1848410 262
1848420 262
1848430 262
1848440 261
1848450 261
1848460 261
1848470 261
1848480 261
1848490 261
1848500 260
1848510 260
1848520 260
1848530 260
1848540 260
1848550 260
1848560 260
1848570 259
1848580 259
1848590 259
1848600 259
1848610 259
1848620 259
1848630 258
1848640 258
1848650 258
1848660 258
1848670 258
1848680 258
1848690 258
1848700 258
1848710 259
1848720 259
1848730 258
1848740 258
1848750 258
1848760 256
1848770 256
1848780 256
1848790 257
1848800 258
1848810 258
1848820 258
1848830 259
1848840 259
1848850 256
1848860 256
1848870 256
1848880 256
1848890 256
1848900 256
1848910 255
1848920 255
1848930 255
1848940 255
1848950 255
1848960 255
1848970 255
1848980 255
1848990 255
1849000 254
1849010 254
1849020 254
1849030 254
1849040 254
1849050 254
1849060 254
1849070 253
1849080 253
1849090 253
1849100 253
1849110 253
1849120 252
1849130 252
1849140 252
1849150 251
1849160 251
1849170 251
1849180 250
1849190 250
1849200 250
1849210 250
1849220 249
1849230 249
1849240 249
1849250 248
1849260 248
1849270 247
1849280 247
1849290 247
1849300 246
1849310 245
1849320 245
1849330 244
1849340 243
1849350 243
1849360 243
1849370 242
1849380 242
1849390 242
1849400 242
1849410 242
1849420 241
1849430 241
1849440 241
1849450 240
1849460 240
1849470 240
1849480 240
1849490 240
1849500 240
1849510 239
1849520 239
1849530 239
1849540 239
1849550 239
1849560 239
1849570 238
1849580 238
1849590 238
1849600 237
1849610 237
1849620 237
1849630 236
1849640 236
1849650 235
1849660 234
1849670 234
1849680 234
1849690 233
1849700 233
1849710 233
1849720 233
1849730 233
1849740 232
1849750 232
1849760 232
1849770 232
1849780 232
1849790 232
1849800 232
1849810 232
1849820 232
1849830 232
1849840 232
1849850 232
1849860 231
1849870 232
1849880 232
1849890 232
1849900 232
1849910 232
1849920 232
1849930 232
1849940 232
1849950 232
1849960 232
1849970 232
1849980 232
1849990 232
1850000 232
1850010 232
1850020 232
1850030 232
1850040 232
1850050 233
1850060 233
1850070 233
1850080 232
1850090 232
1850100 232
1850110 232
1850120 232
1850130 232
1850140 233
1850150 233
1850160 233
1850170 234
1850180 234
1850190 234
1850200 235
1850210 233
1850220 234
1850230 235
1850240 235
1850250 236
1850260 237
1850270 237
1850280 238
1850290 239
1850300 239
1850310 240
1850320 240
1850330 240
1850340 241
1850350 241
1850360 241
1850370 241
1850380 242
1850390 242
1850400 242
1850410 244
1850420 244
1850430 245
1850440 248
1850450 248
1850460 250
1850470 251
1850480 251
1850490 251
1850500 251
1850510 251
1850520 251
1850530 251
1850540 251
1850550 251
1850560 251
1850570 251
1850580 251
1850590 251
1850600 251
1850610 251
1850620 251
1850630 252
1850640 252
1850650 252
1850660 251
1850670 251
1850680 251
1850690 251
1850700 251
1850710 251
1850720 251
1850730 251
1850740 251
1850750 251
1850760 251
1850770 251
1850780 251
1850790 251
1850800 251
1850810 251
1850820 251
1850830 251
1850840 251
1850850 251
1850860 251
1850870 250
1850880 250
1850890 250
1850900 250
1850910 250
1850920 250
1850930 250
1850940 249
1850950 249
1850960 249
1850970 249
1850980 249
1850990 249
1851000 249
1851010 249
1851020 248
1851030 248
1851040 248
1851050 248
1851060 248
1851070 248
1851080 248
1851090 248
1851100 248
1851110 248
1851120 248
1851130 248
1851140 247
1851150 247
1851160 247
1851170 247
1851180 247
1851190 247
1851200 247
1851210 246
1851220 246
1851230 246
1851240 246
1851250 246
1851260 246
1851270 246
1851280 246
1851290 246
1851300 246
1851310 246
1851320 246
1851330 246
1851340 246
1851350 246
1851360 246
1851370 246
1851380 246
1851390 246
1851400 246
1851410 246
1851420 246
1851430 246
1851440 246
1851450 246
1851460 246
1851470 247
1851480 247
1851490 247
1851500 247
1851510 247
1851520 247
1851530 247
1851540 247
1851550 248
1851560 248
1851570 248
1851580 248
1851590 249
1851600 249
1851610 250
1851620 250
1851630 250
1851640 249
1851650 248
1851660 248
1851670 247
1851680 246
1851690 246
1851700 244
1851710 243
1851720 243
1851730 242
1851740 241
1851750 241
1851760 240
1851770 239
1851780 239
1851790 238
1851800 238
1851810 238
1851820 237
1851830 236
1851840 236
1851850 235
1851860 235
1851870 235
1851880 234
1851890 233
1851900 233
1851910 233
1851920 232
1851930 232
1851940 231
1851950 231
1851960 231
1851970 231
1851980 230
1851990 231
1852000 232
1852010 232
1852020 232
1852030 232
1852040 231
1852050 231
1852060 231
1852070 230
1852080 230
1852090 230
1852100 230
1852110 230
1852120 230
1852130 229
1852140 229
1852150 229
1852160 228
1852170 228
1852180 227
1852190 226
1852200 226
1852210 226
1852220 226
1852230 226
1852240 225
1852250 225
1852260 225
1852270 225
1852280 225
1852290 225
1852300 225
1852310 226
1852320 226
1852330 226
1852340 228
1852350 228
1852360 230
1852370 230
1852380 233
1852390 238
1852400 238
1852410 242
1852420 243
1852430 243
1852440 243
1852450 244
1852460 244
1852470 244
1852480 245
1852490 245
1852500 246
1852510 246
1852520 246
1852530 247
1852540 248
1852550 248
1852560 249
1852570 250
1852580 250
1852590 250
1852600 250
1852610 250
1852620 250
1852630 250
1852640 250
1852650 250
1852660 249
1852670 249
1852680 249
1852690 248
1852700 248
1852710 247
1852720 246
1852730 246
1852740 246
1852750 245
1852760 245
1852770 245
1852780 245
1852790 245
1852800 244
1852810 244
1852820 244
1852830 245
1852840 245
1852850 245
1852860 245
1852870 245
1852880 245
1852890 246
1852900 247
1852910 247
1852920 247
1852930 248
1852940 248
1852950 249
1852960 250
1852970 250
1852980 251
1852990 251
1853000 251
1853010 252
1853020 253
1853030 253
1853040 253
1853050 254
1853060 254
1853070 255
1853080 255
1853090 255
1853100 256
1853110 256
1853120 256
1853130 257
1853140 257
1853150 257
1853160 257
1853170 257
1853180 257
1853190 257
1853200 257
1853210 257
1853220 258
1853230 258
1853240 258
1853250 258
1853260 258
1853270 258
1853280 258
1853290 258
1853300 258
1853310 258
1853320 258
1853330 258
1853340 258
1853350 258
1853360 258
1853370 258
1853380 258
1853390 257
1853400 257
1853410 257
1853420 257
1853430 257
1853440 257
1853450 257
1853460 257
1853470 257
1853480 257
1853490 257
1853500 257
1853510 257
1853520 257
1853530 257
1853540 257
1853550 257
1853560 257
1853570 257
1853580 257
1853590 257
1853600 257
1853610 256
1853620 256
1853630 256
1853640 256
1853650 256
1853660 255
1853670 255
1853680 255
1853690 255
1853700 255
1853710 255
1853720 254
1853730 254
1853740 254
1853750 254
1853760 254
1853770 254
1853780 253
1853790 253
1853800 253
1853810 253
1853820 253
1853830 253
1853840 253
1853850 252
1853860 252
1853870 252
1853880 252
1853890 252
1853900 252
1853910 251
1853920 251
1853930 251
1853940 252
1853950 252
1853960 252
1853970 252
1853980 252
1853990 252
1854000 252
1854010 252
1854020 252
1854030 253
1854040 253
1854050 253
1854060 253
1854070 253
1854080 254
1854090 254
1854100 254
1854110 255
1854120 255
1854130 255
1854140 255
1854150 255
1854160 255
1854170 255
1854180 255
1854190 255
1854200 255
1854210 255
1854220 255
1854230 255
1854240 255
1854250 255
1854260 255
1854270 255
1854280 255
1854290 255
1854300 255
1854310 254
1854320 254
1854330 254
1854340 253
1854350 252
1854360 252
1854370 251
1854380 250
1854390 250
1854400 249
1854410 247
1854420 247
1854430 246
1854440 245
1854450 245
1854460 244
1854470 243
1854480 243
1854490 241
1854500 240
1854510 240
1854520 240
1854530 239
1854540 239
1854550 238
1854560 237
1854570 237
1854580 236
1854590 235
1854600 235
1854610 235
1854620 234
1854630 234
1854640 234
1854650 235
1854660 235
1854670 237
1854680 240
1854690 240
1854700 240
1854710 241
1854720 241
1854730 242
1854740 243
1854750 243
1854760 244
1854770 245
1854780 245
1854790 246
1854800 247
1854810 247
1854820 249
1854830 249
1854840 249
1854850 249
1854860 250
1854870 250
1854880 250
1854890 251
1854900 251
1854910 251
1854920 251
1854930 251
1854940 251
1854950 251
1854960 251
1854970 251
1854980 250
1854990 250
1855000 249
1855010 248
1855020 248
1855030 247
1855040 246
1855050 246
1855060 244
1855070 243
1855080 243
1855090 241
1855100 241
1855110 240
1855120 238
1855130 238
1855140 236
1855150 234
1855160 234
1855170 232
1855180 230
1855190 230
1855200 229
1855210 228
1855220 228
1855230 227
1855240 225
1855250 225
1855260 224
1855270 223
1855280 223
1855290 222
1855300 222
1855310 222
1855320 221
1855330 220
1855340 220
1855350 220
1855360 219
1855370 219
1855380 219
1855390 218
1855400 218
1855410 217
1855420 217
1855430 217
1855440 216
1855450 216
1855460 216
1855470 216
1855480 215
1855490 215
1855500 215
1855510 215
1855520 215
1855530 215
1855540 215
1855550 215
1855560 215
1855570 215
1855580 215
1855590 215
1855600 215
1855610 215
1855620 215
1855630 215
1855640 215
1855650 216
1855660 217
1855670 217
1855680 220
1855690 224
1855700 224
1855710 226
1855720 227
1855730 227
1855740 228
1855750 230
1855760 230
1855770 233
1855780 236
1855790 236
1855800 239
1855810 240
1855820 240
1855830 241
1855840 241
1855850 241
1855860 241
1855870 241
1855880 241
1855890 242
1855900 242
1855910 242
1855920 242
1855930 242
1855940 242
1855950 242
1855960 241
1855970 241
1855980 239
1855990 238
1856000 238
1856010 236
1856020 236
1856030 235
1856040 234
1856050 234
1856060 234
1856070 233
1856080 233
1856090 233
1856100 233
1856110 233
1856120 232
1856130 231
1856140 231
1856150 227
1856160 222
1856170 222
1856180 222
1856190 225
1856200 225
1856210 226
1856220 227
1856230 227
1856240 228
1856250 229
1856260 229
1856270 231
1856280 232
1856290 232
1856300 234
1856310 235
1856320 235
1856330 238
1856340 239
1856350 239
1856360 240
1856370 239
1856380 239
1856390 237
1856400 236
1856410 236
1856420 236
1856430 237
1856440 237
1856450 238
1856460 239
1856470 239
1856480 240
1856490 242
1856500 242
1856510 243
1856520 245
1856530 245
1856540 247
1856550 248
1856560 248
1856570 249
1856580 253
1856590 253
1856600 256
1856610 257
1856620 257
1856630 258
1856640 260
1856650 260
1856660 261
1856670 263
1856680 263
1856690 264
1856700 264
1856710 264
1856720 265
1856730 265
1856740 265
1856750 266
1856760 266
1856770 266
1856780 266
1856790 267
1856800 267
1856810 267
1856820 267
1856830 267
1856840 267
1856850 267
1856860 267
1856870 264
1856880 264
1856890 264
1856900 265
1856910 265
1856920 266
1856930 267
1856940 267
1856950 268
1856960 269
1856970 269
1856980 269
1856990 269
1857000 269
1857010 269
1857020 269
1857030 269
1857040 269
1857050 268
1857060 268
1857070 268
1857080 267
1857090 267
1857100 267
1857110 266
1857120 266
1857130 265
1857140 264
1857150 264
1857160 264
1857170 263
1857180 263
1857190 262
1857200 261
1857210 261
1857220 260
1857230 260
1857240 260
1857250 259
1857260 258
1857270 258
1857280 258
1857290 257
1857300 257
1857310 256
1857320 255
1857330 255
1857340 255
1857350 254
1857360 254
1857370 253
1857380 252
1857390 252
1857400 251
1857410 251
1857420 251
1857430 250
1857440 250
1857450 250
1857460 249
1857470 249
1857480 249
1857490 248
1857500 248
1857510 248
1857520 247
1857530 247
1857540 247
1857550 247
1857560 247
1857570 247
1857580 247
1857590 247
1857600 247
1857610 247
1857620 246
1857630 246
1857640 246
1857650 245
1857660 245
1857670 245
1857680 244
1857690 244
1857700 244
1857710 244
1857720 244
1857730 244
1857740 244
1857750 244
1857760 243
1857770 243
1857780 243
1857790 243
1857800 243
1857810 243
1857820 243
1857830 243
1857840 242
1857850 242
1857860 242
1857870 241
1857880 240
1857890 240
1857900 240
1857910 239
1857920 239
1857930 239
1857940 239
1857950 239
1857960 238
1857970 237
1857980 237
1857990 237
1858000 237
1858010 237
1858020 236
1858030 236
1858040 236
1858050 236
1858060 236
1858070 236
1858080 236
1858090 235
1858100 235
1858110 235
1858120 235
1858130 235
1858140 234
1858150 234
1858160 234
1858170 233
1858180 233
1858190 233
1858200 232
1858210 232
1858220 232
1858230 232
1858240 232
1858250 232
1858260 232
1858270 232
1858280 232
1858290 232
1858300 231
1858310 231
1858320 232
1858330 232
1858340 232
1858350 233
1858360 234
1858370 234
1858380 235
1858390 236
1858400 236
1858410 238
1858420 239
1858430 239
1858440 240
1858450 241
1858460 241
1858470 242
1858480 243
1858490 243
1858500 244
1858510 245
1858520 245
1858530 245
1858540 246
1858550 246
1858560 246
1858570 247
1858580 247
1858590 247
1858600 247
1858610 247
1858620 247
1858630 248
1858640 248
1858650 248
1858660 248
1858670 249
1858680 249
1858690 248
1858700 248
1858710 248
1858720 248
1858730 248
1858740 247
1858750 247
1858760 247
1858770 246
1858780 246
1858790 245
1858800 244
1858810 244
1858820 243
1858830 241
1858840 241
1858850 240
1858860 239
1858870 239
1858880 238
1858890 237
1858900 237
1858910 236
1858920 236
1858930 236
1858940 235
1858950 235
1858960 235
1858970 236
1858980 237
1858990 237
1859000 238
1859010 240
1859020 241
1859030 243
1859040 244
1859050 244
1859060 245
1859070 246
1859080 246
1859090 247
1859100 248
1859110 248
1859120 249
1859130 249
1859140 249
1859150 249
1859160 249
1859170 249
1859180 249
1859190 249
1859200 249
1859210 249
1859220 249
1859230 249
1859240 249
1859250 249
1859260 249
1859270 249
1859280 248
1859290 248
1859300 248
1859310 248
1859320 248
1859330 247
1859340 247
1859350 247
1859360 247
1859370 247
1859380 247
1859390 247
1859400 247
1859410 247
1859420 246
1859430 246
1859440 246
1859450 245
1859460 245
1859470 245
1859480 245
1859490 244
1859500 244
1859510 244
1859520 243
1859530 243
1859540 242
1859550 242
1859560 242
1859570 242
1859580 241
1859590 241
1859600 241
1859610 241
1859620 241
1859630 241
1859640 241
1859650 241
1859660 241
1859670 241
1859680 241
1859690 241
1859700 241
1859710 241
1859720 241
1859730 241
1859740 241
1859750 241
1859760 241
1859770 241
1859780 241
1859790 241
1859800 242
1859810 242
1859820 242
1859830 242
1859840 242
1859850 242
1859860 242
1859870 242
1859880 242
1859890 242
1859900 242
1859910 242
1859920 242
1859930 242
1859940 242
1859950 242
1859960 242
1859970 242
1859980 241
1859990 241
