1840000 250
1840010 248
1840020 243
1840030 243
1840040 241
1840050 240
1840060 240
1840070 238
1840080 238
1840090 237
1840100 236
1840110 236
1840120 236
1840130 237
1840140 237
1840150 239
1840160 242
1840170 242
1840180 243
1840190 243
1840200 243
1840210 244
1840220 245
1840230 245
1840240 246
1840250 247
1840260 247
1840270 247
1840280 247
1840290 247
1840300 247
1840310 247
1840320 247
1840330 248
1840340 249
1840350 249
1840360 250
1840370 251
1840380 251
1840390 252
1840400 253
1840410 253
1840420 254
1840430 255
1840440 255
1840450 255
1840460 256
1840470 256
1840480 257
1840490 258
1840500 258
1840510 259
1840520 260
1840530 260
1840540 261
1840550 261
1840560 261
1840570 262
1840580 263
1840590 263
1840600 263
1840610 264
1840620 264
1840630 264
1840640 264
1840650 264
1840660 265
1840670 265
1840680 265
1840690 266
1840700 266
1840710 266
1840720 266
1840730 267
1840740 267
1840750 267
1840760 267
1840770 267
1840780 267
1840790 268
1840800 268
1840810 268
1840820 268
1840830 268
1840840 268
1840850 268
1840860 268
1840870 268
1840880 268
1840890 268
1840900 268
1840910 268
1840920 268
1840930 269
1840940 269
1840950 269
1840960 269
1840970 269
1840980 269
1840990 269
1841000 269
1841010 269
1841020 269
1841030 269
1841040 269
1841050 269
1841060 269
1841070 269
1841080 269
1841090 269
1841100 269
1841110 269
1841120 269
1841130 268
1841140 269
1841150 269
1841160 269
1841170 269
1841180 269
1841190 269
1841200 268
1841210 268
1841220 269
1841230 269
1841240 269
1841250 269
1841260 269
1841270 269
1841280 269
1841290 269
1841300 269
1841310 268
1841320 268
1841330 268
1841340 268
1841350 268
1841360 268
1841370 268
1841380 267
1841390 267
1841400 267
1841410 267
1841420 267
1841430 267
1841440 266
1841450 266
1841460 266
1841470 265
1841480 265
1841490 265
1841500 264
1841510 264
1841520 264
1841530 263
1841540 263
1841550 263
1841560 263
1841570 263
1841580 262
1841590 262
1841600 262
1841610 262
1841620 263
1841630 263
1841640 264
1841650 265
1841660 265
1841670 265
1841680 265
1841690 265
1841700 265
1841710 265
1841720 265
1841730 266
1841740 267
1841750 267
1841760 266
1841770 266
1841780 266
1841790 266
1841800 267
1841810 267
1841820 267
1841830 268
1841840 268
1841850 268
1841860 268
1841870 269
1841880 269
1841890 269
1841900 270
1841910 270
1841920 270
1841930 271
1841940 271
1841950 271
1841960 271
1841970 272
1841980 272
1841990 272
1842000 272
1842010 272
1842020 273
1842030 273
1842040 273
1842050 273
1842060 274
1842070 274
1842080 274
1842090 274
1842100 274
1842110 274
1842120 275
1842130 275
1842140 275
1842150 275
1842160 275
1842170 275
1842180 276
1842190 276
1842200 275
1842210 276
1842220 276
1842230 276
1842240 276
1842250 276
1842260 276
1842270 276
1842280 276
1842290 275
1842300 275
1842310 275
1842320 275
1842330 274
1842340 274
1842350 274
1842360 274
1842370 274
1842380 274
1842390 274
1842400 274
1842410 275
1842420 275
1842430 275
1842440 276
1842450 276
1842460 276
1842470 276
1842480 277
1842490 277
1842500 277
1842510 278
1842520 278
1842530 278
1842540 278
1842550 278
1842560 278
1842570 278
1842580 278
1842590 278
1842600 278
1842610 278
1842620 279
1842630 279
1842640 279
1842650 278
1842660 277
1842670 277
1842680 276
1842690 275
1842700 275
1842710 273
1842720 272
1842730 272
1842740 270
1842750 270
1842760 269
1842770 267
1842780 267
1842790 266
1842800 264
1842810 264
1842820 263
1842830 263
1842840 263
1842850 263
1842860 263
1842870 263
1842880 263
1842890 263
1842900 263
1842910 262
1842920 262
1842930 262
1842940 261
1842950 261
1842960 261
1842970 260
1842980 258
1842990 258
1843000 255
1843010 254
1843020 254
1843030 255
1843040 254
1843050 254
1843060 253
1843070 252
1843080 252
1843090 251
1843100 250
1843110 250
1843120 249
1843130 248
1843140 248
1843150 248
1843160 247
1843170 247
1843180 246
1843190 245
1843200 245
1843210 244
1843220 243
1843230 243
1843240 242
1843250 241
1843260 241
1843270 241
1843280 240
1843290 240
1843300 240
1843310 239
1843320 239
1843330 239
1843340 238
1843350 238
1843360 238
1843370 238
1843380 238
1843390 238
1843400 238
1843410 238
1843420 238
1843430 239
1843440 239
1843450 241
1843460 242
1843470 242
1843480 243
1843490 245
1843500 245
1843510 245
1843520 246
1843530 246
1843540 247
1843550 247
1843560 246
1843570 247
1843580 247
1843590 247
1843600 247
1843610 247
1843620 247
1843630 246
1843640 246
1843650 246
1843660 246
1843670 246
1843680 246
1843690 246
1843700 246
1843710 245
1843720 245
1843730 245
1843740 244
1843750 244
1843760 244
1843770 243
1843780 243
1843790 243
1843800 242
1843810 242
1843820 242
1843830 241
1843840 240
1843850 240
1843860 239
1843870 238
1843880 238
1843890 237
1843900 236
1843910 236
1843920 235
1843930 234
1843940 234
1843950 233
1843960 232
1843970 232
1843980 232
1843990 231
1844000 231
1844010 231
1844020 231
1844030 231
1844040 232
1844050 232
1844060 232
1844070 233
1844080 234
1844090 234
1844100 235
1844110 236
1844120 236
1844130 238
1844140 240
1844150 240
1844160 243
1844170 245
1844180 245
1844190 247
1844200 249
1844210 249
1844220 250
1844230 251
1844240 251
1844250 253
1844260 254
1844270 254
1844280 255
1844290 256
1844300 256
1844310 257
1844320 257
1844330 257
1844340 258
1844350 258
1844360 258
1844370 258
1844380 258
1844390 258
1844400 258
1844410 258
1844420 258
1844430 258
1844440 258
1844450 258
1844460 257
1844470 257
1844480 257
1844490 257
1844500 257
1844510 257
1844520 257
1844530 257
1844540 257
1844550 257
1844560 257
1844570 258
1844580 258
1844590 258
1844600 259
1844610 260
1844620 260
1844630 261
1844640 262
1844650 262
1844660 262
1844670 263
1844680 263
1844690 264
1844700 265
1844710 265
1844720 266
1844730 266
1844740 266
1844750 267
1844760 268
1844770 268
1844780 268
1844790 268
1844800 268
1844810 269
1844820 269
1844830 269
1844840 269
1844850 269
1844860 269
1844870 268
1844880 268
1844890 268
1844900 268
1844910 267
1844920 267
1844930 266
1844940 265
1844950 265
1844960 264
1844970 263
1844980 263
1844990 263
1845000 262
1845010 260
1845020 260
1845030 259
1845040 259
1845050 259
1845060 258
1845070 258
1845080 257
1845090 256
1845100 256
1845110 256
1845120 255
1845130 255
1845140 256
1845150 256
1845160 256
1845170 256
1845180 256
1845190 256
1845200 256
1845210 256
1845220 256
1845230 256
1845240 256
1845250 256
1845260 256
1845270 255
1845280 255
1845290 254
1845300 253
1845310 253
1845320 251
1845330 250
1845340 250
1845350 249
1845360 250
1845370 249
1845380 249
1845390 251
1845400 251
1845410 252
1845420 252
1845430 253
1845440 253
1845450 253
1845460 253
1845470 252
1845480 252
1845490 251
1845500 249
1845510 249
1845520 248
1845530 247
1845540 247
1845550 246
1845560 246
1845570 246
1845580 246
1845590 247
1845600 247
1845610 248
1845620 250
1845630 250
1845640 252
1845650 254
1845660 254
1845670 256
1845680 258
1845690 258
1845700 259
1845710 260
1845720 260
1845730 259
1845740 260
1845750 260
1845760 260
1845770 260
1845780 260
1845790 260
1845800 261
1845810 261
1845820 261
1845830 262
1845840 262
1845850 262
1845860 262
1845870 262
1845880 263
1845890 263
1845900 263
1845910 263
1845920 264
1845930 264
1845940 264
1845950 264
1845960 264
1845970 264
1845980 264
1845990 264
1846000 264
1846010 264
1846020 264
1846030 263
1846040 263
1846050 263
1846060 262
1846070 260
1846080 260
1846090 258
1846100 257
1846110 257
1846120 256
1846130 255
1846140 255
1846150 255
1846160 255
1846170 255
1846180 256
1846190 258
1846200 258
1846210 260
1846220 263
1846230 263
1846240 267
1846250 270
1846260 270
1846270 272
1846280 275
1846290 275
1846300 277
1846310 277
1846320 278
1846330 279
1846340 279
1846350 280
1846360 280
1846370 280
1846380 281
1846390 281
1846400 281
1846410 281
1846420 281
1846430 281
1846440 281
1846450 280
1846460 280
1846470 280
1846480 279
1846490 279
1846500 279
1846510 279
1846520 279
1846530 279
1846540 279
1846550 279
1846560 278
1846570 278
1846580 278
1846590 278
1846600 277
1846610 277
1846620 277
1846630 277
1846640 277
1846650 277
1846660 276
1846670 276
1846680 276
1846690 275
1846700 275
1846710 275
1846720 275
1846730 275
1846740 274
1846750 274
1846760 274
1846770 274
1846780 274
1846790 274
1846800 273
1846810 273
1846820 273
1846830 273
1846840 272
1846850 272
1846860 272
1846870 272
1846880 272
1846890 272
1846900 271
1846910 271
1846920 271
1846930 271
1846940 271
1846950 271
1846960 270
1846970 270
1846980 270
1846990 270
1847000 270
1847010 269
1847020 269
1847030 269
1847040 268
1847050 268
1847060 268
1847070 267
1847080 266
1847090 266
1847100 266
1847110 265
1847120 265
1847130 264
1847140 263
1847150 263
1847160 262
1847170 260
1847180 260
1847190 259
1847200 259
1847210 258
1847220 257
1847230 257
1847240 256
1847250 255
1847260 255
1847270 253
1847280 252
1847290 252
1847300 252
1847310 251
1847320 251
1847330 251
1847340 251
1847350 251
1847360 250
1847370 249
1847380 249
1847390 249
1847400 249
1847410 249
1847420 250
1847430 250
1847440 250
1847450 253
1847460 256
1847470 256
1847480 260
1847490 263
1847500 263
1847510 264
1847520 264
1847530 263
1847540 263
1847550 263
1847560 263
1847570 263
1847580 263
1847590 263
1847600 262
1847610 261
1847620 261
1847630 262
1847640 263
1847650 263
1847660 265
1847670 266
1847680 266
1847690 267
1847700 267
1847710 267
1847720 268
1847730 268
1847740 268
1847750 268
1847760 268
1847770 268
1847780 268
1847790 268
1847800 268
1847810 268
1847820 268
1847830 268
1847840 268
1847850 268
1847860 268
1847870 268
1847880 268
1847890 267
1847900 266
1847910 266
1847920 266
1847930 266
1847940 265
1847950 265
1847960 265
1847970 265
1847980 265
1847990 265
1848000 265
1848010 265
1848020 264
1848030 264
1848040 264
1848050 264
1848060 264
1848070 264
1848080 265
1848090 265
1848100 265
1848110 265
1848120 265
1848130 266
1848140 266
1848150 266
1848160 267
1848170 267
1848180 267
1848190 268
1848200 268
1848210 268
1848220 268
1848230 268
1848240 268
1848250 268
1848260 268
1848270 268
1848280 269
1848290 269
1848300 269
1848310 269
1848320 269
1848330 269
1848340 269
1848350 269
1848360 269
1848370 269
1848380 269
1848390 269
1848400 269
1848410 269
1848420 269
1848430 269
1848440 269
1848450 269
1848460 269
1848470 269
1848480 269
1848490 269
1848500 268
1848510 268
1848520 268
1848530 268
1848540 268
1848550 268
1848560 268
1848570 268
1848580 268
1848590 268
1848600 268
1848610 268
1848620 268
1848630 268
1848640 268
1848650 267
1848660 267
1848670 267
1848680 267
1848690 267
1848700 266
1848710 266
1848720 266
1848730 265
1848740 264
1848750 264
1848760 264
1848770 263
1848780 263
1848790 263
1848800 262
1848810 262
1848820 262
1848830 261
1848840 261
1848850 261
1848860 260
1848870 260
1848880 260
1848890 259
1848900 259
1848910 259
1848920 258
1848930 258
1848940 258
1848950 258
1848960 258
1848970 257
1848980 257
1848990 257
1849000 256
1849010 256
1849020 256
1849030 256
1849040 256
1849050 255
1849060 255
1849070 255
1849080 255
1849090 255
1849100 255
1849110 255
1849120 254
1849130 254
1849140 254
1849150 253
1849160 253
1849170 253
1849180 253
1849190 253
1849200 252
1849210 252
1849220 252
1849230 252
1849240 251
1849250 251
1849260 250
1849270 249
1849280 249
1849290 249
1849300 248
1849310 248
1849320 248
1849330 248
1849340 248
1849350 248
1849360 248
1849370 248
1849380 248
1849390 248
1849400 248
1849410 248
1849420 248
1849430 248
1849440 246
1849450 246
1849460 246
1849470 246
1849480 245
1849490 245
1849500 245
1849510 245
1849520 245
1849530 245
1849540 243
1849550 243
1849560 240
1849570 239
1849580 239
1849590 238
1849600 238
1849610 238
1849620 237
1849630 237
1849640 237
1849650 236
1849660 235
1849670 235
1849680 235
1849690 234
1849700 234
1849710 233
1849720 232
1849730 232
1849740 231
1849750 230
1849760 230
1849770 230
1849780 229
1849790 229
1849800 229
1849810 229
1849820 229
1849830 229
1849840 229
1849850 229
1849860 229
1849870 229
1849880 229
1849890 230
1849900 230
1849910 229
1849920 228
1849930 228
1849940 230
1849950 232
1849960 232
1849970 228
1849980 228
1849990 228
1850000 228
1850010 228
1850020 228
1850030 227
1850040 226
1850050 226
1850060 227
1850070 227
1850080 227
1850090 227
1850100 227
1850110 227
1850120 227
1850130 227
1850140 227
1850150 227
1850160 228
1850170 228
1850180 228
1850190 229
1850200 229
1850210 229
1850220 229
1850230 229
1850240 229
1850250 230
1850260 230
1850270 231
1850280 232
1850290 232
1850300 232
1850310 232
1850320 232
1850330 232
1850340 233
1850350 233
1850360 236
1850370 237
1850380 237
1850390 237
1850400 236
1850410 236
1850420 235
1850430 235
1850440 235
1850450 235
1850460 235
1850470 235
1850480 234
1850490 233
1850500 233
1850510 229
1850520 228
1850530 228
1850540 228
1850550 228
1850560 228
1850570 227
1850580 227
1850590 227
1850600 227
1850610 227
1850620 227
1850630 227
1850640 227
1850650 227
1850660 226
1850670 226
1850680 226
1850690 226
1850700 226
1850710 226
1850720 226
1850730 226
1850740 226
1850750 226
1850760 226
1850770 227
1850780 227
1850790 227
1850800 225
1850810 224
1850820 224
1850830 224
1850840 224
1850850 224
1850860 224
1850870 223
1850880 223
1850890 221
1850900 220
1850910 220
1850920 220
1850930 220
1850940 220
1850950 221
1850960 221
1850970 221
1850980 221
1850990 221
1851000 221
1851010 221
1851020 221
1851030 221
1851040 221
1851050 221
1851060 221
1851070 221
1851080 220
1851090 220
1851100 220
1851110 220
1851120 220
1851130 220
1851140 220
1851150 220
1851160 220
1851170 220
1851180 220
1851190 220
1851200 220
1851210 220
1851220 220
1851230 220
1851240 220
1851250 220
1851260 220
1851270 220
1851280 220
1851290 220
1851300 220
1851310 220
1851320 220
1851330 220
1851340 220
1851350 220
1851360 220
1851370 220
1851380 221
1851390 221
1851400 221
1851410 221
1851420 221
1851430 221
1851440 221
1851450 221
1851460 220
1851470 220
1851480 220
1851490 221
1851500 221
1851510 221
1851520 221
1851530 221
1851540 221
1851550 221
1851560 222
1851570 222
1851580 222
1851590 222
1851600 222
1851610 222
1851620 222
1851630 222
1851640 223
1851650 223
1851660 223
1851670 223
1851680 223
1851690 222
1851700 222
1851710 222
1851720 221
1851730 221
1851740 221
1851750 221
1851760 221
1851770 221
1851780 221
1851790 221
1851800 221
1851810 221
1851820 221
1851830 221
1851840 221
1851850 222
1851860 222
1851870 223
1851880 224
1851890 224
1851900 225
1851910 227
1851920 227
1851930 228
1851940 228
1851950 228
1851960 229
1851970 229
1851980 229
1851990 229
1852000 228
1852010 228
1852020 228
1852030 228
1852040 228
1852050 229
1852060 229
1852070 229
1852080 230
1852090 232
1852100 232
1852110 233
1852120 234
1852130 234
1852140 236
1852150 237
1852160 237
1852170 239
1852180 241
1852190 241
1852200 243
1852210 246
1852220 246
1852230 249
1852240 250
1852250 250
1852260 251
1852270 253
1852280 253
1852290 254
1852300 254
1852310 254
1852320 255
1852330 256
1852340 256
1852350 256
1852360 257
1852370 257
1852380 257
1852390 257
1852400 257
1852410 256
1852420 256
1852430 256
1852440 256
1852450 256
1852460 256
1852470 256
1852480 256
1852490 256
1852500 256
1852510 255
1852520 255
1852530 255
1852540 255
1852550 254
1852560 254
1852570 254
1852580 254
1852590 254
1852600 254
1852610 254
1852620 253
1852630 253
1852640 253
1852650 253
1852660 253
1852670 252
1852680 252
1852690 252
1852700 252
1852710 252
1852720 252
1852730 251
1852740 251
1852750 251
1852760 250
1852770 250
1852780 250
1852790 249
1852800 248
1852810 248
1852820 248
1852830 247
1852840 247
1852850 246
1852860 245
1852870 245
1852880 244
1852890 243
1852900 243
1852910 242
1852920 241
1852930 241
1852940 241
1852950 240
1852960 240
1852970 239
1852980 238
1852990 238
1853000 237
1853010 236
1853020 236
1853030 235
1853040 234
1853050 234
1853060 234
1853070 233
1853080 233
1853090 232
1853100 232
1853110 232
1853120 231
1853130 231
1853140 231
1853150 231
1853160 230
1853170 230
1853180 230
1853190 230
1853200 230
1853210 231
1853220 233
1853230 233
1853240 234
1853250 236
1853260 236
1853270 238
1853280 240
1853290 240
1853300 241
1853310 243
1853320 243
1853330 244
1853340 245
1853350 245
1853360 245
1853370 246
1853380 246
1853390 247
1853400 248
1853410 248
1853420 249
1853430 249
1853440 250
1853450 250
1853460 250
1853470 250
1853480 251
1853490 251
1853500 251
1853510 251
1853520 251
1853530 252
1853540 252
1853550 252
1853560 252
1853570 252
1853580 252
1853590 252
1853600 252
1853610 252
1853620 252
1853630 252
1853640 252
1853650 252
1853660 252
1853670 252
1853680 253
1853690 253
1853700 253
1853710 254
1853720 254
1853730 254
1853740 254
1853750 255
1853760 255
1853770 255
1853780 256
1853790 256
1853800 256
1853810 256
1853820 256
1853830 257
1853840 257
1853850 257
1853860 258
1853870 258
1853880 258
1853890 259
1853900 259
1853910 259
1853920 260
1853930 260
1853940 261
1853950 261
1853960 262
1853970 262
1853980 263
1853990 263
1854000 263
1854010 264
1854020 264
1854030 264
1854040 264
1854050 265
1854060 265
1854070 265
1854080 266
1854090 266
1854100 266
1854110 266
1854120 266
1854130 267
1854140 267
1854150 267
1854160 267
1854170 268
1854180 268
1854190 268
1854200 268
1854210 268
1854220 268
1854230 268
1854240 268
1854250 268
1854260 268
1854270 268
1854280 268
1854290 268
1854300 268
1854310 268
1854320 268
1854330 267
1854340 267
1854350 267
1854360 266
1854370 266
1854380 266
1854390 265
1854400 265
1854410 265
1854420 264
1854430 263
1854440 263
1854450 263
1854460 263
1854470 263
1854480 263
1854490 264
1854500 264
1854510 264
1854520 265
1854530 265
1854540 265
1854550 266
1854560 266
1854570 266
1854580 267
1854590 267
1854600 267
1854610 267
1854620 267
1854630 267
1854640 268
1854650 268
1854660 269
1854670 269
1854680 269
1854690 269
1854700 269
1854710 269
1854720 269
1854730 269
1854740 269
1854750 269
1854760 269
1854770 269
1854780 269
1854790 269
1854800 269
1854810 269
1854820 268
1854830 268
1854840 267
1854850 267
1854860 267
1854870 266
1854880 265
1854890 265
1854900 263
1854910 262
1854920 262
1854930 260
1854940 259
1854950 259
1854960 257
1854970 256
1854980 256
1854990 254
1855000 254
1855010 254
1855020 253
1855030 252
1855040 252
1855050 251
1855060 250
1855070 250
1855080 249
1855090 248
1855100 248
1855110 247
1855120 246
1855130 246
1855140 246
1855150 246
1855160 246
1855170 245
1855180 245
1855190 246
1855200 246
1855210 246
1855220 245
1855230 245
1855240 245
1855250 245
1855260 245
1855270 245
1855280 246
1855290 247
1855300 247
1855310 248
1855320 248
1855330 248
1855340 248
1855350 251
1855360 251
1855370 252
1855380 253
1855390 253
1855400 254
1855410 255
1855420 255
1855430 255
1855440 256
1855450 256
1855460 260
1855470 261
1855480 261
1855490 264
1855500 267
1855510 267
1855520 267
1855530 268
1855540 268
1855550 272
1855560 273
1855570 273
1855580 273
1855590 273
1855600 273
1855610 273
1855620 273
1855630 273
1855640 273
1855650 273
1855660 273
1855670 273
1855680 273
1855690 273
1855700 273
1855710 273
1855720 273
1855730 272
1855740 271
1855750 271
1855760 270
1855770 269
1855780 269
1855790 267
1855800 265
1855810 265
1855820 264
1855830 263
1855840 263
1855850 261
1855860 260
1855870 260
1855880 259
1855890 258
1855900 258
1855910 258
1855920 257
1855930 257
1855940 256
1855950 255
1855960 255
1855970 254
1855980 253
1855990 253
1856000 252
1856010 252
1856020 252
1856030 251
1856040 251
1856050 251
1856060 251
1856070 251
1856080 250
1856090 250
1856100 250
1856110 250
1856120 251
1856130 251
1856140 251
1856150 251
1856160 251
1856170 251
1856180 252
1856190 252
1856200 252
1856210 253
1856220 253
1856230 253
1856240 254
1856250 254
1856260 255
1856270 256
1856280 256
1856290 256
1856300 257
1856310 257
1856320 258
1856330 259
1856340 259
1856350 260
1856360 260
1856370 260
1856380 261
1856390 262
1856400 262
1856410 262
1856420 263
1856430 263
1856440 264
1856450 265
1856460 265
1856470 266
1856480 267
1856490 267
1856500 267
1856510 268
1856520 268
1856530 268
1856540 269
1856550 269
1856560 270
1856570 271
1856580 271
1856590 271
1856600 272
1856610 272
1856620 272
1856630 273
1856640 273
1856650 274
1856660 274
1856670 274
1856680 275
1856690 275
1856700 275
1856710 276
1856720 277
1856730 277
1856740 277
1856750 278
1856760 278
1856770 278
1856780 279
1856790 279
1856800 279
1856810 280
1856820 280
1856830 280
1856840 280
1856850 280
1856860 280
1856870 280
1856880 280
1856890 280
1856900 280
1856910 280
1856920 280
1856930 280
1856940 280
1856950 281
1856960 281
1856970 281
1856980 280
1856990 280
1857000 280
1857010 279
1857020 279
1857030 279
1857040 278
1857050 278
1857060 277
1857070 276
1857080 276
1857090 274
1857100 273
1857110 272
1857120 271
1857130 269
1857140 269
1857150 268
1857160 266
1857170 266
1857180 265
1857190 264
1857200 264
1857210 263
1857220 261
1857230 261
1857240 260
1857250 258
1857260 258
1857270 257
1857280 255
1857290 255
1857300 255
1857310 256
1857320 256
1857330 257
1857340 259
1857350 259
1857360 260
1857370 261
1857380 261
1857390 261
1857400 260
1857410 260
1857420 259
1857430 259
1857440 259
1857450 258
1857460 257
1857470 257
1857480 257
1857490 257
1857500 257
1857510 257
1857520 257
1857530 257
1857540 257
1857550 257
1857560 257
1857570 257
1857580 258
1857590 258
1857600 258
1857610 257
1857620 257
1857630 258
1857640 258
1857650 258
1857660 258
1857670 259
1857680 259
1857690 261
1857700 263
1857710 263
1857720 264
1857730 266
1857740 266
1857750 268
1857760 269
1857770 269
1857780 270
1857790 271
1857800 271
1857810 271
1857820 271
1857830 271
1857840 271
1857850 271
1857860 271
1857870 271
1857880 271
1857890 271
1857900 271
1857910 271
1857920 271
1857930 272
1857940 272
1857950 272
1857960 272
1857970 272
1857980 272
1857990 272
1858000 272
1858010 273
1858020 273
1858030 273
1858040 274
1858050 274
1858060 274
1858070 273
1858080 273
1858090 273
1858100 273
1858110 272
1858120 272
1858130 272
1858140 271
1858150 271
1858160 269
1858170 269
1858180 269
1858190 268
1858200 267
1858210 267
1858220 267
1858230 266
1858240 266
1858250 265
1858260 264
1858270 264
1858280 263
1858290 262
1858300 262
1858310 261
1858320 260
1858330 260
1858340 259
1858350 258
1858360 258
1858370 257
1858380 256
1858390 256
1858400 255
1858410 254
1858420 254
1858430 253
1858440 252
1858450 252
1858460 250
1858470 249
1858480 249
1858490 247
1858500 246
1858510 245
1858520 244
1858530 243
1858540 243
1858550 242
1858560 241
1858570 241
1858580 240
1858590 240
1858600 240
1858610 239
1858620 237
1858630 237
1858640 236
1858650 235
1858660 235
1858670 235
1858680 235
1858690 234
1858700 234
1858710 234
1858720 233
1858730 233
1858740 233
1858750 234
1858760 235
1858770 235
1858780 236
1858790 238
1858800 238
1858810 239
1858820 241
1858830 241
1858840 242
1858850 242
1858860 242
1858870 241
1858880 240
1858890 240
1858900 239
1858910 238
1858920 238
1858930 237
1858940 236
1858950 236
1858960 235
1858970 234
1858980 234
1858990 233
1859000 232
1859010 232
1859020 231
1859030 231
1859040 231
1859050 231
1859060 231
1859070 231
1859080 230
1859090 230
1859100 230
1859110 230
1859120 231
1859130 231
1859140 231
1859150 232
1859160 232
1859170 233
1859180 233
1859190 233
1859200 233
1859210 233
1859220 233
1859230 233
1859240 233
1859250 233
1859260 233
1859270 233
1859280 233
1859290 232
1859300 232
1859310 232
1859320 232
1859330 231
1859340 231
1859350 230
1859360 229
1859370 229
1859380 228
1859390 227
1859400 227
1859410 226
1859420 224
1859430 224
1859440 223
1859450 224
1859460 224
1859470 224
1859480 224
1859490 224
1859500 224
1859510 224
1859520 224
1859530 224
1859540 224
1859550 223
1859560 223
1859570 223
1859580 222
1859590 222
1859600 222
1859610 222
1859620 223
1859630 223
1859640 222
1859650 222
1859660 222
1859670 222
1859680 221
1859690 221
1859700 221
1859710 221
1859720 221
1859730 221
1859740 221
1859750 221
1859760 221
1859770 220
1859780 220
1859790 220
1859800 220
1859810 220
1859820 221
1859830 221
1859840 221
1859850 221
1859860 221
1859870 221
1859880 221
1859890 221
1859900 221
1859910 222
1859920 222
1859930 222
1859940 222
1859950 222
1859960 222
1859970 222
1859980 222
1859990 222
