1840000 251
1840010 249
1840020 249
1840030 247
1840040 246
1840050 246
1840060 244
1840070 243
1840080 243
1840090 241
1840100 240
1840110 240
1840120 239
1840130 240
1840140 240
1840150 242
1840160 244
1840170 244
1840180 246
1840190 248
1840200 248
1840210 249
1840220 250
1840230 250
1840240 251
1840250 252
1840260 252
1840270 252
1840280 253
1840290 253
1840300 254
1840310 254
1840320 254
1840330 255
1840340 256
1840350 256
1840360 257
1840370 257
1840380 257
1840390 258
1840400 259
1840410 259
1840420 259
1840430 259
1840440 259
1840450 259
1840460 260
1840470 260
1840480 260
1840490 260
1840500 260
1840510 261
1840520 261
1840530 261
1840540 262
1840550 262
1840560 263
1840570 264
1840580 264
1840590 264
1840600 265
1840610 265
1840620 266
1840630 266
1840640 266
1840650 266
1840660 266
1840670 266
1840680 267
1840690 267
1840700 267
1840710 267
1840720 267
1840730 267
1840740 268
1840750 268
1840760 268
1840770 269
1840780 269
1840790 269
1840800 270
1840810 270
1840820 270
1840830 270
1840840 271
1840850 271
1840860 271
1840870 271
1840880 271
1840890 271
1840900 272
1840910 272
1840920 272
1840930 272
1840940 272
1840950 272
1840960 273
1840970 273
1840980 273
1840990 273
1841000 273
1841010 273
1841020 274
1841030 274
1841040 274
1841050 274
1841060 274
1841070 274
1841080 274
1841090 274
1841100 274
1841110 274
1841120 274
1841130 274
1841140 274
1841150 274
1841160 274
1841170 274
1841180 274
1841190 274
1841200 274
1841210 274
1841220 274
1841230 274
1841240 274
1841250 274
1841260 274
1841270 274
1841280 274
1841290 274
1841300 274
1841310 274
1841320 274
1841330 274
1841340 274
1841350 274
1841360 274
1841370 275
1841380 275
1841390 275
1841400 276
1841410 276
1841420 276
1841430 276
1841440 276
1841450 276
1841460 276
1841470 276
1841480 276
1841490 275
1841500 275
1841510 275
1841520 275
1841530 275
1841540 275
1841550 275
1841560 275
1841570 275
1841580 275
1841590 275
1841600 274
1841610 274
1841620 274
1841630 274
1841640 274
1841650 274
1841660 274
1841670 274
1841680 274
1841690 273
1841700 273
1841710 273
1841720 273
1841730 273
1841740 273
1841750 273
1841760 273
1841770 273
1841780 273
1841790 273
1841800 273
1841810 273
1841820 273
1841830 273
1841840 274
1841850 274
1841860 274
1841870 274
1841880 273
1841890 273
1841900 273
1841910 274
1841920 274
1841930 274
1841940 274
1841950 274
1841960 274
1841970 275
1841980 275
1841990 275
1842000 276
1842010 276
1842020 276
1842030 276
1842040 276
1842050 277
1842060 277
1842070 277
1842080 277
1842090 277
1842100 277
1842110 277
1842120 277
1842130 277
1842140 277
1842150 277
1842160 277
1842170 277
1842180 277
1842190 277
1842200 277
1842210 277
1842220 277
1842230 276
1842240 277
1842250 277
1842260 277
1842270 277
1842280 277
1842290 278
1842300 278
1842310 278
1842320 278
1842330 278
1842340 278
1842350 278
1842360 278
1842370 279
1842380 279
1842390 279
1842400 278
1842410 278
1842420 278
1842430 277
1842440 277
1842450 277
1842460 277
1842470 277
1842480 277
1842490 276
1842500 276
1842510 276
1842520 275
1842530 274
1842540 274
1842550 273
1842560 272
1842570 272
1842580 271
1842590 269
1842600 269
1842610 268
1842620 266
1842630 266
1842640 264
1842650 263
1842660 263
1842670 261
1842680 260
1842690 260
1842700 259
1842710 258
1842720 258
1842730 257
1842740 256
1842750 256
1842760 256
1842770 258
1842780 258
1842790 258
1842800 258
1842810 258
1842820 257
1842830 256
1842840 256
1842850 256
1842860 256
1842870 256
1842880 257
1842890 258
1842900 258
1842910 259
1842920 261
1842930 261
1842940 262
1842950 262
1842960 262
1842970 262
1842980 262
1842990 262
1843000 259
1843010 260
1843020 260
1843030 259
1843040 258
1843050 258
1843060 257
1843070 256
1843080 256
1843090 256
1843100 256
1843110 256
1843120 256
1843130 256
1843140 256
1843150 257
1843160 257
1843170 258
1843180 258
1843190 258
1843200 259
1843210 260
1843220 260
1843230 261
1843240 262
1843250 262
1843260 262
1843270 263
1843280 263
1843290 264
1843300 264
1843310 264
1843320 264
1843330 264
1843340 264
1843350 264
1843360 264
1843370 264
1843380 263
1843390 263
1843400 263
1843410 262
1843420 262
1843430 262
1843440 262
1843450 261
1843460 261
1843470 261
1843480 260
1843490 260
1843500 259
1843510 258
1843520 258
1843530 257
1843540 256
1843550 256
1843560 256
1843570 254
1843580 254
1843590 253
1843600 251
1843610 251
1843620 250
1843630 248
1843640 248
1843650 247
1843660 246
1843670 246
1843680 245
1843690 244
1843700 244
1843710 244
1843720 243
1843730 243
1843740 243
1843750 242
1843760 242
1843770 242
1843780 242
1843790 242
1843800 242
1843810 241
1843820 241
1843830 241
1843840 241
1843850 241
1843860 240
1843870 240
1843880 240
1843890 240
1843900 240
1843910 240
1843920 240
1843930 241
1843940 241
1843950 243
1843960 244
1843970 244
1843980 245
1843990 245
1844000 245
1844010 245
1844020 245
1844030 245
1844040 245
1844050 245
1844060 245
1844070 244
1844080 244
1844090 243
1844100 243
1844110 243
1844120 241
1844130 240
1844140 240
1844150 239
1844160 237
1844170 237
1844180 237
1844190 237
1844200 237
1844210 238
1844220 239
1844230 239
1844240 240
1844250 242
1844260 242
1844270 243
1844280 245
1844290 245
1844300 246
1844310 248
1844320 248
1844330 249
1844340 250
1844350 250
1844360 251
1844370 252
1844380 252
1844390 253
1844400 255
1844410 255
1844420 256
1844430 257
1844440 257
1844450 259
1844460 260
1844470 260
1844480 262
1844490 263
1844500 263
1844510 264
1844520 266
1844530 266
1844540 268
1844550 270
1844560 270
1844570 272
1844580 274
1844590 274
1844600 275
1844610 277
1844620 277
1844630 278
1844640 279
1844650 279
1844660 279
1844670 280
1844680 280
1844690 282
1844700 283
1844710 283
1844720 283
1844730 283
1844740 283
1844750 283
1844760 283
1844770 283
1844780 283
1844790 283
1844800 283
1844810 283
1844820 283
1844830 283
1844840 283
1844850 283
1844860 283
1844870 284
1844880 284
1844890 284
1844900 285
1844910 285
1844920 285
1844930 286
1844940 286
1844950 285
1844960 285
1844970 285
1844980 286
1844990 286
1845000 286
1845010 287
1845020 287
1845030 287
1845040 286
1845050 286
1845060 286
1845070 285
1845080 284
1845090 284
1845100 283
1845110 282
1845120 282
1845130 280
1845140 278
1845150 278
1845160 277
1845170 276
1845180 276
1845190 275
1845200 274
1845210 274
1845220 273
1845230 272
1845240 272
1845250 271
1845260 269
1845270 269
1845280 268
1845290 266
1845300 266
1845310 263
1845320 261
1845330 261
1845340 260
1845350 262
1845360 262
1845370 265
1845380 268
1845390 268
1845400 270
1845410 271
1845420 271
1845430 271
1845440 271
1845450 271
1845460 271
1845470 270
1845480 270
1845490 269
1845500 267
1845510 267
1845520 265
1845530 264
1845540 264
1845550 263
1845560 263
1845570 263
1845580 264
1845590 264
1845600 264
1845610 264
1845620 264
1845630 264
1845640 263
1845650 262
1845660 262
1845670 260
1845680 257
1845690 257
1845700 255
1845710 255
1845720 255
1845730 255
1845740 255
1845750 255
1845760 255
1845770 255
1845780 255
1845790 256
1845800 257
1845810 257
1845820 258
1845830 259
1845840 259
1845850 260
1845860 260
1845870 260
1845880 261
1845890 261
1845900 261
1845910 262
1845920 262
1845930 263
1845940 263
1845950 263
1845960 264
1845970 265
1845980 265
1845990 266
1846000 266
1846010 266
1846020 267
1846030 266
1846040 266
1846050 266
1846060 265
1846070 265
1846080 265
1846090 265
1846100 265
1846110 266
1846120 267
1846130 267
1846140 268
1846150 270
1846160 270
1846170 271
1846180 273
1846190 273
1846200 274
1846210 275
1846220 275
1846230 277
1846240 278
1846250 278
1846260 279
1846270 279
1846280 279
1846290 280
1846300 280
1846310 280
1846320 280
1846330 280
1846340 280
1846350 280
1846360 280
1846370 280
1846380 280
1846390 280
1846400 280
1846410 280
1846420 281
1846430 281
1846440 281
1846450 282
1846460 282
1846470 282
1846480 282
1846490 282
1846500 282
1846510 283
1846520 283
1846530 283
1846540 283
1846550 283
1846560 283
1846570 283
1846580 283
1846590 284
1846600 284
1846610 284
1846620 283
1846630 283
1846640 283
1846650 283
1846660 282
1846670 282
1846680 282
1846690 281
1846700 281
1846710 281
1846720 280
1846730 280
1846740 280
1846750 279
1846760 278
1846770 278
1846780 278
1846790 277
1846800 276
1846810 276
1846820 275
1846830 274
1846840 274
1846850 273
1846860 273
1846870 273
1846880 272
1846890 271
1846900 271
1846910 270
1846920 269
1846930 269
1846940 268
1846950 267
1846960 267
1846970 267
1846980 266
1846990 266
1847000 265
1847010 264
1847020 264
1847030 263
1847040 263
1847050 263
1847060 262
1847070 262
1847080 262
1847090 262
1847100 262
1847110 263
1847120 263
1847130 263
1847140 263
1847150 263
1847160 262
1847170 262
1847180 262
1847190 261
1847200 261
1847210 261
1847220 260
1847230 260
1847240 259
1847250 257
1847260 257
1847270 256
1847280 256
1847290 256
1847300 255
1847310 254
1847320 254
1847330 254
1847340 253
1847350 253
1847360 253
1847370 253
1847380 253
1847390 252
1847400 252
1847410 252
1847420 252
1847430 254
1847440 254
1847450 256
1847460 258
1847470 255
1847480 256
1847490 259
1847500 259
1847510 262
1847520 265
1847530 265
1847540 268
1847550 269
1847560 269
1847570 270
1847580 271
1847590 271
1847600 272
1847610 273
1847620 273
1847630 273
1847640 274
1847650 274
1847660 274
1847670 274
1847680 275
1847690 275
1847700 275
1847710 275
1847720 275
1847730 275
1847740 276
1847750 276
1847760 276
1847770 276
1847780 276
1847790 276
1847800 277
1847810 277
1847820 277
1847830 276
1847840 276
1847850 276
1847860 276
1847870 275
1847880 275
1847890 275
1847900 275
1847910 275
1847920 275
1847930 275
1847940 275
1847950 275
1847960 275
1847970 275
1847980 274
1847990 274
1848000 274
1848010 274
1848020 274
1848030 274
1848040 274
1848050 274
1848060 274
1848070 274
1848080 273
1848090 273
1848100 273
1848110 273
1848120 273
1848130 273
1848140 273
1848150 273
1848160 272
1848170 272
1848180 272
1848190 272
1848200 272
1848210 272
1848220 272
1848230 271
1848240 271
1848250 271
1848260 271
1848270 271
1848280 270
1848290 270
1848300 270
1848310 270
1848320 269
1848330 269
1848340 269
1848350 268
1848360 268
1848370 268
1848380 267
1848390 267
1848400 267
1848410 266
1848420 266
1848430 266
1848440 266
1848450 266
1848460 265
1848470 265
1848480 265
1848490 265
1848500 264
1848510 264
1848520 264
1848530 264
1848540 264
1848550 264
1848560 264
1848570 263
1848580 263
1848590 263
1848600 263
1848610 263
1848620 263
1848630 262
1848640 262
1848650 262
1848660 262
1848670 262
1848680 262
1848690 262
1848700 261
1848710 261
1848720 261
1848730 261
1848740 261
1848750 261
1848760 260
1848770 260
1848780 260
1848790 260
1848800 260
1848810 260
1848820 260
1848830 260
1848840 260
1848850 260
1848860 260
1848870 260
1848880 260
1848890 260
1848900 260
1848910 260
1848920 260
1848930 260
1848940 260
1848950 260
1848960 260
1848970 260
1848980 260
1848990 259
1849000 259
1849010 259
1849020 259
1849030 259
1849040 259
1849050 258
1849060 258
1849070 258
1849080 258
1849090 258
1849100 258
1849110 257
1849120 257
1849130 257
1849140 257
1849150 256
1849160 256
1849170 256
1849180 256
1849190 256
1849200 256
1849210 256
1849220 256
1849230 256
1849240 255
1849250 255
1849260 255
1849270 255
1849280 255
1849290 255
1849300 254
1849310 254
1849320 254
1849330 254
1849340 254
1849350 254
1849360 253
1849370 253
1849380 253
1849390 253
1849400 253
1849410 253
1849420 252
1849430 252
1849440 252
1849450 252
1849460 252
1849470 252
1849480 252
1849490 252
1849500 252
1849510 252
1849520 251
1849530 251
1849540 251
1849550 251
1849560 251
1849570 251
1849580 251
1849590 251
1849600 251
1849610 251
1849620 250
1849630 250
1849640 250
1849650 250
1849660 250
1849670 249
1849680 249
1849690 249
1849700 248
1849710 248
1849720 248
1849730 247
1849740 246
1849750 246
1849760 241
1849770 239
1849780 239
1849790 241
1849800 245
1849810 245
1849820 245
1849830 241
1849840 241
1849850 238
1849860 237
1849870 237
1849880 237
1849890 237
1849900 237
1849910 237
1849920 238
1849930 238
1849940 240
1849950 239
1849960 239
1849970 237
1849980 236
1849990 236
1850000 237
1850010 236
1850020 236
1850030 237
1850040 237
1850050 237
1850060 237
1850070 237
1850080 237
1850090 235
1850100 234
1850110 234
1850120 234
1850130 234
1850140 234
1850150 234
1850160 234
1850170 234
1850180 234
1850190 233
1850200 233
1850210 233
1850220 233
1850230 233
1850240 233
1850250 234
1850260 234
1850270 235
1850280 235
1850290 235
1850300 234
1850310 235
1850320 235
1850330 235
1850340 234
1850350 234
1850360 234
1850370 234
1850380 234
1850390 234
1850400 234
1850410 234
1850420 233
1850430 233
1850440 232
1850450 232
1850460 232
1850470 232
1850480 232
1850490 232
1850500 230
1850510 230
1850520 230
1850530 229
1850540 229
1850550 229
1850560 229
1850570 228
1850580 228
1850590 227
1850600 227
1850610 227
1850620 227
1850630 227
1850640 227
1850650 226
1850660 225
1850670 225
1850680 224
1850690 224
1850700 224
1850710 224
1850720 224
1850730 224
1850740 223
1850750 223
1850760 223
1850770 223
1850780 223
1850790 223
1850800 223
1850810 223
1850820 223
1850830 223
1850840 224
1850850 224
1850860 224
1850870 226
1850880 226
1850890 227
1850900 228
1850910 228
1850920 229
1850930 231
1850940 231
1850950 232
1850960 232
1850970 232
1850980 233
1850990 233
1851000 233
1851010 233
1851020 233
1851030 233
1851040 233
1851050 232
1851060 232
1851070 232
1851080 232
1851090 232
1851100 231
1851110 231
1851120 231
1851130 230
1851140 229
1851150 229
1851160 229
1851170 228
1851180 228
1851190 227
1851200 226
1851210 226
1851220 226
1851230 226
1851240 225
1851250 225
1851260 225
1851270 225
1851280 226
1851290 226
1851300 226
1851310 226
1851320 226
1851330 227
1851340 228
1851350 228
1851360 228
1851370 229
1851380 229
1851390 231
1851400 232
1851410 232
1851420 234
1851430 235
1851440 235
1851450 236
1851460 238
1851470 238
1851480 239
1851490 241
1851500 241
1851510 242
1851520 243
1851530 243
1851540 244
1851550 245
1851560 245
1851570 246
1851580 247
1851590 247
1851600 247
1851610 248
1851620 248
1851630 248
1851640 248
1851650 248
1851660 248
1851670 248
1851680 248
1851690 248
1851700 247
1851710 247
1851720 247
1851730 246
1851740 246
1851750 246
1851760 245
1851770 245
1851780 244
1851790 243
1851800 243
1851810 241
1851820 239
1851830 239
1851840 237
1851850 235
1851860 235
1851870 234
1851880 232
1851890 232
1851900 230
1851910 229
1851920 229
1851930 228
1851940 228
1851950 228
1851960 228
1851970 227
1851980 227
1851990 227
1852000 227
1852010 227
1852020 227
1852030 227
1852040 227
1852050 227
1852060 228
1852070 228
1852080 229
1852090 230
1852100 230
1852110 233
1852120 233
1852130 234
1852140 236
1852150 236
1852160 237
1852170 239
1852180 239
1852190 240
1852200 241
1852210 241
1852220 242
1852230 243
1852240 243
1852250 245
1852260 246
1852270 246
1852280 247
1852290 248
1852300 248
1852310 248
1852320 249
1852330 249
1852340 250
1852350 250
1852360 250
1852370 251
1852380 251
1852390 251
1852400 250
1852410 250
1852420 250
1852430 250
1852440 250
1852450 250
1852460 250
1852470 252
1852480 252
1852490 253
1852500 253
1852510 253
1852520 254
1852530 255
1852540 255
1852550 255
1852560 255
1852570 255
1852580 256
1852590 256
1852600 256
1852610 256
1852620 256
1852630 256
1852640 257
1852650 256
1852660 256
1852670 256
1852680 256
1852690 256
1852700 256
1852710 256
1852720 256
1852730 256
1852740 256
1852750 256
1852760 255
1852770 255
1852780 255
1852790 254
1852800 254
1852810 254
1852820 253
1852830 253
1852840 253
1852850 252
1852860 251
1852870 251
1852880 250
1852890 249
1852900 249
1852910 248
1852920 247
1852930 247
1852940 246
1852950 245
1852960 245
1852970 244
1852980 243
1852990 243
1853000 242
1853010 242
1853020 241
1853030 240
1853040 240
1853050 239
1853060 238
1853070 238
1853080 237
1853090 236
1853100 236
1853110 236
1853120 235
1853130 235
1853140 235
1853150 234
1853160 234
1853170 234
1853180 234
1853190 234
1853200 234
1853210 234
1853220 234
1853230 234
1853240 234
1853250 234
1853260 235
1853270 235
1853280 235
1853290 236
1853300 236
1853310 236
1853320 236
1853330 236
1853340 236
1853350 237
1853360 237
1853370 237
1853380 237
1853390 237
1853400 237
1853410 237
1853420 238
1853430 238
1853440 238
1853450 238
1853460 238
1853470 239
1853480 239
1853490 239
1853500 239
1853510 240
1853520 240
1853530 240
1853540 241
1853550 241
1853560 242
1853570 242
1853580 242
1853590 243
1853600 244
1853610 244
1853620 245
1853630 246
1853640 246
1853650 246
1853660 246
1853670 246
1853680 245
1853690 245
1853700 245
1853710 245
1853720 245
1853730 245
1853740 245
1853750 245
1853760 245
1853770 245
1853780 245
1853790 245
1853800 245
1853810 246
1853820 246
1853830 246
1853840 245
1853850 245
1853860 245
1853870 245
1853880 244
1853890 245
1853900 245
1853910 245
1853920 245
1853930 245
1853940 246
1853950 246
1853960 246
1853970 246
1853980 247
1853990 247
1854000 247
1854010 247
1854020 247
1854030 247
1854040 247
1854050 247
1854060 247
1854070 247
1854080 247
1854090 248
1854100 248
1854110 248
1854120 248
1854130 248
1854140 248
1854150 248
1854160 248
1854170 248
1854180 249
1854190 249
1854200 249
1854210 250
1854220 250
1854230 250
1854240 250
1854250 251
1854260 251
1854270 251
1854280 252
1854290 252
1854300 252
1854310 252
1854320 252
1854330 253
1854340 254
1854350 254
1854360 254
1854370 255
1854380 255
1854390 256
1854400 256
1854410 256
1854420 257
1854430 258
1854440 258
1854450 258
1854460 259
1854470 259
1854480 260
1854490 260
1854500 260
1854510 261
1854520 261
1854530 261
1854540 262
1854550 262
1854560 262
1854570 263
1854580 263
1854590 263
1854600 263
1854610 264
1854620 264
1854630 264
1854640 264
1854650 264
1854660 264
1854670 265
1854680 265
1854690 265
1854700 265
1854710 265
1854720 266
1854730 266
1854740 266
1854750 266
1854760 266
1854770 266
1854780 266
1854790 266
1854800 266
1854810 265
1854820 265
1854830 265
1854840 265
1854850 265
1854860 265
1854870 264
1854880 264
1854890 264
1854900 263
1854910 263
1854920 263
1854930 262
1854940 262
1854950 262
1854960 261
1854970 261
1854980 260
1854990 259
1855000 259
1855010 258
1855020 257
1855030 257
1855040 256
1855050 255
1855060 255
1855070 253
1855080 252
1855090 252
1855100 251
1855110 249
1855120 249
1855130 248
1855140 246
1855150 246
1855160 245
1855170 243
1855180 243
1855190 242
1855200 241
1855210 241
1855220 240
1855230 239
1855240 239
1855250 238
1855260 238
1855270 238
1855280 237
1855290 238
1855300 238
1855310 239
1855320 239
1855330 239
1855340 240
1855350 241
1855360 241
1855370 242
1855380 243
1855390 243
1855400 244
1855410 245
1855420 245
1855430 247
1855440 249
1855450 249
1855460 251
1855470 253
1855480 253
1855490 254
1855500 255
1855510 255
1855520 258
1855530 260
1855540 260
1855550 260
1855560 260
1855570 260
1855580 260
1855590 260
1855600 260
1855610 260
1855620 259
1855630 259
1855640 258
1855650 258
1855660 258
1855670 257
1855680 257
1855690 256
1855700 254
1855710 254
1855720 253
1855730 252
1855740 252
1855750 251
1855760 250
1855770 250
1855780 249
1855790 249
1855800 249
1855810 248
1855820 248
1855830 248
1855840 248
1855850 247
1855860 247
1855870 247
1855880 246
1855890 246
1855900 246
1855910 245
1855920 245
1855930 244
1855940 243
1855950 243
1855960 243
1855970 243
1855980 243
1855990 243
1856000 244
1856010 244
1856020 244
1856030 245
1856040 245
1856050 246
1856060 249
1856070 249
1856080 250
1856090 252
1856100 252
1856110 253
1856120 254
1856130 254
1856140 256
1856150 257
1856160 257
1856170 258
1856180 259
1856190 259
1856200 260
1856210 261
1856220 261
1856230 262
1856240 263
1856250 263
1856260 264
1856270 265
1856280 265
1856290 265
1856300 266
1856310 266
1856320 267
1856330 268
1856340 268
1856350 269
1856360 269
1856370 269
1856380 270
1856390 271
1856400 271
1856410 271
1856420 272
1856430 272
1856440 272
1856450 272
1856460 272
1856470 273
1856480 273
1856490 273
1856500 274
1856510 274
1856520 274
1856530 274
1856540 274
1856550 275
1856560 275
1856570 275
1856580 275
1856590 275
1856600 275
1856610 276
1856620 276
1856630 276
1856640 276
1856650 276
1856660 276
1856670 276
1856680 276
1856690 276
1856700 276
1856710 277
1856720 277
1856730 277
1856740 277
1856750 277
1856760 277
1856770 277
1856780 277
1856790 277
1856800 277
1856810 277
1856820 277
1856830 277
1856840 277
1856850 277
1856860 277
1856870 277
1856880 277
1856890 277
1856900 277
1856910 277
1856920 277
1856930 277
1856940 277
1856950 277
1856960 277
1856970 278
1856980 278
1856990 278
1857000 278
1857010 278
1857020 278
1857030 278
1857040 278
1857050 278
1857060 279
1857070 280
1857080 280
1857090 280
1857100 280
1857110 280
1857120 280
1857130 279
1857140 279
1857150 279
1857160 279
1857170 279
1857180 279
1857190 279
1857200 279
1857210 278
1857220 278
1857230 278
1857240 278
1857250 278
1857260 278
1857270 278
1857280 278
1857290 278
1857300 278
1857310 278
1857320 278
1857330 278
1857340 278
1857350 278
1857360 278
1857370 279
1857380 279
1857390 279
1857400 278
1857410 278
1857420 278
1857430 278
1857440 278
1857450 278
1857460 278
1857470 278
1857480 278
1857490 278
1857500 278
1857510 278
1857520 278
1857530 278
1857540 278
1857550 278
1857560 278
1857570 278
1857580 278
1857590 278
1857600 278
1857610 278
1857620 278
1857630 278
1857640 278
1857650 278
1857660 278
1857670 278
1857680 279
1857690 279
1857700 279
1857710 279
1857720 279
1857730 279
1857740 279
1857750 279
1857760 279
1857770 279
1857780 279
1857790 279
1857800 280
1857810 280
1857820 280
1857830 280
1857840 280
1857850 280
1857860 280
1857870 280
1857880 280
1857890 280
1857900 280
1857910 280
1857920 281
1857930 281
1857940 281
1857950 281
1857960 281
1857970 281
1857980 281
1857990 281
1858000 281
1858010 281
1858020 281
1858030 281
1858040 281
1858050 281
1858060 281
1858070 281
1858080 282
1858090 282
1858100 282
1858110 282
1858120 282
1858130 282
1858140 282
1858150 282
1858160 282
1858170 282
1858180 282
1858190 281
1858200 281
1858210 281
1858220 281
1858230 280
1858240 280
1858250 280
1858260 280
1858270 280
1858280 280
1858290 280
1858300 280
1858310 279
1858320 279
1858330 279
1858340 278
1858350 278
1858360 278
1858370 277
1858380 277
1858390 277
1858400 276
1858410 276
1858420 276
1858430 275
1858440 275
1858450 274
1858460 272
1858470 272
1858480 271
1858490 269
1858500 269
1858510 267
1858520 264
1858530 264
1858540 262
1858550 259
1858560 259
1858570 256
1858580 254
1858590 254
1858600 252
1858610 250
1858620 250
1858630 249
1858640 248
1858650 248
1858660 247
1858670 246
1858680 246
1858690 245
1858700 244
1858710 244
1858720 245
1858730 245
1858740 245
1858750 246
1858760 248
1858770 248
1858780 250
1858790 249
1858800 249
1858810 251
1858820 253
1858830 253
1858840 255
1858850 256
1858860 256
1858870 257
1858880 259
1858890 259
1858900 259
1858910 259
1858920 259
1858930 259
1858940 258
1858950 258
1858960 258
1858970 257
1858980 257
1858990 256
1859000 256
1859010 256
1859020 255
1859030 255
1859040 255
1859050 254
1859060 254
1859070 254
1859080 253
1859090 253
1859100 253
1859110 252
1859120 251
1859130 251
1859140 250
1859150 249
1859160 249
1859170 249
1859180 248
1859190 248
1859200 247
1859210 247
1859220 246
1859230 245
1859240 245
1859250 244
1859260 243
1859270 243
1859280 242
1859290 241
1859300 241
1859310 241
1859320 241
1859330 241
1859340 241
1859350 241
1859360 241
1859370 242
1859380 243
1859390 243
1859400 244
1859410 244
1859420 244
1859430 245
1859440 245
1859450 245
1859460 245
1859470 245
1859480 245
1859490 244
1859500 244
1859510 244
1859520 244
1859530 244
1859540 244
1859550 244
1859560 244
1859570 244
1859580 244
1859590 244
1859600 244
1859610 243
1859620 243
1859630 243
1859640 242
1859650 242
1859660 242
1859670 241
1859680 241
1859690 241
1859700 240
1859710 239
1859720 239
1859730 238
1859740 238
1859750 238
1859760 237
1859770 236
1859780 236
1859790 236
1859800 235
1859810 235
1859820 235
1859830 235
1859840 234
1859850 234
1859860 234
1859870 234
1859880 233
1859890 233
1859900 233
1859910 233
1859920 233
1859930 233
1859940 233
1859950 233
1859960 233
1859970 232
1859980 232
1859990 232
