1840000 219
1840010 218
1840020 218
1840030 217
1840040 217
1840050 217
1840060 217
1840070 216
1840080 216
1840090 216
1840100 216
1840110 216
1840120 216
1840130 216
1840140 217
1840150 217
1840160 217
1840170 218
1840180 219
1840190 219
1840200 220
1840210 221
1840220 221
1840230 222
1840240 222
1840250 222
1840260 222
1840270 222
1840280 222
1840290 222
1840300 223
1840310 223
1840320 224
1840330 226
1840340 226
1840350 227
1840360 227
1840370 227
1840380 228
1840390 229
1840400 229
1840410 230
1840420 231
1840430 231
1840440 233
1840450 233
1840460 233
1840470 234
1840480 235
1840490 235
1840500 235
1840510 235
1840520 235
1840530 236
1840540 236
1840550 236
1840560 236
1840570 236
1840580 236
1840590 237
1840600 237
1840610 237
1840620 237
1840630 238
1840640 238
1840650 238
1840660 238
1840670 238
1840680 239
1840690 239
1840700 239
1840710 239
1840720 240
1840730 240
1840740 241
1840750 241
1840760 241
1840770 242
1840780 243
1840790 243
1840800 244
1840810 245
1840820 245
1840830 246
1840840 247
1840850 247
1840860 247
1840870 248
1840880 248
1840890 249
1840900 250
1840910 250
1840920 250
1840930 251
1840940 251
1840950 252
1840960 252
1840970 252
1840980 253
1840990 253
1841000 254
1841010 254
1841020 254
1841030 255
1841040 255
1841050 255
1841060 256
1841070 256
1841080 256
1841090 256
1841100 256
1841110 256
1841120 256
1841130 256
1841140 256
1841150 256
1841160 256
1841170 256
1841180 256
1841190 255
1841200 255
1841210 255
1841220 255
1841230 255
1841240 254
1841250 254
1841260 254
1841270 253
1841280 253
1841290 253
1841300 252
1841310 252
1841320 252
1841330 251
1841340 250
1841350 250
1841360 250
1841370 249
1841380 249
1841390 248
1841400 247
1841410 247
1841420 247
1841430 246
1841440 246
1841450 245
1841460 244
1841470 244
1841480 243
1841490 242
1841500 242
1841510 241
1841520 240
1841530 240
1841540 238
1841550 237
1841560 237
1841570 236
1841580 235
1841590 235
1841600 234
1841610 233
1841620 233
1841630 233
1841640 232
1841650 232
1841660 231
1841670 231
1841680 231
1841690 233
1841700 232
1841710 232
1841720 231
1841730 226
1841740 226
1841750 226
1841760 226
1841770 226
1841780 226
1841790 228
1841800 228
1841810 234
1841820 234
1841830 241
1841840 245
1841850 245
1841860 246
1841870 247
1841880 247
1841890 247
1841900 247
1841910 247
1841920 247
1841930 247
1841940 247
1841950 247
1841960 247
1841970 247
1841980 247
1841990 246
1842000 246
1842010 246
1842020 246
1842030 246
1842040 246
1842050 246
1842060 246
1842070 245
1842080 245
1842090 245
1842100 245
1842110 244
1842120 244
1842130 244
1842140 243
1842150 243
1842160 242
1842170 242
1842180 242
1842190 242
1842200 241
1842210 241
1842220 241
1842230 240
1842240 240
1842250 240
1842260 239
1842270 238
1842280 238
1842290 237
1842300 237
1842310 236
1842320 236
1842330 236
1842340 235
1842350 234
1842360 234
1842370 234
1842380 233
1842390 233
1842400 233
1842410 233
1842420 233
1842430 233
1842440 232
1842450 232
1842460 232
1842470 232
1842480 232
1842490 232
1842500 232
1842510 232
1842520 231
1842530 231
1842540 231
1842550 231
1842560 231
1842570 231
1842580 231
1842590 231
1842600 231
1842610 231
1842620 231
1842630 231
1842640 230
1842650 230
1842660 230
1842670 230
1842680 230
1842690 229
1842700 229
1842710 229
1842720 229
1842730 229
1842740 229
1842750 229
1842760 228
1842770 228
1842780 228
1842790 228
1842800 228
1842810 228
1842820 228
1842830 228
1842840 228
1842850 228
1842860 228
1842870 227
1842880 227
1842890 227
1842900 226
1842910 226
1842920 226
1842930 226
1842940 226
1842950 226
1842960 225
1842970 225
1842980 225
1842990 225
1843000 224
1843010 224
1843020 224
1843030 224
1843040 224
1843050 223
1843060 223
1843070 223
1843080 223
1843090 222
1843100 222
1843110 222
1843120 222
1843130 222
1843140 221
1843150 221
1843160 221
1843170 221
1843180 220
1843190 220
1843200 220
1843210 220
1843220 220
1843230 219
1843240 219
1843250 219
1843260 219
1843270 218
1843280 218
1843290 218
1843300 218
1843310 218
1843320 217
1843330 217
1843340 217
1843350 217
1843360 216
1843370 216
1843380 216
1843390 215
1843400 215
1843410 215
1843420 215
1843430 215
1843440 215
1843450 214
1843460 214
1843470 214
1843480 214
1843490 214
1843500 214
1843510 214
1843520 214
1843530 214
1843540 214
1843550 214
1843560 214
1843570 214
1843580 214
1843590 215
1843600 215
1843610 215
1843620 216
1843630 216
1843640 217
1843650 219
1843660 219
1843670 223
1843680 226
1843690 226
1843700 227
1843710 229
1843720 229
1843730 230
1843740 233
1843750 233
1843760 235
1843770 237
1843780 237
1843790 239
1843800 240
1843810 240
1843820 241
1843830 242
1843840 242
1843850 242
1843860 242
1843870 242
1843880 241
1843890 241
1843900 241
1843910 240
1843920 240
1843930 240
1843940 239
1843950 238
1843960 238
1843970 237
1843980 236
1843990 236
1844000 236
1844010 235
1844020 235
1844030 234
1844040 233
1844050 233
1844060 232
1844070 232
1844080 232
1844090 230
1844100 230
1844110 230
1844120 230
1844130 230
1844140 230
1844150 230
1844160 230
1844170 230
1844180 231
1844190 231
1844200 231
1844210 232
1844220 232
1844230 232
1844240 233
1844250 233
1844260 233
1844270 234
1844280 235
1844290 235
1844300 236
1844310 237
1844320 237
1844330 239
1844340 240
1844350 240
1844360 241
1844370 241
1844380 243
1844390 245
1844400 245
1844410 245
1844420 246
1844430 246
1844440 247
1844450 246
1844460 246
1844470 247
1844480 247
1844490 247
1844500 248
1844510 248
1844520 248
1844530 248
1844540 249
1844550 249
1844560 250
1844570 251
1844580 251
1844590 253
1844600 255
1844610 255
1844620 257
1844630 259
1844640 259
1844650 261
1844660 262
1844670 262
1844680 263
1844690 264
1844700 264
1844710 264
1844720 263
1844730 263
1844740 263
1844750 262
1844760 262
1844770 262
1844780 261
1844790 261
1844800 261
1844810 261
1844820 260
1844830 260
1844840 259
1844850 259
1844860 259
1844870 259
1844880 259
1844890 259
1844900 259
1844910 259
1844920 258
1844930 258
1844940 258
1844950 258
1844960 257
1844970 257
1844980 257
1844990 257
1845000 257
1845010 256
1845020 256
1845030 256
1845040 255
1845050 255
1845060 255
1845070 254
1845080 253
1845090 253
1845100 253
1845110 252
1845120 252
1845130 252
1845140 251
1845150 251
1845160 251
1845170 251
1845180 251
1845190 251
1845200 251
1845210 251
1845220 252
1845230 252
1845240 252
1845250 253
1845260 253
1845270 253
1845280 253
1845290 253
1845300 253
1845310 253
1845320 253
1845330 253
1845340 253
1845350 253
1845360 253
1845370 252
1845380 252
1845390 252
1845400 251
1845410 251
1845420 251
1845430 250
1845440 250
1845450 249
1845460 248
1845470 248
1845480 248
1845490 247
1845500 247
1845510 247
1845520 247
1845530 247
1845540 246
1845550 246
1845560 246
1845570 246
1845580 246
1845590 246
1845600 246
1845610 246
1845620 246
1845630 246
1845640 246
1845650 246
1845660 246
1845670 246
1845680 246
1845690 245
1845700 245
1845710 245
1845720 245
1845730 245
1845740 245
1845750 245
1845760 245
1845770 245
1845780 245
1845790 245
1845800 245
1845810 245
1845820 245
1845830 245
1845840 245
1845850 245
1845860 245
1845870 245
1845880 244
1845890 244
1845900 245
1845910 244
1845920 244
1845930 244
1845940 244
1845950 244
1845960 243
1845970 243
1845980 243
1845990 243
1846000 242
1846010 242
1846020 242
1846030 242
1846040 242
1846050 242
1846060 242
1846070 242
1846080 241
1846090 241
1846100 241
1846110 240
1846120 240
1846130 240
1846140 239
1846150 239
1846160 238
1846170 237
1846180 237
1846190 236
1846200 234
1846210 234
1846220 233
1846230 232
1846240 232
1846250 231
1846260 229
1846270 229
1846280 229
1846290 229
1846300 229
1846310 229
1846320 229
1846330 229
1846340 230
1846350 232
1846360 232
1846370 232
1846380 234
1846390 234
1846400 236
1846410 238
1846420 238
1846430 239
1846440 240
1846450 240
1846460 241
1846470 242
1846480 242
1846490 243
1846500 244
1846510 244
1846520 246
1846530 247
1846540 247
1846550 248
1846560 250
1846570 250
1846580 251
1846590 252
1846600 252
1846610 253
1846620 253
1846630 253
1846640 253
1846650 254
1846660 254
1846670 255
1846680 255
1846690 255
1846700 255
1846710 255
1846720 255
1846730 255
1846740 255
1846750 255
1846760 254
1846770 254
1846780 254
1846790 253
1846800 252
1846810 252
1846820 251
1846830 249
1846840 249
1846850 248
1846860 247
1846870 247
1846880 245
1846890 244
1846900 244
1846910 243
1846920 241
1846930 241
1846940 240
1846950 240
1846960 240
1846970 240
1846980 239
1846990 238
1847000 239
1847010 239
1847020 239
1847030 240
1847040 240
1847050 241
1847060 242
1847070 242
1847080 243
1847090 245
1847100 245
1847110 246
1847120 246
1847130 246
1847140 247
1847150 248
1847160 248
1847170 249
1847180 249
1847190 249
1847200 250
1847210 250
1847220 250
1847230 249
1847240 249
1847250 249
1847260 249
1847270 248
1847280 248
1847290 248
1847300 248
1847310 248
1847320 248
1847330 249
1847340 248
1847350 250
1847360 251
1847370 251
1847380 252
1847390 252
1847400 252
1847410 254
1847420 255
1847430 255
1847440 256
1847450 257
1847460 257
1847470 259
1847480 260
1847490 260
1847500 261
1847510 262
1847520 262
1847530 263
1847540 264
1847550 264
1847560 265
1847570 265
1847580 265
1847590 266
1847600 266
1847610 266
1847620 266
1847630 267
1847640 267
1847650 267
1847660 267
1847670 267
1847680 267
1847690 267
1847700 267
1847710 267
1847720 267
1847730 267
1847740 267
1847750 267
1847760 267
1847770 267
1847780 266
1847790 266
1847800 266
1847810 266
1847820 266
1847830 266
1847840 266
1847850 266
1847860 266
1847870 266
1847880 265
1847890 265
1847900 265
1847910 265
1847920 265
1847930 265
1847940 265
1847950 265
1847960 265
1847970 265
1847980 264
1847990 264
1848000 264
1848010 263
1848020 263
1848030 263
1848040 264
1848050 264
1848060 263
1848070 263
1848080 263
1848090 263
1848100 263
1848110 263
1848120 263
1848130 262
1848140 262
1848150 262
1848160 262
1848170 262
1848180 262
1848190 262
1848200 262
1848210 262
1848220 262
1848230 262
1848240 262
1848250 262
1848260 262
1848270 262
1848280 262
1848290 262
1848300 261
1848310 261
1848320 261
1848330 261
1848340 261
1848350 261
1848360 261
1848370 261
1848380 261
1848390 261
1848400 261
1848410 261
1848420 261
1848430 261
1848440 261
1848450 261
1848460 261
1848470 261
1848480 261
1848490 261
1848500 261
1848510 261
1848520 261
1848530 261
1848540 261
1848550 261
1848560 261
1848570 261
1848580 261
1848590 261
1848600 261
1848610 260
1848620 260
1848630 260
1848640 260
1848650 260
1848660 259
1848670 259
1848680 259
1848690 259
1848700 259
1848710 258
1848720 258
1848730 258
1848740 257
1848750 257
1848760 257
1848770 256
1848780 256
1848790 256
1848800 255
1848810 255
1848820 255
1848830 255
1848840 255
1848850 255
1848860 254
1848870 254
1848880 254
1848890 253
1848900 253
1848910 253
1848920 253
1848930 252
1848940 252
1848950 252
1848960 252
1848970 252
1848980 251
1848990 251
1849000 251
1849010 251
1849020 251
1849030 251
1849040 250
1849050 250
1849060 250
1849070 250
1849080 250
1849090 250
1849100 249
1849110 249
1849120 249
1849130 249
1849140 248
1849150 248
1849160 248
1849170 248
1849180 248
1849190 248
1849200 247
1849210 247
1849220 247
1849230 247
1849240 247
1849250 247
1849260 247
1849270 247
1849280 247
1849290 246
1849300 246
1849310 246
1849320 246
1849330 246
1849340 246
1849350 246
1849360 246
1849370 245
1849380 245
1849390 245
1849400 245
1849410 245
1849420 245
1849430 245
1849440 244
1849450 244
1849460 244
1849470 244
1849480 244
1849490 244
1849500 243
1849510 243
1849520 243
1849530 243
1849540 243
1849550 243
1849560 243
1849570 243
1849580 242
1849590 242
1849600 242
1849610 242
1849620 242
1849630 242
1849640 241
1849650 241
1849660 241
1849670 241
1849680 241
1849690 241
1849700 241
1849710 241
1849720 241
1849730 241
1849740 241
1849750 240
1849760 240
1849770 240
1849780 240
1849790 240
1849800 240
1849810 240
1849820 239
1849830 239
1849840 239
1849850 238
1849860 238
1849870 238
1849880 237
1849890 237
1849900 236
1849910 235
1849920 235
1849930 234
1849940 233
1849950 233
1849960 233
1849970 232
1849980 232
1849990 231
1850000 229
1850010 229
1850020 228
1850030 227
1850040 227
1850050 226
1850060 225
1850070 225
1850080 224
1850090 223
1850100 223
1850110 223
1850120 222
1850130 222
1850140 221
1850150 220
1850160 220
1850170 220
1850180 219
1850190 219
1850200 219
1850210 219
1850220 219
1850230 219
1850240 221
1850250 221
1850260 224
1850270 226
1850280 226
1850290 229
1850300 231
1850310 231
1850320 232
1850330 232
1850340 232
1850350 232
1850360 232
1850370 231
1850380 231
1850390 231
1850400 230
1850410 230
1850420 230
1850430 229
1850440 229
1850450 229
1850460 228
1850470 228
1850480 228
1850490 227
1850500 226
1850510 226
1850520 226
1850530 225
1850540 225
1850550 225
1850560 224
1850570 224
1850580 223
1850590 222
1850600 222
1850610 221
1850620 221
1850630 221
1850640 219
1850650 218
1850660 218
1850670 217
1850680 216
1850690 216
1850700 215
1850710 214
1850720 214
1850730 213
1850740 213
1850750 213
1850760 212
1850770 212
1850780 212
1850790 212
1850800 212
1850810 212
1850820 212
1850830 212
1850840 212
1850850 212
1850860 212
1850870 212
1850880 213
1850890 217
1850900 217
1850910 218
1850920 214
1850930 214
1850940 213
1850950 213
1850960 213
1850970 213
1850980 214
1850990 214
1851000 216
1851010 218
1851020 218
1851030 221
1851040 223
1851050 223
1851060 226
1851070 228
1851080 228
1851090 228
1851100 227
1851110 227
1851120 226
1851130 226
1851140 226
1851150 226
1851160 227
1851170 227
1851180 228
1851190 230
1851200 230
1851210 230
1851220 230
1851230 230
1851240 230
1851250 230
1851260 230
1851270 230
1851280 230
1851290 231
1851300 235
1851310 235
1851320 237
1851330 238
1851340 238
1851350 238
1851360 238
1851370 238
1851380 239
1851390 240
1851400 240
1851410 240
1851420 240
1851430 240
1851440 240
1851450 240
1851460 240
1851470 241
1851480 241
1851490 241
1851500 242
1851510 243
1851520 243
1851530 243
1851540 243
1851550 243
1851560 243
1851570 243
1851580 243
1851590 243
1851600 242
1851610 242
1851620 241
1851630 242
1851640 242
1851650 242
1851660 241
1851670 241
1851680 240
1851690 239
1851700 239
1851710 238
1851720 237
1851730 237
1851740 235
1851750 234
1851760 234
1851770 232
1851780 231
1851790 231
1851800 229
1851810 228
1851820 228
1851830 228
1851840 227
1851850 227
1851860 228
1851870 229
1851880 229
1851890 229
1851900 231
1851910 231
1851920 233
1851930 235
1851940 235
1851950 237
1851960 239
1851970 239
1851980 239
1851990 240
1852000 240
1852010 240
1852020 240
1852030 240
1852040 240
1852050 240
1852060 240
1852070 240
1852080 240
1852090 239
1852100 238
1852110 238
1852120 237
1852130 236
1852140 236
1852150 234
1852160 233
1852170 233
1852180 233
1852190 232
1852200 232
1852210 232
1852220 232
1852230 232
1852240 233
1852250 234
1852260 234
1852270 236
1852280 238
1852290 238
1852300 239
1852310 241
1852320 241
1852330 242
1852340 245
1852350 245
1852360 246
1852370 247
1852380 247
1852390 248
1852400 248
1852410 248
1852420 248
1852430 248
1852440 248
1852450 248
1852460 248
1852470 248
1852480 248
1852490 248
1852500 248
1852510 248
1852520 248
1852530 248
1852540 248
1852550 248
1852560 248
1852570 247
1852580 247
1852590 247
1852600 247
1852610 247
1852620 247
1852630 246
1852640 246
1852650 246
1852660 244
1852670 243
1852680 243
1852690 244
1852700 243
1852710 243
1852720 243
1852730 243
1852740 243
1852750 242
1852760 242
1852770 242
1852780 242
1852790 243
1852800 243
1852810 243
1852820 243
1852830 243
1852840 244
1852850 244
1852860 244
1852870 245
1852880 246
1852890 246
1852900 247
1852910 248
1852920 248
1852930 249
1852940 249
1852950 250
1852960 251
1852970 251
1852980 252
1852990 253
1853000 253
1853010 254
1853020 255
1853030 255
1853040 256
1853050 256
1853060 256
1853070 256
1853080 257
1853090 257
1853100 257
1853110 257
1853120 257
1853130 257
1853140 257
1853150 257
1853160 257
1853170 257
1853180 257
1853190 257
1853200 257
1853210 257
1853220 257
1853230 257
1853240 257
1853250 257
1853260 257
1853270 257
1853280 257
1853290 256
1853300 256
1853310 256
1853320 256
1853330 256
1853340 256
1853350 256
1853360 256
1853370 256
1853380 256
1853390 256
1853400 256
1853410 256
1853420 256
1853430 256
1853440 255
1853450 255
1853460 255
1853470 255
1853480 255
1853490 255
1853500 255
1853510 255
1853520 254
1853530 254
1853540 254
1853550 254
1853560 253
1853570 253
1853580 253
1853590 253
1853600 253
1853610 254
1853620 254
1853630 254
1853640 255
1853650 255
1853660 255
1853670 256
1853680 256
1853690 256
1853700 256
1853710 256
1853720 256
1853730 257
1853740 257
1853750 257
1853760 257
1853770 257
1853780 257
1853790 257
1853800 257
1853810 257
1853820 257
1853830 257
1853840 257
1853850 257
1853860 257
1853870 257
1853880 257
1853890 257
1853900 257
1853910 257
1853920 257
1853930 257
1853940 257
1853950 257
1853960 258
1853970 258
1853980 258
1853990 258
1854000 259
1854010 259
1854020 259
1854030 259
1854040 259
1854050 259
1854060 259
1854070 259
1854080 259
1854090 259
1854100 259
1854110 257
1854120 256
1854130 256
1854140 255
1854150 254
1854160 254
1854170 253
1854180 252
1854190 252
1854200 251
1854210 250
1854220 250
1854230 250
1854240 249
1854250 249
1854260 249
1854270 249
1854280 249
1854290 249
1854300 249
1854310 249
1854320 249
1854330 249
1854340 249
1854350 249
1854360 249
1854370 249
1854380 250
1854390 250
1854400 250
1854410 251
1854420 252
1854430 252
1854440 253
1854450 253
1854460 255
1854470 256
1854480 257
1854490 257
1854500 258
1854510 259
1854520 259
1854530 261
1854540 263
1854550 263
1854560 265
1854570 265
1854580 265
1854590 266
1854600 267
1854610 267
1854620 267
1854630 267
1854640 267
1854650 268
1854660 268
1854670 268
1854680 268
1854690 268
1854700 269
1854710 269
1854720 269
1854730 269
1854740 270
1854750 270
1854760 270
1854770 270
1854780 270
1854790 270
1854800 270
1854810 270
1854820 270
1854830 271
1854840 271
1854850 271
1854860 271
1854870 271
1854880 271
1854890 271
1854900 271
1854910 271
1854920 272
1854930 272
1854940 272
1854950 272
1854960 272
1854970 272
1854980 272
1854990 272
1855000 272
1855010 272
1855020 272
1855030 272
1855040 272
1855050 272
1855060 272
1855070 272
1855080 272
1855090 272
1855100 271
1855110 271
1855120 271
1855130 271
1855140 271
1855150 271
1855160 270
1855170 270
1855180 270
1855190 269
1855200 269
1855210 269
1855220 268
1855230 268
1855240 268
1855250 267
1855260 267
1855270 267
1855280 266
1855290 266
1855300 266
1855310 265
1855320 265
1855330 265
1855340 264
1855350 264
1855360 264
1855370 263
1855380 263
1855390 263
1855400 262
1855410 262
1855420 261
1855430 260
1855440 260
1855450 260
1855460 260
1855470 259
1855480 258
1855490 258
1855500 257
1855510 256
1855520 255
1855530 254
1855540 252
1855550 252
1855560 252
1855570 252
1855580 252
1855590 251
1855600 251
1855610 251
1855620 251
1855630 251
1855640 251
1855650 252
1855660 254
1855670 254
1855680 257
1855690 258
1855700 258
1855710 259
1855720 260
1855730 260
1855740 262
1855750 263
1855760 263
1855770 263
1855780 264
1855790 264
1855800 265
1855810 265
1855820 265
1855830 266
1855840 267
1855850 267
1855860 268
1855870 269
1855880 269
1855890 270
1855900 270
1855910 270
1855920 270
1855930 271
1855940 271
1855950 271
1855960 271
1855970 271
1855980 272
1855990 272
1856000 272
1856010 272
1856020 273
1856030 273
1856040 273
1856050 273
1856060 273
1856070 274
1856080 275
1856090 275
1856100 275
1856110 276
1856120 276
1856130 276
1856140 276
1856150 276
1856160 277
1856170 277
1856180 277
1856190 277
1856200 278
1856210 278
1856220 278
1856230 279
1856240 279
1856250 279
1856260 280
1856270 280
1856280 280
1856290 281
1856300 281
1856310 281
1856320 281
1856330 282
1856340 282
1856350 282
1856360 282
1856370 283
1856380 283
1856390 283
1856400 284
1856410 284
1856420 284
1856430 284
1856440 284
1856450 285
1856460 285
1856470 285
1856480 285
1856490 286
1856500 286
1856510 286
1856520 286
1856530 286
1856540 286
1856550 287
1856560 287
1856570 287
1856580 287
1856590 287
1856600 287
1856610 287
1856620 287
1856630 287
1856640 287
1856650 287
1856660 287
1856670 287
1856680 287
1856690 287
1856700 287
1856710 287
1856720 287
1856730 287
1856740 287
1856750 287
1856760 286
1856770 286
1856780 286
1856790 286
1856800 286
1856810 286
1856820 285
1856830 285
1856840 285
1856850 285
1856860 285
1856870 285
1856880 285
1856890 285
1856900 285
1856910 285
1856920 285
1856930 285
1856940 285
1856950 285
1856960 286
1856970 286
1856980 286
1856990 286
1857000 287
1857010 287
1857020 287
1857030 287
1857040 287
1857050 288
1857060 288
1857070 288
1857080 288
1857090 288
1857100 288
1857110 288
1857120 288
1857130 288
1857140 288
1857150 288
1857160 288
1857170 288
1857180 288
1857190 288
1857200 288
1857210 288
1857220 288
1857230 288
1857240 288
1857250 288
1857260 288
1857270 288
1857280 288
1857290 288
1857300 288
1857310 287
1857320 287
1857330 287
1857340 287
1857350 287
1857360 287
1857370 288
1857380 287
1857390 287
1857400 287
1857410 286
1857420 286
1857430 286
1857440 286
1857450 286
1857460 286
1857470 285
1857480 285
1857490 285
1857500 285
1857510 285
1857520 284
1857530 284
1857540 284
1857550 283
1857560 283
1857570 283
1857580 284
1857590 285
1857600 285
1857610 285
1857620 287
1857630 287
1857640 287
1857650 287
1857660 287
1857670 286
1857680 286
1857690 286
1857700 286
1857710 286
1857720 286
1857730 286
1857740 286
1857750 286
1857760 286
1857770 286
1857780 286
1857790 285
1857800 285
1857810 285
1857820 285
1857830 285
1857840 285
1857850 284
1857860 284
1857870 284
1857880 283
1857890 282
1857900 282
1857910 280
1857920 278
1857930 278
1857940 277
1857950 275
1857960 275
1857970 275
1857980 274
1857990 274
1858000 275
1858010 275
1858020 277
1858030 279
1858040 279
1858050 280
1858060 282
1858070 282
1858080 284
1858090 286
1858100 286
1858110 287
1858120 288
1858130 288
1858140 289
1858150 291
1858160 291
1858170 292
1858180 292
1858190 292
1858200 293
1858210 293
1858220 293
1858230 293
1858240 293
1858250 293
1858260 293
1858270 293
1858280 293
1858290 293
1858300 293
1858310 293
1858320 293
1858330 293
1858340 293
1858350 293
1858360 293
1858370 293
1858380 293
1858390 293
1858400 293
1858410 293
1858420 292
1858430 292
1858440 292
1858450 292
1858460 292
1858470 292
1858480 292
1858490 292
1858500 292
1858510 292
1858520 292
1858530 292
1858540 292
1858550 292
1858560 292
1858570 292
1858580 292
1858590 291
1858600 291
1858610 291
1858620 291
1858630 291
1858640 291
1858650 291
1858660 291
1858670 291
1858680 291
1858690 291
1858700 291
1858710 290
1858720 290
1858730 290
1858740 290
1858750 290
1858760 290
1858770 289
1858780 289
1858790 289
1858800 289
1858810 288
1858820 288
1858830 288
1858840 288
1858850 288
1858860 288
1858870 288
1858880 288
1858890 287
1858900 287
1858910 287
1858920 287
1858930 287
1858940 286
1858950 286
1858960 286
1858970 286
1858980 286
1858990 286
1859000 285
1859010 285
1859020 284
1859030 284
1859040 284
1859050 284
1859060 284
1859070 283
1859080 283
1859090 283
1859100 283
1859110 283
1859120 283
1859130 283
1859140 283
1859150 283
1859160 284
1859170 284
1859180 284
1859190 284
1859200 284
1859210 284
1859220 284
1859230 284
1859240 285
1859250 286
1859260 286
1859270 287
1859280 287
1859290 287
1859300 287
1859310 287
1859320 287
1859330 288
1859340 288
1859350 288
1859360 288
1859370 288
1859380 288
1859390 289
1859400 289
1859410 289
1859420 290
1859430 290
1859440 290
1859450 291
1859460 291
1859470 291
1859480 290
1859490 291
1859500 291
1859510 291
1859520 292
1859530 292
1859540 292
1859550 293
1859560 293
1859570 293
1859580 293
1859590 293
1859600 293
1859610 293
1859620 293
1859630 293
1859640 292
1859650 292
1859660 292
1859670 292
1859680 292
1859690 292
1859700 292
1859710 292
1859720 292
1859730 292
1859740 292
1859750 291
1859760 291
1859770 290
1859780 290
1859790 290
1859800 289
1859810 288
1859820 288
1859830 287
1859840 286
1859850 286
1859860 285
1859870 284
1859880 284
1859890 282
1859900 281
1859910 281
1859920 279
1859930 277
1859940 277
1859950 276
1859960 274
1859970 274
1859980 272
1859990 271
