1840000 220
1840010 220
1840020 221
1840030 222
1840040 222
1840050 222
1840060 223
1840070 223
1840080 224
1840090 225
1840100 225
1840110 226
1840120 226
1840130 226
1840140 227
1840150 228
1840160 228
1840170 229
1840180 230
1840190 230
1840200 231
1840210 232
1840220 232
1840230 233
1840240 235
1840250 235
1840260 235
1840270 236
1840280 236
1840290 237
1840300 238
1840310 238
1840320 239
1840330 239
1840340 239
1840350 240
1840360 240
1840370 240
1840380 241
1840390 242
1840400 242
1840410 242
1840420 243
1840430 243
1840440 243
1840450 244
1840460 244
1840470 244
1840480 245
1840490 245
1840500 245
1840510 246
1840520 246
1840530 246
1840540 246
1840550 246
1840560 246
1840570 246
1840580 246
1840590 246
1840600 246
1840610 246
1840620 246
1840630 246
1840640 245
1840650 245
1840660 245
1840670 245
1840680 245
1840690 245
1840700 245
1840710 245
1840720 245
1840730 245
1840740 245
1840750 245
1840760 245
1840770 245
1840780 245
1840790 244
1840800 244
1840810 244
1840820 244
1840830 243
1840840 243
1840850 243
1840860 243
1840870 243
1840880 242
1840890 242
1840900 242
1840910 241
1840920 240
1840930 240
1840940 239
1840950 238
1840960 238
1840970 237
1840980 236
1840990 236
1841000 234
1841010 233
1841020 233
1841030 232
1841040 231
1841050 231
1841060 231
1841070 231
1841080 231
1841090 231
1841100 230
1841110 230
1841120 230
1841130 229
1841140 229
1841150 229
1841160 229
1841170 229
1841180 229
1841190 229
1841200 229
1841210 229
1841220 229
1841230 229
1841240 229
1841250 228
1841260 228
1841270 228
1841280 227
1841290 227
1841300 227
1841310 227
1841320 227
1841330 226
1841340 228
1841350 228
1841360 227
1841370 227
1841380 227
1841390 226
1841400 226
1841410 226
1841420 226
1841430 226
1841440 226
1841450 225
1841460 225
1841470 225
1841480 225
1841490 225
1841500 225
1841510 225
1841520 225
1841530 224
1841540 223
1841550 223
1841560 222
1841570 222
1841580 222
1841590 221
1841600 220
1841610 220
1841620 219
1841630 218
1841640 218
1841650 217
1841660 217
1841670 217
1841680 217
1841690 217
1841700 217
1841710 216
1841720 216
1841730 216
1841740 216
1841750 216
1841760 216
1841770 217
1841780 220
1841790 220
1841800 222
1841810 222
1841820 222
1841830 222
1841840 222
1841850 222
1841860 222
1841870 222
1841880 222
1841890 221
1841900 221
1841910 221
1841920 221
1841930 220
1841940 220
1841950 220
1841960 219
1841970 219
1841980 219
1841990 218
1842000 218
1842010 218
1842020 217
1842030 217
1842040 217
1842050 216
1842060 216
1842070 215
1842080 215
1842090 215
1842100 214
1842110 214
1842120 214
1842130 213
1842140 212
1842150 212
1842160 212
1842170 212
1842180 212
1842190 211
1842200 211
1842210 211
1842220 211
1842230 210
1842240 210
1842250 210
1842260 210
1842270 210
1842280 210
1842290 209
1842300 209
1842310 209
1842320 209
1842330 209
1842340 209
1842350 209
1842360 209
1842370 209
1842380 209
1842390 209
1842400 208
1842410 208
1842420 208
1842430 208
1842440 208
1842450 207
1842460 207
1842470 207
1842480 207
1842490 207
1842500 207
1842510 207
1842520 207
1842530 207
1842540 207
1842550 207
1842560 207
1842570 207
1842580 207
1842590 207
1842600 207
1842610 207
1842620 207
1842630 207
1842640 206
1842650 206
1842660 207
1842670 207
1842680 207
1842690 208
1842700 209
1842710 209
1842720 209
1842730 210
1842740 210
1842750 211
1842760 211
1842770 211
1842780 211
1842790 211
1842800 211
1842810 211
1842820 211
1842830 211
1842840 211
1842850 211
1842860 211
1842870 211
1842880 211
1842890 211
1842900 211
1842910 211
1842920 211
1842930 211
1842940 211
1842950 211
1842960 211
1842970 210
1842980 210
1842990 210
1843000 210
1843010 210
1843020 210
1843030 210
1843040 210
1843050 210
1843060 210
1843070 210
1843080 209
1843090 209
1843100 209
1843110 209
1843120 209
1843130 209
1843140 209
1843150 209
1843160 209
1843170 209
1843180 209
1843190 210
1843200 210
1843210 210
1843220 210
1843230 210
1843240 210
1843250 211
1843260 211
1843270 211
1843280 211
1843290 211
1843300 211
1843310 212
1843320 212
1843330 212
1843340 212
1843350 212
1843360 212
1843370 213
1843380 213
1843390 213
1843400 213
1843410 214
1843420 214
1843430 214
1843440 214
1843450 214
1843460 215
1843470 215
1843480 215
1843490 215
1843500 216
1843510 216
1843520 216
1843530 216
1843540 216
1843550 217
1843560 217
1843570 217
1843580 218
1843590 219
1843600 219
1843610 220
1843620 221
1843630 221
1843640 221
1843650 222
1843660 222
1843670 222
1843680 223
1843690 223
1843700 223
1843710 224
1843720 224
1843730 225
1843740 225
1843750 225
1843760 226
1843770 226
1843780 226
1843790 227
1843800 228
1843810 228
1843820 228
1843830 229
1843840 229
1843850 230
1843860 230
1843870 230
1843880 231
1843890 232
1843900 232
1843910 233
1843920 233
1843930 233
1843940 234
1843950 235
1843960 235
1843970 236
1843980 237
1843990 237
1844000 238
1844010 238
1844020 239
1844030 241
1844040 241
1844050 242
1844060 243
1844070 243
1844080 245
1844090 246
1844100 246
1844110 247
1844120 248
1844130 248
1844140 249
1844150 250
1844160 250
1844170 250
1844180 251
1844190 251
1844200 251
1844210 251
1844220 251
1844230 251
1844240 251
1844250 251
1844260 251
1844270 251
1844280 251
1844290 251
1844300 251
1844310 251
1844320 251
1844330 251
1844340 251
1844350 251
1844360 251
1844370 251
1844380 251
1844390 251
1844400 251
1844410 251
1844420 251
1844430 251
1844440 251
1844450 251
1844460 251
1844470 251
1844480 251
1844490 251
1844500 251
1844510 251
1844520 251
1844530 251
1844540 251
1844550 251
1844560 251
1844570 251
1844580 251
1844590 251
1844600 251
1844610 251
1844620 251
1844630 251
1844640 251
1844650 251
1844660 251
1844670 251
1844680 251
1844690 251
1844700 251
1844710 252
1844720 252
1844730 252
1844740 252
1844750 252
1844760 252
1844770 252
1844780 252
1844790 252
1844800 252
1844810 251
1844820 251
1844830 251
1844840 251
1844850 251
1844860 251
1844870 251
1844880 251
1844890 251
1844900 251
1844910 250
1844920 250
1844930 250
1844940 250
1844950 250
1844960 250
1844970 250
1844980 249
1844990 249
1845000 249
1845010 249
1845020 249
1845030 248
1845040 248
1845050 248
1845060 248
1845070 247
1845080 247
1845090 247
1845100 246
1845110 246
1845120 246
1845130 245
1845140 245
1845150 245
1845160 244
1845170 244
1845180 243
1845190 243
1845200 243
1845210 242
1845220 242
1845230 242
1845240 242
1845250 242
1845260 242
1845270 241
1845280 241
1845290 241
1845300 241
1845310 241
1845320 241
1845330 241
1845340 241
1845350 241
1845360 242
1845370 242
1845380 242
1845390 242
1845400 242
1845410 242
1845420 243
1845430 243
1845440 243
1845450 243
1845460 243
1845470 243
1845480 244
1845490 244
1845500 244
1845510 244
1845520 244
1845530 244
1845540 245
1845550 245
1845560 245
1845570 245
1845580 245
1845590 245
1845600 244
1845610 244
1845620 244
1845630 244
1845640 244
1845650 244
1845660 244
1845670 244
1845680 244
1845690 243
1845700 244
1845710 244
1845720 244
1845730 244
1845740 243
1845750 243
1845760 243
1845770 243
1845780 243
1845790 243
1845800 242
1845810 242
1845820 242
1845830 242
1845840 242
1845850 242
1845860 241
1845870 241
1845880 241
1845890 241
1845900 241
1845910 241
1845920 240
1845930 240
1845940 240
1845950 239
1845960 239
1845970 239
1845980 239
1845990 238
1846000 238
1846010 238
1846020 238
1846030 238
1846040 238
1846050 237
1846060 237
1846070 237
1846080 237
1846090 237
1846100 237
1846110 236
1846120 236
1846130 236
1846140 236
1846150 236
1846160 236
1846170 235
1846180 235
1846190 235
1846200 235
1846210 235
1846220 235
1846230 234
1846240 234
1846250 234
1846260 234
1846270 234
1846280 233
1846290 233
1846300 233
1846310 233
1846320 232
1846330 232
1846340 232
1846350 232
1846360 232
1846370 231
1846380 231
1846390 231
1846400 230
1846410 230
1846420 230
1846430 228
1846440 228
1846450 228
1846460 228
1846470 227
1846480 227
1846490 226
1846500 225
1846510 225
1846520 225
1846530 224
1846540 224
1846550 223
1846560 223
1846570 223
1846580 222
1846590 222
1846600 221
1846610 221
1846620 221
1846630 220
1846640 220
1846650 220
1846660 220
1846670 220
1846680 220
1846690 219
1846700 220
1846710 220
1846720 219
1846730 219
1846740 219
1846750 219
1846760 219
1846770 219
1846780 219
1846790 220
1846800 220
1846810 221
1846820 224
1846830 224
1846840 227
1846850 229
1846860 229
1846870 231
1846880 232
1846890 232
1846900 233
1846910 235
1846920 235
1846930 236
1846940 237
1846950 237
1846960 238
1846970 239
1846980 239
1846990 240
1847000 241
1847010 241
1847020 242
1847030 243
1847040 243
1847050 243
1847060 243
1847070 243
1847080 243
1847090 244
1847100 244
1847110 244
1847120 244
1847130 244
1847140 244
1847150 245
1847160 245
1847170 245
1847180 246
1847190 246
1847200 246
1847210 247
1847220 247
1847230 247
1847240 248
1847250 248
1847260 248
1847270 248
1847280 248
1847290 247
1847300 247
1847310 247
1847320 247
1847330 247
1847340 247
1847350 246
1847360 246
1847370 246
1847380 246
1847390 246
1847400 246
1847410 245
1847420 245
1847430 245
1847440 245
1847450 245
1847460 244
1847470 244
1847480 244
1847490 244
1847500 244
1847510 244
1847520 243
1847530 243
1847540 243
1847550 243
1847560 243
1847570 243
1847580 242
1847590 242
1847600 242
1847610 242
1847620 242
1847630 242
1847640 242
1847650 241
1847660 241
1847670 241
1847680 240
1847690 240
1847700 239
1847710 239
1847720 239
1847730 238
1847740 237
1847750 237
1847760 235
1847770 235
1847780 235
1847790 234
1847800 233
1847810 233
1847820 234
1847830 234
1847840 234
1847850 235
1847860 235
1847870 235
1847880 237
1847890 238
1847900 238
1847910 239
1847920 240
1847930 240
1847940 240
1847950 241
1847960 241
1847970 241
1847980 242
1847990 242
1848000 242
1848010 242
1848020 242
1848030 243
1848040 243
1848050 243
1848060 243
1848070 243
1848080 243
1848090 244
1848100 244
1848110 244
1848120 244
1848130 244
1848140 244
1848150 244
1848160 245
1848170 245
1848180 245
1848190 245
1848200 245
1848210 245
1848220 244
1848230 244
1848240 244
1848250 244
1848260 244
1848270 244
1848280 244
1848290 244
1848300 243
1848310 243
1848320 243
1848330 243
1848340 243
1848350 243
1848360 242
1848370 242
1848380 242
1848390 242
1848400 242
1848410 242
1848420 242
1848430 242
1848440 242
1848450 241
1848460 241
1848470 241
1848480 241
1848490 241
1848500 242
1848510 241
1848520 241
1848530 241
1848540 242
1848550 242
1848560 242
1848570 242
1848580 242
1848590 242
1848600 242
1848610 242
1848620 242
1848630 242
1848640 242
1848650 242
1848660 243
1848670 243
1848680 243
1848690 243
1848700 243
1848710 243
1848720 243
1848730 243
1848740 243
1848750 243
1848760 243
1848770 243
1848780 244
1848790 244
1848800 244
1848810 244
1848820 244
1848830 244
1848840 243
1848850 243
1848860 243
1848870 243
1848880 243
1848890 243
1848900 243
1848910 243
1848920 243
1848930 243
1848940 243
1848950 243
1848960 243
1848970 243
1848980 243
1848990 242
1849000 242
1849010 242
1849020 242
1849030 242
1849040 242
1849050 242
1849060 242
1849070 242
1849080 242
1849090 242
1849100 242
1849110 242
1849120 241
1849130 241
1849140 241
1849150 241
1849160 241
1849170 241
1849180 242
1849190 242
1849200 242
1849210 241
1849220 241
1849230 241
1849240 240
1849250 240
1849260 240
1849270 239
1849280 239
1849290 239
1849300 238
1849310 238
1849320 238
1849330 238
1849340 238
1849350 238
1849360 238
1849370 238
1849380 238
1849390 238
1849400 238
1849410 238
1849420 239
1849430 239
1849440 239
1849450 240
1849460 240
1849470 240
1849480 240
1849490 240
1849500 240
1849510 240
1849520 240
1849530 240
1849540 240
1849550 239
1849560 239
1849570 239
1849580 239
1849590 239
1849600 239
1849610 239
1849620 239
1849630 239
1849640 239
1849650 239
1849660 238
1849670 238
1849680 238
1849690 238
1849700 238
1849710 238
1849720 238
1849730 238
1849740 238
1849750 238
1849760 238
1849770 238
1849780 238
1849790 238
1849800 238
1849810 238
1849820 238
1849830 238
1849840 237
1849850 237
1849860 237
1849870 237
1849880 237
1849890 237
1849900 236
1849910 236
1849920 236
1849930 236
1849940 236
1849950 236
1849960 235
1849970 235
1849980 235
1849990 235
1850000 235
1850010 234
1850020 234
1850030 234
1850040 234
1850050 234
1850060 234
1850070 234
1850080 233
1850090 233
1850100 232
1850110 232
1850120 232
1850130 231
1850140 231
1850150 231
1850160 231
1850170 230
1850180 230
1850190 230
1850200 229
1850210 229
1850220 229
1850230 229
1850240 229
1850250 228
1850260 228
1850270 228
1850280 227
1850290 227
1850300 227
1850310 227
1850320 226
1850330 226
1850340 226
1850350 226
1850360 226
1850370 225
1850380 225
1850390 225
1850400 224
1850410 224
1850420 224
1850430 224
1850440 224
1850450 224
1850460 223
1850470 223
1850480 223
1850490 223
1850500 223
1850510 223
1850520 223
1850530 223
1850540 223
1850550 222
1850560 222
1850570 222
1850580 222
1850590 222
1850600 222
1850610 222
1850620 221
1850630 221
1850640 221
1850650 221
1850660 221
1850670 220
1850680 220
1850690 220
1850700 219
1850710 218
1850720 218
1850730 218
1850740 217
1850750 217
1850760 216
1850770 216
1850780 216
1850790 215
1850800 215
1850810 214
1850820 214
1850830 214
1850840 214
1850850 213
1850860 213
1850870 214
1850880 213
1850890 213
1850900 212
1850910 211
1850920 211
1850930 211
1850940 211
1850950 211
1850960 211
1850970 211
1850980 211
1850990 211
1851000 211
1851010 211
1851020 215
1851030 218
1851040 218
1851050 221
1851060 223
1851070 223
1851080 223
1851090 225
1851100 225
1851110 228
1851120 230
1851130 230
1851140 231
1851150 232
1851160 232
1851170 232
1851180 232
1851190 232
1851200 231
1851210 230
1851220 230
1851230 230
1851240 229
1851250 229
1851260 227
1851270 226
1851280 226
1851290 225
1851300 224
1851310 224
1851320 223
1851330 223
1851340 223
1851350 223
1851360 223
1851370 223
1851380 224
1851390 224
1851400 224
1851410 225
1851420 226
1851430 226
1851440 226
1851450 226
1851460 226
1851470 227
1851480 228
1851490 228
1851500 229
1851510 229
1851520 229
1851530 230
1851540 231
1851550 231
1851560 232
1851570 232
1851580 232
1851590 233
1851600 233
1851610 234
1851620 235
1851630 235
1851640 235
1851650 236
1851660 236
1851670 236
1851680 237
1851690 237
1851700 237
1851710 238
1851720 238
1851730 238
1851740 239
1851750 239
1851760 239
1851770 240
1851780 240
1851790 241
1851800 241
1851810 241
1851820 242
1851830 243
1851840 243
1851850 243
1851860 244
1851870 244
1851880 245
1851890 245
1851900 245
1851910 246
1851920 247
1851930 247
1851940 248
1851950 248
1851960 248
1851970 249
1851980 249
1851990 249
1852000 250
1852010 250
1852020 250
1852030 251
1852040 251
1852050 251
1852060 252
1852070 252
1852080 252
1852090 253
1852100 253
1852110 253
1852120 253
1852130 253
1852140 253
1852150 254
1852160 254
1852170 254
1852180 254
1852190 254
1852200 254
1852210 254
1852220 254
1852230 254
1852240 254
1852250 253
1852260 253
1852270 252
1852280 251
1852290 251
1852300 251
1852310 251
1852320 251
1852330 250
1852340 249
1852350 249
1852360 248
1852370 247
1852380 247
1852390 247
1852400 246
1852410 246
1852420 246
1852430 246
1852440 247
1852450 248
1852460 248
1852470 249
1852480 250
1852490 250
1852500 250
1852510 250
1852520 250
1852530 250
1852540 250
1852550 250
1852560 250
1852570 249
1852580 249
1852590 249
1852600 248
1852610 248
1852620 248
1852630 247
1852640 247
1852650 247
1852660 246
1852670 246
1852680 245
1852690 244
1852700 244
1852710 243
1852720 241
1852730 241
1852740 240
1852750 239
1852760 239
1852770 238
1852780 238
1852790 238
1852800 237
1852810 237
1852820 237
1852830 237
1852840 236
1852850 236
1852860 236
1852870 236
1852880 236
1852890 236
1852900 238
1852910 238
1852920 239
1852930 241
1852940 241
1852950 242
1852960 243
1852970 243
1852980 244
1852990 244
1853000 244
1853010 244
1853020 244
1853030 244
1853040 244
1853050 244
1853060 244
1853070 244
1853080 244
1853090 244
1853100 243
1853110 243
1853120 243
1853130 243
1853140 243
1853150 243
1853160 243
1853170 243
1853180 243
1853190 242
1853200 242
1853210 241
1853220 240
1853230 240
1853240 240
1853250 239
1853260 239
1853270 238
1853280 237
1853290 237
1853300 236
1853310 235
1853320 235
1853330 234
1853340 233
1853350 233
1853360 232
1853370 231
1853380 231
1853390 231
1853400 231
1853410 231
1853420 231
1853430 231
1853440 231
1853450 231
1853460 231
1853470 231
1853480 231
1853490 231
1853500 231
1853510 232
1853520 232
1853530 232
1853540 232
1853550 232
1853560 233
1853570 233
1853580 234
1853590 234
1853600 235
1853610 236
1853620 236
1853630 238
1853640 239
1853650 239
1853660 239
1853670 240
1853680 240
1853690 241
1853700 242
1853710 242
1853720 243
1853730 243
1853740 243
1853750 244
1853760 245
1853770 245
1853780 246
1853790 247
1853800 247
1853810 247
1853820 248
1853830 248
1853840 249
1853850 250
1853860 250
1853870 250
1853880 251
1853890 251
1853900 251
1853910 252
1853920 252
1853930 253
1853940 253
1853950 253
1853960 254
1853970 254
1853980 254
1853990 255
1854000 256
1854010 256
1854020 256
1854030 257
1854040 257
1854050 257
1854060 257
1854070 257
1854080 258
1854090 258
1854100 258
1854110 258
1854120 258
1854130 258
1854140 259
1854150 259
1854160 259
1854170 259
1854180 259
1854190 259
1854200 259
1854210 259
1854220 260
1854230 260
1854240 260
1854250 260
1854260 260
1854270 260
1854280 260
1854290 260
1854300 260
1854310 261
1854320 261
1854330 261
1854340 261
1854350 261
1854360 261
1854370 261
1854380 261
1854390 261
1854400 261
1854410 261
1854420 261
1854430 261
1854440 261
1854450 261
1854460 261
1854470 260
1854480 260
1854490 260
1854500 260
1854510 260
1854520 260
1854530 260
1854540 260
1854550 260
1854560 260
1854570 260
1854580 260
1854590 260
1854600 260
1854610 259
1854620 259
1854630 259
1854640 258
1854650 257
1854660 257
1854670 256
1854680 255
1854690 255
1854700 254
1854710 253
1854720 253
1854730 251
1854740 250
1854750 250
1854760 249
1854770 248
1854780 248
1854790 247
1854800 246
1854810 246
1854820 245
1854830 245
1854840 245
1854850 245
1854860 244
1854870 244
1854880 244
1854890 244
1854900 244
1854910 243
1854920 243
1854930 243
1854940 243
1854950 243
1854960 243
1854970 242
1854980 243
1854990 242
1855000 242
1855010 242
1855020 242
1855030 241
1855040 241
1855050 242
1855060 243
1855070 243
1855080 243
1855090 244
1855100 244
1855110 245
1855120 245
1855130 245
1855140 244
1855150 243
1855160 243
1855170 242
1855180 241
1855190 241
1855200 240
1855210 239
1855220 239
1855230 238
1855240 237
1855250 237
1855260 237
1855270 237
1855280 237
1855290 238
1855300 238
1855310 238
1855320 241
1855330 243
1855340 243
1855350 245
1855360 246
1855370 246
1855380 247
1855390 248
1855400 248
1855410 249
1855420 249
1855430 249
1855440 250
1855450 251
1855460 251
1855470 251
1855480 251
1855490 251
1855500 252
1855510 252
1855520 252
1855530 252
1855540 252
1855550 252
1855560 251
1855570 251
1855580 251
1855590 250
1855600 250
1855610 250
1855620 249
1855630 249
1855640 249
1855650 248
1855660 248
1855670 248
1855680 246
1855690 246
1855700 246
1855710 247
1855720 248
1855730 248
1855740 249
1855750 250
1855760 250
1855770 252
1855780 252
1855790 253
1855800 254
1855810 254
1855820 255
1855830 256
1855840 256
1855850 257
1855860 258
1855870 258
1855880 259
1855890 260
1855900 260
1855910 261
1855920 262
1855930 262
1855940 263
1855950 263
1855960 263
1855970 264
1855980 265
1855990 265
1856000 265
1856010 266
1856020 266
1856030 269
1856040 269
1856050 269
1856060 270
1856070 271
1856080 271
1856090 272
1856100 272
1856110 272
1856120 273
1856130 274
1856140 274
1856150 275
1856160 275
1856170 275
1856180 276
1856190 277
1856200 277
1856210 278
1856220 279
1856230 279
1856240 279
1856250 280
1856260 280
1856270 280
1856280 281
1856290 281
1856300 281
1856310 282
1856320 282
1856330 282
1856340 282
1856350 282
1856360 282
1856370 282
1856380 281
1856390 281
1856400 280
1856410 280
1856420 278
1856430 277
1856440 277
1856450 277
1856460 276
1856470 276
1856480 275
1856490 276
1856500 276
1856510 276
1856520 277
1856530 277
1856540 278
1856550 279
1856560 279
1856570 279
1856580 280
1856590 280
1856600 280
1856610 280
1856620 280
1856630 280
1856640 280
1856650 280
1856660 280
1856670 280
1856680 279
1856690 279
1856700 279
1856710 279
1856720 279
1856730 278
1856740 277
1856750 276
1856760 276
1856770 274
1856780 272
1856790 272
1856800 270
1856810 268
1856820 268
1856830 268
1856840 268
1856850 268
1856860 270
1856870 272
1856880 272
1856890 274
1856900 275
1856910 275
1856920 275
1856930 275
1856940 275
1856950 275
1856960 275
1856970 275
1856980 274
1856990 273
1857000 273
1857010 272
1857020 271
1857030 271
1857040 269
1857050 268
1857060 268
1857070 267
1857080 265
1857090 265
1857100 265
1857110 266
1857120 266
1857130 267
1857140 269
1857150 269
1857160 271
1857170 273
1857180 273
1857190 275
1857200 276
1857210 276
1857220 277
1857230 278
1857240 278
1857250 279
1857260 280
1857270 280
1857280 280
1857290 281
1857300 281
1857310 281
1857320 281
1857330 281
1857340 282
1857350 282
1857360 282
1857370 283
1857380 283
1857390 283
1857400 284
1857410 284
1857420 284
1857430 284
1857440 284
1857450 284
1857460 283
1857470 283
1857480 283
1857490 283
1857500 283
1857510 282
1857520 282
1857530 282
1857540 283
1857550 283
1857560 283
1857570 284
1857580 285
1857590 285
1857600 285
1857610 286
1857620 286
1857630 287
1857640 287
1857650 287
1857660 287
1857670 288
1857680 288
1857690 288
1857700 288
1857710 288
1857720 288
1857730 288
1857740 288
1857750 288
1857760 288
1857770 288
1857780 287
1857790 286
1857800 286
1857810 286
1857820 285
1857830 285
1857840 285
1857850 285
1857860 285
1857870 285
1857880 285
1857890 285
1857900 285
1857910 286
1857920 286
1857930 285
1857940 285
1857950 285
1857960 285
1857970 285
1857980 285
1857990 284
1858000 284
1858010 284
1858020 284
1858030 284
1858040 284
1858050 284
1858060 284
1858070 284
1858080 283
1858090 283
1858100 283
1858110 283
1858120 283
1858130 282
1858140 282
1858150 282
1858160 282
1858170 281
1858180 281
1858190 281
1858200 281
1858210 281
1858220 281
1858230 280
1858240 280
1858250 280
1858260 280
1858270 280
1858280 279
1858290 279
1858300 279
1858310 278
1858320 278
1858330 278
1858340 277
1858350 277
1858360 277
1858370 276
1858380 276
1858390 276
1858400 275
1858410 274
1858420 274
1858430 273
1858440 272
1858450 272
1858460 271
1858470 270
1858480 270
1858490 269
1858500 268
1858510 268
1858520 267
1858530 267
1858540 267
1858550 266
1858560 265
1858570 265
1858580 264
1858590 262
1858600 262
1858610 261
1858620 260
1858630 260
1858640 259
1858650 259
1858660 259
1858670 259
1858680 259
1858690 259
1858700 259
1858710 260
1858720 260
1858730 261
1858740 263
1858750 263
1858760 265
1858770 267
1858780 267
1858790 269
1858800 271
1858810 271
1858820 272
1858830 274
1858840 274
1858850 275
1858860 275
1858870 275
1858880 276
1858890 277
1858900 277
1858910 277
1858920 277
1858930 277
1858940 277
1858950 277
1858960 277
1858970 277
1858980 277
1858990 277
1859000 278
1859010 278
1859020 278
1859030 279
1859040 280
1859050 280
1859060 280
1859070 280
1859080 280
1859090 280
1859100 280
1859110 280
1859120 280
1859130 280
1859140 279
1859150 279
1859160 279
1859170 278
1859180 277
1859190 277
1859200 277
1859210 278
1859220 278
1859230 278
1859240 277
1859250 277
1859260 277
1859270 276
1859280 276
1859290 275
1859300 274
1859310 274
1859320 273
1859330 273
1859340 273
1859350 273
1859360 273
1859370 273
1859380 273
1859390 272
1859400 272
1859410 272
1859420 273
1859430 273
1859440 274
1859450 275
1859460 275
1859470 277
1859480 278
1859490 278
1859500 279
1859510 280
1859520 280
1859530 281
1859540 282
1859550 282
1859560 283
1859570 283
1859580 283
1859590 284
1859600 285
1859610 285
1859620 285
1859630 285
1859640 285
1859650 286
1859660 286
1859670 286
1859680 287
1859690 287
1859700 287
1859710 287
1859720 287
1859730 287
1859740 288
1859750 288
1859760 288
1859770 288
1859780 288
1859790 288
1859800 288
1859810 288
1859820 288
1859830 288
1859840 288
1859850 288
1859860 288
1859870 287
1859880 287
1859890 287
1859900 287
1859910 287
1859920 286
1859930 286
1859940 285
1859950 283
1859960 283
1859970 282
1859980 281
1859990 281
