1840000 231
1840010 232
1840020 233
1840030 233
1840040 234
1840050 235
1840060 235
1840070 236
1840080 236
1840090 236
1840100 237
1840110 238
1840120 238
1840130 238
1840140 239
1840150 239
1840160 240
1840170 240
1840180 240
1840190 241
1840200 241
1840210 241
1840220 242
1840230 242
1840240 242
1840250 243
1840260 243
1840270 243
1840280 244
1840290 244
1840300 244
1840310 245
1840320 245
1840330 245
1840340 245
1840350 245
1840360 245
1840370 245
1840380 245
1840390 245
1840400 245
1840410 245
1840420 245
1840430 245
1840440 245
1840450 245
1840460 245
1840470 245
1840480 245
1840490 245
1840500 245
1840510 245
1840520 245
1840530 245
1840540 245
1840550 245
1840560 245
1840570 245
1840580 245
1840590 245
1840600 244
1840610 244
1840620 244
1840630 244
1840640 244
1840650 244
1840660 244
1840670 244
1840680 244
1840690 243
1840700 243
1840710 243
1840720 243
1840730 243
1840740 243
1840750 243
1840760 243
1840770 243
1840780 243
1840790 243
1840800 243
1840810 243
1840820 243
1840830 243
1840840 243
1840850 242
1840860 242
1840870 242
1840880 242
1840890 242
1840900 242
1840910 242
1840920 242
1840930 242
1840940 241
1840950 241
1840960 241
1840970 241
1840980 241
1840990 241
1841000 241
1841010 241
1841020 241
1841030 241
1841040 241
1841050 241
1841060 241
1841070 241
1841080 241
1841090 241
1841100 241
1841110 240
1841120 240
1841130 240
1841140 240
1841150 240
1841160 240
1841170 239
1841180 239
1841190 239
1841200 239
1841210 239
1841220 239
1841230 239
1841240 239
1841250 238
1841260 238
1841270 238
1841280 238
1841290 238
1841300 238
1841310 237
1841320 237
1841330 237
1841340 237
1841350 237
1841360 237
1841370 236
1841380 236
1841390 236
1841400 236
1841410 236
1841420 236
1841430 235
1841440 235
1841450 235
1841460 234
1841470 234
1841480 234
1841490 234
1841500 233
1841510 233
1841520 233
1841530 232
1841540 232
1841550 232
1841560 231
1841570 231
1841580 231
1841590 230
1841600 230
1841610 229
1841620 228
1841630 228
1841640 227
1841650 226
1841660 226
1841670 225
1841680 224
1841690 224
1841700 223
1841710 223
1841720 223
1841730 223
1841740 222
1841750 223
1841760 222
1841770 219
1841780 219
1841790 218
1841800 217
1841810 217
1841820 217
1841830 217
1841840 217
1841850 215
1841860 214
1841870 214
1841880 214
1841890 214
1841900 214
1841910 213
1841920 213
1841930 213
1841940 213
1841950 213
1841960 213
1841970 213
1841980 213
1841990 212
1842000 212
1842010 212
1842020 212
1842030 212
1842040 212
1842050 211
1842060 211
1842070 211
1842080 211
1842090 211
1842100 211
1842110 211
1842120 210
1842130 210
1842140 209
1842150 208
1842160 208
1842170 208
1842180 208
1842190 208
1842200 208
1842210 208
1842220 208
1842230 207
1842240 207
1842250 207
1842260 207
1842270 207
1842280 207
1842290 207
1842300 207
1842310 207
1842320 207
1842330 206
1842340 206
1842350 206
1842360 206
1842370 206
1842380 206
1842390 206
1842400 206
1842410 206
1842420 206
1842430 206
1842440 206
1842450 206
1842460 206
1842470 206
1842480 206
1842490 206
1842500 206
1842510 206
1842520 206
1842530 206
1842540 206
1842550 206
1842560 206
1842570 206
1842580 206
1842590 206
1842600 206
1842610 206
1842620 206
1842630 205
1842640 205
1842650 206
1842660 206
1842670 206
1842680 206
1842690 206
1842700 206
1842710 206
1842720 206
1842730 206
1842740 206
1842750 206
1842760 206
1842770 206
1842780 206
1842790 206
1842800 206
1842810 206
1842820 206
1842830 206
1842840 206
1842850 206
1842860 206
1842870 206
1842880 206
1842890 206
1842900 206
1842910 206
1842920 206
1842930 206
1842940 206
1842950 206
1842960 206
1842970 206
1842980 207
1842990 207
1843000 207
1843010 207
1843020 207
1843030 207
1843040 207
1843050 207
1843060 207
1843070 208
1843080 208
1843090 208
1843100 208
1843110 208
1843120 208
1843130 209
1843140 209
1843150 209
1843160 209
1843170 209
1843180 210
1843190 210
1843200 210
1843210 210
1843220 210
1843230 210
1843240 210
1843250 211
1843260 211
1843270 211
1843280 211
1843290 211
1843300 212
1843310 212
1843320 212
1843330 212
1843340 213
1843350 213
1843360 213
1843370 214
1843380 214
1843390 214
1843400 215
1843410 215
1843420 215
1843430 216
1843440 216
1843450 216
1843460 217
1843470 217
1843480 217
1843490 218
1843500 218
1843510 218
1843520 219
1843530 219
1843540 219
1843550 220
1843560 220
1843570 221
1843580 222
1843590 222
1843600 223
1843610 223
1843620 223
1843630 224
1843640 224
1843650 225
1843660 225
1843670 225
1843680 226
1843690 227
1843700 227
1843710 228
1843720 230
1843730 230
1843740 231
1843750 232
1843760 232
1843770 234
1843780 235
1843790 235
1843800 237
1843810 239
1843820 239
1843830 241
1843840 243
1843850 243
1843860 244
1843870 245
1843880 245
1843890 246
1843900 247
1843910 247
1843920 247
1843930 249
1843940 249
1843950 249
1843960 249
1843970 249
1843980 249
1843990 250
1844000 250
1844010 250
1844020 251
1844030 251
1844040 251
1844050 251
1844060 251
1844070 251
1844080 251
1844090 251
1844100 252
1844110 252
1844120 252
1844130 251
1844140 251
1844150 251
1844160 251
1844170 251
1844180 251
1844190 251
1844200 251
1844210 251
1844220 251
1844230 251
1844240 251
1844250 251
1844260 250
1844270 250
1844280 250
1844290 250
1844300 250
1844310 250
1844320 250
1844330 250
1844340 250
1844350 251
1844360 251
1844370 251
1844380 250
1844390 250
1844400 250
1844410 251
1844420 251
1844430 251
1844440 251
1844450 251
1844460 251
1844470 251
1844480 251
1844490 251
1844500 251
1844510 251
1844520 252
1844530 252
1844540 252
1844550 252
1844560 252
1844570 252
1844580 252
1844590 252
1844600 252
1844610 252
1844620 252
1844630 252
1844640 252
1844650 252
1844660 252
1844670 253
1844680 253
1844690 253
1844700 253
1844710 253
1844720 253
1844730 253
1844740 253
1844750 252
1844760 252
1844770 252
1844780 252
1844790 252
1844800 252
1844810 252
1844820 252
1844830 252
1844840 252
1844850 251
1844860 251
1844870 251
1844880 251
1844890 251
1844900 251
1844910 251
1844920 251
1844930 250
1844940 250
1844950 250
1844960 250
1844970 250
1844980 250
1844990 249
1845000 249
1845010 249
1845020 249
1845030 249
1845040 249
1845050 249
1845060 249
1845070 249
1845080 248
1845090 249
1845100 249
1845110 249
1845120 249
1845130 249
1845140 249
1845150 249
1845160 249
1845170 249
1845180 249
1845190 249
1845200 249
1845210 249
1845220 249
1845230 249
1845240 249
1845250 249
1845260 249
1845270 249
1845280 249
1845290 249
1845300 249
1845310 249
1845320 249
1845330 249
1845340 250
1845350 250
1845360 250
1845370 250
1845380 251
1845390 251
1845400 251
1845410 251
1845420 251
1845430 252
1845440 252
1845450 252
1845460 252
1845470 252
1845480 252
1845490 252
1845500 251
1845510 251
1845520 251
1845530 251
1845540 251
1845550 250
1845560 250
1845570 250
1845580 250
1845590 249
1845600 249
1845610 249
1845620 249
1845630 249
1845640 248
1845650 248
1845660 248
1845670 247
1845680 247
1845690 247
1845700 247
1845710 246
1845720 246
1845730 246
1845740 245
1845750 245
1845760 245
1845770 244
1845780 244
1845790 244
1845800 243
1845810 243
1845820 243
1845830 242
1845840 242
1845850 242
1845860 242
1845870 242
1845880 241
1845890 241
1845900 241
1845910 240
1845920 240
1845930 240
1845940 239
1845950 239
1845960 239
1845970 238
1845980 238
1845990 238
1846000 238
1846010 237
1846020 237
1846030 237
1846040 237
1846050 237
1846060 236
1846070 236
1846080 236
1846090 236
1846100 237
1846110 237
1846120 237
1846130 237
1846140 237
1846150 237
1846160 237
1846170 237
1846180 236
1846190 236
1846200 236
1846210 236
1846220 236
1846230 236
1846240 236
1846250 236
1846260 235
1846270 235
1846280 235
1846290 235
1846300 234
1846310 234
1846320 234
1846330 234
1846340 234
1846350 233
1846360 233
1846370 233
1846380 233
1846390 232
1846400 232
1846410 232
1846420 231
1846430 231
1846440 231
1846450 230
1846460 230
1846470 230
1846480 229
1846490 229
1846500 229
1846510 228
1846520 228
1846530 228
1846540 227
1846550 227
1846560 227
1846570 226
1846580 226
1846590 225
1846600 225
1846610 225
1846620 224
1846630 223
1846640 223
1846650 222
1846660 221
1846670 221
1846680 220
1846690 219
1846700 219
1846710 219
1846720 218
1846730 218
1846740 218
1846750 218
1846760 218
1846770 217
1846780 217
1846790 217
1846800 217
1846810 217
1846820 217
1846830 217
1846840 217
1846850 217
1846860 219
1846870 221
1846880 221
1846890 223
1846900 224
1846910 224
1846920 226
1846930 227
1846940 227
1846950 229
1846960 229
1846970 231
1846980 232
1846990 232
1847000 233
1847010 235
1847020 235
1847030 236
1847040 237
1847050 237
1847060 238
1847070 239
1847080 239
1847090 240
1847100 240
1847110 240
1847120 241
1847130 241
1847140 241
1847150 242
1847160 242
1847170 242
1847180 241
1847190 241
1847200 241
1847210 241
1847220 240
1847230 240
1847240 240
1847250 239
1847260 239
1847270 238
1847280 238
1847290 238
1847300 238
1847310 237
1847320 237
1847330 237
1847340 238
1847350 238
1847360 238
1847370 238
1847380 238
1847390 239
1847400 239
1847410 239
1847420 239
1847430 239
1847440 239
1847450 239
1847460 239
1847470 239
1847480 239
1847490 239
1847500 239
1847510 239
1847520 238
1847530 238
1847540 237
1847550 237
1847560 237
1847570 236
1847580 236
1847590 236
1847600 236
1847610 236
1847620 236
1847630 236
1847640 236
1847650 236
1847660 236
1847670 235
1847680 235
1847690 235
1847700 234
1847710 234
1847720 233
1847730 232
1847740 232
1847750 231
1847760 230
1847770 230
1847780 230
1847790 230
1847800 230
1847810 230
1847820 230
1847830 231
1847840 232
1847850 232
1847860 233
1847870 234
1847880 234
1847890 235
1847900 234
1847910 234
1847920 235
1847930 235
1847940 235
1847950 236
1847960 236
1847970 236
1847980 237
1847990 237
1848000 237
1848010 238
1848020 238
1848030 238
1848040 239
1848050 239
1848060 239
1848070 240
1848080 240
1848090 240
1848100 240
1848110 241
1848120 241
1848130 241
1848140 241
1848150 241
1848160 241
1848170 242
1848180 242
1848190 242
1848200 241
1848210 241
1848220 241
1848230 241
1848240 241
1848250 241
1848260 241
1848270 241
1848280 241
1848290 240
1848300 240
1848310 240
1848320 240
1848330 240
1848340 240
1848350 240
1848360 240
1848370 240
1848380 240
1848390 240
1848400 240
1848410 240
1848420 240
1848430 240
1848440 240
1848450 240
1848460 240
1848470 240
1848480 240
1848490 240
1848500 241
1848510 241
1848520 241
1848530 241
1848540 241
1848550 241
1848560 241
1848570 241
1848580 241
1848590 241
1848600 241
1848610 241
1848620 242
1848630 242
1848640 242
1848650 242
1848660 242
1848670 242
1848680 242
1848690 242
1848700 242
1848710 242
1848720 242
1848730 242
1848740 242
1848750 242
1848760 243
1848770 243
1848780 243
1848790 243
1848800 243
1848810 243
1848820 243
1848830 243
1848840 243
1848850 244
1848860 244
1848870 244
1848880 244
1848890 244
1848900 244
1848910 244
1848920 244
1848930 244
1848940 244
1848950 244
1848960 244
1848970 244
1848980 244
1848990 244
1849000 244
1849010 244
1849020 244
1849030 243
1849040 243
1849050 243
1849060 243
1849070 243
1849080 243
1849090 243
1849100 243
1849110 243
1849120 243
1849130 243
1849140 243
1849150 242
1849160 242
1849170 242
1849180 242
1849190 242
1849200 242
1849210 241
1849220 241
1849230 241
1849240 241
1849250 241
1849260 241
1849270 240
1849280 240
1849290 240
1849300 240
1849310 240
1849320 239
1849330 239
1849340 239
1849350 239
1849360 238
1849370 238
1849380 237
1849390 236
1849400 236
1849410 235
1849420 234
1849430 234
1849440 234
1849450 233
1849460 233
1849470 233
1849480 233
1849490 233
1849500 233
1849510 233
1849520 234
1849530 234
1849540 234
1849550 235
1849560 235
1849570 235
1849580 236
1849590 236
1849600 236
1849610 236
1849620 237
1849630 237
1849640 237
1849650 237
1849660 237
1849670 237
1849680 237
1849690 237
1849700 237
1849710 237
1849720 237
1849730 237
1849740 237
1849750 237
1849760 237
1849770 237
1849780 237
1849790 237
1849800 237
1849810 237
1849820 237
1849830 237
1849840 237
1849850 237
1849860 237
1849870 237
1849880 237
1849890 236
1849900 236
1849910 236
1849920 236
1849930 236
1849940 236
1849950 235
1849960 235
1849970 235
1849980 234
1849990 234
1850000 234
1850010 233
1850020 233
1850030 233
1850040 232
1850050 232
1850060 231
1850070 231
1850080 231
1850090 230
1850100 230
1850110 230
1850120 229
1850130 229
1850140 229
1850150 228
1850160 228
1850170 228
1850180 227
1850190 227
1850200 227
1850210 227
1850220 226
1850230 226
1850240 226
1850250 225
1850260 225
1850270 225
1850280 225
1850290 225
1850300 224
1850310 224
1850320 224
1850330 223
1850340 223
1850350 223
1850360 223
1850370 223
1850380 222
1850390 222
1850400 222
1850410 222
1850420 222
1850430 222
1850440 221
1850450 221
1850460 221
1850470 221
1850480 221
1850490 221
1850500 221
1850510 221
1850520 221
1850530 221
1850540 220
1850550 220
1850560 220
1850570 220
1850580 220
1850590 220
1850600 220
1850610 220
1850620 220
1850630 219
1850640 219
1850650 219
1850660 219
1850670 219
1850680 218
1850690 218
1850700 218
1850710 218
1850720 217
1850730 217
1850740 217
1850750 216
1850760 216
1850770 216
1850780 215
1850790 215
1850800 215
1850810 214
1850820 214
1850830 214
1850840 214
1850850 214
1850860 214
1850870 213
1850880 213
1850890 212
1850900 211
1850910 211
1850920 211
1850930 211
1850940 211
1850950 211
1850960 210
1850970 210
1850980 211
1850990 211
1851000 211
1851010 210
1851020 210
1851030 210
1851040 211
1851050 211
1851060 211
1851070 211
1851080 211
1851090 211
1851100 211
1851110 211
1851120 211
1851130 212
1851140 215
1851150 215
1851160 218
1851170 218
1851180 219
1851190 218
1851200 218
1851210 217
1851220 217
1851230 217
1851240 216
1851250 216
1851260 216
1851270 216
1851280 218
1851290 218
1851300 220
1851310 222
1851320 222
1851330 224
1851340 225
1851350 225
1851360 227
1851370 228
1851380 228
1851390 230
1851400 231
1851410 231
1851420 232
1851430 232
1851440 232
1851450 233
1851460 233
1851470 233
1851480 233
1851490 233
1851500 233
1851510 233
1851520 233
1851530 233
1851540 233
1851550 233
1851560 233
1851570 234
1851580 234
1851590 234
1851600 234
1851610 235
1851620 235
1851630 235
1851640 235
1851650 235
1851660 236
1851670 236
1851680 236
1851690 237
1851700 238
1851710 238
1851720 239
1851730 240
1851740 240
1851750 240
1851760 240
1851770 240
1851780 241
1851790 242
1851800 242
1851810 244
1851820 245
1851830 245
1851840 246
1851850 246
1851860 246
1851870 247
1851880 247
1851890 247
1851900 248
1851910 248
1851920 248
1851930 248
1851940 249
1851950 249
1851960 249
1851970 249
1851980 249
1851990 249
1852000 249
1852010 249
1852020 249
1852030 249
1852040 250
1852050 250
1852060 250
1852070 250
1852080 250
1852090 250
1852100 250
1852110 250
1852120 250
1852130 250
1852140 250
1852150 250
1852160 250
1852170 250
1852180 250
1852190 249
1852200 249
1852210 249
1852220 248
1852230 246
1852240 246
1852250 245
1852260 243
1852270 243
1852280 241
1852290 239
1852300 239
1852310 238
1852320 236
1852330 236
1852340 235
1852350 235
1852360 235
1852370 234
1852380 234
1852390 234
1852400 235
1852410 237
1852420 237
1852430 239
1852440 240
1852450 240
1852460 242
1852470 244
1852480 244
1852490 244
1852500 245
1852510 245
1852520 245
1852530 245
1852540 244
1852550 244
1852560 244
1852570 244
1852580 243
1852590 243
1852600 243
1852610 242
1852620 242
1852630 242
1852640 242
1852650 243
1852660 243
1852670 243
1852680 242
1852690 242
1852700 241
1852710 241
1852720 241
1852730 241
1852740 241
1852750 241
1852760 241
1852770 241
1852780 241
1852790 240
1852800 239
1852810 239
1852820 239
1852830 239
1852840 238
1852850 237
1852860 237
1852870 235
1852880 234
1852890 234
1852900 233
1852910 231
1852920 231
1852930 230
1852940 229
1852950 229
1852960 229
1852970 229
1852980 229
1852990 229
1853000 229
1853010 229
1853020 229
1853030 229
1853040 229
1853050 228
1853060 228
1853070 228
1853080 228
1853090 227
1853100 227
1853110 227
1853120 227
1853130 227
1853140 227
1853150 227
1853160 227
1853170 227
1853180 227
1853190 227
1853200 227
1853210 227
1853220 227
1853230 227
1853240 228
1853250 228
1853260 228
1853270 229
1853280 229
1853290 230
1853300 231
1853310 231
1853320 231
1853330 232
1853340 232
1853350 233
1853360 235
1853370 235
1853380 237
1853390 238
1853400 238
1853410 240
1853420 241
1853430 241
1853440 241
1853450 242
1853460 242
1853470 243
1853480 244
1853490 244
1853500 245
1853510 245
1853520 245
1853530 246
1853540 247
1853550 247
1853560 246
1853570 246
1853580 246
1853590 245
1853600 245
1853610 245
1853620 245
1853630 244
1853640 244
1853650 244
1853660 244
1853670 244
1853680 245
1853690 245
1853700 246
1853710 247
1853720 247
1853730 248
1853740 250
1853750 250
1853760 251
1853770 252
1853780 252
1853790 253
1853800 253
1853810 253
1853820 254
1853830 254
1853840 254
1853850 255
1853860 255
1853870 255
1853880 255
1853890 255
1853900 255
1853910 255
1853920 255
1853930 255
1853940 256
1853950 256
1853960 256
1853970 256
1853980 256
1853990 256
1854000 256
1854010 256
1854020 256
1854030 256
1854040 256
1854050 256
1854060 256
1854070 256
1854080 256
1854090 256
1854100 256
1854110 256
1854120 256
1854130 256
1854140 256
1854150 256
1854160 257
1854170 257
1854180 257
1854190 257
1854200 257
1854210 258
1854220 258
1854230 258
1854240 258
1854250 258
1854260 258
1854270 259
1854280 259
1854290 259
1854300 259
1854310 259
1854320 259
1854330 259
1854340 259
1854350 259
1854360 259
1854370 259
1854380 259
1854390 260
1854400 260
1854410 260
1854420 260
1854430 260
1854440 260
1854450 260
1854460 260
1854470 260
1854480 260
1854490 260
1854500 260
1854510 260
1854520 260
1854530 260
1854540 260
1854550 260
1854560 259
1854570 259
1854580 259
1854590 259
1854600 259
1854610 259
1854620 258
1854630 258
1854640 258
1854650 257
1854660 256
1854670 256
1854680 256
1854690 255
1854700 255
1854710 255
1854720 254
1854730 254
1854740 254
1854750 253
1854760 253
1854770 253
1854780 253
1854790 253
1854800 252
1854810 252
1854820 252
1854830 252
1854840 251
1854850 251
1854860 251
1854870 251
1854880 251
1854890 250
1854900 250
1854910 250
1854920 249
1854930 248
1854940 248
1854950 248
1854960 247
1854970 247
1854980 247
1854990 246
1855000 246
1855010 245
1855020 244
1855030 244
1855040 243
1855050 243
1855060 243
1855070 242
1855080 241
1855090 241
1855100 240
1855110 239
1855120 239
1855130 239
1855140 238
1855150 238
1855160 237
1855170 237
1855180 237
1855190 236
1855200 235
1855210 235
1855220 234
1855230 234
1855240 234
1855250 234
1855260 235
1855270 235
1855280 235
1855290 235
1855300 235
1855310 236
1855320 236
1855330 236
1855340 237
1855350 237
1855360 238
1855370 242
1855380 242
1855390 244
1855400 245
1855410 245
1855420 246
1855430 247
1855440 247
1855450 248
1855460 248
1855470 248
1855480 249
1855490 250
1855500 250
1855510 251
1855520 251
1855530 251
1855540 252
1855550 252
1855560 252
1855570 252
1855580 252
1855590 252
1855600 252
1855610 253
1855620 253
1855630 253
1855640 254
1855650 254
1855660 255
1855670 256
1855680 256
1855690 258
1855700 259
1855710 259
1855720 262
1855730 263
1855740 263
1855750 265
1855760 266
1855770 266
1855780 268
1855790 270
1855800 270
1855810 271
1855820 272
1855830 272
1855840 272
1855850 273
1855860 273
1855870 274
1855880 275
1855890 275
1855900 275
1855910 276
1855920 276
1855930 276
1855940 277
1855950 277
1855960 277
1855970 277
1855980 277
1855990 278
1856000 278
1856010 278
1856020 278
1856030 279
1856040 279
1856050 279
1856060 279
1856070 280
1856080 280
1856090 280
1856100 280
1856110 281
1856120 281
1856130 281
1856140 281
1856150 281
1856160 281
1856170 282
1856180 282
1856190 282
1856200 282
1856210 282
1856220 282
1856230 282
1856240 282
1856250 282
1856260 282
1856270 282
1856280 282
1856290 282
1856300 282
1856310 282
1856320 282
1856330 282
1856340 281
1856350 281
1856360 281
1856370 281
1856380 281
1856390 281
1856400 281
1856410 281
1856420 280
1856430 280
1856440 279
1856450 279
1856460 278
1856470 277
1856480 277
1856490 274
1856500 270
1856510 270
1856520 267
1856530 266
1856540 266
1856550 264
1856560 264
1856570 264
1856580 263
1856590 263
1856600 263
1856610 263
1856620 264
1856630 264
1856640 264
1856650 265
1856660 265
1856670 265
1856680 266
1856690 266
1856700 266
1856710 267
1856720 267
1856730 268
1856740 269
1856750 269
1856760 269
1856770 268
1856780 268
1856790 268
1856800 268
1856810 268
1856820 268
1856830 267
1856840 267
1856850 267
1856860 266
1856870 266
1856880 265
1856890 264
1856900 264
1856910 262
1856920 260
1856930 260
1856940 260
1856950 259
1856960 259
1856970 260
1856980 260
1856990 261
1857000 262
1857010 262
1857020 261
1857030 261
1857040 261
1857050 261
1857060 262
1857070 262
1857080 264
1857090 265
1857100 265
1857110 266
1857120 265
1857130 265
1857140 265
1857150 266
1857160 266
1857170 266
1857180 267
1857190 267
1857200 267
1857210 267
1857220 267
1857230 268
1857240 268
1857250 268
1857260 268
1857270 269
1857280 269
1857290 270
1857300 270
1857310 270
1857320 271
1857330 272
1857340 272
1857350 273
1857360 275
1857370 275
1857380 276
1857390 277
1857400 277
1857410 278
1857420 279
1857430 279
1857440 280
1857450 281
1857460 281
1857470 283
1857480 284
1857490 284
1857500 285
1857510 285
1857520 285
1857530 286
1857540 286
1857550 286
1857560 286
1857570 286
1857580 286
1857590 287
1857600 287
1857610 287
1857620 287
1857630 287
1857640 287
1857650 287
1857660 287
1857670 287
1857680 286
1857690 286
1857700 286
1857710 285
1857720 285
1857730 285
1857740 284
1857750 282
1857760 282
1857770 280
1857780 279
1857790 279
1857800 278
1857810 278
1857820 277
1857830 276
1857840 276
1857850 275
1857860 274
1857870 274
1857880 273
1857890 272
1857900 272
1857910 272
1857920 273
1857930 273
1857940 274
1857950 275
1857960 275
1857970 275
1857980 275
1857990 275
1858000 274
1858010 273
1858020 273
1858030 272
1858040 272
1858050 272
1858060 271
1858070 271
1858080 271
1858090 270
1858100 270
1858110 270
1858120 270
1858130 271
1858140 271
1858150 271
1858160 272
1858170 270
1858180 270
1858190 270
1858200 270
1858210 271
1858220 271
1858230 271
1858240 271
1858250 270
1858260 270
1858270 270
1858280 270
1858290 270
1858300 269
1858310 268
1858320 268
1858330 268
1858340 268
1858350 268
1858360 268
1858370 267
1858380 267
1858390 267
1858400 267
1858410 267
1858420 267
1858430 266
1858440 266
1858450 266
1858460 266
1858470 266
1858480 265
1858490 265
1858500 265
1858510 264
1858520 262
1858530 262
1858540 261
1858550 259
1858560 259
1858570 258
1858580 256
1858590 256
1858600 256
1858610 255
1858620 255
1858630 255
1858640 255
1858650 255
1858660 256
1858670 256
1858680 257
1858690 259
1858700 259
1858710 261
1858720 262
1858730 262
1858740 263
1858750 264
1858760 264
1858770 264
1858780 264
1858790 264
1858800 265
1858810 265
1858820 265
1858830 265
1858840 264
1858850 264
1858860 264
1858870 261
1858880 261
1858890 261
1858900 261
1858910 261
1858920 262
1858930 263
1858940 263
1858950 264
1858960 264
1858970 264
1858980 265
1858990 265
1859000 265
1859010 265
1859020 265
1859030 265
1859040 265
1859050 266
1859060 266
1859070 266
1859080 266
1859090 266
1859100 266
1859110 266
1859120 266
1859130 267
1859140 267
1859150 267
1859160 267
1859170 267
1859180 267
1859190 268
1859200 268
1859210 268
1859220 268
1859230 269
1859240 269
1859250 269
1859260 270
1859270 270
1859280 270
1859290 270
1859300 270
1859310 271
1859320 272
1859330 272
1859340 272
1859350 273
1859360 273
1859370 274
1859380 274
1859390 274
1859400 275
1859410 276
1859420 276
1859430 276
1859440 277
1859450 277
1859460 278
1859470 278
1859480 279
1859490 280
1859500 280
1859510 281
1859520 282
1859530 282
1859540 283
1859550 283
1859560 284
1859570 284
1859580 285
1859590 285
1859600 286
1859610 286
1859620 286
1859630 286
1859640 287
1859650 287
1859660 287
1859670 288
1859680 288
1859690 288
1859700 288
1859710 288
1859720 289
1859730 288
1859740 288
1859750 288
1859760 288
1859770 288
1859780 288
1859790 288
1859800 288
1859810 288
1859820 288
1859830 288
1859840 287
1859850 287
1859860 287
1859870 286
1859880 286
1859890 286
1859900 285
1859910 284
1859920 284
1859930 283
1859940 282
1859950 282
1859960 280
1859970 279
1859980 279
1859990 278
