1840000 207
1840010 207
1840020 207
1840030 206
1840040 206
1840050 206
1840060 205
1840070 205
1840080 205
1840090 204
1840100 204
1840110 204
1840120 204
1840130 204
1840140 204
1840150 203
1840160 203
1840170 203
1840180 203
1840190 203
1840200 202
1840210 202
1840220 202
1840230 202
1840240 202
1840250 202
1840260 202
1840270 202
1840280 202
1840290 202
1840300 201
1840310 201
1840320 201
1840330 201
1840340 201
1840350 201
1840360 201
1840370 201
1840380 201
1840390 201
1840400 201
1840410 201
1840420 201
1840430 201
1840440 201
1840450 201
1840460 201
1840470 201
1840480 201
1840490 201
1840500 201
1840510 201
1840520 201
1840530 201
1840540 201
1840550 201
1840560 201
1840570 201
1840580 201
1840590 201
1840600 201
1840610 201
1840620 201
1840630 201
1840640 201
1840650 201
1840660 201
1840670 201
1840680 201
1840690 201
1840700 201
1840710 201
1840720 201
1840730 203
1840740 206
1840750 206
1840760 203
1840770 200
1840780 200
1840790 200
1840800 200
1840810 200
1840820 201
1840830 201
1840840 201
1840850 202
1840860 202
1840870 202
1840880 201
1840890 201
1840900 201
1840910 201
1840920 200
1840930 200
1840940 200
1840950 200
1840960 200
1840970 200
1840980 200
1840990 200
1841000 200
1841010 200
1841020 200
1841030 200
1841040 200
1841050 200
1841060 200
1841070 200
1841080 200
1841090 200
1841100 200
1841110 200
1841120 200
1841130 200
1841140 200
1841150 200
1841160 199
1841170 199
1841180 199
1841190 200
1841200 200
1841210 200
1841220 199
1841230 199
1841240 199
1841250 200
1841260 200
1841270 200
1841280 200
1841290 200
1841300 199
1841310 199
1841320 199
1841330 199
1841340 199
1841350 199
1841360 199
1841370 199
1841380 199
1841390 199
1841400 199
1841410 199
1841420 199
1841430 199
1841440 199
1841450 199
1841460 199
1841470 199
1841480 199
1841490 199
1841500 199
1841510 199
1841520 199
1841530 199
1841540 199
1841550 199
1841560 199
1841570 199
1841580 199
1841590 199
1841600 199
1841610 199
1841620 199
1841630 199
1841640 199
1841650 199
1841660 199
1841670 199
1841680 199
1841690 198
1841700 198
1841710 198
1841720 198
1841730 198
1841740 198
1841750 198
1841760 198
1841770 199
1841780 199
1841790 199
1841800 199
1841810 199
1841820 199
1841830 199
1841840 199
1841850 199
1841860 199
1841870 198
1841880 198
1841890 199
1841900 200
1841910 200
1841920 199
1841930 198
1841940 198
1841950 198
1841960 198
1841970 198
1841980 198
1841990 198
1842000 198
1842010 198
1842020 198
1842030 198
1842040 198
1842050 198
1842060 198
1842070 198
1842080 198
1842090 198
1842100 199
1842110 199
1842120 199
1842130 200
1842140 200
1842150 200
1842160 200
1842170 200
1842180 200
1842190 200
1842200 200
1842210 200
1842220 201
1842230 201
1842240 201
1842250 201
1842260 201
1842270 201
1842280 202
1842290 202
1842300 202
1842310 203
1842320 203
1842330 203
1842340 204
1842350 204
1842360 204
1842370 205
1842380 205
1842390 205
1842400 206
1842410 206
1842420 206
1842430 206
1842440 206
1842450 207
1842460 207
1842470 207
1842480 208
1842490 208
1842500 208
1842510 208
1842520 208
1842530 208
1842540 208
1842550 208
1842560 208
1842570 208
1842580 208
1842590 208
1842600 208
1842610 208
1842620 208
1842630 207
1842640 207
1842650 207
1842660 206
1842670 206
1842680 205
1842690 204
1842700 204
1842710 204
1842720 205
1842730 206
1842740 206
1842750 208
1842760 210
1842770 210
1842780 212
1842790 213
1842800 213
1842810 215
1842820 216
1842830 216
1842840 218
1842850 220
1842860 220
1842870 223
1842880 224
1842890 224
1842900 225
1842910 225
1842920 225
1842930 225
1842940 225
1842950 225
1842960 225
1842970 225
1842980 225
1842990 225
1843000 225
1843010 225
1843020 225
1843030 225
1843040 225
1843050 225
1843060 225
1843070 225
1843080 226
1843090 226
1843100 226
1843110 227
1843120 227
1843130 228
1843140 228
1843150 228
1843160 229
1843170 229
1843180 229
1843190 230
1843200 230
1843210 230
1843220 231
1843230 231
1843240 231
1843250 232
1843260 232
1843270 232
1843280 232
1843290 232
1843300 232
1843310 233
1843320 233
1843330 233
1843340 233
1843350 233
1843360 233
1843370 234
1843380 234
1843390 234
1843400 234
1843410 234
1843420 234
1843430 234
1843440 234
1843450 234
1843460 235
1843470 235
1843480 235
1843490 235
1843500 235
1843510 235
1843520 235
1843530 235
1843540 235
1843550 235
1843560 234
1843570 234
1843580 233
1843590 232
1843600 232
1843610 231
1843620 230
1843630 230
1843640 230
1843650 229
1843660 229
1843670 228
1843680 228
1843690 228
1843700 228
1843710 228
1843720 228
1843730 229
1843740 229
1843750 229
1843760 230
1843770 229
1843780 230
1843790 230
1843800 230
1843810 231
1843820 232
1843830 232
1843840 234
1843850 235
1843860 235
1843870 236
1843880 237
1843890 237
1843900 239
1843910 240
1843920 240
1843930 240
1843940 241
1843950 241
1843960 241
1843970 241
1843980 241
1843990 241
1844000 241
1844010 241
1844020 241
1844030 241
1844040 241
1844050 241
1844060 241
1844070 241
1844080 241
1844090 242
1844100 242
1844110 242
1844120 240
1844130 240
1844140 236
1844150 237
1844160 237
1844170 238
1844180 238
1844190 238
1844200 239
1844210 240
1844220 240
1844230 239
1844240 239
1844250 239
1844260 239
1844270 238
1844280 238
1844290 238
1844300 237
1844310 237
1844320 236
1844330 236
1844340 236
1844350 235
1844360 235
1844370 235
1844380 234
1844390 233
1844400 233
1844410 233
1844420 232
1844430 232
1844440 231
1844450 230
1844460 230
1844470 229
1844480 229
1844490 229
1844500 227
1844510 227
1844520 226
1844530 226
1844540 226
1844550 225
1844560 224
1844570 224
1844580 223
1844590 223
1844600 223
1844610 222
1844620 222
1844630 222
1844640 221
1844650 220
1844660 220
1844670 220
1844680 220
1844690 220
1844700 219
1844710 218
1844720 218
1844730 218
1844740 217
1844750 217
1844760 217
1844770 216
1844780 216
1844790 215
1844800 216
1844810 216
1844820 216
1844830 217
1844840 217
1844850 218
1844860 220
1844870 220
1844880 221
1844890 222
1844900 222
1844910 223
1844920 223
1844930 223
1844940 224
1844950 224
1844960 224
1844970 225
1844980 226
1844990 226
1845000 228
1845010 230
1845020 230
1845030 232
1845040 235
1845050 235
1845060 237
1845070 238
1845080 238
1845090 240
1845100 242
1845110 242
1845120 244
1845130 246
1845140 246
1845150 249
1845160 250
1845170 250
1845180 251
1845190 252
1845200 252
1845210 252
1845220 252
1845230 252
1845240 252
1845250 252
1845260 252
1845270 252
1845280 252
1845290 252
1845300 252
1845310 252
1845320 252
1845330 252
1845340 252
1845350 252
1845360 252
1845370 252
1845380 251
1845390 251
1845400 251
1845410 251
1845420 251
1845430 251
1845440 250
1845450 250
1845460 250
1845470 249
1845480 249
1845490 249
1845500 248
1845510 248
1845520 248
1845530 247
1845540 246
1845550 246
1845560 246
1845570 245
1845580 245
1845590 244
1845600 244
1845610 244
1845620 243
1845630 243
1845640 243
1845650 242
1845660 242
1845670 242
1845680 241
1845690 241
1845700 241
1845710 240
1845720 240
1845730 240
1845740 239
1845750 238
1845760 238
1845770 238
1845780 238
1845790 238
1845800 237
1845810 236
1845820 236
1845830 236
1845840 235
1845850 235
1845860 235
1845870 234
1845880 234
1845890 234
1845900 233
1845910 233
1845920 232
1845930 232
1845940 232
1845950 231
1845960 230
1845970 230
1845980 230
1845990 229
1846000 229
1846010 228
1846020 227
1846030 227
1846040 227
1846050 226
1846060 226
1846070 225
1846080 224
1846090 224
1846100 223
1846110 222
1846120 222
1846130 221
1846140 221
1846150 220
1846160 219
1846170 219
1846180 218
1846190 217
1846200 217
1846210 216
1846220 216
1846230 216
1846240 215
1846250 214
1846260 214
1846270 213
1846280 212
1846290 212
1846300 212
1846310 211
1846320 211
1846330 211
1846340 210
1846350 210
1846360 210
1846370 210
1846380 210
1846390 210
1846400 211
1846410 211
1846420 212
1846430 213
1846440 213
1846450 212
1846460 212
1846470 212
1846480 212
1846490 212
1846500 212
1846510 212
1846520 212
1846530 212
1846540 211
1846550 210
1846560 210
1846570 209
1846580 208
1846590 208
1846600 207
1846610 207
1846620 207
1846630 206
1846640 206
1846650 206
1846660 206
1846670 206
1846680 206
1846690 208
1846700 210
1846710 210
1846720 212
1846730 214
1846740 214
1846750 215
1846760 217
1846770 217
1846780 219
1846790 221
1846800 221
1846810 223
1846820 224
1846830 224
1846840 226
1846850 227
1846860 227
1846870 227
1846880 228
1846890 228
1846900 229
1846910 229
1846920 229
1846930 230
1846940 230
1846950 230
1846960 231
1846970 231
1846980 231
1846990 231
1847000 231
1847010 232
1847020 232
1847030 232
1847040 232
1847050 232
1847060 232
1847070 232
1847080 232
1847090 232
1847100 232
1847110 232
1847120 232
1847130 231
1847140 231
1847150 231
1847160 231
1847170 231
1847180 231
1847190 230
1847200 230
1847210 230
1847220 230
1847230 229
1847240 229
1847250 229
1847260 229
1847270 229
1847280 229
1847290 229
1847300 229
1847310 229
1847320 229
1847330 229
1847340 228
1847350 228
1847360 228
1847370 227
1847380 226
1847390 225
1847400 224
1847410 223
1847420 223
1847430 222
1847440 221
1847450 221
1847460 221
1847470 220
1847480 220
1847490 220
1847500 219
1847510 219
1847520 219
1847530 218
1847540 218
1847550 218
1847560 218
1847570 218
1847580 218
1847590 218
1847600 218
1847610 218
1847620 218
1847630 218
1847640 218
1847650 218
1847660 218
1847670 219
1847680 219
1847690 219
1847700 220
1847710 220
1847720 220
1847730 221
1847740 221
1847750 223
1847760 224
1847770 224
1847780 224
1847790 225
1847800 225
1847810 225
1847820 226
1847830 226
1847840 226
1847850 226
1847860 226
1847870 226
1847880 228
1847890 228
1847900 230
1847910 230
1847920 230
1847930 230
1847940 231
1847950 231
1847960 231
1847970 231
1847980 231
1847990 231
1848000 231
1848010 231
1848020 231
1848030 231
1848040 231
1848050 231
1848060 231
1848070 231
1848080 231
1848090 232
1848100 232
1848110 232
1848120 232
1848130 232
1848140 232
1848150 232
1848160 232
1848170 232
1848180 232
1848190 232
1848200 232
1848210 232
1848220 232
1848230 232
1848240 232
1848250 232
1848260 232
1848270 232
1848280 232
1848290 232
1848300 232
1848310 232
1848320 232
1848330 231
1848340 231
1848350 232
1848360 232
1848370 232
1848380 232
1848390 232
1848400 232
1848410 232
1848420 232
1848430 232
1848440 232
1848450 232
1848460 232
1848470 232
1848480 232
1848490 232
1848500 232
1848510 232
1848520 232
1848530 232
1848540 233
1848550 233
1848560 233
1848570 233
1848580 233
1848590 233
1848600 233
1848610 233
1848620 233
1848630 233
1848640 233
1848650 233
1848660 233
1848670 233
1848680 233
1848690 233
1848700 233
1848710 234
1848720 234
1848730 234
1848740 234
1848750 234
1848760 234
1848770 234
1848780 234
1848790 234
1848800 234
1848810 234
1848820 234
1848830 234
1848840 234
1848850 235
1848860 235
1848870 235
1848880 235
1848890 235
1848900 235
1848910 235
1848920 235
1848930 235
1848940 235
1848950 235
1848960 235
1848970 235
1848980 235
1848990 235
1849000 235
1849010 235
1849020 235
1849030 235
1849040 235
1849050 235
1849060 235
1849070 235
1849080 235
1849090 236
1849100 236
1849110 236
1849120 236
1849130 236
1849140 236
1849150 236
1849160 236
1849170 236
1849180 236
1849190 236
1849200 236
1849210 236
1849220 237
1849230 237
1849240 237
1849250 237
1849260 237
1849270 237
1849280 237
1849290 237
1849300 237
1849310 237
1849320 237
1849330 237
1849340 237
1849350 237
1849360 237
1849370 237
1849380 237
1849390 237
1849400 237
1849410 238
1849420 238
1849430 238
1849440 238
1849450 238
1849460 238
1849470 238
1849480 238
1849490 238
1849500 239
1849510 239
1849520 239
1849530 239
1849540 240
1849550 240
1849560 240
1849570 240
1849580 240
1849590 240
1849600 240
1849610 240
1849620 240
1849630 240
1849640 240
1849650 240
1849660 240
1849670 240
1849680 239
1849690 239
1849700 239
1849710 239
1849720 239
1849730 239
1849740 239
1849750 239
1849760 239
1849770 238
1849780 238
1849790 238
1849800 238
1849810 238
1849820 238
1849830 238
1849840 237
1849850 237
1849860 237
1849870 237
1849880 237
1849890 237
1849900 237
1849910 237
1849920 237
1849930 237
1849940 237
1849950 237
1849960 237
1849970 237
1849980 237
1849990 237
1850000 237
1850010 237
1850020 237
1850030 237
1850040 237
1850050 237
1850060 237
1850070 237
1850080 237
1850090 237
1850100 236
1850110 236
1850120 236
1850130 236
1850140 236
1850150 236
1850160 236
1850170 236
1850180 235
1850190 235
1850200 235
1850210 234
1850220 234
1850230 234
1850240 233
1850250 233
1850260 233
1850270 232
1850280 232
1850290 232
1850300 232
1850310 232
1850320 232
1850330 232
1850340 231
1850350 231
1850360 231
1850370 231
1850380 231
1850390 231
1850400 232
1850410 232
1850420 232
1850430 232
1850440 232
1850450 231
1850460 231
1850470 231
1850480 231
1850490 231
1850500 231
1850510 231
1850520 231
1850530 231
1850540 231
1850550 230
1850560 230
1850570 230
1850580 229
1850590 229
1850600 229
1850610 229
1850620 229
1850630 229
1850640 228
1850650 228
1850660 228
1850670 227
1850680 227
1850690 227
1850700 226
1850710 226
1850720 226
1850730 226
1850740 226
1850750 225
1850760 225
1850770 225
1850780 225
1850790 224
1850800 224
1850810 224
1850820 224
1850830 224
1850840 223
1850850 223
1850860 223
1850870 222
1850880 222
1850890 222
1850900 222
1850910 221
1850920 221
1850930 221
1850940 220
1850950 220
1850960 220
1850970 220
1850980 219
1850990 219
1851000 219
1851010 219
1851020 218
1851030 218
1851040 218
1851050 217
1851060 217
1851070 217
1851080 217
1851090 217
1851100 216
1851110 216
1851120 216
1851130 216
1851140 215
1851150 215
1851160 215
1851170 215
1851180 215
1851190 214
1851200 214
1851210 214
1851220 214
1851230 214
1851240 214
1851250 214
1851260 214
1851270 214
1851280 214
1851290 214
1851300 214
1851310 213
1851320 214
1851330 214
1851340 215
1851350 214
1851360 214
1851370 212
1851380 212
1851390 212
1851400 211
1851410 210
1851420 210
1851430 209
1851440 207
1851450 207
1851460 206
1851470 206
1851480 206
1851490 205
1851500 205
1851510 205
1851520 204
1851530 204
1851540 204
1851550 204
1851560 204
1851570 204
1851580 204
1851590 204
1851600 204
1851610 204
1851620 204
1851630 204
1851640 204
1851650 205
1851660 205
1851670 206
1851680 206
1851690 206
1851700 207
1851710 208
1851720 208
1851730 210
1851740 211
1851750 211
1851760 211
1851770 211
1851780 211
1851790 209
1851800 209
1851810 207
1851820 205
1851830 205
1851840 204
1851850 204
1851860 204
1851870 204
1851880 206
1851890 206
1851900 209
1851910 213
1851920 213
1851930 216
1851940 217
1851950 217
1851960 216
1851970 216
1851980 216
1851990 217
1852000 217
1852010 217
1852020 218
1852030 221
1852040 221
1852050 225
1852060 228
1852070 228
1852080 229
1852090 231
1852100 231
1852110 232
1852120 233
1852130 233
1852140 234
1852150 234
1852160 234
1852170 235
1852180 235
1852190 235
1852200 235
1852210 234
1852220 234
1852230 234
1852240 234
1852250 234
1852260 234
1852270 233
1852280 233
1852290 233
1852300 232
1852310 232
1852320 231
1852330 231
1852340 231
1852350 230
1852360 228
1852370 228
1852380 227
1852390 227
1852400 227
1852410 226
1852420 225
1852430 225
1852440 224
1852450 222
1852460 222
1852470 221
1852480 219
1852490 219
1852500 217
1852510 216
1852520 216
1852530 214
1852540 212
1852550 212
1852560 211
1852570 210
1852580 210
1852590 209
1852600 209
1852610 208
1852620 208
1852630 208
1852640 208
1852650 209
1852660 209
1852670 210
1852680 211
1852690 211
1852700 213
1852710 215
1852720 215
1852730 216
1852740 217
1852750 217
1852760 219
1852770 220
1852780 220
1852790 222
1852800 223
1852810 223
1852820 224
1852830 225
1852840 225
1852850 225
1852860 225
1852870 225
1852880 225
1852890 225
1852900 225
1852910 225
1852920 225
1852930 225
1852940 225
1852950 225
1852960 225
1852970 225
1852980 224
1852990 224
1853000 224
1853010 224
1853020 224
1853030 223
1853040 223
1853050 223
1853060 222
1853070 222
1853080 222
1853090 221
1853100 219
1853110 219
1853120 219
1853130 218
1853140 218
1853150 218
1853160 218
1853170 218
1853180 217
1853190 216
1853200 216
1853210 215
1853220 214
1853230 214
1853240 213
1853250 212
1853260 212
1853270 212
1853280 210
1853290 210
1853300 209
1853310 208
1853320 208
1853330 208
1853340 207
1853350 207
1853360 207
1853370 207
1853380 207
1853390 206
1853400 206
1853410 206
1853420 207
1853430 207
1853440 207
1853450 207
1853460 207
1853470 207
1853480 208
1853490 208
1853500 209
1853510 210
1853520 210
1853530 210
1853540 211
1853550 211
1853560 212
1853570 213
1853580 213
1853590 215
1853600 216
1853610 216
1853620 217
1853630 218
1853640 218
1853650 219
1853660 221
1853670 221
1853680 222
1853690 223
1853700 223
1853710 225
1853720 226
1853730 226
1853740 227
1853750 229
1853760 229
1853770 230
1853780 231
1853790 231
1853800 233
1853810 234
1853820 234
1853830 235
1853840 236
1853850 236
1853860 238
1853870 240
1853880 240
1853890 240
1853900 240
1853910 240
1853920 241
1853930 241
1853940 241
1853950 242
1853960 242
1853970 242
1853980 243
1853990 244
1854000 244
1854010 244
1854020 244
1854030 244
1854040 245
1854050 245
1854060 245
1854070 246
1854080 246
1854090 246
1854100 246
1854110 246
1854120 246
1854130 246
1854140 246
1854150 246
1854160 246
1854170 246
1854180 246
1854190 246
1854200 246
1854210 246
1854220 246
1854230 246
1854240 245
1854250 245
1854260 245
1854270 245
1854280 245
1854290 245
1854300 245
1854310 245
1854320 245
1854330 245
1854340 244
1854350 244
1854360 244
1854370 244
1854380 244
1854390 244
1854400 245
1854410 245
1854420 245
1854430 245
1854440 245
1854450 245
1854460 246
1854470 246
1854480 246
1854490 246
1854500 246
1854510 247
1854520 247
1854530 247
1854540 248
1854550 248
1854560 248
1854570 248
1854580 249
1854590 249
1854600 249
1854610 250
1854620 250
1854630 250
1854640 251
1854650 251
1854660 251
1854670 252
1854680 252
1854690 252
1854700 252
1854710 252
1854720 253
1854730 253
1854740 253
1854750 253
1854760 254
1854770 254
1854780 254
1854790 254
1854800 254
1854810 254
1854820 255
1854830 255
1854840 255
1854850 255
1854860 255
1854870 255
1854880 255
1854890 255
1854900 255
1854910 255
1854920 255
1854930 254
1854940 254
1854950 254
1854960 254
1854970 254
1854980 254
1854990 254
1855000 254
1855010 254
1855020 253
1855030 253
1855040 253
1855050 253
1855060 253
1855070 252
1855080 252
1855090 252
1855100 251
1855110 251
1855120 251
1855130 250
1855140 249
1855150 249
1855160 249
1855170 248
1855180 248
1855190 247
1855200 247
1855210 246
1855220 245
1855230 244
1855240 244
1855250 244
1855260 243
1855270 243
1855280 242
1855290 242
1855300 242
1855310 241
1855320 241
1855330 241
1855340 241
1855350 240
1855360 240
1855370 240
1855380 240
1855390 240
1855400 240
1855410 240
1855420 240
1855430 240
1855440 241
1855450 241
1855460 241
1855470 241
1855480 241
1855490 242
1855500 243
1855510 243
1855520 244
1855530 245
1855540 245
1855550 246
1855560 246
1855570 247
1855580 248
1855590 248
1855600 248
1855610 249
1855620 249
1855630 249
1855640 250
1855650 250
1855660 250
1855670 251
1855680 251
1855690 251
1855700 252
1855710 252
1855720 252
1855730 253
1855740 254
1855750 254
1855760 254
1855770 255
1855780 255
1855790 255
1855800 255
1855810 255
1855820 256
1855830 256
1855840 257
1855850 257
1855860 257
1855870 257
1855880 258
1855890 258
1855900 258
1855910 259
1855920 258
1855930 259
1855940 259
1855950 259
1855960 259
1855970 259
1855980 259
1855990 259
1856000 260
1856010 260
1856020 260
1856030 260
1856040 260
1856050 260
1856060 260
1856070 260
1856080 260
1856090 260
1856100 260
1856110 260
1856120 260
1856130 260
1856140 260
1856150 260
1856160 260
1856170 259
1856180 259
1856190 259
1856200 260
1856210 261
1856220 261
1856230 261
1856240 262
1856250 262
1856260 263
1856270 263
1856280 263
1856290 264
1856300 265
1856310 265
1856320 265
1856330 266
1856340 266
1856350 267
1856360 267
1856370 267
1856380 267
1856390 268
1856400 268
1856410 268
1856420 269
1856430 269
1856440 269
1856450 270
1856460 270
1856470 270
1856480 271
1856490 271
1856500 271
1856510 271
1856520 271
1856530 272
1856540 272
1856550 272
1856560 272
1856570 273
1856580 273
1856590 273
1856600 273
1856610 273
1856620 273
1856630 273
1856640 273
1856650 273
1856660 273
1856670 273
1856680 273
1856690 273
1856700 273
1856710 273
1856720 273
1856730 273
1856740 273
1856750 273
1856760 272
1856770 272
1856780 272
1856790 272
1856800 272
1856810 272
1856820 272
1856830 272
1856840 272
1856850 271
1856860 271
1856870 271
1856880 271
1856890 271
1856900 271
1856910 271
1856920 271
1856930 271
1856940 270
1856950 270
1856960 270
1856970 269
1856980 269
1856990 269
1857000 268
1857010 268
1857020 268
1857030 267
1857040 266
1857050 266
1857060 266
1857070 265
1857080 265
1857090 264
1857100 264
1857110 264
1857120 263
1857130 263
1857140 263
1857150 264
1857160 264
1857170 264
1857180 264
1857190 263
1857200 263
1857210 263
1857220 263
1857230 263
1857240 263
1857250 263
1857260 263
1857270 262
1857280 262
1857290 262
1857300 262
1857310 262
1857320 261
1857330 261
1857340 260
1857350 260
1857360 260
1857370 260
1857380 260
1857390 259
1857400 259
1857410 259
1857420 258
1857430 258
1857440 258
1857450 257
1857460 257
1857470 257
1857480 256
1857490 256
1857500 256
1857510 255
1857520 255
1857530 255
1857540 254
1857550 254
1857560 254
1857570 253
1857580 253
1857590 253
1857600 252
1857610 252
1857620 251
1857630 251
1857640 251
1857650 250
1857660 250
1857670 249
1857680 248
1857690 248
1857700 248
1857710 247
1857720 247
1857730 247
1857740 246
1857750 246
1857760 246
1857770 245
1857780 244
1857790 244
1857800 244
1857810 243
1857820 243
1857830 242
1857840 241
1857850 241
1857860 240
1857870 239
1857880 239
1857890 238
1857900 237
1857910 237
1857920 236
1857930 235
1857940 235
1857950 234
1857960 233
1857970 233
1857980 233
1857990 233
1858000 233
1858010 233
1858020 233
1858030 233
1858040 234
1858050 234
1858060 234
1858070 235
1858080 235
1858090 235
1858100 236
1858110 237
1858120 237
1858130 238
1858140 239
1858150 239
1858160 240
1858170 241
1858180 241
1858190 242
1858200 242
1858210 243
1858220 243
1858230 243
1858240 244
1858250 245
1858260 245
1858270 245
1858280 246
1858290 246
1858300 247
1858310 247
1858320 247
1858330 248
1858340 248
1858350 248
1858360 249
1858370 252
1858380 252
1858390 252
1858400 253
1858410 253
1858420 254
1858430 255
1858440 255
1858450 256
1858460 257
1858470 257
1858480 258
1858490 258
1858500 258
1858510 258
1858520 258
1858530 258
1858540 258
1858550 258
1858560 258
1858570 258
1858580 258
1858590 258
1858600 258
1858610 258
1858620 258
1858630 259
1858640 259
1858650 259
1858660 259
1858670 260
1858680 260
1858690 260
1858700 260
1858710 260
1858720 262
1858730 262
1858740 262
1858750 262
1858760 262
1858770 262
1858780 262
1858790 262
1858800 262
1858810 262
1858820 262
1858830 262
1858840 262
1858850 263
1858860 263
1858870 263
1858880 263
1858890 263
1858900 264
1858910 265
1858920 265
1858930 265
1858940 266
1858950 266
1858960 267
1858970 267
1858980 267
1858990 268
1859000 268
1859010 268
1859020 269
1859030 269
1859040 269
1859050 270
1859060 270
1859070 271
1859080 271
1859090 271
1859100 272
1859110 272
1859120 272
1859130 273
1859140 273
1859150 273
1859160 274
1859170 275
1859180 275
1859190 276
1859200 276
1859210 276
1859220 277
1859230 278
1859240 278
1859250 278
1859260 279
1859270 279
1859280 280
1859290 280
1859300 280
1859310 281
1859320 282
1859330 282
1859340 282
1859350 283
1859360 283
1859370 283
1859380 284
1859390 284
1859400 284
1859410 285
1859420 285
1859430 285
1859440 285
1859450 285
1859460 285
1859470 285
1859480 285
1859490 286
1859500 286
1859510 286
1859520 286
1859530 286
1859540 286
1859550 286
1859560 286
1859570 286
1859580 286
1859590 286
1859600 286
1859610 286
1859620 286
1859630 286
1859640 286
1859650 286
1859660 286
1859670 286
1859680 286
1859690 286
1859700 286
1859710 286
1859720 286
1859730 286
1859740 285
1859750 285
1859760 285
1859770 285
1859780 285
1859790 285
1859800 285
1859810 285
1859820 284
1859830 284
1859840 284
1859850 283
1859860 283
1859870 283
1859880 283
1859890 283
1859900 283
1859910 284
1859920 284
1859930 284
1859940 285
1859950 285
1859960 285
1859970 285
1859980 285
1859990 285
