1840000 209
1840010 209
1840020 208
1840030 208
1840040 208
1840050 207
1840060 207
1840070 207
1840080 206
1840090 206
1840100 206
1840110 205
1840120 205
1840130 205
1840140 204
1840150 204
1840160 204
1840170 203
1840180 203
1840190 203
1840200 203
1840210 203
1840220 203
1840230 203
1840240 203
1840250 203
1840260 202
1840270 202
1840280 202
1840290 202
1840300 202
1840310 202
1840320 201
1840330 201
1840340 201
1840350 201
1840360 201
1840370 201
1840380 201
1840390 201
1840400 201
1840410 201
1840420 201
1840430 201
1840440 201
1840450 201
1840460 201
1840470 201
1840480 201
1840490 201
1840500 201
1840510 201
1840520 201
1840530 201
1840540 201
1840550 201
1840560 201
1840570 201
1840580 201
1840590 201
1840600 201
1840610 201
1840620 201
1840630 201
1840640 201
1840650 201
1840660 201
1840670 201
1840680 201
1840690 201
1840700 201
1840710 202
1840720 202
1840730 202
1840740 205
1840750 205
1840760 205
1840770 201
1840780 201
1840790 200
1840800 200
1840810 200
1840820 200
1840830 200
1840840 200
1840850 201
1840860 203
1840870 203
1840880 202
1840890 201
1840900 201
1840910 201
1840920 201
1840930 201
1840940 200
1840950 200
1840960 200
1840970 200
1840980 200
1840990 200
1841000 200
1841010 200
1841020 200
1841030 200
1841040 200
1841050 200
1841060 200
1841070 200
1841080 200
1841090 200
1841100 200
1841110 200
1841120 200
1841130 200
1841140 200
1841150 200
1841160 200
1841170 200
1841180 200
1841190 200
1841200 200
1841210 200
1841220 200
1841230 200
1841240 200
1841250 200
1841260 200
1841270 200
1841280 200
1841290 199
1841300 199
1841310 199
1841320 200
1841330 200
1841340 200
1841350 200
1841360 199
1841370 199
1841380 199
1841390 199
1841400 199
1841410 199
1841420 199
1841430 199
1841440 199
1841450 199
1841460 199
1841470 199
1841480 199
1841490 199
1841500 199
1841510 199
1841520 199
1841530 199
1841540 199
1841550 199
1841560 199
1841570 199
1841580 199
1841590 199
1841600 199
1841610 199
1841620 199
1841630 199
1841640 199
1841650 199
1841660 199
1841670 199
1841680 199
1841690 198
1841700 198
1841710 198
1841720 198
1841730 198
1841740 198
1841750 198
1841760 198
1841770 198
1841780 199
1841790 199
1841800 199
1841810 199
1841820 199
1841830 199
1841840 199
1841850 199
1841860 199
1841870 199
1841880 199
1841890 199
1841900 198
1841910 198
1841920 199
1841930 200
1841940 200
1841950 199
1841960 199
1841970 198
1841980 198
1841990 198
1842000 198
1842010 198
1842020 198
1842030 198
1842040 198
1842050 198
1842060 198
1842070 198
1842080 198
1842090 198
1842100 199
1842110 199
1842120 199
1842130 199
1842140 199
1842150 200
1842160 200
1842170 200
1842180 200
1842190 200
1842200 200
1842210 200
1842220 200
1842230 200
1842240 200
1842250 201
1842260 201
1842270 201
1842280 202
1842290 202
1842300 202
1842310 203
1842320 203
1842330 203
1842340 204
1842350 204
1842360 204
1842370 205
1842380 205
1842390 205
1842400 205
1842410 205
1842420 206
1842430 206
1842440 206
1842450 207
1842460 207
1842470 207
1842480 207
1842490 208
1842500 208
1842510 208
1842520 208
1842530 208
1842540 208
1842550 208
1842560 208
1842570 208
1842580 207
1842590 207
1842600 207
1842610 206
1842620 206
1842630 206
1842640 205
1842650 205
1842660 205
1842670 204
1842680 204
1842690 204
1842700 204
1842710 204
1842720 205
1842730 207
1842740 207
1842750 209
1842760 209
1842770 211
1842780 212
1842790 212
1842800 215
1842810 216
1842820 216
1842830 218
1842840 220
1842850 220
1842860 223
1842870 224
1842880 224
1842890 225
1842900 225
1842910 225
1842920 225
1842930 225
1842940 225
1842950 225
1842960 224
1842970 224
1842980 224
1842990 224
1843000 224
1843010 224
1843020 224
1843030 224
1843040 225
1843050 225
1843060 225
1843070 225
1843080 226
1843090 226
1843100 227
1843110 227
1843120 227
1843130 228
1843140 229
1843150 229
1843160 229
1843170 230
1843180 230
1843190 230
1843200 231
1843210 231
1843220 231
1843230 232
1843240 232
1843250 232
1843260 232
1843270 232
1843280 232
1843290 232
1843300 232
1843310 232
1843320 233
1843330 233
1843340 233
1843350 233
1843360 233
1843370 233
1843380 234
1843390 234
1843400 234
1843410 234
1843420 234
1843430 234
1843440 234
1843450 234
1843460 235
1843470 235
1843480 235
1843490 235
1843500 235
1843510 235
1843520 235
1843530 235
1843540 235
1843550 234
1843560 234
1843570 234
1843580 232
1843590 232
1843600 231
1843610 230
1843620 230
1843630 230
1843640 229
1843650 229
1843660 227
1843670 227
1843680 227
1843690 227
1843700 227
1843710 227
1843720 227
1843730 228
1843740 228
1843750 228
1843760 229
1843770 229
1843780 229
1843790 230
1843800 230
1843810 232
1843820 233
1843830 233
1843840 235
1843850 235
1843860 235
1843870 237
1843880 238
1843890 238
1843900 239
1843910 240
1843920 240
1843930 240
1843940 241
1843950 241
1843960 241
1843970 241
1843980 241
1843990 241
1844000 241
1844010 241
1844020 240
1844030 240
1844040 240
1844050 241
1844060 241
1844070 241
1844080 241
1844090 241
1844100 241
1844110 238
1844120 236
1844130 236
1844140 236
1844150 236
1844160 236
1844170 236
1844180 237
1844190 237
1844200 238
1844210 238
1844220 238
1844230 238
1844240 238
1844250 238
1844260 238
1844270 238
1844280 238
1844290 237
1844300 237
1844310 237
1844320 236
1844330 235
1844340 235
1844350 235
1844360 234
1844370 234
1844380 233
1844390 233
1844400 232
1844410 231
1844420 231
1844430 230
1844440 229
1844450 229
1844460 229
1844470 228
1844480 228
1844490 227
1844500 226
1844510 226
1844520 225
1844530 225
1844540 225
1844550 224
1844560 223
1844570 223
1844580 223
1844590 222
1844600 222
1844610 222
1844620 221
1844630 221
1844640 220
1844650 220
1844660 220
1844670 219
1844680 219
1844690 219
1844700 218
1844710 218
1844720 218
1844730 217
1844740 216
1844750 216
1844760 215
1844770 215
1844780 215
1844790 215
1844800 216
1844810 216
1844820 217
1844830 218
1844840 218
1844850 220
1844860 222
1844870 222
1844880 224
1844890 225
1844900 225
1844910 225
1844920 225
1844930 225
1844940 225
1844950 225
1844960 225
1844970 225
1844980 226
1844990 226
1845000 228
1845010 229
1845020 229
1845030 232
1845040 233
1845050 233
1845060 237
1845070 239
1845080 239
1845090 241
1845100 243
1845110 243
1845120 245
1845130 246
1845140 246
1845150 248
1845160 249
1845170 249
1845180 250
1845190 250
1845200 251
1845210 251
1845220 251
1845230 252
1845240 252
1845250 252
1845260 252
1845270 252
1845280 252
1845290 252
1845300 252
1845310 252
1845320 252
1845330 252
1845340 252
1845350 252
1845360 251
1845370 251
1845380 251
1845390 251
1845400 251
1845410 251
1845420 250
1845430 250
1845440 250
1845450 250
1845460 250
1845470 249
1845480 248
1845490 248
1845500 248
1845510 247
1845520 247
1845530 247
1845540 246
1845550 246
1845560 246
1845570 245
1845580 245
1845590 245
1845600 244
1845610 244
1845620 243
1845630 243
1845640 243
1845650 242
1845660 242
1845670 242
1845680 241
1845690 240
1845700 240
1845710 240
1845720 240
1845730 240
1845740 239
1845750 238
1845760 238
1845770 238
1845780 237
1845790 237
1845800 237
1845810 236
1845820 236
1845830 236
1845840 235
1845850 235
1845860 234
1845870 234
1845880 234
1845890 233
1845900 233
1845910 233
1845920 232
1845930 231
1845940 231
1845950 231
1845960 230
1845970 230
1845980 230
1845990 229
1846000 229
1846010 228
1846020 228
1846030 227
1846040 227
1846050 227
1846060 226
1846070 225
1846080 225
1846090 224
1846100 224
1846110 224
1846120 223
1846130 222
1846140 222
1846150 221
1846160 220
1846170 220
1846180 219
1846190 219
1846200 219
1846210 218
1846220 217
1846230 217
1846240 216
1846250 215
1846260 215
1846270 214
1846280 213
1846290 213
1846300 213
1846310 212
1846320 212
1846330 211
1846340 210
1846350 210
1846360 210
1846370 210
1846380 210
1846390 210
1846400 210
1846410 210
1846420 210
1846430 211
1846440 211
1846450 211
1846460 211
1846470 211
1846480 211
1846490 212
1846500 212
1846510 212
1846520 211
1846530 211
1846540 210
1846550 209
1846560 209
1846570 208
1846580 207
1846590 207
1846600 207
1846610 206
1846620 206
1846630 206
1846640 206
1846650 206
1846660 206
1846670 206
1846680 206
1846690 208
1846700 210
1846710 210
1846720 213
1846730 214
1846740 214
1846750 216
1846760 217
1846770 217
1846780 219
1846790 221
1846800 221
1846810 223
1846820 223
1846830 224
1846840 226
1846850 226
1846860 227
1846870 227
1846880 227
1846890 228
1846900 229
1846910 229
1846920 229
1846930 230
1846940 230
1846950 230
1846960 231
1846970 231
1846980 231
1846990 231
1847000 231
1847010 231
1847020 232
1847030 232
1847040 232
1847050 232
1847060 232
1847070 232
1847080 232
1847090 232
1847100 232
1847110 231
1847120 231
1847130 231
1847140 231
1847150 231
1847160 231
1847170 231
1847180 231
1847190 230
1847200 230
1847210 230
1847220 230
1847230 229
1847240 229
1847250 229
1847260 228
1847270 228
1847280 227
1847290 227
1847300 227
1847310 227
1847320 227
1847330 227
1847340 226
1847350 225
1847360 225
1847370 224
1847380 223
1847390 223
1847400 222
1847410 222
1847420 222
1847430 221
1847440 220
1847450 220
1847460 220
1847470 219
1847480 219
1847490 219
1847500 218
1847510 218
1847520 218
1847530 218
1847540 218
1847550 217
1847560 217
1847570 217
1847580 217
1847590 218
1847600 218
1847610 218
1847620 218
1847630 219
1847640 220
1847650 220
1847660 220
1847670 221
1847680 221
1847690 222
1847700 223
1847710 223
1847720 223
1847730 224
1847740 224
1847750 225
1847760 225
1847770 225
1847780 226
1847790 226
1847800 226
1847810 226
1847820 226
1847830 226
1847840 226
1847850 226
1847860 226
1847870 227
1847880 227
1847890 227
1847900 229
1847910 231
1847920 231
1847930 231
1847940 231
1847950 231
1847960 231
1847970 231
1847980 231
1847990 231
1848000 231
1848010 231
1848020 232
1848030 232
1848040 232
1848050 232
1848060 232
1848070 232
1848080 232
1848090 232
1848100 232
1848110 232
1848120 232
1848130 232
1848140 232
1848150 232
1848160 232
1848170 232
1848180 232
1848190 232
1848200 232
1848210 232
1848220 232
1848230 232
1848240 232
1848250 232
1848260 232
1848270 232
1848280 232
1848290 232
1848300 232
1848310 232
1848320 232
1848330 232
1848340 232
1848350 232
1848360 232
1848370 232
1848380 232
1848390 232
1848400 232
1848410 232
1848420 232
1848430 232
1848440 232
1848450 232
1848460 232
1848470 232
1848480 232
1848490 232
1848500 232
1848510 232
1848520 232
1848530 233
1848540 233
1848550 233
1848560 233
1848570 233
1848580 233
1848590 233
1848600 233
1848610 233
1848620 233
1848630 233
1848640 233
1848650 233
1848660 233
1848670 234
1848680 234
1848690 234
1848700 234
1848710 234
1848720 234
1848730 234
1848740 234
1848750 234
1848760 234
1848770 234
1848780 234
1848790 234
1848800 234
1848810 234
1848820 234
1848830 235
1848840 235
1848850 235
1848860 235
1848870 235
1848880 235
1848890 235
1848900 235
1848910 235
1848920 235
1848930 235
1848940 235
1848950 235
1848960 235
1848970 235
1848980 235
1848990 235
1849000 235
1849010 235
1849020 235
1849030 235
1849040 235
1849050 235
1849060 236
1849070 236
1849080 236
1849090 236
1849100 236
1849110 236
1849120 236
1849130 236
1849140 236
1849150 236
1849160 236
1849170 236
1849180 236
1849190 237
1849200 237
1849210 237
1849220 237
1849230 237
1849240 237
1849250 237
1849260 237
1849270 237
1849280 237
1849290 237
1849300 237
1849310 237
1849320 237
1849330 237
1849340 237
1849350 237
1849360 237
1849370 237
1849380 238
1849390 238
1849400 238
1849410 238
1849420 238
1849430 238
1849440 239
1849450 239
1849460 239
1849470 239
1849480 239
1849490 239
1849500 239
1849510 240
1849520 240
1849530 240
1849540 240
1849550 240
1849560 240
1849570 240
1849580 240
1849590 240
1849600 241
1849610 241
1849620 241
1849630 240
1849640 240
1849650 240
1849660 240
1849670 240
1849680 240
1849690 240
1849700 240
1849710 239
1849720 239
1849730 239
1849740 239
1849750 239
1849760 239
1849770 239
1849780 239
1849790 239
1849800 238
1849810 238
1849820 238
1849830 238
1849840 238
1849850 238
1849860 238
1849870 238
1849880 238
1849890 238
1849900 238
1849910 238
1849920 238
1849930 237
1849940 237
1849950 237
1849960 238
1849970 238
1849980 238
1849990 238
1850000 238
1850010 238
1850020 237
1850030 237
1850040 237
1850050 237
1850060 237
1850070 237
1850080 237
1850090 237
1850100 236
1850110 236
1850120 236
1850130 236
1850140 236
1850150 236
1850160 235
1850170 235
1850180 235
1850190 235
1850200 235
1850210 234
1850220 234
1850230 234
1850240 233
1850250 233
1850260 233
1850270 233
1850280 232
1850290 232
1850300 232
1850310 232
1850320 232
1850330 232
1850340 232
1850350 232
1850360 232
1850370 232
1850380 232
1850390 232
1850400 232
1850410 232
1850420 232
1850430 232
1850440 232
1850450 232
1850460 232
1850470 232
1850480 232
1850490 232
1850500 232
1850510 232
1850520 231
1850530 231
1850540 231
1850550 231
1850560 231
1850570 230
1850580 230
1850590 230
1850600 230
1850610 229
1850620 229
1850630 229
1850640 228
1850650 228
1850660 228
1850670 227
1850680 227
1850690 227
1850700 227
1850710 227
1850720 226
1850730 226
1850740 226
1850750 225
1850760 225
1850770 225
1850780 225
1850790 224
1850800 224
1850810 224
1850820 224
1850830 224
1850840 223
1850850 223
1850860 223
1850870 222
1850880 222
1850890 222
1850900 222
1850910 222
1850920 221
1850930 221
1850940 221
1850950 220
1850960 220
1850970 220
1850980 219
1850990 219
1851000 219
1851010 218
1851020 218
1851030 218
1851040 218
1851050 217
1851060 217
1851070 217
1851080 217
1851090 217
1851100 216
1851110 216
1851120 216
1851130 216
1851140 215
1851150 215
1851160 215
1851170 215
1851180 215
1851190 215
1851200 214
1851210 215
1851220 214
1851230 214
1851240 214
1851250 214
1851260 214
1851270 214
1851280 214
1851290 214
1851300 214
1851310 214
1851320 214
1851330 214
1851340 215
1851350 215
1851360 215
1851370 214
1851380 214
1851390 214
1851400 212
1851410 210
1851420 210
1851430 209
1851440 207
1851450 207
1851460 206
1851470 206
1851480 206
1851490 206
1851500 205
1851510 205
1851520 204
1851530 204
1851540 204
1851550 204
1851560 204
1851570 204
1851580 204
1851590 204
1851600 204
1851610 204
1851620 204
1851630 204
1851640 204
1851650 204
1851660 204
1851670 204
1851680 204
1851690 204
1851700 205
1851710 205
1851720 207
1851730 209
1851740 209
1851750 211
1851760 211
1851770 211
1851780 210
1851790 208
1851800 208
1851810 205
1851820 204
1851830 204
1851840 204
1851850 204
1851860 204
1851870 204
1851880 205
1851890 205
1851900 208
1851910 211
1851920 208
1851930 211
1851940 214
1851950 214
1851960 216
1851970 218
1851980 218
1851990 217
1852000 217
1852010 217
1852020 218
1852030 224
1852040 224
1852050 228
1852060 229
1852070 229
1852080 230
1852090 231
1852100 231
1852110 232
1852120 232
1852130 232
1852140 233
1852150 234
1852160 234
1852170 234
1852180 235
1852190 235
1852200 235
1852210 235
1852220 235
1852230 234
1852240 234
1852250 234
1852260 234
1852270 234
1852280 234
1852290 234
1852300 233
1852310 233
1852320 233
1852330 232
1852340 232
1852350 231
1852360 230
1852370 230
1852380 229
1852390 228
1852400 228
1852410 226
1852420 225
1852430 225
1852440 224
1852450 224
1852460 223
1852470 221
1852480 221
1852490 219
1852500 218
1852510 218
1852520 216
1852530 214
1852540 214
1852550 212
1852560 211
1852570 211
1852580 210
1852590 209
1852600 209
1852610 208
1852620 208
1852630 207
1852640 207
1852650 208
1852660 208
1852670 209
1852680 210
1852690 210
1852700 211
1852710 213
1852720 213
1852730 214
1852740 216
1852750 216
1852760 218
1852770 219
1852780 219
1852790 221
1852800 223
1852810 223
1852820 223
1852830 224
1852840 224
1852850 224
1852860 224
1852870 224
1852880 224
1852890 224
1852900 224
1852910 225
1852920 224
1852930 224
1852940 224
1852950 224
1852960 224
1852970 224
1852980 223
1852990 223
1853000 223
1853010 222
1853020 222
1853030 222
1853040 221
1853050 221
1853060 221
1853070 220
1853080 220
1853090 219
1853100 218
1853110 218
1853120 218
1853130 217
1853140 217
1853150 217
1853160 217
1853170 217
1853180 216
1853190 215
1853200 215
1853210 214
1853220 213
1853230 213
1853240 212
1853250 212
1853260 211
1853270 210
1853280 210
1853290 208
1853300 207
1853310 207
1853320 207
1853330 207
1853340 206
1853350 206
1853360 206
1853370 206
1853380 207
1853390 207
1853400 207
1853410 207
1853420 207
1853430 207
1853440 207
1853450 207
1853460 207
1853470 207
1853480 207
1853490 207
1853500 210
1853510 210
1853520 210
1853530 211
1853540 212
1853550 212
1853560 213
1853570 214
1853580 214
1853590 216
1853600 217
1853610 217
1853620 218
1853630 219
1853640 219
1853650 220
1853660 222
1853670 222
1853680 223
1853690 225
1853700 225
1853710 227
1853720 228
1853730 228
1853740 229
1853750 231
1853760 231
1853770 232
1853780 233
1853790 233
1853800 234
1853810 235
1853820 235
1853830 236
1853840 237
1853850 237
1853860 239
1853870 240
1853880 240
1853890 241
1853900 241
1853910 241
1853920 241
1853930 242
1853940 242
1853950 242
1853960 243
1853970 243
1853980 243
1853990 244
1854000 244
1854010 244
1854020 245
1854030 245
1854040 245
1854050 245
1854060 245
1854070 246
1854080 246
1854090 246
1854100 246
1854110 246
1854120 246
1854130 246
1854140 246
1854150 246
1854160 246
1854170 246
1854180 246
1854190 246
1854200 246
1854210 246
1854220 245
1854230 245
1854240 245
1854250 245
1854260 245
1854270 245
1854280 245
1854290 245
1854300 245
1854310 244
1854320 244
1854330 244
1854340 244
1854350 244
1854360 244
1854370 244
1854380 244
1854390 244
1854400 244
1854410 244
1854420 244
1854430 245
1854440 245
1854450 245
1854460 245
1854470 245
1854480 246
1854490 246
1854500 246
1854510 246
1854520 247
1854530 247
1854540 247
1854550 248
1854560 248
1854570 248
1854580 249
1854590 249
1854600 249
1854610 250
1854620 250
1854630 250
1854640 251
1854650 251
1854660 251
1854670 252
1854680 252
1854690 252
1854700 252
1854710 252
1854720 253
1854730 253
1854740 253
1854750 253
1854760 254
1854770 254
1854780 254
1854790 254
1854800 254
1854810 254
1854820 254
1854830 254
1854840 254
1854850 254
1854860 254
1854870 254
1854880 254
1854890 254
1854900 254
1854910 254
1854920 254
1854930 254
1854940 254
1854950 254
1854960 254
1854970 254
1854980 253
1854990 253
1855000 253
1855010 253
1855020 253
1855030 253
1855040 252
1855050 252
1855060 252
1855070 252
1855080 251
1855090 251
1855100 250
1855110 249
1855120 249
1855130 248
1855140 248
1855150 248
1855160 247
1855170 246
1855180 246
1855190 245
1855200 245
1855210 245
1855220 244
1855230 244
1855240 244
1855250 243
1855260 242
1855270 242
1855280 242
1855290 241
1855300 241
1855310 241
1855320 240
1855330 240
1855340 240
1855350 240
1855360 240
1855370 240
1855380 240
1855390 240
1855400 240
1855410 240
1855420 240
1855430 241
1855440 241
1855450 242
1855460 243
1855470 244
1855480 244
1855490 245
1855500 246
1855510 246
1855520 246
1855530 247
1855540 247
1855550 247
1855560 248
1855570 248
1855580 248
1855590 249
1855600 249
1855610 249
1855620 250
1855630 250
1855640 250
1855650 250
1855660 251
1855670 251
1855680 251
1855690 252
1855700 252
1855710 252
1855720 253
1855730 254
1855740 254
1855750 254
1855760 255
1855770 255
1855780 255
1855790 255
1855800 255
1855810 256
1855820 256
1855830 256
1855840 256
1855850 257
1855860 257
1855870 257
1855880 257
1855890 257
1855900 258
1855910 258
1855920 258
1855930 258
1855940 258
1855950 258
1855960 259
1855970 259
1855980 259
1855990 259
1856000 259
1856010 259
1856020 259
1856030 259
1856040 259
1856050 259
1856060 260
1856070 260
1856080 260
1856090 259
1856100 259
1856110 259
1856120 259
1856130 259
1856140 259
1856150 259
1856160 258
1856170 258
1856180 259
1856190 259
1856200 260
1856210 260
1856220 260
1856230 261
1856240 262
1856250 262
1856260 262
1856270 263
1856280 263
1856290 264
1856300 264
1856310 264
1856320 265
1856330 266
1856340 266
1856350 266
1856360 267
1856370 267
1856380 267
1856390 268
1856400 268
1856410 268
1856420 269
1856430 269
1856440 269
1856450 269
1856460 270
1856470 270
1856480 270
1856490 271
1856500 271
1856510 271
1856520 271
1856530 271
1856540 271
1856550 272
1856560 272
1856570 272
1856580 272
1856590 272
1856600 272
1856610 272
1856620 273
1856630 273
1856640 273
1856650 273
1856660 273
1856670 273
1856680 273
1856690 273
1856700 272
1856710 272
1856720 272
1856730 272
1856740 272
1856750 272
1856760 272
1856770 272
1856780 272
1856790 272
1856800 272
1856810 272
1856820 271
1856830 271
1856840 271
1856850 271
1856860 270
1856870 270
1856880 270
1856890 270
1856900 270
1856910 270
1856920 270
1856930 270
1856940 269
1856950 269
1856960 269
1856970 269
1856980 268
1856990 268
1857000 268
1857010 267
1857020 267
1857030 267
1857040 266
1857050 266
1857060 265
1857070 265
1857080 265
1857090 264
1857100 263
1857110 263
1857120 263
1857130 262
1857140 262
1857150 263
1857160 263
1857170 263
1857180 263
1857190 263
1857200 263
1857210 262
1857220 262
1857230 262
1857240 262
1857250 262
1857260 262
1857270 261
1857280 261
1857290 261
1857300 261
1857310 261
1857320 261
1857330 260
1857340 260
1857350 260
1857360 259
1857370 259
1857380 259
1857390 259
1857400 259
1857410 258
1857420 258
1857430 258
1857440 257
1857450 257
1857460 257
1857470 256
1857480 256
1857490 256
1857500 255
1857510 255
1857520 255
1857530 254
1857540 253
1857550 253
1857560 252
1857570 252
1857580 252
1857590 251
1857600 251
1857610 251
1857620 250
1857630 250
1857640 250
1857650 249
1857660 249
1857670 249
1857680 248
1857690 247
1857700 247
1857710 247
1857720 246
1857730 246
1857740 246
1857750 245
1857760 245
1857770 245
1857780 244
1857790 244
1857800 243
1857810 242
1857820 242
1857830 241
1857840 240
1857850 240
1857860 239
1857870 238
1857880 238
1857890 237
1857900 236
1857910 235
1857920 234
1857930 234
1857940 234
1857950 233
1857960 233
1857970 233
1857980 233
1857990 233
1858000 233
1858010 233
1858020 233
1858030 233
1858040 234
1858050 234
1858060 234
1858070 235
1858080 235
1858090 236
1858100 237
1858110 237
1858120 238
1858130 239
1858140 239
1858150 240
1858160 241
1858170 241
1858180 242
1858190 243
1858200 243
1858210 244
1858220 244
1858230 244
1858240 245
1858250 246
1858260 247
1858270 247
1858280 248
1858290 248
1858300 249
1858310 250
1858320 250
1858330 251
1858340 251
1858350 251
1858360 253
1858370 254
1858380 254
1858390 255
1858400 256
1858410 256
1858420 257
1858430 258
1858440 258
1858450 259
1858460 260
1858470 260
1858480 260
1858490 261
1858500 261
1858510 260
1858520 259
1858530 259
1858540 259
1858550 260
1858560 260
1858570 260
1858580 260
1858590 260
1858600 260
1858610 262
1858620 262
1858630 262
1858640 262
1858650 262
1858660 263
1858670 263
1858680 263
1858690 263
1858700 263
1858710 263
1858720 263
1858730 264
1858740 264
1858750 264
1858760 264
1858770 264
1858780 264
1858790 264
1858800 264
1858810 264
1858820 264
1858830 264
1858840 264
1858850 264
1858860 264
1858870 265
1858880 265
1858890 265
1858900 265
1858910 265
1858920 266
1858930 266
1858940 266
1858950 267
1858960 268
1858970 268
1858980 268
1858990 269
1859000 269
1859010 269
1859020 270
1859030 270
1859040 270
1859050 271
1859060 271
1859070 271
1859080 272
1859090 272
1859100 272
1859110 273
1859120 273
1859130 273
1859140 274
1859150 274
1859160 275
1859170 276
1859180 276
1859190 276
1859200 277
1859210 277
1859220 278
1859230 278
1859240 278
1859250 279
1859260 280
1859270 280
1859280 280
1859290 281
1859300 281
1859310 282
1859320 282
1859330 282
1859340 283
1859350 283
1859360 283
1859370 284
1859380 284
1859390 284
1859400 284
1859410 285
1859420 285
1859430 285
1859440 285
1859450 285
1859460 285
1859470 285
1859480 285
1859490 285
1859500 285
1859510 285
1859520 285
1859530 285
1859540 285
1859550 285
1859560 285
1859570 285
1859580 285
1859590 285
1859600 285
1859610 285
1859620 285
1859630 285
1859640 285
1859650 285
1859660 285
1859670 285
1859680 285
1859690 285
1859700 285
1859710 285
1859720 285
1859730 285
1859740 285
1859750 285
1859760 285
1859770 285
1859780 285
1859790 284
1859800 284
1859810 284
1859820 284
1859830 284
1859840 283
1859850 283
1859860 283
1859870 283
1859880 283
1859890 283
1859900 283
1859910 283
1859920 283
1859930 284
1859940 285
1859950 285
1859960 285
1859970 285
1859980 285
1859990 285
