1840000 252
1840010 252
1840020 251
1840030 251
1840040 251
1840050 250
1840060 250
1840070 250
1840080 250
1840090 250
1840100 250
1840110 251
1840120 253
1840130 253
1840140 253
1840150 254
1840160 254
1840170 253
1840180 252
1840190 252
1840200 251
1840210 250
1840220 250
1840230 249
1840240 248
1840250 248
1840260 247
1840270 246
1840280 246
1840290 245
1840300 243
1840310 243
1840320 242
1840330 240
1840340 240
1840350 239
1840360 238
1840370 238
1840380 237
1840390 236
1840400 236
1840410 235
1840420 235
1840430 235
1840440 235
1840450 234
1840460 234
1840470 232
1840480 231
1840490 230
1840500 230
1840510 229
1840520 229
1840530 228
1840540 228
1840550 228
1840560 227
1840570 227
1840580 226
1840590 226
1840600 226
1840610 226
1840620 226
1840630 226
1840640 226
1840650 226
1840660 226
1840670 226
1840680 226
1840690 226
1840700 226
1840710 226
1840720 226
1840730 225
1840740 225
1840750 225
1840760 225
1840770 225
1840780 225
1840790 224
1840800 224
1840810 224
1840820 224
1840830 224
1840840 224
1840850 223
1840860 223
1840870 223
1840880 223
1840890 222
1840900 222
1840910 222
1840920 221
1840930 221
1840940 220
1840950 220
1840960 220
1840970 219
1840980 218
1840990 218
1841000 217
1841010 216
1841020 216
1841030 216
1841040 215
1841050 215
1841060 214
1841070 213
1841080 213
1841090 213
1841100 213
1841110 213
1841120 213
1841130 213
1841140 213
1841150 213
1841160 213
1841170 213
1841180 213
1841190 213
1841200 213
1841210 213
1841220 214
1841230 214
1841240 215
1841250 215
1841260 215
1841270 216
1841280 216
1841290 216
1841300 216
1841310 217
1841320 217
1841330 217
1841340 217
1841350 218
1841360 218
1841370 218
1841380 219
1841390 219
1841400 219
1841410 220
1841420 220
1841430 220
1841440 221
1841450 221
1841460 221
1841470 221
1841480 221
1841490 221
1841500 221
1841510 221
1841520 221
1841530 221
1841540 220
1841550 220
1841560 220
1841570 219
1841580 219
1841590 219
1841600 219
1841610 219
1841620 218
1841630 217
1841640 217
1841650 217
1841660 216
1841670 216
1841680 216
1841690 215
1841700 215
1841710 215
1841720 214
1841730 214
1841740 214
1841750 213
1841760 213
1841770 213
1841780 212
1841790 212
1841800 212
1841810 211
1841820 211
1841830 210
1841840 210
1841850 210
1841860 209
1841870 209
1841880 209
1841890 208
1841900 208
1841910 208
1841920 207
1841930 207
1841940 207
1841950 207
1841960 207
1841970 207
1841980 206
1841990 206
1842000 206
1842010 205
1842020 205
1842030 205
1842040 204
1842050 204
1842060 204
1842070 203
1842080 203
1842090 203
1842100 203
1842110 202
1842120 202
1842130 202
1842140 202
1842150 202
1842160 201
1842170 201
1842180 201
1842190 201
1842200 201
1842210 200
1842220 200
1842230 200
1842240 200
1842250 200
1842260 200
1842270 200
1842280 199
1842290 199
1842300 199
1842310 199
1842320 199
1842330 199
1842340 199
1842350 199
1842360 198
1842370 198
1842380 198
1842390 198
1842400 198
1842410 198
1842420 198
1842430 198
1842440 198
1842450 198
1842460 198
1842470 198
1842480 198
1842490 198
1842500 198
1842510 198
1842520 198
1842530 198
1842540 198
1842550 198
1842560 198
1842570 198
1842580 198
1842590 198
1842600 198
1842610 198
1842620 198
1842630 198
1842640 197
1842650 197
1842660 198
1842670 198
1842680 198
1842690 198
1842700 198
1842710 198
1842720 198
1842730 198
1842740 198
1842750 198
1842760 198
1842770 198
1842780 198
1842790 198
1842800 198
1842810 198
1842820 198
1842830 198
1842840 198
1842850 196
1842860 196
1842870 196
1842880 196
1842890 196
1842900 196
1842910 197
1842920 197
1842930 198
1842940 198
1842950 198
1842960 197
1842970 197
1842980 197
1842990 198
1843000 198
1843010 199
1843020 199
1843030 199
1843040 200
1843050 199
1843060 199
1843070 199
1843080 199
1843090 199
1843100 199
1843110 200
1843120 200
1843130 200
1843140 200
1843150 200
1843160 200
1843170 200
1843180 200
1843190 200
1843200 200
1843210 200
1843220 200
1843230 200
1843240 200
1843250 200
1843260 200
1843270 200
1843280 199
1843290 199
1843300 199
1843310 199
1843320 199
1843330 199
1843340 199
1843350 199
1843360 199
1843370 199
1843380 199
1843390 199
1843400 200
1843410 198
1843420 198
1843430 199
1843440 200
1843450 200
1843460 200
1843470 200
1843480 200
1843490 201
1843500 201
1843510 201
1843520 201
1843530 201
1843540 201
1843550 202
1843560 202
1843570 202
1843580 202
1843590 203
1843600 203
1843610 203
1843620 203
1843630 203
1843640 203
1843650 203
1843660 203
1843670 203
1843680 203
1843690 203
1843700 203
1843710 203
1843720 203
1843730 204
1843740 204
1843750 204
1843760 205
1843770 205
1843780 205
1843790 206
1843800 206
1843810 206
1843820 206
1843830 206
1843840 206
1843850 206
1843860 206
1843870 206
1843880 206
1843890 206
1843900 206
1843910 205
1843920 205
1843930 205
1843940 205
1843950 205
1843960 205
1843970 205
1843980 205
1843990 205
1844000 205
1844010 205
1844020 205
1844030 205
1844040 205
1844050 205
1844060 206
1844070 206
1844080 205
1844090 205
1844100 205
1844110 205
1844120 204
1844130 204
1844140 203
1844150 202
1844160 202
1844170 202
1844180 201
1844190 201
1844200 202
1844210 202
1844220 202
1844230 203
1844240 204
1844250 204
1844260 206
1844270 208
1844280 208
1844290 212
1844300 213
1844310 213
1844320 215
1844330 216
1844340 216
1844350 217
1844360 218
1844370 218
1844380 219
1844390 219
1844400 219
1844410 220
1844420 220
1844430 220
1844440 221
1844450 219
1844460 219
1844470 217
1844480 221
1844490 221
1844500 222
1844510 222
1844520 222
1844530 222
1844540 222
1844550 222
1844560 222
1844570 222
1844580 222
1844590 222
1844600 222
1844610 221
1844620 220
1844630 220
1844640 221
1844650 221
1844660 221
1844670 221
1844680 221
1844690 221
1844700 220
1844710 220
1844720 220
1844730 219
1844740 219
1844750 219
1844760 219
1844770 218
1844780 218
1844790 219
1844800 219
1844810 219
1844820 220
1844830 221
1844840 221
1844850 222
1844860 222
1844870 222
1844880 223
1844890 223
1844900 223
1844910 224
1844920 224
1844930 224
1844940 225
1844950 225
1844960 225
1844970 225
1844980 225
1844990 225
1845000 225
1845010 225
1845020 225
1845030 225
1845040 225
1845050 225
1845060 224
1845070 224
1845080 224
1845090 224
1845100 224
1845110 224
1845120 223
1845130 223
1845140 223
1845150 223
1845160 223
1845170 223
1845180 223
1845190 220
1845200 220
1845210 220
1845220 220
1845230 220
1845240 220
1845250 220
1845260 220
1845270 220
1845280 220
1845290 220
1845300 220
1845310 220
1845320 220
1845330 219
1845340 219
1845350 219
1845360 219
1845370 219
1845380 218
1845390 218
1845400 218
1845410 217
1845420 217
1845430 217
1845440 216
1845450 216
1845460 216
1845470 215
1845480 215
1845490 215
1845500 214
1845510 214
1845520 214
1845530 213
1845540 212
1845550 212
1845560 211
1845570 210
1845580 209
1845590 208
1845600 207
1845610 207
1845620 205
1845630 206
1845640 206
1845650 208
1845660 208
1845670 208
1845680 208
1845690 208
1845700 208
1845710 208
1845720 211
1845730 211
1845740 211
1845750 211
1845760 211
1845770 211
1845780 211
1845790 211
1845800 211
1845810 210
1845820 210
1845830 210
1845840 210
1845850 210
1845860 209
1845870 208
1845880 208
1845890 208
1845900 206
1845910 206
1845920 205
1845930 204
1845940 204
1845950 203
1845960 203
1845970 203
1845980 203
1845990 202
1846000 202
1846010 201
1846020 201
1846030 201
1846040 201
1846050 201
1846060 201
1846070 201
1846080 200
1846090 200
1846100 200
1846110 200
1846120 200
1846130 200
1846140 200
1846150 201
1846160 201
1846170 201
1846180 201
1846190 202
1846200 202
1846210 202
1846220 202
1846230 202
1846240 202
1846250 203
1846260 203
1846270 204
1846280 204
1846290 204
1846300 205
1846310 208
1846320 208
1846330 210
1846340 212
1846350 212
1846360 214
1846370 216
1846380 216
1846390 218
1846400 219
1846410 219
1846420 219
1846430 220
1846440 220
1846450 220
1846460 220
1846470 220
1846480 221
1846490 221
1846500 221
1846510 221
1846520 221
1846530 221
1846540 221
1846550 221
1846560 221
1846570 221
1846580 222
1846590 222
1846600 222
1846610 222
1846620 222
1846630 222
1846640 222
1846650 222
1846660 223
1846670 224
1846680 224
1846690 223
1846700 223
1846710 223
1846720 223
1846730 223
1846740 223
1846750 223
1846760 223
1846770 223
1846780 223
1846790 223
1846800 223
1846810 223
1846820 224
1846830 224
1846840 224
1846850 224
1846860 224
1846870 224
1846880 224
1846890 224
1846900 224
1846910 224
1846920 224
1846930 224
1846940 224
1846950 224
1846960 224
1846970 224
1846980 224
1846990 224
1847000 224
1847010 224
1847020 225
1847030 225
1847040 225
1847050 225
1847060 225
1847070 225
1847080 225
1847090 225
1847100 224
1847110 224
1847120 224
1847130 224
1847140 224
1847150 224
1847160 224
1847170 224
1847180 224
1847190 224
1847200 223
1847210 223
1847220 223
1847230 223
1847240 223
1847250 223
1847260 223
1847270 223
1847280 222
1847290 222
1847300 222
1847310 222
1847320 222
1847330 222
1847340 222
1847350 221
1847360 221
1847370 221
1847380 221
1847390 221
1847400 220
1847410 220
1847420 220
1847430 220
1847440 220
1847450 220
1847460 218
1847470 215
1847480 215
1847490 219
1847500 222
1847510 222
1847520 221
1847530 221
1847540 221
1847550 221
1847560 221
1847570 221
1847580 222
1847590 222
1847600 222
1847610 222
1847620 222
1847630 222
1847640 222
1847650 222
1847660 222
1847670 222
1847680 221
1847690 221
1847700 221
1847710 221
1847720 221
1847730 221
1847740 221
1847750 221
1847760 221
1847770 221
1847780 221
1847790 221
1847800 221
1847810 221
1847820 221
1847830 221
1847840 221
1847850 222
1847860 222
1847870 222
1847880 222
1847890 222
1847900 222
1847910 222
1847920 222
1847930 223
1847940 223
1847950 223
1847960 223
1847970 224
1847980 224
1847990 224
1848000 224
1848010 224
1848020 224
1848030 225
1848040 225
1848050 225
1848060 226
1848070 226
1848080 226
1848090 226
1848100 227
1848110 227
1848120 228
1848130 228
1848140 228
1848150 229
1848160 229
1848170 229
1848180 230
1848190 230
1848200 230
1848210 231
1848220 231
1848230 232
1848240 232
1848250 232
1848260 233
1848270 234
1848280 234
1848290 234
1848300 235
1848310 235
1848320 235
1848330 236
1848340 236
1848350 236
1848360 237
1848370 237
1848380 237
1848390 237
1848400 237
1848410 238
1848420 238
1848430 238
1848440 238
1848450 239
1848460 239
1848470 239
1848480 239
1848490 239
1848500 240
1848510 240
1848520 240
1848530 240
1848540 240
1848550 240
1848560 240
1848570 240
1848580 240
1848590 240
1848600 240
1848610 239
1848620 239
1848630 239
1848640 238
1848650 238
1848660 238
1848670 238
1848680 238
1848690 238
1848700 237
1848710 237
1848720 237
1848730 237
1848740 237
1848750 237
1848760 237
1848770 237
1848780 237
1848790 237
1848800 237
1848810 237
1848820 236
1848830 236
1848840 236
1848850 236
1848860 236
1848870 236
1848880 235
1848890 235
1848900 235
1848910 235
1848920 235
1848930 235
1848940 235
1848950 234
1848960 234
1848970 234
1848980 233
1848990 233
1849000 233
1849010 232
1849020 232
1849030 231
1849040 230
1849050 230
1849060 229
1849070 228
1849080 228
1849090 227
1849100 227
1849110 227
1849120 226
1849130 225
1849140 225
1849150 224
1849160 223
1849170 223
1849180 221
1849190 220
1849200 220
1849210 219
1849220 218
1849230 218
1849240 217
1849250 216
1849260 216
1849270 217
1849280 217
1849290 219
1849300 222
1849310 222
1849320 223
1849330 223
1849340 223
1849350 223
1849360 223
1849370 223
1849380 222
1849390 222
1849400 222
1849410 223
1849420 225
1849430 225
1849440 227
1849450 230
1849460 230
1849470 232
1849480 234
1849490 234
1849500 235
1849510 235
1849520 235
1849530 235
1849540 233
1849550 233
1849560 232
1849570 230
1849580 230
1849590 229
1849600 228
1849610 228
1849620 227
1849630 227
1849640 227
1849650 228
1849660 230
1849670 230
1849680 231
1849690 233
1849700 233
1849710 235
1849720 237
1849730 237
1849740 240
1849750 241
1849760 241
1849770 242
1849780 243
1849790 243
1849800 244
1849810 244
1849820 244
1849830 245
1849840 244
1849850 244
1849860 245
1849870 245
1849880 245
1849890 245
1849900 244
1849910 244
1849920 244
1849930 245
1849940 245
1849950 244
1849960 244
1849970 244
1849980 244
1849990 244
1850000 244
1850010 244
1850020 243
1850030 243
1850040 243
1850050 243
1850060 243
1850070 243
1850080 243
1850090 243
1850100 242
1850110 242
1850120 242
1850130 242
1850140 242
1850150 242
1850160 242
1850170 242
1850180 242
1850190 242
1850200 242
1850210 242
1850220 242
1850230 242
1850240 242
1850250 242
1850260 242
1850270 242
1850280 242
1850290 242
1850300 242
1850310 242
1850320 242
1850330 242
1850340 242
1850350 242
1850360 241
1850370 241
1850380 241
1850390 241
1850400 241
1850410 241
1850420 241
1850430 241
1850440 241
1850450 240
1850460 240
1850470 240
1850480 240
1850490 240
1850500 240
1850510 240
1850520 240
1850530 240
1850540 239
1850550 239
1850560 239
1850570 239
1850580 239
1850590 239
1850600 239
1850610 238
1850620 238
1850630 238
1850640 238
1850650 238
1850660 238
1850670 237
1850680 237
1850690 237
1850700 237
1850710 237
1850720 236
1850730 236
1850740 236
1850750 236
1850760 236
1850770 236
1850780 236
1850790 235
1850800 235
1850810 235
1850820 235
1850830 235
1850840 235
1850850 235
1850860 235
1850870 234
1850880 234
1850890 234
1850900 234
1850910 234
1850920 234
1850930 234
1850940 234
1850950 234
1850960 234
1850970 235
1850980 235
1850990 235
1851000 235
1851010 235
1851020 235
1851030 235
1851040 235
1851050 234
1851060 234
1851070 234
1851080 234
1851090 234
1851100 234
1851110 234
1851120 234
1851130 234
1851140 234
1851150 234
1851160 234
1851170 233
1851180 233
1851190 233
1851200 233
1851210 233
1851220 233
1851230 233
1851240 233
1851250 233
1851260 232
1851270 232
1851280 232
1851290 232
1851300 232
1851310 232
1851320 232
1851330 232
1851340 232
1851350 232
1851360 232
1851370 231
1851380 231
1851390 231
1851400 231
1851410 231
1851420 231
1851430 230
1851440 230
1851450 230
1851460 230
1851470 229
1851480 229
1851490 229
1851500 229
1851510 229
1851520 229
1851530 228
1851540 228
1851550 228
1851560 228
1851570 228
1851580 228
1851590 227
1851600 227
1851610 227
1851620 227
1851630 227
1851640 226
1851650 226
1851660 226
1851670 226
1851680 226
1851690 225
1851700 220
1851710 220
1851720 219
1851730 221
1851740 221
1851750 223
1851760 222
1851770 222
1851780 222
1851790 221
1851800 221
1851810 220
1851820 219
1851830 219
1851840 219
1851850 218
1851860 218
1851870 217
1851880 216
1851890 216
1851900 215
1851910 214
1851920 214
1851930 213
1851940 212
1851950 212
1851960 211
1851970 210
1851980 210
1851990 210
1852000 210
1852010 210
1852020 209
1852030 210
1852040 210
1852050 210
1852060 210
1852070 210
1852080 210
1852090 210
1852100 210
1852110 210
1852120 210
1852130 210
1852140 209
1852150 209
1852160 209
1852170 209
1852180 209
1852190 209
1852200 208
1852210 208
1852220 208
1852230 207
1852240 207
1852250 207
1852260 206
1852270 206
1852280 206
1852290 206
1852300 206
1852310 206
1852320 206
1852330 205
1852340 205
1852350 205
1852360 205
1852370 205
1852380 205
1852390 205
1852400 205
1852410 205
1852420 205
1852430 205
1852440 204
1852450 204
1852460 204
1852470 204
1852480 204
1852490 203
1852500 203
1852510 203
1852520 202
1852530 202
1852540 202
1852550 202
1852560 201
1852570 201
1852580 201
1852590 201
1852600 201
1852610 201
1852620 201
1852630 201
1852640 201
1852650 201
1852660 201
1852670 200
1852680 200
1852690 200
1852700 200
1852710 199
1852720 199
1852730 198
1852740 198
1852750 198
1852760 200
1852770 200
1852780 200
1852790 200
1852800 200
1852810 200
1852820 200
1852830 200
1852840 200
1852850 200
1852860 200
1852870 200
1852880 200
1852890 200
1852900 200
1852910 200
1852920 199
1852930 199
1852940 200
1852950 200
1852960 200
1852970 200
1852980 201
1852990 201
1853000 202
1853010 203
1853020 203
1853030 203
1853040 204
1853050 204
1853060 204
1853070 204
1853080 204
1853090 204
1853100 204
1853110 204
1853120 205
1853130 205
1853140 205
1853150 206
1853160 207
1853170 207
1853180 207
1853190 208
1853200 208
1853210 208
1853220 208
1853230 207
1853240 207
1853250 207
1853260 208
1853270 208
1853280 208
1853290 209
1853300 210
1853310 210
1853320 212
1853330 213
1853340 213
1853350 213
1853360 214
1853370 214
1853380 216
1853390 217
1853400 217
1853410 217
1853420 217
1853430 217
1853440 219
1853450 222
1853460 222
1853470 223
1853480 224
1853490 224
1853500 225
1853510 225
1853520 225
1853530 226
1853540 226
1853550 226
1853560 226
1853570 227
1853580 227
1853590 227
1853600 227
1853610 227
1853620 227
1853630 227
1853640 227
1853650 227
1853660 227
1853670 227
1853680 226
1853690 226
1853700 226
1853710 225
1853720 225
1853730 225
1853740 224
1853750 223
1853760 223
1853770 222
1853780 221
1853790 221
1853800 219
1853810 218
1853820 218
1853830 217
1853840 216
1853850 216
1853860 215
1853870 215
1853880 215
1853890 214
1853900 214
1853910 214
1853920 214
1853930 215
1853940 215
1853950 215
1853960 215
1853970 215
1853980 216
1853990 216
1854000 216
1854010 217
1854020 217
1854030 218
1854040 219
1854050 219
1854060 220
1854070 221
1854080 221
1854090 222
1854100 224
1854110 224
1854120 225
1854130 226
1854140 226
1854150 228
1854160 229
1854170 229
1854180 230
1854190 231
1854200 231
1854210 232
1854220 232
1854230 232
1854240 233
1854250 234
1854260 234
1854270 234
1854280 234
1854290 234
1854300 234
1854310 235
1854320 235
1854330 235
1854340 235
1854350 235
1854360 235
1854370 234
1854380 234
1854390 234
1854400 234
1854410 234
1854420 234
1854430 234
1854440 234
1854450 233
1854460 233
1854470 233
1854480 232
1854490 232
1854500 232
1854510 232
1854520 232
1854530 232
1854540 231
1854550 231
1854560 231
1854570 231
1854580 231
1854590 231
1854600 230
1854610 230
1854620 230
1854630 230
1854640 230
1854650 230
1854660 230
1854670 230
1854680 230
1854690 230
1854700 230
1854710 230
1854720 230
1854730 229
1854740 229
1854750 229
1854760 229
1854770 229
1854780 229
1854790 229
1854800 228
1854810 228
1854820 228
1854830 227
1854840 226
1854850 226
1854860 225
1854870 224
1854880 224
1854890 223
1854900 222
1854910 222
1854920 222
1854930 222
1854940 222
1854950 223
1854960 224
1854970 224
1854980 225
1854990 226
1855000 226
1855010 228
1855020 229
1855030 229
1855040 231
1855050 233
1855060 233
1855070 235
1855080 236
1855090 236
1855100 237
1855110 238
1855120 238
1855130 239
1855140 240
1855150 240
1855160 241
1855170 242
1855180 242
1855190 243
1855200 243
1855210 243
1855220 244
1855230 244
1855240 244
1855250 245
1855260 245
1855270 245
1855280 245
1855290 245
1855300 245
1855310 246
1855320 246
1855330 246
1855340 246
1855350 246
1855360 246
1855370 246
1855380 247
1855390 247
1855400 247
1855410 247
1855420 247
1855430 247
1855440 247
1855450 247
1855460 248
1855470 248
1855480 248
1855490 248
1855500 249
1855510 249
1855520 249
1855530 249
1855540 249
1855550 249
1855560 249
1855570 249
1855580 249
1855590 249
1855600 249
1855610 249
1855620 249
1855630 249
1855640 249
1855650 249
1855660 249
1855670 249
1855680 249
1855690 249
1855700 249
1855710 249
1855720 249
1855730 249
1855740 249
1855750 249
1855760 249
1855770 249
1855780 249
1855790 249
1855800 249
1855810 249
1855820 248
1855830 248
1855840 248
1855850 248
1855860 248
1855870 248
1855880 247
1855890 247
1855900 247
1855910 246
1855920 245
1855930 245
1855940 245
1855950 245
1855960 244
1855970 244
1855980 244
1855990 244
1856000 243
1856010 243
1856020 243
1856030 243
1856040 243
1856050 243
1856060 242
1856070 242
1856080 242
1856090 242
1856100 242
1856110 242
1856120 241
1856130 241
1856140 241
1856150 241
1856160 241
1856170 241
1856180 241
1856190 241
1856200 242
1856210 242
1856220 242
1856230 243
1856240 244
1856250 244
1856260 244
1856270 245
1856280 245
1856290 246
1856300 247
1856310 247
1856320 247
1856330 248
1856340 248
1856350 249
1856360 249
1856370 251
1856380 252
1856390 252
1856400 253
1856410 253
1856420 253
1856430 254
1856440 255
1856450 255
1856460 255
1856470 256
1856480 256
1856490 256
1856500 257
1856510 257
1856520 257
1856530 257
1856540 257
1856550 255
1856560 253
1856570 253
1856580 251
1856590 250
1856600 250
1856610 248
1856620 247
1856630 247
1856640 246
1856650 245
1856660 245
1856670 244
1856680 243
1856690 243
1856700 242
1856710 242
1856720 242
1856730 241
1856740 240
1856750 240
1856760 240
1856770 239
1856780 239
1856790 239
1856800 239
1856810 239
1856820 239
1856830 239
1856840 239
1856850 239
1856860 240
1856870 240
1856880 241
1856890 241
1856900 241
1856910 241
1856920 241
1856930 241
1856940 239
1856950 237
1856960 237
1856970 234
1856980 234
1856990 234
1857000 234
1857010 235
1857020 235
1857030 236
1857040 236
1857050 236
1857060 237
1857070 239
1857080 239
1857090 240
1857100 240
1857110 240
1857120 240
1857130 240
1857140 240
1857150 240
1857160 240
1857170 241
1857180 241
1857190 241
1857200 242
1857210 242
1857220 242
1857230 242
1857240 242
1857250 242
1857260 243
1857270 243
1857280 243
1857290 243
1857300 242
1857310 242
1857320 240
1857330 239
1857340 239
1857350 239
1857360 238
1857370 238
1857380 237
1857390 235
1857400 235
1857410 234
1857420 232
1857430 232
1857440 230
1857450 228
1857460 228
1857470 226
1857480 224
1857490 224
1857500 223
1857510 223
1857520 223
1857530 222
1857540 222
1857550 222
1857560 222
1857570 222
1857580 222
1857590 222
1857600 223
1857610 223
1857620 223
1857630 224
1857640 224
1857650 226
1857660 227
1857670 227
1857680 229
1857690 231
1857700 231
1857710 233
1857720 234
1857730 234
1857740 236
1857750 237
1857760 237
1857770 239
1857780 240
1857790 240
1857800 242
1857810 244
1857820 244
1857830 246
1857840 248
1857850 248
1857860 250
1857870 252
1857880 252
1857890 253
1857900 254
1857910 254
1857920 254
1857930 254
1857940 255
1857950 256
1857960 256
1857970 257
1857980 258
1857990 258
1858000 258
1858010 259
1858020 258
1858030 259
1858040 259
1858050 259
1858060 260
1858070 260
1858080 260
1858090 261
1858100 261
1858110 261
1858120 261
1858130 261
1858140 261
1858150 261
1858160 261
1858170 261
1858180 262
1858190 262
1858200 262
1858210 262
1858220 263
1858230 263
1858240 263
1858250 263
1858260 263
1858270 264
1858280 264
1858290 264
1858300 265
1858310 265
1858320 265
1858330 265
1858340 266
1858350 266
1858360 266
1858370 266
1858380 266
1858390 266
1858400 266
1858410 266
1858420 266
1858430 267
1858440 267
1858450 267
1858460 267
1858470 267
1858480 268
1858490 268
1858500 268
1858510 268
1858520 268
1858530 268
1858540 268
1858550 269
1858560 269
1858570 269
1858580 269
1858590 269
1858600 269
1858610 269
1858620 269
1858630 269
1858640 269
1858650 269
1858660 269
1858670 269
1858680 269
1858690 269
1858700 269
1858710 269
1858720 269
1858730 269
1858740 269
1858750 269
1858760 269
1858770 269
1858780 269
1858790 269
1858800 269
1858810 269
1858820 269
1858830 269
1858840 268
1858850 268
1858860 268
1858870 268
1858880 268
1858890 268
1858900 267
1858910 267
1858920 267
1858930 266
1858940 266
1858950 266
1858960 265
1858970 265
1858980 264
1858990 264
1859000 264
1859010 262
1859020 261
1859030 261
1859040 259
1859050 257
1859060 257
1859070 255
1859080 253
1859090 253
1859100 252
1859110 250
1859120 250
1859130 247
1859140 246
1859150 246
1859160 246
1859170 246
1859180 246
1859190 245
1859200 241
1859210 241
1859220 237
1859230 233
1859240 233
1859250 230
1859260 228
1859270 228
1859280 227
1859290 231
1859300 231
1859310 239
1859320 244
1859330 244
1859340 249
1859350 252
1859360 252
1859370 254
1859380 255
1859390 255
1859400 256
1859410 256
1859420 256
1859430 255
1859440 254
1859450 254
1859460 254
1859470 253
1859480 253
1859490 252
1859500 252
1859510 251
1859520 249
1859530 249
1859540 249
1859550 248
1859560 248
1859570 246
1859580 242
1859590 242
1859600 240
1859610 240
1859620 240
1859630 244
1859640 247
1859650 247
1859660 249
1859670 251
1859680 251
1859690 254
1859700 256
1859710 256
1859720 257
1859730 257
1859740 257
1859750 258
1859760 260
1859770 260
1859780 261
1859790 262
1859800 262
1859810 263
1859820 264
1859830 264
1859840 265
1859850 265
1859860 265
1859870 266
1859880 267
1859890 267
1859900 268
1859910 268
1859920 268
1859930 269
1859940 270
1859950 270
1859960 271
1859970 271
1859980 271
1859990 272
