1840000 204
1840010 204
1840020 203
1840030 203
1840040 203
1840050 203
1840060 203
1840070 203
1840080 203
1840090 203
1840100 203
1840110 203
1840120 203
1840130 203
1840140 203
1840150 203
1840160 203
1840170 203
1840180 203
1840190 203
1840200 203
1840210 203
1840220 203
1840230 203
1840240 203
1840250 203
1840260 203
1840270 204
1840280 204
1840290 204
1840300 204
1840310 204
1840320 204
1840330 203
1840340 203
1840350 203
1840360 203
1840370 202
1840380 202
1840390 202
1840400 202
1840410 202
1840420 202
1840430 202
1840440 202
1840450 202
1840460 202
1840470 202
1840480 202
1840490 202
1840500 202
1840510 202
1840520 202
1840530 202
1840540 202
1840550 202
1840560 202
1840570 202
1840580 202
1840590 202
1840600 202
1840610 202
1840620 202
1840630 202
1840640 202
1840650 202
1840660 202
1840670 202
1840680 202
1840690 202
1840700 202
1840710 202
1840720 202
1840730 202
1840740 202
1840750 201
1840760 201
1840770 202
1840780 202
1840790 202
1840800 202
1840810 202
1840820 202
1840830 202
1840840 202
1840850 202
1840860 202
1840870 202
1840880 202
1840890 201
1840900 201
1840910 201
1840920 202
1840930 201
1840940 201
1840950 201
1840960 201
1840970 201
1840980 201
1840990 202
1841000 202
1841010 201
1841020 202
1841030 202
1841040 201
1841050 202
1841060 202
1841070 201
1841080 202
1841090 202
1841100 202
1841110 202
1841120 202
1841130 202
1841140 202
1841150 202
1841160 202
1841170 202
1841180 202
1841190 202
1841200 201
1841210 201
1841220 201
1841230 201
1841240 201
1841250 201
1841260 201
1841270 201
1841280 201
1841290 201
1841300 201
1841310 201
1841320 201
1841330 201
1841340 201
1841350 201
1841360 201
1841370 201
1841380 201
1841390 201
1841400 201
1841410 201
1841420 201
1841430 201
1841440 201
1841450 201
1841460 201
1841470 201
1841480 202
1841490 202
1841500 202
1841510 202
1841520 203
1841530 203
1841540 202
1841550 203
1841560 203
1841570 203
1841580 203
1841590 203
1841600 203
1841610 204
1841620 204
1841630 204
1841640 204
1841650 204
1841660 203
1841670 203
1841680 203
1841690 204
1841700 204
1841710 204
1841720 204
1841730 204
1841740 204
1841750 204
1841760 204
1841770 204
1841780 204
1841790 204
1841800 204
1841810 205
1841820 205
1841830 205
1841840 205
1841850 205
1841860 205
1841870 205
1841880 205
1841890 205
1841900 205
1841910 204
1841920 204
1841930 204
1841940 204
1841950 204
1841960 204
1841970 204
1841980 204
1841990 204
1842000 204
1842010 204
1842020 204
1842030 204
1842040 204
1842050 204
1842060 204
1842070 204
1842080 204
1842090 204
1842100 204
1842110 204
1842120 204
1842130 204
1842140 204
1842150 204
1842160 204
1842170 204
1842180 204
1842190 204
1842200 204
1842210 204
1842220 204
1842230 204
1842240 204
1842250 204
1842260 203
1842270 203
1842280 203
1842290 203
1842300 203
1842310 203
1842320 203
1842330 203
1842340 203
1842350 202
1842360 202
1842370 202
1842380 203
1842390 203
1842400 203
1842410 203
1842420 203
1842430 203
1842440 203
1842450 203
1842460 203
1842470 203
1842480 203
1842490 203
1842500 203
1842510 203
1842520 203
1842530 203
1842540 203
1842550 202
1842560 202
1842570 202
1842580 202
1842590 202
1842600 202
1842610 202
1842620 201
1842630 201
1842640 201
1842650 201
1842660 201
1842670 201
1842680 201
1842690 201
1842700 201
1842710 201
1842720 201
1842730 201
1842740 201
1842750 201
1842760 201
1842770 201
1842780 201
1842790 201
1842800 201
1842810 201
1842820 201
1842830 202
1842840 202
1842850 202
1842860 202
1842870 202
1842880 202
1842890 202
1842900 202
1842910 203
1842920 203
1842930 203
1842940 204
1842950 204
1842960 204
1842970 205
1842980 205
1842990 205
1843000 205
1843010 205
1843020 206
1843030 206
1843040 206
1843050 206
1843060 207
1843070 207
1843080 207
1843090 207
1843100 207
1843110 208
1843120 208
1843130 208
1843140 208
1843150 208
1843160 208
1843170 209
1843180 209
1843190 209
1843200 210
1843210 210
1843220 210
1843230 210
1843240 211
1843250 211
1843260 212
1843270 212
1843280 212
1843290 213
1843300 213
1843310 214
1843320 215
1843330 215
1843340 215
1843350 216
1843360 216
1843370 216
1843380 216
1843390 216
1843400 216
1843410 216
1843420 216
1843430 216
1843440 215
1843450 213
1843460 213
1843470 211
1843480 208
1843490 208
1843500 207
1843510 207
1843520 207
1843530 207
1843540 207
1843550 207
1843560 207
1843570 207
1843580 207
1843590 207
1843600 207
1843610 207
1843620 207
1843630 207
1843640 207
1843650 207
1843660 207
1843670 207
1843680 208
1843690 208
1843700 208
1843710 208
1843720 208
1843730 208
1843740 208
1843750 208
1843760 208
1843770 208
1843780 208
1843790 208
1843800 206
1843810 206
1843820 204
1843830 203
1843840 203
1843850 203
1843860 203
1843870 203
1843880 203
1843890 202
1843900 202
1843910 202
1843920 202
1843930 202
1843940 203
1843950 202
1843960 202
1843970 201
1843980 201
1843990 201
1844000 201
1844010 201
1844020 201
1844030 201
1844040 201
1844050 201
1844060 201
1844070 201
1844080 201
1844090 200
1844100 200
1844110 200
1844120 200
1844130 200
1844140 200
1844150 200
1844160 200
1844170 200
1844180 200
1844190 200
1844200 200
1844210 200
1844220 200
1844230 200
1844240 200
1844250 200
1844260 200
1844270 200
1844280 199
1844290 199
1844300 199
1844310 199
1844320 199
1844330 199
1844340 199
1844350 199
1844360 200
1844370 199
1844380 199
1844390 198
1844400 198
1844410 198
1844420 198
1844430 198
1844440 198
1844450 198
1844460 198
1844470 198
1844480 198
1844490 198
1844500 198
1844510 198
1844520 198
1844530 198
1844540 197
1844550 197
1844560 197
1844570 197
1844580 197
1844590 197
1844600 196
1844610 196
1844620 196
1844630 196
1844640 196
1844650 197
1844660 197
1844670 197
1844680 197
1844690 197
1844700 197
1844710 197
1844720 197
1844730 197
1844740 197
1844750 197
1844760 197
1844770 197
1844780 197
1844790 197
1844800 197
1844810 197
1844820 197
1844830 197
1844840 197
1844850 197
1844860 196
1844870 195
1844880 195
1844890 194
1844900 194
1844910 194
1844920 194
1844930 194
1844940 194
1844950 194
1844960 194
1844970 194
1844980 194
1844990 194
1845000 194
1845010 194
1845020 194
1845030 194
1845040 194
1845050 194
1845060 194
1845070 195
1845080 194
1845090 194
1845100 194
1845110 195
1845120 195
1845130 195
1845140 195
1845150 195
1845160 195
1845170 195
1845180 195
1845190 195
1845200 195
1845210 195
1845220 195
1845230 195
1845240 195
1845250 195
1845260 195
1845270 195
1845280 194
1845290 194
1845300 195
1845310 195
1845320 195
1845330 195
1845340 195
1845350 195
1845360 195
1845370 195
1845380 195
1845390 195
1845400 195
1845410 195
1845420 195
1845430 194
1845440 194
1845450 194
1845460 194
1845470 194
1845480 194
1845490 194
1845500 194
1845510 194
1845520 194
1845530 194
1845540 195
1845550 195
1845560 195
1845570 195
1845580 196
1845590 196
1845600 195
1845610 195
1845620 195
1845630 194
1845640 194
1845650 194
1845660 194
1845670 194
1845680 194
1845690 194
1845700 194
1845710 194
1845720 194
1845730 194
1845740 194
1845750 194
1845760 194
1845770 194
1845780 193
1845790 194
1845800 194
1845810 194
1845820 194
1845830 194
1845840 193
1845850 194
1845860 194
1845870 194
1845880 194
1845890 194
1845900 194
1845910 194
1845920 194
1845930 194
1845940 194
1845950 194
1845960 193
1845970 193
1845980 193
1845990 193
1846000 194
1846010 194
1846020 194
1846030 194
1846040 194
1846050 193
1846060 193
1846070 193
1846080 192
1846090 192
1846100 192
1846110 192
1846120 192
1846130 192
1846140 192
1846150 192
1846160 193
1846170 193
1846180 193
1846190 193
1846200 194
1846210 194
1846220 194
1846230 194
1846240 194
1846250 193
1846260 193
1846270 193
1846280 193
1846290 194
1846300 194
1846310 194
1846320 194
1846330 194
1846340 193
1846350 193
1846360 193
1846370 193
1846380 193
1846390 193
1846400 193
1846410 193
1846420 193
1846430 193
1846440 193
1846450 193
1846460 193
1846470 193
1846480 193
1846490 193
1846500 193
1846510 193
1846520 193
1846530 193
1846540 193
1846550 193
1846560 192
1846570 192
1846580 192
1846590 192
1846600 192
1846610 192
1846620 192
1846630 192
1846640 192
1846650 192
1846660 192
1846670 191
1846680 191
1846690 191
1846700 191
1846710 191
1846720 191
1846730 191
1846740 191
1846750 191
1846760 191
1846770 191
1846780 191
1846790 191
1846800 191
1846810 191
1846820 191
1846830 191
1846840 191
1846850 191
1846860 191
1846870 191
1846880 191
1846890 191
1846900 191
1846910 191
1846920 191
1846930 191
1846940 190
1846950 190
1846960 190
1846970 190
1846980 190
1846990 190
1847000 190
1847010 190
1847020 190
1847030 190
1847040 190
1847050 190
1847060 190
1847070 190
1847080 190
1847090 190
1847100 190
1847110 190
1847120 190
1847130 190
1847140 190
1847150 190
1847160 190
1847170 190
1847180 190
1847190 190
1847200 190
1847210 190
1847220 190
1847230 190
1847240 190
1847250 190
1847260 190
1847270 190
1847280 190
1847290 190
1847300 190
1847310 190
1847320 190
1847330 190
1847340 190
1847350 190
1847360 189
1847370 189
1847380 189
1847390 189
1847400 189
1847410 190
1847420 190
1847430 190
1847440 190
1847450 189
1847460 189
1847470 189
1847480 189
1847490 189
1847500 189
1847510 189
1847520 189
1847530 189
1847540 189
1847550 189
1847560 189
1847570 189
1847580 189
1847590 189
1847600 189
1847610 189
1847620 189
1847630 189
1847640 189
1847650 189
1847660 189
1847670 189
1847680 189
1847690 189
1847700 189
1847710 189
1847720 189
1847730 189
1847740 189
1847750 189
1847760 189
1847770 189
1847780 189
1847790 189
1847800 189
1847810 189
1847820 189
1847830 189
1847840 189
1847850 189
1847860 189
1847870 189
1847880 189
1847890 189
1847900 189
1847910 189
1847920 189
1847930 189
1847940 189
1847950 189
1847960 189
1847970 189
1847980 189
1847990 189
1848000 189
1848010 189
1848020 189
1848030 189
1848040 189
1848050 189
1848060 189
1848070 189
1848080 189
1848090 189
1848100 189
1848110 189
1848120 189
1848130 189
1848140 189
1848150 188
1848160 188
1848170 188
1848180 188
1848190 189
1848200 189
1848210 189
1848220 189
1848230 189
1848240 189
1848250 189
1848260 189
1848270 189
1848280 189
1848290 189
1848300 189
1848310 189
1848320 189
1848330 189
1848340 189
1848350 189
1848360 189
1848370 189
1848380 189
1848390 189
1848400 189
1848410 189
1848420 189
1848430 189
1848440 189
1848450 189
1848460 189
1848470 189
1848480 189
1848490 189
1848500 189
1848510 189
1848520 189
1848530 189
1848540 189
1848550 189
1848560 187
1848570 187
1848580 187
1848590 187
1848600 187
1848610 187
1848620 187
1848630 187
1848640 187
1848650 187
1848660 187
1848670 187
1848680 187
1848690 189
1848700 189
1848710 189
1848720 189
1848730 189
1848740 189
1848750 189
1848760 189
1848770 189
1848780 189
1848790 189
1848800 189
1848810 189
1848820 189
1848830 189
1848840 190
1848850 190
1848860 190
1848870 190
1848880 190
1848890 190
1848900 190
1848910 190
1848920 191
1848930 191
1848940 191
1848950 191
1848960 191
1848970 191
1848980 191
1848990 192
1849000 192
1849010 193
1849020 193
1849030 193
1849040 195
1849050 195
1849060 195
1849070 195
1849080 196
1849090 196
1849100 196
1849110 196
1849120 197
1849130 198
1849140 198
1849150 199
1849160 200
1849170 200
1849180 201
1849190 202
1849200 202
1849210 203
1849220 203
1849230 203
1849240 204
1849250 204
1849260 204
1849270 205
1849280 205
1849290 205
1849300 205
1849310 205
1849320 205
1849330 205
1849340 205
1849350 205
1849360 205
1849370 205
1849380 205
1849390 204
1849400 203
1849410 203
1849420 203
1849430 202
1849440 201
1849450 201
1849460 202
1849470 202
1849480 203
1849490 205
1849500 205
1849510 206
1849520 207
1849530 207
1849540 207
1849550 208
1849560 208
1849570 208
1849580 208
1849590 208
1849600 208
1849610 209
1849620 209
1849630 209
1849640 209
1849650 209
1849660 209
1849670 209
1849680 209
1849690 208
1849700 208
1849710 208
1849720 208
1849730 207
1849740 207
1849750 207
1849760 207
1849770 207
1849780 207
1849790 206
1849800 206
1849810 205
1849820 205
1849830 205
1849840 205
1849850 205
1849860 205
1849870 205
1849880 205
1849890 205
1849900 205
1849910 205
1849920 205
1849930 205
1849940 205
1849950 204
1849960 204
1849970 204
1849980 204
1849990 204
1850000 204
1850010 204
1850020 204
1850030 204
1850040 204
1850050 204
1850060 204
1850070 204
1850080 204
1850090 204
1850100 204
1850110 204
1850120 204
1850130 204
1850140 204
1850150 203
1850160 203
1850170 203
1850180 203
1850190 203
1850200 202
1850210 202
1850220 202
1850230 202
1850240 202
1850250 202
1850260 201
1850270 201
1850280 200
1850290 201
1850300 201
1850310 201
1850320 200
1850330 200
1850340 199
1850350 199
1850360 199
1850370 198
1850380 198
1850390 198
1850400 198
1850410 199
1850420 199
1850430 200
1850440 201
1850450 201
1850460 202
1850470 203
1850480 203
1850490 203
1850500 203
1850510 203
1850520 203
1850530 203
1850540 203
1850550 203
1850560 203
1850570 203
1850580 204
1850590 204
1850600 204
1850610 204
1850620 204
1850630 204
1850640 204
1850650 204
1850660 204
1850670 204
1850680 204
1850690 204
1850700 204
1850710 204
1850720 204
1850730 204
1850740 204
1850750 204
1850760 204
1850770 204
1850780 204
1850790 204
1850800 204
1850810 204
1850820 204
1850830 204
1850840 204
1850850 204
1850860 204
1850870 203
1850880 203
1850890 203
1850900 203
1850910 203
1850920 203
1850930 203
1850940 203
1850950 203
1850960 203
1850970 202
1850980 202
1850990 202
1851000 201
1851010 201
1851020 201
1851030 201
1851040 201
1851050 201
1851060 202
1851070 202
1851080 203
1851090 203
1851100 203
1851110 204
1851120 204
1851130 204
1851140 205
1851150 206
1851160 206
1851170 206
1851180 206
1851190 206
1851200 207
1851210 207
1851220 207
1851230 208
1851240 208
1851250 208
1851260 208
1851270 209
1851280 209
1851290 209
1851300 209
1851310 209
1851320 209
1851330 210
1851340 210
1851350 210
1851360 210
1851370 210
1851380 210
1851390 210
1851400 210
1851410 211
1851420 211
1851430 211
1851440 211
1851450 211
1851460 211
1851470 211
1851480 211
1851490 211
1851500 211
1851510 211
1851520 211
1851530 211
1851540 211
1851550 211
1851560 212
1851570 212
1851580 212
1851590 212
1851600 212
1851610 212
1851620 212
1851630 212
1851640 212
1851650 212
1851660 212
1851670 212
1851680 212
1851690 212
1851700 211
1851710 212
1851720 212
1851730 211
1851740 211
1851750 211
1851760 211
1851770 211
1851780 211
1851790 211
1851800 211
1851810 211
1851820 211
1851830 211
1851840 211
1851850 211
1851860 210
1851870 210
1851880 210
1851890 210
1851900 210
1851910 210
1851920 210
1851930 210
1851940 209
1851950 209
1851960 209
1851970 209
1851980 209
1851990 209
1852000 209
1852010 209
1852020 209
1852030 209
1852040 209
1852050 209
1852060 209
1852070 209
1852080 209
1852090 209
1852100 208
1852110 208
1852120 208
1852130 208
1852140 208
1852150 208
1852160 208
1852170 208
1852180 207
1852190 207
1852200 207
1852210 207
1852220 207
1852230 207
1852240 207
1852250 207
1852260 207
1852270 207
1852280 207
1852290 207
1852300 206
1852310 206
1852320 206
1852330 206
1852340 206
1852350 206
1852360 206
1852370 206
1852380 206
1852390 206
1852400 206
1852410 206
1852420 206
1852430 206
1852440 206
1852450 205
1852460 205
1852470 205
1852480 205
1852490 205
1852500 205
1852510 205
1852520 205
1852530 205
1852540 205
1852550 205
1852560 205
1852570 205
1852580 205
1852590 205
1852600 205
1852610 205
1852620 205
1852630 205
1852640 205
1852650 204
1852660 204
1852670 204
1852680 204
1852690 204
1852700 204
1852710 204
1852720 204
1852730 204
1852740 204
1852750 204
1852760 204
1852770 203
1852780 203
1852790 203
1852800 203
1852810 203
1852820 203
1852830 203
1852840 203
1852850 203
1852860 202
1852870 202
1852880 202
1852890 202
1852900 202
1852910 202
1852920 201
1852930 201
1852940 201
1852950 201
1852960 201
1852970 201
1852980 201
1852990 201
1853000 200
1853010 201
1853020 201
1853030 200
1853040 200
1853050 200
1853060 200
1853070 200
1853080 200
1853090 200
1853100 200
1853110 200
1853120 200
1853130 200
1853140 200
1853150 200
1853160 200
1853170 200
1853180 200
1853190 200
1853200 200
1853210 200
1853220 200
1853230 200
1853240 200
1853250 200
1853260 200
1853270 200
1853280 200
1853290 200
1853300 200
1853310 199
1853320 199
1853330 199
1853340 199
1853350 199
1853360 199
1853370 199
1853380 199
1853390 198
1853400 198
1853410 198
1853420 198
1853430 197
1853440 197
1853450 197
1853460 197
1853470 197
1853480 197
1853490 197
1853500 197
1853510 195
1853520 195
1853530 195
1853540 195
1853550 195
1853560 195
1853570 195
1853580 194
1853590 194
1853600 194
1853610 194
1853620 194
1853630 194
1853640 194
1853650 194
1853660 194
1853670 193
1853680 193
1853690 193
1853700 193
1853710 193
1853720 193
1853730 193
1853740 193
1853750 193
1853760 193
1853770 193
1853780 193
1853790 193
1853800 193
1853810 193
1853820 193
1853830 192
1853840 191
1853850 191
1853860 193
1853870 193
1853880 193
1853890 193
1853900 193
1853910 193
1853920 193
1853930 193
1853940 193
1853950 193
1853960 193
1853970 193
1853980 193
1853990 194
1854000 194
1854010 194
1854020 194
1854030 194
1854040 194
1854050 194
1854060 194
1854070 194
1854080 195
1854090 195
1854100 195
1854110 195
1854120 195
1854130 196
1854140 196
1854150 196
1854160 196
1854170 196
1854180 196
1854190 196
1854200 197
1854210 197
1854220 197
1854230 197
1854240 197
1854250 197
1854260 197
1854270 197
1854280 197
1854290 198
1854300 198
1854310 198
1854320 198
1854330 198
1854340 198
1854350 198
1854360 198
1854370 198
1854380 199
1854390 199
1854400 200
1854410 201
1854420 201
1854430 202
1854440 202
1854450 202
1854460 203
1854470 203
1854480 203
1854490 204
1854500 204
1854510 204
1854520 204
1854530 204
1854540 204
1854550 204
1854560 204
1854570 205
1854580 205
1854590 205
1854600 205
1854610 205
1854620 205
1854630 205
1854640 204
1854650 204
1854660 204
1854670 204
1854680 204
1854690 204
1854700 203
1854710 203
1854720 203
1854730 203
1854740 203
1854750 203
1854760 203
1854770 202
1854780 203
1854790 203
1854800 203
1854810 204
1854820 204
1854830 204
1854840 205
1854850 206
1854860 206
1854870 207
1854880 207
1854890 207
1854900 208
1854910 209
1854920 209
1854930 209
1854940 210
1854950 210
1854960 210
1854970 211
1854980 211
1854990 211
1855000 212
1855010 212
1855020 212
1855030 212
1855040 212
1855050 212
1855060 213
1855070 213
1855080 213
1855090 213
1855100 213
1855110 213
1855120 212
1855130 212
1855140 212
1855150 212
1855160 212
1855170 212
1855180 212
1855190 212
1855200 211
1855210 211
1855220 211
1855230 211
1855240 211
1855250 211
1855260 211
1855270 211
1855280 212
1855290 212
1855300 212
1855310 213
1855320 214
1855330 214
1855340 214
1855350 215
1855360 215
1855370 215
1855380 215
1855390 215
1855400 216
1855410 216
1855420 216
1855430 216
1855440 217
1855450 217
1855460 217
1855470 217
1855480 217
1855490 217
1855500 217
1855510 217
1855520 217
1855530 217
1855540 217
1855550 217
1855560 217
1855570 217
1855580 217
1855590 217
1855600 217
1855610 218
1855620 218
1855630 218
1855640 218
1855650 218
1855660 218
1855670 219
1855680 219
1855690 219
1855700 219
1855710 219
1855720 219
1855730 219
1855740 219
1855750 219
1855760 219
1855770 219
1855780 219
1855790 219
1855800 219
1855810 219
1855820 219
1855830 219
1855840 219
1855850 219
1855860 219
1855870 219
1855880 219
1855890 219
1855900 219
1855910 220
1855920 220
1855930 220
1855940 221
1855950 221
1855960 221
1855970 222
1855980 222
1855990 222
1856000 223
1856010 223
1856020 223
1856030 223
1856040 223
1856050 224
1856060 224
1856070 224
1856080 224
1856090 224
1856100 224
1856110 224
1856120 224
1856130 224
1856140 224
1856150 224
1856160 224
1856170 223
1856180 223
1856190 223
1856200 223
1856210 223
1856220 223
1856230 223
1856240 223
1856250 223
1856260 223
1856270 222
1856280 222
1856290 222
1856300 222
1856310 222
1856320 223
1856330 223
1856340 223
1856350 223
1856360 223
1856370 223
1856380 223
1856390 223
1856400 223
1856410 223
1856420 223
1856430 223
1856440 223
1856450 223
1856460 223
1856470 224
1856480 225
1856490 225
1856500 225
1856510 225
1856520 225
1856530 226
1856540 226
1856550 226
1856560 227
1856570 227
1856580 227
1856590 228
1856600 228
1856610 228
1856620 229
1856630 229
1856640 229
1856650 230
1856660 231
1856670 231
1856680 231
1856690 232
1856700 232
1856710 232
1856720 233
1856730 233
1856740 234
1856750 234
1856760 234
1856770 235
1856780 235
1856790 236
1856800 236
1856810 236
1856820 237
1856830 237
1856840 237
1856850 237
1856860 238
1856870 238
1856880 238
1856890 238
1856900 238
1856910 239
1856920 239
1856930 239
1856940 239
1856950 239
1856960 239
1856970 240
1856980 240
1856990 240
1857000 241
1857010 241
1857020 241
1857030 241
1857040 242
1857050 242
1857060 242
1857070 242
1857080 242
1857090 242
1857100 242
1857110 242
1857120 242
1857130 242
1857140 242
1857150 242
1857160 242
1857170 242
1857180 242
1857190 242
1857200 242
1857210 242
1857220 242
1857230 242
1857240 242
1857250 242
1857260 242
1857270 242
1857280 242
1857290 242
1857300 242
1857310 242
1857320 242
1857330 242
1857340 241
1857350 241
1857360 241
1857370 240
1857380 240
1857390 240
1857400 239
1857410 239
1857420 238
1857430 238
1857440 238
1857450 237
1857460 236
1857470 236
1857480 235
1857490 234
1857500 234
1857510 233
1857520 233
1857530 232
1857540 231
1857550 231
1857560 230
1857570 229
1857580 230
1857590 229
1857600 229
1857610 229
1857620 230
1857630 231
1857640 231
1857650 231
1857660 232
1857670 232
1857680 233
1857690 233
1857700 233
1857710 233
1857720 233
1857730 233
1857740 233
1857750 233
1857760 233
1857770 232
1857780 232
1857790 232
1857800 231
1857810 230
1857820 230
1857830 229
1857840 229
1857850 229
1857860 228
1857870 227
1857880 227
1857890 224
1857900 221
1857910 221
1857920 220
1857930 222
1857940 222
1857950 223
1857960 223
1857970 223
1857980 222
1857990 221
1858000 221
1858010 218
1858020 217
1858030 217
1858040 215
1858050 213
1858060 213
1858070 212
1858080 212
1858090 212
1858100 211
1858110 211
1858120 211
1858130 211
1858140 210
1858150 210
1858160 210
1858170 210
1858180 210
1858190 209
1858200 209
1858210 209
1858220 208
1858230 208
1858240 208
1858250 208
1858260 208
1858270 208
1858280 208
1858290 208
1858300 208
1858310 208
1858320 208
1858330 207
1858340 207
1858350 207
1858360 207
1858370 207
1858380 207
1858390 207
1858400 207
1858410 207
1858420 207
1858430 208
1858440 208
1858450 208
1858460 208
1858470 208
1858480 208
1858490 209
1858500 209
1858510 210
1858520 211
1858530 211
1858540 211
1858550 211
1858560 211
1858570 212
1858580 212
1858590 212
1858600 211
1858610 211
1858620 208
1858630 208
1858640 208
1858650 208
1858660 207
1858670 207
1858680 207
1858690 207
1858700 207
1858710 207
1858720 207
1858730 207
1858740 207
1858750 207
1858760 207
1858770 207
1858780 207
1858790 207
1858800 207
1858810 209
1858820 210
1858830 210
1858840 210
1858850 210
1858860 210
1858870 210
1858880 210
1858890 210
1858900 210
1858910 211
1858920 211
1858930 212
1858940 212
1858950 212
1858960 213
1858970 214
1858980 214
1858990 215
1859000 216
1859010 216
1859020 217
1859030 217
1859040 219
1859050 221
1859060 221
1859070 222
1859080 224
1859090 224
1859100 225
1859110 226
1859120 226
1859130 230
1859140 232
1859150 232
1859160 234
1859170 236
1859180 236
1859190 238
1859200 240
1859210 240
1859220 241
1859230 242
1859240 242
1859250 243
1859260 244
1859270 244
1859280 245
1859290 245
1859300 245
1859310 245
1859320 245
1859330 245
1859340 245
1859350 245
1859360 245
1859370 244
1859380 244
1859390 244
1859400 244
1859410 244
1859420 244
1859430 244
1859440 243
1859450 243
1859460 243
1859470 243
1859480 243
1859490 242
1859500 242
1859510 242
1859520 241
1859530 241
1859540 241
1859550 240
1859560 239
1859570 239
1859580 237
1859590 236
1859600 236
1859610 235
1859620 233
1859630 233
1859640 231
1859650 225
1859660 225
1859670 221
1859680 220
1859690 220
1859700 219
1859710 219
1859720 219
1859730 219
1859740 220
1859750 220
1859760 224
1859770 228
1859780 228
1859790 232
1859800 232
1859810 236
1859820 240
1859830 240
1859840 243
1859850 246
1859860 246
1859870 247
1859880 247
1859890 247
1859900 247
1859910 247
1859920 247
1859930 247
1859940 248
1859950 248
1859960 248
1859970 249
1859980 249
1859990 249
