1840000 204
1840010 204
1840020 204
1840030 204
1840040 204
1840050 203
1840060 203
1840070 203
1840080 204
1840090 204
1840100 204
1840110 204
1840120 204
1840130 204
1840140 204
1840150 204
1840160 204
1840170 204
1840180 204
1840190 204
1840200 202
1840210 202
1840220 202
1840230 203
1840240 203
1840250 204
1840260 203
1840270 203
1840280 203
1840290 203
1840300 203
1840310 203
1840320 203
1840330 203
1840340 203
1840350 204
1840360 204
1840370 204
1840380 204
1840390 204
1840400 204
1840410 204
1840420 204
1840430 203
1840440 203
1840450 203
1840460 204
1840470 204
1840480 204
1840490 204
1840500 203
1840510 203
1840520 203
1840530 203
1840540 203
1840550 204
1840560 204
1840570 204
1840580 203
1840590 203
1840600 203
1840610 203
1840620 203
1840630 203
1840640 203
1840650 203
1840660 203
1840670 203
1840680 203
1840690 203
1840700 203
1840710 203
1840720 203
1840730 203
1840740 203
1840750 203
1840760 203
1840770 203
1840780 203
1840790 203
1840800 203
1840810 203
1840820 203
1840830 203
1840840 202
1840850 203
1840860 203
1840870 203
1840880 203
1840890 203
1840900 204
1840910 204
1840920 204
1840930 205
1840940 204
1840950 204
1840960 204
1840970 205
1840980 205
1840990 205
1841000 206
1841010 206
1841020 207
1841030 207
1841040 207
1841050 208
1841060 209
1841070 209
1841080 209
1841090 209
1841100 209
1841110 209
1841120 209
1841130 209
1841140 209
1841150 209
1841160 209
1841170 209
1841180 209
1841190 209
1841200 209
1841210 209
1841220 209
1841230 209
1841240 209
1841250 209
1841260 209
1841270 209
1841280 209
1841290 209
1841300 209
1841310 209
1841320 209
1841330 209
1841340 209
1841350 209
1841360 209
1841370 209
1841380 209
1841390 210
1841400 210
1841410 210
1841420 210
1841430 210
1841440 211
1841450 211
1841460 211
1841470 211
1841480 212
1841490 212
1841500 212
1841510 212
1841520 212
1841530 212
1841540 212
1841550 212
1841560 212
1841570 212
1841580 213
1841590 213
1841600 213
1841610 213
1841620 212
1841630 212
1841640 212
1841650 212
1841660 212
1841670 212
1841680 212
1841690 212
1841700 212
1841710 212
1841720 212
1841730 212
1841740 211
1841750 211
1841760 211
1841770 211
1841780 212
1841790 212
1841800 212
1841810 212
1841820 212
1841830 212
1841840 212
1841850 211
1841860 211
1841870 211
1841880 211
1841890 211
1841900 211
1841910 210
1841920 210
1841930 210
1841940 210
1841950 210
1841960 210
1841970 210
1841980 210
1841990 210
1842000 210
1842010 210
1842020 210
1842030 210
1842040 210
1842050 210
1842060 210
1842070 210
1842080 210
1842090 210
1842100 210
1842110 210
1842120 210
1842130 210
1842140 210
1842150 210
1842160 210
1842170 210
1842180 210
1842190 210
1842200 210
1842210 210
1842220 210
1842230 210
1842240 210
1842250 210
1842260 210
1842270 209
1842280 209
1842290 209
1842300 209
1842310 209
1842320 209
1842330 208
1842340 208
1842350 208
1842360 208
1842370 208
1842380 208
1842390 207
1842400 207
1842410 207
1842420 207
1842430 207
1842440 206
1842450 206
1842460 206
1842470 206
1842480 206
1842490 206
1842500 205
1842510 205
1842520 205
1842530 204
1842540 203
1842550 203
1842560 203
1842570 202
1842580 202
1842590 202
1842600 202
1842610 202
1842620 203
1842630 202
1842640 202
1842650 202
1842660 203
1842670 203
1842680 203
1842690 204
1842700 204
1842710 205
1842720 206
1842730 206
1842740 207
1842750 207
1842760 207
1842770 208
1842780 209
1842790 209
1842800 210
1842810 211
1842820 211
1842830 211
1842840 211
1842850 211
1842860 212
1842870 213
1842880 213
1842890 213
1842900 213
1842910 213
1842920 214
1842930 214
1842940 214
1842950 215
1842960 215
1842970 215
1842980 215
1842990 215
1843000 215
1843010 216
1843020 216
1843030 216
1843040 217
1843050 217
1843060 218
1843070 218
1843080 218
1843090 219
1843100 219
1843110 219
1843120 220
1843130 220
1843140 220
1843150 220
1843160 221
1843170 221
1843180 221
1843190 221
1843200 221
1843210 221
1843220 221
1843230 221
1843240 223
1843250 223
1843260 223
1843270 224
1843280 224
1843290 224
1843300 224
1843310 224
1843320 224
1843330 225
1843340 225
1843350 225
1843360 224
1843370 224
1843380 224
1843390 224
1843400 224
1843410 224
1843420 223
1843430 223
1843440 223
1843450 222
1843460 222
1843470 222
1843480 221
1843490 220
1843500 220
1843510 219
1843520 218
1843530 218
1843540 218
1843550 217
1843560 217
1843570 216
1843580 215
1843590 215
1843600 215
1843610 215
1843620 215
1843630 215
1843640 215
1843650 215
1843660 214
1843670 214
1843680 214
1843690 214
1843700 213
1843710 213
1843720 213
1843730 212
1843740 212
1843750 212
1843760 211
1843770 211
1843780 211
1843790 209
1843800 209
1843810 208
1843820 208
1843830 207
1843840 207
1843850 207
1843860 207
1843870 207
1843880 207
1843890 207
1843900 207
1843910 207
1843920 207
1843930 207
1843940 207
1843950 207
1843960 207
1843970 207
1843980 207
1843990 208
1844000 208
1844010 208
1844020 208
1844030 208
1844040 208
1844050 208
1844060 208
1844070 208
1844080 208
1844090 208
1844100 208
1844110 208
1844120 208
1844130 208
1844140 208
1844150 208
1844160 207
1844170 207
1844180 207
1844190 206
1844200 204
1844210 204
1844220 203
1844230 204
1844240 204
1844250 204
1844260 204
1844270 204
1844280 204
1844290 204
1844300 204
1844310 204
1844320 203
1844330 203
1844340 202
1844350 202
1844360 202
1844370 202
1844380 202
1844390 202
1844400 202
1844410 202
1844420 202
1844430 201
1844440 201
1844450 201
1844460 201
1844470 200
1844480 200
1844490 200
1844500 200
1844510 200
1844520 199
1844530 199
1844540 199
1844550 199
1844560 199
1844570 199
1844580 199
1844590 199
1844600 199
1844610 199
1844620 199
1844630 199
1844640 199
1844650 199
1844660 199
1844670 199
1844680 199
1844690 199
1844700 199
1844710 199
1844720 199
1844730 199
1844740 199
1844750 200
1844760 200
1844770 200
1844780 200
1844790 200
1844800 200
1844810 200
1844820 199
1844830 199
1844840 199
1844850 199
1844860 199
1844870 199
1844880 199
1844890 199
1844900 199
1844910 198
1844920 198
1844930 198
1844940 198
1844950 198
1844960 198
1844970 197
1844980 197
1844990 197
1845000 197
1845010 197
1845020 196
1845030 196
1845040 196
1845050 197
1845060 196
1845070 196
1845080 196
1845090 196
1845100 196
1845110 196
1845120 196
1845130 196
1845140 196
1845150 196
1845160 196
1845170 196
1845180 195
1845190 195
1845200 195
1845210 195
1845220 195
1845230 195
1845240 196
1845250 196
1845260 196
1845270 196
1845280 196
1845290 196
1845300 196
1845310 196
1845320 196
1845330 196
1845340 196
1845350 196
1845360 196
1845370 196
1845380 196
1845390 196
1845400 196
1845410 196
1845420 196
1845430 196
1845440 196
1845450 196
1845460 196
1845470 196
1845480 196
1845490 196
1845500 196
1845510 196
1845520 197
1845530 197
1845540 197
1845550 196
1845560 196
1845570 196
1845580 196
1845590 196
1845600 196
1845610 197
1845620 197
1845630 197
1845640 198
1845650 198
1845660 198
1845670 198
1845680 199
1845690 199
1845700 199
1845710 199
1845720 199
1845730 199
1845740 199
1845750 199
1845760 199
1845770 199
1845780 201
1845790 200
1845800 200
1845810 200
1845820 201
1845830 201
1845840 201
1845850 200
1845860 201
1845870 201
1845880 201
1845890 201
1845900 201
1845910 201
1845920 201
1845930 201
1845940 201
1845950 201
1845960 201
1845970 201
1845980 200
1845990 200
1846000 200
1846010 200
1846020 200
1846030 200
1846040 199
1846050 199
1846060 199
1846070 199
1846080 199
1846090 198
1846100 198
1846110 198
1846120 198
1846130 198
1846140 198
1846150 198
1846160 198
1846170 198
1846180 197
1846190 197
1846200 197
1846210 197
1846220 197
1846230 197
1846240 197
1846250 197
1846260 197
1846270 197
1846280 197
1846290 197
1846300 197
1846310 197
1846320 197
1846330 197
1846340 197
1846350 196
1846360 197
1846370 197
1846380 196
1846390 196
1846400 196
1846410 196
1846420 196
1846430 196
1846440 196
1846450 195
1846460 195
1846470 195
1846480 195
1846490 195
1846500 196
1846510 195
1846520 195
1846530 194
1846540 194
1846550 194
1846560 194
1846570 194
1846580 194
1846590 194
1846600 194
1846610 194
1846620 194
1846630 194
1846640 194
1846650 194
1846660 194
1846670 194
1846680 194
1846690 193
1846700 193
1846710 193
1846720 193
1846730 193
1846740 193
1846750 193
1846760 193
1846770 192
1846780 192
1846790 192
1846800 192
1846810 192
1846820 192
1846830 192
1846840 192
1846850 192
1846860 192
1846870 192
1846880 192
1846890 192
1846900 192
1846910 192
1846920 191
1846930 191
1846940 191
1846950 191
1846960 191
1846970 191
1846980 191
1846990 191
1847000 191
1847010 191
1847020 191
1847030 191
1847040 191
1847050 191
1847060 191
1847070 191
1847080 191
1847090 191
1847100 191
1847110 191
1847120 191
1847130 191
1847140 191
1847150 191
1847160 191
1847170 191
1847180 191
1847190 191
1847200 191
1847210 191
1847220 191
1847230 191
1847240 191
1847250 191
1847260 191
1847270 191
1847280 191
1847290 191
1847300 191
1847310 191
1847320 191
1847330 192
1847340 192
1847350 192
1847360 191
1847370 191
1847380 191
1847390 191
1847400 191
1847410 191
1847420 191
1847430 191
1847440 191
1847450 191
1847460 191
1847470 191
1847480 191
1847490 191
1847500 191
1847510 191
1847520 191
1847530 191
1847540 191
1847550 191
1847560 191
1847570 191
1847580 191
1847590 191
1847600 191
1847610 191
1847620 191
1847630 191
1847640 191
1847650 191
1847660 191
1847670 191
1847680 191
1847690 191
1847700 191
1847710 191
1847720 191
1847730 191
1847740 191
1847750 191
1847760 191
1847770 191
1847780 191
1847790 191
1847800 191
1847810 191
1847820 191
1847830 191
1847840 191
1847850 191
1847860 191
1847870 191
1847880 191
1847890 191
1847900 191
1847910 191
1847920 190
1847930 190
1847940 190
1847950 190
1847960 190
1847970 190
1847980 190
1847990 190
1848000 190
1848010 190
1848020 189
1848030 189
1848040 189
1848050 189
1848060 189
1848070 189
1848080 189
1848090 189
1848100 189
1848110 189
1848120 189
1848130 189
1848140 189
1848150 189
1848160 189
1848170 189
1848180 189
1848190 189
1848200 189
1848210 189
1848220 189
1848230 189
1848240 189
1848250 189
1848260 189
1848270 189
1848280 189
1848290 189
1848300 189
1848310 189
1848320 189
1848330 189
1848340 189
1848350 189
1848360 189
1848370 189
1848380 189
1848390 189
1848400 189
1848410 189
1848420 189
1848430 189
1848440 189
1848450 189
1848460 189
1848470 189
1848480 189
1848490 189
1848500 189
1848510 189
1848520 189
1848530 189
1848540 189
1848550 189
1848560 189
1848570 189
1848580 189
1848590 189
1848600 189
1848610 189
1848620 189
1848630 189
1848640 189
1848650 189
1848660 189
1848670 189
1848680 189
1848690 187
1848700 186
1848710 186
1848720 186
1848730 186
1848740 186
1848750 186
1848760 186
1848770 186
1848780 186
1848790 186
1848800 186
1848810 186
1848820 187
1848830 187
1848840 187
1848850 187
1848860 187
1848870 189
1848880 189
1848890 189
1848900 189
1848910 189
1848920 189
1848930 189
1848940 188
1848950 188
1848960 188
1848970 188
1848980 188
1848990 188
1849000 188
1849010 188
1849020 188
1849030 188
1849040 188
1849050 188
1849060 188
1849070 188
1849080 188
1849090 188
1849100 188
1849110 188
1849120 188
1849130 188
1849140 188
1849150 188
1849160 188
1849170 188
1849180 188
1849190 188
1849200 188
1849210 188
1849220 188
1849230 188
1849240 188
1849250 188
1849260 189
1849270 189
1849280 189
1849290 189
1849300 189
1849310 189
1849320 189
1849330 189
1849340 189
1849350 190
1849360 190
1849370 189
1849380 189
1849390 189
1849400 189
1849410 189
1849420 189
1849430 190
1849440 190
1849450 190
1849460 190
1849470 190
1849480 190
1849490 191
1849500 191
1849510 191
1849520 192
1849530 193
1849540 193
1849550 194
1849560 194
1849570 194
1849580 194
1849590 195
1849600 195
1849610 195
1849620 195
1849630 195
1849640 195
1849650 196
1849660 196
1849670 196
1849680 197
1849690 197
1849700 197
1849710 196
1849720 196
1849730 195
1849740 194
1849750 194
1849760 194
1849770 195
1849780 195
1849790 195
1849800 196
1849810 196
1849820 197
1849830 197
1849840 197
1849850 197
1849860 197
1849870 197
1849880 196
1849890 196
1849900 196
1849910 196
1849920 196
1849930 196
1849940 197
1849950 197
1849960 197
1849970 198
1849980 198
1849990 199
1850000 199
1850010 199
1850020 199
1850030 199
1850040 199
1850050 199
1850060 199
1850070 199
1850080 199
1850090 198
1850100 198
1850110 198
1850120 198
1850130 198
1850140 198
1850150 198
1850160 198
1850170 198
1850180 197
1850190 197
1850200 195
1850210 197
1850220 197
1850230 197
1850240 196
1850250 196
1850260 196
1850270 195
1850280 195
1850290 194
1850300 194
1850310 194
1850320 194
1850330 195
1850340 195
1850350 197
1850360 198
1850370 198
1850380 199
1850390 200
1850400 200
1850410 200
1850420 201
1850430 201
1850440 201
1850450 201
1850460 201
1850470 201
1850480 201
1850490 201
1850500 201
1850510 202
1850520 202
1850530 202
1850540 202
1850550 202
1850560 201
1850570 201
1850580 201
1850590 201
1850600 201
1850610 201
1850620 201
1850630 201
1850640 201
1850650 201
1850660 201
1850670 201
1850680 200
1850690 200
1850700 200
1850710 200
1850720 200
1850730 201
1850740 200
1850750 200
1850760 200
1850770 199
1850780 199
1850790 199
1850800 198
1850810 198
1850820 197
1850830 197
1850840 197
1850850 198
1850860 199
1850870 199
1850880 200
1850890 200
1850900 200
1850910 201
1850920 202
1850930 202
1850940 202
1850950 203
1850960 203
1850970 203
1850980 204
1850990 204
1851000 202
1851010 200
1851020 200
1851030 199
1851040 200
1851050 200
1851060 200
1851070 200
1851080 200
1851090 200
1851100 200
1851110 200
1851120 200
1851130 203
1851140 203
1851150 207
1851160 207
1851170 207
1851180 207
1851190 207
1851200 207
1851210 202
1851220 203
1851230 203
1851240 205
1851250 204
1851260 204
1851270 202
1851280 203
1851290 203
1851300 203
1851310 205
1851320 205
1851330 203
1851340 203
1851350 203
1851360 203
1851370 205
1851380 205
1851390 208
1851400 208
1851410 208
1851420 208
1851430 208
1851440 208
1851450 208
1851460 208
1851470 209
1851480 209
1851490 209
1851500 209
1851510 209
1851520 209
1851530 209
1851540 209
1851550 209
1851560 209
1851570 209
1851580 209
1851590 209
1851600 209
1851610 209
1851620 209
1851630 209
1851640 209
1851650 209
1851660 208
1851670 208
1851680 208
1851690 208
1851700 208
1851710 208
1851720 208
1851730 208
1851740 208
1851750 208
1851760 208
1851770 207
1851780 207
1851790 207
1851800 207
1851810 207
1851820 207
1851830 207
1851840 207
1851850 207
1851860 207
1851870 207
1851880 207
1851890 207
1851900 207
1851910 207
1851920 207
1851930 206
1851940 206
1851950 206
1851960 206
1851970 206
1851980 206
1851990 206
1852000 206
1852010 206
1852020 206
1852030 206
1852040 206
1852050 206
1852060 206
1852070 207
1852080 208
1852090 208
1852100 208
1852110 208
1852120 208
1852130 206
1852140 206
1852150 206
1852160 206
1852170 206
1852180 206
1852190 206
1852200 206
1852210 206
1852220 205
1852230 205
1852240 205
1852250 205
1852260 205
1852270 205
1852280 205
1852290 205
1852300 205
1852310 205
1852320 205
1852330 205
1852340 205
1852350 205
1852360 205
1852370 205
1852380 205
1852390 205
1852400 205
1852410 205
1852420 204
1852430 204
1852440 204
1852450 204
1852460 204
1852470 204
1852480 204
1852490 204
1852500 204
1852510 204
1852520 204
1852530 204
1852540 204
1852550 204
1852560 204
1852570 204
1852580 204
1852590 204
1852600 204
1852610 204
1852620 204
1852630 203
1852640 203
1852650 203
1852660 203
1852670 203
1852680 203
1852690 203
1852700 203
1852710 203
1852720 203
1852730 203
1852740 203
1852750 203
1852760 203
1852770 203
1852780 203
1852790 203
1852800 203
1852810 203
1852820 203
1852830 203
1852840 203
1852850 202
1852860 202
1852870 202
1852880 202
1852890 202
1852900 202
1852910 202
1852920 202
1852930 201
1852940 201
1852950 201
1852960 200
1852970 200
1852980 200
1852990 200
1853000 200
1853010 199
1853020 199
1853030 199
1853040 199
1853050 199
1853060 199
1853070 198
1853080 198
1853090 198
1853100 198
1853110 197
1853120 197
1853130 197
1853140 197
1853150 197
1853160 197
1853170 196
1853180 196
1853190 196
1853200 196
1853210 196
1853220 196
1853230 196
1853240 196
1853250 195
1853260 195
1853270 195
1853280 195
1853290 194
1853300 194
1853310 194
1853320 194
1853330 194
1853340 194
1853350 194
1853360 194
1853370 194
1853380 194
1853390 194
1853400 194
1853410 193
1853420 193
1853430 193
1853440 194
1853450 194
1853460 193
1853470 193
1853480 193
1853490 193
1853500 193
1853510 193
1853520 193
1853530 193
1853540 193
1853550 193
1853560 193
1853570 193
1853580 193
1853590 193
1853600 193
1853610 193
1853620 193
1853630 193
1853640 193
1853650 192
1853660 192
1853670 190
1853680 192
1853690 192
1853700 193
1853710 193
1853720 193
1853730 193
1853740 193
1853750 193
1853760 193
1853770 193
1853780 193
1853790 193
1853800 193
1853810 193
1853820 194
1853830 194
1853840 195
1853850 195
1853860 195
1853870 197
1853880 199
1853890 199
1853900 199
1853910 199
1853920 199
1853930 200
1853940 200
1853950 200
1853960 200
1853970 201
1853980 201
1853990 201
1854000 202
1854010 202
1854020 202
1854030 202
1854040 202
1854050 203
1854060 203
1854070 203
1854080 203
1854090 203
1854100 203
1854110 203
1854120 203
1854130 203
1854140 204
1854150 204
1854160 204
1854170 204
1854180 204
1854190 204
1854200 204
1854210 204
1854220 204
1854230 204
1854240 203
1854250 203
1854260 203
1854270 203
1854280 203
1854290 203
1854300 202
1854310 202
1854320 202
1854330 202
1854340 202
1854350 202
1854360 201
1854370 201
1854380 201
1854390 200
1854400 200
1854410 199
1854420 199
1854430 199
1854440 199
1854450 198
1854460 198
1854470 198
1854480 198
1854490 198
1854500 198
1854510 198
1854520 198
1854530 198
1854540 198
1854550 198
1854560 199
1854570 199
1854580 199
1854590 200
1854600 200
1854610 200
1854620 201
1854630 201
1854640 202
1854650 202
1854660 202
1854670 203
1854680 204
1854690 204
1854700 204
1854710 205
1854720 205
1854730 205
1854740 205
1854750 205
1854760 206
1854770 206
1854780 206
1854790 207
1854800 207
1854810 207
1854820 207
1854830 207
1854840 207
1854850 208
1854860 208
1854870 208
1854880 208
1854890 208
1854900 208
1854910 208
1854920 208
1854930 208
1854940 209
1854950 209
1854960 209
1854970 209
1854980 209
1854990 209
1855000 209
1855010 209
1855020 209
1855030 209
1855040 208
1855050 208
1855060 207
1855070 207
1855080 207
1855090 207
1855100 207
1855110 207
1855120 207
1855130 207
1855140 207
1855150 207
1855160 208
1855170 208
1855180 208
1855190 208
1855200 208
1855210 208
1855220 209
1855230 209
1855240 209
1855250 209
1855260 209
1855270 209
1855280 209
1855290 209
1855300 209
1855310 209
1855320 209
1855330 209
1855340 209
1855350 209
1855360 210
1855370 210
1855380 210
1855390 210
1855400 210
1855410 210
1855420 210
1855430 210
1855440 210
1855450 209
1855460 209
1855470 210
1855480 210
1855490 210
1855500 210
1855510 210
1855520 210
1855530 210
1855540 210
1855550 210
1855560 210
1855570 210
1855580 210
1855590 210
1855600 211
1855610 211
1855620 211
1855630 211
1855640 211
1855650 211
1855660 211
1855670 211
1855680 211
1855690 212
1855700 212
1855710 212
1855720 212
1855730 212
1855740 212
1855750 212
1855760 212
1855770 212
1855780 212
1855790 212
1855800 212
1855810 212
1855820 212
1855830 213
1855840 213
1855850 213
1855860 213
1855870 213
1855880 213
1855890 213
1855900 213
1855910 213
1855920 213
1855930 214
1855940 214
1855950 214
1855960 214
1855970 214
1855980 214
1855990 214
1856000 214
1856010 214
1856020 214
1856030 214
1856040 215
1856050 215
1856060 215
1856070 215
1856080 215
1856090 215
1856100 215
1856110 215
1856120 215
1856130 215
1856140 215
1856150 216
1856160 216
1856170 216
1856180 217
1856190 217
1856200 217
1856210 218
1856220 218
1856230 218
1856240 219
1856250 219
1856260 219
1856270 220
1856280 221
1856290 221
1856300 221
1856310 222
1856320 222
1856330 222
1856340 223
1856350 223
1856360 223
1856370 224
1856380 224
1856390 224
1856400 225
1856410 225
1856420 226
1856430 226
1856440 226
1856450 227
1856460 228
1856470 228
1856480 228
1856490 229
1856500 229
1856510 229
1856520 230
1856530 230
1856540 230
1856550 231
1856560 231
1856570 231
1856580 231
1856590 231
1856600 232
1856610 232
1856620 232
1856630 233
1856640 233
1856650 233
1856660 234
1856670 234
1856680 234
1856690 235
1856700 235
1856710 235
1856720 236
1856730 236
1856740 236
1856750 237
1856760 237
1856770 237
1856780 237
1856790 237
1856800 238
1856810 238
1856820 238
1856830 238
1856840 239
1856850 239
1856860 239
1856870 240
1856880 240
1856890 240
1856900 241
1856910 241
1856920 241
1856930 242
1856940 242
1856950 242
1856960 243
1856970 243
1856980 243
1856990 244
1857000 244
1857010 244
1857020 244
1857030 244
1857040 245
1857050 245
1857060 245
1857070 245
1857080 246
1857090 246
1857100 246
1857110 246
1857120 246
1857130 246
1857140 246
1857150 246
1857160 246
1857170 246
1857180 246
1857190 246
1857200 246
1857210 246
1857220 246
1857230 246
1857240 246
1857250 246
1857260 245
1857270 245
1857280 245
1857290 245
1857300 245
1857310 244
1857320 244
1857330 244
1857340 244
1857350 243
1857360 243
1857370 243
1857380 242
1857390 242
1857400 242
1857410 241
1857420 241
1857430 241
1857440 240
1857450 240
1857460 240
1857470 239
1857480 239
1857490 239
1857500 238
1857510 238
1857520 238
1857530 238
1857540 237
1857550 236
1857560 236
1857570 236
1857580 236
1857590 236
1857600 235
1857610 235
1857620 235
1857630 235
1857640 234
1857650 234
1857660 234
1857670 234
1857680 234
1857690 233
1857700 233
1857710 233
1857720 233
1857730 233
1857740 233
1857750 232
1857760 232
1857770 232
1857780 232
1857790 232
1857800 232
1857810 232
1857820 231
1857830 231
1857840 231
1857850 231
1857860 231
1857870 231
1857880 231
1857890 231
1857900 231
1857910 230
1857920 230
1857930 230
1857940 230
1857950 230
1857960 229
1857970 229
1857980 229
1857990 228
1858000 228
1858010 228
1858020 227
1858030 226
1858040 226
1858050 226
1858060 225
1858070 225
1858080 225
1858090 224
1858100 224
1858110 223
1858120 223
1858130 223
1858140 222
1858150 222
1858160 222
1858170 221
1858180 221
1858190 221
1858200 220
1858210 219
1858220 219
1858230 219
1858240 218
1858250 218
1858260 218
1858270 217
1858280 217
1858290 217
1858300 217
1858310 216
1858320 216
1858330 216
1858340 215
1858350 215
1858360 215
1858370 214
1858380 214
1858390 214
1858400 213
1858410 213
1858420 213
1858430 212
1858440 212
1858450 212
1858460 211
1858470 211
1858480 211
1858490 210
1858500 210
1858510 210
1858520 209
1858530 209
1858540 209
1858550 209
1858560 208
1858570 208
1858580 208
1858590 208
1858600 208
1858610 208
1858620 207
1858630 207
1858640 207
1858650 207
1858660 207
1858670 206
1858680 206
1858690 206
1858700 206
1858710 206
1858720 206
1858730 206
1858740 206
1858750 206
1858760 206
1858770 206
1858780 206
1858790 206
1858800 206
1858810 206
1858820 206
1858830 206
1858840 206
1858850 206
1858860 207
1858870 207
1858880 208
1858890 208
1858900 208
1858910 208
1858920 208
1858930 208
1858940 210
1858950 211
1858960 211
1858970 212
1858980 214
1858990 214
1859000 215
1859010 217
1859020 217
1859030 220
1859040 220
1859050 221
1859060 222
1859070 222
1859080 223
1859090 224
1859100 224
1859110 224
1859120 225
1859130 225
1859140 226
1859150 227
1859160 227
1859170 228
1859180 229
1859190 229
1859200 230
1859210 231
1859220 231
1859230 231
1859240 231
1859250 231
1859260 230
1859270 230
1859280 230
1859290 229
1859300 229
1859310 229
1859320 229
1859330 229
1859340 229
1859350 230
1859360 230
1859370 230
1859380 231
1859390 231
1859400 231
1859410 232
1859420 232
1859430 232
1859440 232
1859450 232
1859460 232
1859470 232
1859480 231
1859490 231
1859500 231
1859510 231
1859520 231
1859530 230
1859540 229
1859550 229
1859560 229
1859570 228
1859580 228
1859590 228
1859600 224
1859610 224
1859620 220
1859630 216
1859640 216
1859650 215
1859660 217
1859670 217
1859680 219
1859690 220
1859700 220
1859710 219
1859720 219
1859730 219
1859740 219
1859750 220
1859760 220
1859770 221
1859780 222
1859790 222
1859800 222
1859810 222
1859820 223
1859830 224
1859840 224
1859850 229
1859860 234
1859870 234
1859880 237
1859890 238
1859900 238
1859910 239
1859920 240
1859930 240
1859940 241
1859950 241
1859960 241
1859970 241
1859980 241
1859990 241
