1840000 204
1840010 205
1840020 204
1840030 204
1840040 204
1840050 204
1840060 204
1840070 203
1840080 203
1840090 203
1840100 203
1840110 203
1840120 203
1840130 203
1840140 203
1840150 203
1840160 203
1840170 203
1840180 203
1840190 203
1840200 203
1840210 203
1840220 203
1840230 203
1840240 204
1840250 204
1840260 204
1840270 204
1840280 204
1840290 204
1840300 204
1840310 204
1840320 204
1840330 203
1840340 203
1840350 203
1840360 203
1840370 203
1840380 203
1840390 202
1840400 202
1840410 202
1840420 202
1840430 202
1840440 202
1840450 202
1840460 202
1840470 202
1840480 202
1840490 202
1840500 202
1840510 202
1840520 202
1840530 202
1840540 202
1840550 202
1840560 202
1840570 202
1840580 202
1840590 202
1840600 202
1840610 202
1840620 202
1840630 202
1840640 202
1840650 202
1840660 202
1840670 202
1840680 202
1840690 202
1840700 202
1840710 202
1840720 202
1840730 202
1840740 202
1840750 202
1840760 202
1840770 202
1840780 202
1840790 202
1840800 202
1840810 202
1840820 201
1840830 201
1840840 201
1840850 201
1840860 202
1840870 202
1840880 202
1840890 202
1840900 202
1840910 202
1840920 202
1840930 201
1840940 201
1840950 201
1840960 201
1840970 201
1840980 202
1840990 201
1841000 201
1841010 201
1841020 201
1841030 201
1841040 202
1841050 201
1841060 201
1841070 201
1841080 201
1841090 201
1841100 201
1841110 201
1841120 201
1841130 201
1841140 201
1841150 201
1841160 201
1841170 201
1841180 201
1841190 202
1841200 201
1841210 201
1841220 202
1841230 202
1841240 202
1841250 202
1841260 202
1841270 202
1841280 202
1841290 202
1841300 202
1841310 201
1841320 201
1841330 201
1841340 201
1841350 201
1841360 201
1841370 201
1841380 201
1841390 201
1841400 201
1841410 201
1841420 201
1841430 201
1841440 202
1841450 202
1841460 201
1841470 201
1841480 201
1841490 201
1841500 201
1841510 201
1841520 201
1841530 201
1841540 201
1841550 201
1841560 201
1841570 201
1841580 201
1841590 201
1841600 201
1841610 202
1841620 202
1841630 202
1841640 202
1841650 202
1841660 202
1841670 203
1841680 203
1841690 202
1841700 203
1841710 203
1841720 203
1841730 203
1841740 203
1841750 203
1841760 203
1841770 203
1841780 203
1841790 203
1841800 203
1841810 203
1841820 203
1841830 203
1841840 204
1841850 205
1841860 205
1841870 204
1841880 204
1841890 204
1841900 204
1841910 204
1841920 204
1841930 204
1841940 204
1841950 204
1841960 204
1841970 204
1841980 204
1841990 204
1842000 204
1842010 204
1842020 204
1842030 203
1842040 203
1842050 203
1842060 203
1842070 203
1842080 203
1842090 203
1842100 203
1842110 203
1842120 203
1842130 203
1842140 204
1842150 203
1842160 203
1842170 203
1842180 203
1842190 203
1842200 203
1842210 203
1842220 203
1842230 203
1842240 203
1842250 203
1842260 203
1842270 203
1842280 203
1842290 203
1842300 202
1842310 202
1842320 202
1842330 201
1842340 201
1842350 200
1842360 200
1842370 200
1842380 200
1842390 200
1842400 200
1842410 200
1842420 200
1842430 201
1842440 203
1842450 203
1842460 203
1842470 203
1842480 203
1842490 203
1842500 203
1842510 203
1842520 202
1842530 202
1842540 202
1842550 202
1842560 202
1842570 202
1842580 201
1842590 201
1842600 201
1842610 201
1842620 201
1842630 201
1842640 201
1842650 201
1842660 201
1842670 201
1842680 201
1842690 201
1842700 201
1842710 201
1842720 201
1842730 201
1842740 201
1842750 201
1842760 201
1842770 201
1842780 201
1842790 201
1842800 201
1842810 201
1842820 201
1842830 201
1842840 201
1842850 201
1842860 201
1842870 201
1842880 201
1842890 201
1842900 201
1842910 202
1842920 202
1842930 202
1842940 203
1842950 203
1842960 203
1842970 203
1842980 204
1842990 204
1843000 204
1843010 204
1843020 204
1843030 204
1843040 205
1843050 205
1843060 205
1843070 205
1843080 205
1843090 206
1843100 206
1843110 206
1843120 206
1843130 207
1843140 207
1843150 207
1843160 207
1843170 207
1843180 207
1843190 207
1843200 208
1843210 208
1843220 208
1843230 209
1843240 209
1843250 209
1843260 210
1843270 211
1843280 211
1843290 211
1843300 212
1843310 212
1843320 213
1843330 214
1843340 214
1843350 215
1843360 215
1843370 215
1843380 215
1843390 216
1843400 216
1843410 214
1843420 210
1843430 210
1843440 208
1843450 208
1843460 208
1843470 207
1843480 207
1843490 207
1843500 207
1843510 207
1843520 207
1843530 207
1843540 207
1843550 207
1843560 207
1843570 207
1843580 207
1843590 207
1843600 208
1843610 208
1843620 207
1843630 207
1843640 207
1843650 207
1843660 207
1843670 207
1843680 208
1843690 208
1843700 208
1843710 208
1843720 208
1843730 208
1843740 208
1843750 208
1843760 208
1843770 207
1843780 204
1843790 204
1843800 203
1843810 203
1843820 203
1843830 203
1843840 202
1843850 202
1843860 202
1843870 202
1843880 202
1843890 202
1843900 202
1843910 202
1843920 202
1843930 202
1843940 202
1843950 202
1843960 202
1843970 201
1843980 201
1843990 201
1844000 201
1844010 201
1844020 201
1844030 201
1844040 200
1844050 200
1844060 200
1844070 200
1844080 200
1844090 200
1844100 200
1844110 200
1844120 200
1844130 199
1844140 199
1844150 199
1844160 199
1844170 199
1844180 200
1844190 200
1844200 200
1844210 200
1844220 200
1844230 200
1844240 200
1844250 199
1844260 199
1844270 199
1844280 199
1844290 199
1844300 199
1844310 199
1844320 199
1844330 199
1844340 199
1844350 199
1844360 199
1844370 199
1844380 199
1844390 198
1844400 198
1844410 198
1844420 198
1844430 198
1844440 198
1844450 198
1844460 198
1844470 198
1844480 198
1844490 198
1844500 198
1844510 197
1844520 197
1844530 197
1844540 197
1844550 197
1844560 197
1844570 197
1844580 197
1844590 197
1844600 196
1844610 196
1844620 196
1844630 196
1844640 196
1844650 196
1844660 196
1844670 196
1844680 196
1844690 196
1844700 196
1844710 196
1844720 197
1844730 197
1844740 197
1844750 197
1844760 197
1844770 197
1844780 197
1844790 197
1844800 197
1844810 197
1844820 197
1844830 197
1844840 197
1844850 197
1844860 197
1844870 197
1844880 197
1844890 196
1844900 195
1844910 195
1844920 195
1844930 195
1844940 195
1844950 194
1844960 194
1844970 194
1844980 194
1844990 194
1845000 194
1845010 194
1845020 194
1845030 194
1845040 194
1845050 194
1845060 194
1845070 194
1845080 194
1845090 194
1845100 194
1845110 194
1845120 194
1845130 194
1845140 195
1845150 195
1845160 195
1845170 195
1845180 195
1845190 195
1845200 195
1845210 195
1845220 195
1845230 195
1845240 195
1845250 195
1845260 195
1845270 195
1845280 195
1845290 195
1845300 195
1845310 195
1845320 194
1845330 194
1845340 194
1845350 194
1845360 194
1845370 194
1845380 195
1845390 195
1845400 195
1845410 195
1845420 195
1845430 195
1845440 195
1845450 195
1845460 194
1845470 194
1845480 195
1845490 194
1845500 194
1845510 194
1845520 194
1845530 194
1845540 194
1845550 195
1845560 195
1845570 195
1845580 195
1845590 195
1845600 195
1845610 195
1845620 195
1845630 195
1845640 194
1845650 194
1845660 194
1845670 194
1845680 194
1845690 194
1845700 194
1845710 194
1845720 194
1845730 194
1845740 194
1845750 194
1845760 193
1845770 193
1845780 193
1845790 193
1845800 193
1845810 193
1845820 194
1845830 194
1845840 194
1845850 194
1845860 194
1845870 194
1845880 193
1845890 193
1845900 193
1845910 193
1845920 193
1845930 194
1845940 194
1845950 194
1845960 194
1845970 194
1845980 194
1845990 193
1846000 193
1846010 193
1846020 192
1846030 193
1846040 193
1846050 192
1846060 192
1846070 192
1846080 192
1846090 192
1846100 192
1846110 192
1846120 192
1846130 192
1846140 192
1846150 192
1846160 192
1846170 192
1846180 193
1846190 193
1846200 193
1846210 193
1846220 193
1846230 193
1846240 193
1846250 193
1846260 193
1846270 193
1846280 193
1846290 193
1846300 193
1846310 193
1846320 193
1846330 193
1846340 193
1846350 193
1846360 193
1846370 193
1846380 193
1846390 193
1846400 193
1846410 193
1846420 193
1846430 193
1846440 193
1846450 193
1846460 193
1846470 193
1846480 193
1846490 193
1846500 193
1846510 193
1846520 193
1846530 193
1846540 193
1846550 192
1846560 192
1846570 192
1846580 192
1846590 192
1846600 192
1846610 192
1846620 192
1846630 192
1846640 191
1846650 191
1846660 191
1846670 191
1846680 191
1846690 191
1846700 191
1846710 191
1846720 191
1846730 191
1846740 191
1846750 191
1846760 191
1846770 191
1846780 191
1846790 191
1846800 191
1846810 191
1846820 191
1846830 191
1846840 191
1846850 191
1846860 191
1846870 191
1846880 191
1846890 190
1846900 190
1846910 190
1846920 190
1846930 190
1846940 190
1846950 190
1846960 190
1846970 190
1846980 190
1846990 190
1847000 190
1847010 190
1847020 190
1847030 190
1847040 190
1847050 190
1847060 190
1847070 190
1847080 190
1847090 190
1847100 190
1847110 190
1847120 190
1847130 190
1847140 190
1847150 190
1847160 190
1847170 190
1847180 190
1847190 190
1847200 190
1847210 190
1847220 190
1847230 189
1847240 189
1847250 189
1847260 189
1847270 189
1847280 189
1847290 189
1847300 189
1847310 189
1847320 189
1847330 190
1847340 190
1847350 189
1847360 189
1847370 189
1847380 189
1847390 189
1847400 189
1847410 189
1847420 190
1847430 190
1847440 190
1847450 189
1847460 189
1847470 189
1847480 189
1847490 189
1847500 189
1847510 189
1847520 189
1847530 189
1847540 189
1847550 189
1847560 189
1847570 189
1847580 189
1847590 189
1847600 189
1847610 189
1847620 189
1847630 189
1847640 189
1847650 189
1847660 189
1847670 189
1847680 189
1847690 189
1847700 189
1847710 189
1847720 189
1847730 189
1847740 189
1847750 189
1847760 189
1847770 189
1847780 189
1847790 189
1847800 189
1847810 189
1847820 189
1847830 189
1847840 189
1847850 189
1847860 189
1847870 189
1847880 189
1847890 189
1847900 189
1847910 189
1847920 189
1847930 189
1847940 189
1847950 189
1847960 189
1847970 189
1847980 189
1847990 189
1848000 189
1848010 189
1848020 189
1848030 189
1848040 189
1848050 189
1848060 189
1848070 188
1848080 188
1848090 187
1848100 188
1848110 188
1848120 189
1848130 189
1848140 189
1848150 189
1848160 189
1848170 189
1848180 189
1848190 189
1848200 189
1848210 189
1848220 189
1848230 189
1848240 189
1848250 189
1848260 189
1848270 189
1848280 189
1848290 189
1848300 189
1848310 189
1848320 189
1848330 189
1848340 189
1848350 189
1848360 189
1848370 189
1848380 189
1848390 189
1848400 189
1848410 189
1848420 189
1848430 188
1848440 188
1848450 189
1848460 188
1848470 188
1848480 188
1848490 189
1848500 189
1848510 189
1848520 188
1848530 188
1848540 187
1848550 187
1848560 187
1848570 187
1848580 187
1848590 187
1848600 187
1848610 187
1848620 187
1848630 187
1848640 187
1848650 187
1848660 187
1848670 187
1848680 187
1848690 188
1848700 188
1848710 189
1848720 189
1848730 189
1848740 189
1848750 189
1848760 189
1848770 189
1848780 189
1848790 189
1848800 189
1848810 189
1848820 189
1848830 189
1848840 190
1848850 190
1848860 190
1848870 190
1848880 190
1848890 190
1848900 190
1848910 190
1848920 191
1848930 191
1848940 191
1848950 191
1848960 191
1848970 191
1848980 192
1848990 192
1849000 192
1849010 193
1849020 194
1849030 194
1849040 195
1849050 195
1849060 195
1849070 196
1849080 196
1849090 196
1849100 197
1849110 198
1849120 198
1849130 199
1849140 200
1849150 200
1849160 201
1849170 202
1849180 202
1849190 203
1849200 204
1849210 204
1849220 204
1849230 205
1849240 205
1849250 206
1849260 206
1849270 206
1849280 206
1849290 206
1849300 206
1849310 207
1849320 207
1849330 207
1849340 207
1849350 207
1849360 207
1849370 207
1849380 207
1849390 206
1849400 206
1849410 206
1849420 206
1849430 204
1849440 204
1849450 203
1849460 203
1849470 203
1849480 204
1849490 205
1849500 205
1849510 206
1849520 207
1849530 207
1849540 208
1849550 208
1849560 208
1849570 209
1849580 209
1849590 209
1849600 209
1849610 209
1849620 209
1849630 209
1849640 209
1849650 209
1849660 209
1849670 209
1849680 209
1849690 209
1849700 209
1849710 209
1849720 209
1849730 209
1849740 209
1849750 209
1849760 208
1849770 208
1849780 208
1849790 207
1849800 207
1849810 207
1849820 207
1849830 207
1849840 207
1849850 207
1849860 207
1849870 206
1849880 206
1849890 206
1849900 206
1849910 206
1849920 206
1849930 206
1849940 206
1849950 206
1849960 205
1849970 205
1849980 205
1849990 205
1850000 205
1850010 205
1850020 205
1850030 205
1850040 205
1850050 205
1850060 205
1850070 204
1850080 204
1850090 204
1850100 204
1850110 204
1850120 204
1850130 204
1850140 204
1850150 204
1850160 204
1850170 204
1850180 204
1850190 204
1850200 203
1850210 203
1850220 203
1850230 203
1850240 203
1850250 203
1850260 203
1850270 203
1850280 201
1850290 201
1850300 201
1850310 201
1850320 201
1850330 201
1850340 200
1850350 200
1850360 200
1850370 199
1850380 199
1850390 199
1850400 198
1850410 199
1850420 199
1850430 200
1850440 201
1850450 201
1850460 202
1850470 203
1850480 203
1850490 203
1850500 203
1850510 203
1850520 204
1850530 204
1850540 204
1850550 204
1850560 204
1850570 204
1850580 204
1850590 204
1850600 204
1850610 204
1850620 204
1850630 204
1850640 204
1850650 204
1850660 204
1850670 204
1850680 204
1850690 204
1850700 204
1850710 204
1850720 204
1850730 204
1850740 204
1850750 204
1850760 204
1850770 204
1850780 204
1850790 204
1850800 204
1850810 204
1850820 204
1850830 204
1850840 204
1850850 204
1850860 204
1850870 204
1850880 204
1850890 204
1850900 204
1850910 204
1850920 204
1850930 204
1850940 204
1850950 204
1850960 204
1850970 203
1850980 203
1850990 203
1851000 202
1851010 202
1851020 202
1851030 202
1851040 202
1851050 201
1851060 201
1851070 201
1851080 202
1851090 202
1851100 202
1851110 203
1851120 203
1851130 203
1851140 204
1851150 205
1851160 205
1851170 205
1851180 206
1851190 206
1851200 206
1851210 206
1851220 207
1851230 207
1851240 207
1851250 207
1851260 208
1851270 208
1851280 208
1851290 209
1851300 209
1851310 209
1851320 209
1851330 209
1851340 209
1851350 209
1851360 210
1851370 210
1851380 210
1851390 210
1851400 210
1851410 210
1851420 210
1851430 210
1851440 210
1851450 211
1851460 211
1851470 211
1851480 211
1851490 211
1851500 211
1851510 211
1851520 211
1851530 211
1851540 211
1851550 211
1851560 211
1851570 212
1851580 212
1851590 212
1851600 212
1851610 212
1851620 212
1851630 212
1851640 212
1851650 212
1851660 212
1851670 212
1851680 212
1851690 212
1851700 211
1851710 211
1851720 211
1851730 211
1851740 211
1851750 211
1851760 211
1851770 211
1851780 211
1851790 211
1851800 211
1851810 211
1851820 211
1851830 211
1851840 211
1851850 211
1851860 211
1851870 211
1851880 211
1851890 211
1851900 211
1851910 211
1851920 211
1851930 210
1851940 210
1851950 210
1851960 210
1851970 210
1851980 210
1851990 210
1852000 209
1852010 209
1852020 209
1852030 209
1852040 209
1852050 209
1852060 209
1852070 209
1852080 209
1852090 209
1852100 209
1852110 209
1852120 208
1852130 208
1852140 208
1852150 208
1852160 208
1852170 208
1852180 208
1852190 208
1852200 208
1852210 208
1852220 207
1852230 207
1852240 207
1852250 207
1852260 207
1852270 207
1852280 207
1852290 207
1852300 207
1852310 207
1852320 207
1852330 207
1852340 206
1852350 206
1852360 206
1852370 206
1852380 206
1852390 206
1852400 206
1852410 206
1852420 206
1852430 206
1852440 206
1852450 206
1852460 206
1852470 206
1852480 205
1852490 205
1852500 205
1852510 205
1852520 205
1852530 205
1852540 205
1852550 205
1852560 205
1852570 205
1852580 205
1852590 205
1852600 205
1852610 205
1852620 205
1852630 205
1852640 205
1852650 204
1852660 204
1852670 204
1852680 204
1852690 204
1852700 204
1852710 204
1852720 204
1852730 204
1852740 204
1852750 204
1852760 204
1852770 203
1852780 203
1852790 203
1852800 203
1852810 203
1852820 203
1852830 202
1852840 202
1852850 202
1852860 202
1852870 202
1852880 202
1852890 202
1852900 202
1852910 202
1852920 202
1852930 202
1852940 202
1852950 202
1852960 202
1852970 202
1852980 201
1852990 201
1853000 201
1853010 201
1853020 201
1853030 201
1853040 201
1853050 201
1853060 201
1853070 201
1853080 201
1853090 201
1853100 201
1853110 201
1853120 201
1853130 201
1853140 201
1853150 201
1853160 201
1853170 201
1853180 201
1853190 201
1853200 201
1853210 201
1853220 201
1853230 201
1853240 201
1853250 200
1853260 200
1853270 200
1853280 200
1853290 200
1853300 200
1853310 200
1853320 200
1853330 200
1853340 200
1853350 199
1853360 199
1853370 199
1853380 199
1853390 199
1853400 198
1853410 198
1853420 198
1853430 198
1853440 198
1853450 198
1853460 197
1853470 197
1853480 197
1853490 197
1853500 197
1853510 197
1853520 196
1853530 196
1853540 196
1853550 196
1853560 196
1853570 196
1853580 195
1853590 195
1853600 194
1853610 194
1853620 194
1853630 194
1853640 194
1853650 194
1853660 194
1853670 194
1853680 194
1853690 193
1853700 193
1853710 193
1853720 193
1853730 193
1853740 193
1853750 192
1853760 192
1853770 192
1853780 192
1853790 193
1853800 193
1853810 193
1853820 193
1853830 193
1853840 193
1853850 191
1853860 191
1853870 192
1853880 192
1853890 193
1853900 193
1853910 193
1853920 193
1853930 193
1853940 193
1853950 193
1853960 193
1853970 193
1853980 193
1853990 193
1854000 193
1854010 194
1854020 194
1854030 194
1854040 195
1854050 194
1854060 194
1854070 195
1854080 195
1854090 195
1854100 196
1854110 196
1854120 196
1854130 196
1854140 197
1854150 197
1854160 197
1854170 198
1854180 198
1854190 198
1854200 198
1854210 198
1854220 199
1854230 199
1854240 199
1854250 199
1854260 199
1854270 199
1854280 199
1854290 200
1854300 200
1854310 200
1854320 200
1854330 200
1854340 200
1854350 200
1854360 200
1854370 200
1854380 200
1854390 200
1854400 200
1854410 200
1854420 200
1854430 201
1854440 202
1854450 202
1854460 202
1854470 203
1854480 203
1854490 204
1854500 204
1854510 204
1854520 204
1854530 205
1854540 205
1854550 205
1854560 205
1854570 205
1854580 205
1854590 205
1854600 205
1854610 205
1854620 205
1854630 205
1854640 205
1854650 205
1854660 205
1854670 205
1854680 205
1854690 205
1854700 204
1854710 204
1854720 204
1854730 204
1854740 204
1854750 204
1854760 203
1854770 203
1854780 203
1854790 203
1854800 203
1854810 203
1854820 204
1854830 204
1854840 204
1854850 205
1854860 205
1854870 206
1854880 206
1854890 206
1854900 207
1854910 208
1854920 208
1854930 209
1854940 209
1854950 209
1854960 210
1854970 211
1854980 211
1854990 211
1855000 212
1855010 212
1855020 212
1855030 212
1855040 212
1855050 213
1855060 213
1855070 213
1855080 213
1855090 213
1855100 213
1855110 213
1855120 213
1855130 213
1855140 213
1855150 213
1855160 213
1855170 213
1855180 213
1855190 213
1855200 212
1855210 212
1855220 212
1855230 212
1855240 211
1855250 211
1855260 211
1855270 212
1855280 212
1855290 212
1855300 213
1855310 213
1855320 213
1855330 214
1855340 214
1855350 215
1855360 215
1855370 215
1855380 215
1855390 216
1855400 216
1855410 216
1855420 216
1855430 217
1855440 217
1855450 217
1855460 217
1855470 217
1855480 217
1855490 217
1855500 218
1855510 218
1855520 218
1855530 218
1855540 218
1855550 218
1855560 218
1855570 218
1855580 218
1855590 218
1855600 218
1855610 218
1855620 219
1855630 219
1855640 219
1855650 219
1855660 219
1855670 219
1855680 220
1855690 220
1855700 220
1855710 220
1855720 220
1855730 220
1855740 220
1855750 220
1855760 220
1855770 220
1855780 220
1855790 220
1855800 220
1855810 220
1855820 220
1855830 220
1855840 220
1855850 220
1855860 220
1855870 220
1855880 220
1855890 220
1855900 220
1855910 220
1855920 221
1855930 221
1855940 221
1855950 222
1855960 222
1855970 222
1855980 223
1855990 223
1856000 223
1856010 224
1856020 224
1856030 224
1856040 224
1856050 224
1856060 225
1856070 225
1856080 225
1856090 225
1856100 225
1856110 225
1856120 225
1856130 225
1856140 225
1856150 225
1856160 224
1856170 224
1856180 224
1856190 224
1856200 224
1856210 224
1856220 224
1856230 223
1856240 223
1856250 223
1856260 223
1856270 223
1856280 223
1856290 223
1856300 223
1856310 223
1856320 223
1856330 223
1856340 223
1856350 223
1856360 223
1856370 223
1856380 224
1856390 224
1856400 224
1856410 224
1856420 224
1856430 224
1856440 224
1856450 224
1856460 224
1856470 224
1856480 224
1856490 224
1856500 225
1856510 226
1856520 226
1856530 226
1856540 226
1856550 226
1856560 227
1856570 227
1856580 227
1856590 228
1856600 228
1856610 228
1856620 229
1856630 230
1856640 230
1856650 230
1856660 231
1856670 231
1856680 231
1856690 232
1856700 232
1856710 233
1856720 233
1856730 233
1856740 234
1856750 235
1856760 235
1856770 235
1856780 236
1856790 236
1856800 236
1856810 237
1856820 237
1856830 237
1856840 238
1856850 238
1856860 238
1856870 238
1856880 238
1856890 238
1856900 239
1856910 239
1856920 239
1856930 239
1856940 239
1856950 239
1856960 239
1856970 239
1856980 240
1856990 240
1857000 240
1857010 241
1857020 241
1857030 241
1857040 241
1857050 241
1857060 241
1857070 242
1857080 242
1857090 242
1857100 242
1857110 242
1857120 242
1857130 242
1857140 242
1857150 242
1857160 242
1857170 242
1857180 241
1857190 241
1857200 241
1857210 241
1857220 241
1857230 241
1857240 241
1857250 241
1857260 241
1857270 241
1857280 241
1857290 241
1857300 241
1857310 240
1857320 240
1857330 240
1857340 240
1857350 240
1857360 240
1857370 239
1857380 239
1857390 239
1857400 238
1857410 238
1857420 238
1857430 237
1857440 237
1857450 236
1857460 235
1857470 235
1857480 234
1857490 233
1857500 233
1857510 232
1857520 231
1857530 231
1857540 230
1857550 229
1857560 229
1857570 228
1857580 227
1857590 227
1857600 226
1857610 227
1857620 227
1857630 228
1857640 228
1857650 228
1857660 229
1857670 229
1857680 229
1857690 229
1857700 229
1857710 231
1857720 232
1857730 232
1857740 232
1857750 232
1857760 232
1857770 231
1857780 231
1857790 231
1857800 230
1857810 229
1857820 229
1857830 227
1857840 225
1857850 225
1857860 223
1857870 221
1857880 221
1857890 219
1857900 218
1857910 218
1857920 219
1857930 219
1857940 219
1857950 219
1857960 219
1857970 219
1857980 218
1857990 217
1858000 217
1858010 216
1858020 214
1858030 214
1858040 212
1858050 211
1858060 211
1858070 211
1858080 210
1858090 210
1858100 210
1858110 209
1858120 209
1858130 209
1858140 209
1858150 209
1858160 208
1858170 208
1858180 208
1858190 208
1858200 208
1858210 208
1858220 208
1858230 208
1858240 208
1858250 208
1858260 208
1858270 208
1858280 208
1858290 208
1858300 208
1858310 207
1858320 207
1858330 207
1858340 207
1858350 207
1858360 207
1858370 207
1858380 208
1858390 208
1858400 208
1858410 208
1858420 208
1858430 210
1858440 211
1858450 211
1858460 211
1858470 211
1858480 212
1858490 212
1858500 212
1858510 212
1858520 213
1858530 213
1858540 213
1858550 214
1858560 214
1858570 215
1858580 216
1858590 216
1858600 217
1858610 217
1858620 214
1858630 214
1858640 214
1858650 214
1858660 214
1858670 213
1858680 213
1858690 213
1858700 212
1858710 212
1858720 211
1858730 210
1858740 210
1858750 210
1858760 209
1858770 209
1858780 209
1858790 209
1858800 209
1858810 210
1858820 210
1858830 210
1858840 210
1858850 210
1858860 210
1858870 210
1858880 210
1858890 210
1858900 210
1858910 210
1858920 210
1858930 211
1858940 211
1858950 211
1858960 212
1858970 213
1858980 213
1858990 214
1859000 215
1859010 215
1859020 217
1859030 219
1859040 219
1859050 221
1859060 222
1859070 222
1859080 224
1859090 226
1859100 226
1859110 226
1859120 229
1859130 229
1859140 229
1859150 231
1859160 231
1859170 232
1859180 233
1859190 233
1859200 234
1859210 235
1859220 235
1859230 238
1859240 238
1859250 241
1859260 244
1859270 244
1859280 245
1859290 246
1859300 246
1859310 246
1859320 246
1859330 246
1859340 246
1859350 246
1859360 246
1859370 246
1859380 246
1859390 246
1859400 246
1859410 245
1859420 245
1859430 245
1859440 245
1859450 245
1859460 245
1859470 244
1859480 244
1859490 244
1859500 243
1859510 243
1859520 243
1859530 242
1859540 242
1859550 242
1859560 240
1859570 240
1859580 239
1859590 238
1859600 238
1859610 236
1859620 235
1859630 235
1859640 231
1859650 227
1859660 225
1859670 226
1859680 229
1859690 229
1859700 227
1859710 225
1859720 225
1859730 223
1859740 220
1859750 220
1859760 219
1859770 220
1859780 220
1859790 223
1859800 228
1859810 228
1859820 234
1859830 238
1859840 238
1859850 240
1859860 242
1859870 242
1859880 243
1859890 244
1859900 244
1859910 244
1859920 245
1859930 245
1859940 245
1859950 246
1859960 246
1859970 248
1859980 248
1859990 248
