1840000 203
1840010 203
1840020 203
1840030 203
1840040 203
1840050 203
1840060 203
1840070 203
1840080 203
1840090 203
1840100 203
1840110 203
1840120 203
1840130 203
1840140 203
1840150 203
1840160 203
1840170 203
1840180 203
1840190 203
1840200 203
1840210 203
1840220 203
1840230 203
1840240 203
1840250 203
1840260 203
1840270 203
1840280 203
1840290 204
1840300 204
1840310 204
1840320 204
1840330 203
1840340 203
1840350 203
1840360 202
1840370 202
1840380 202
1840390 202
1840400 202
1840410 202
1840420 202
1840430 202
1840440 202
1840450 202
1840460 202
1840470 202
1840480 203
1840490 203
1840500 202
1840510 202
1840520 203
1840530 203
1840540 202
1840550 202
1840560 202
1840570 202
1840580 202
1840590 202
1840600 203
1840610 203
1840620 203
1840630 203
1840640 203
1840650 203
1840660 203
1840670 203
1840680 202
1840690 202
1840700 202
1840710 202
1840720 202
1840730 202
1840740 202
1840750 202
1840760 202
1840770 202
1840780 202
1840790 202
1840800 202
1840810 202
1840820 202
1840830 202
1840840 202
1840850 202
1840860 202
1840870 202
1840880 202
1840890 202
1840900 202
1840910 202
1840920 202
1840930 202
1840940 202
1840950 202
1840960 202
1840970 202
1840980 202
1840990 202
1841000 202
1841010 202
1841020 202
1841030 202
1841040 202
1841050 202
1841060 202
1841070 202
1841080 202
1841090 202
1841100 202
1841110 202
1841120 202
1841130 202
1841140 202
1841150 202
1841160 202
1841170 202
1841180 202
1841190 202
1841200 202
1841210 202
1841220 201
1841230 201
1841240 201
1841250 201
1841260 202
1841270 202
1841280 202
1841290 202
1841300 202
1841310 203
1841320 203
1841330 203
1841340 203
1841350 203
1841360 203
1841370 203
1841380 203
1841390 204
1841400 204
1841410 204
1841420 204
1841430 204
1841440 204
1841450 204
1841460 204
1841470 204
1841480 205
1841490 205
1841500 205
1841510 205
1841520 205
1841530 205
1841540 205
1841550 206
1841560 206
1841570 206
1841580 206
1841590 206
1841600 206
1841610 206
1841620 206
1841630 206
1841640 206
1841650 206
1841660 206
1841670 206
1841680 206
1841690 206
1841700 206
1841710 206
1841720 206
1841730 206
1841740 206
1841750 206
1841760 206
1841770 206
1841780 206
1841790 206
1841800 206
1841810 206
1841820 206
1841830 206
1841840 206
1841850 206
1841860 206
1841870 206
1841880 206
1841890 206
1841900 206
1841910 206
1841920 205
1841930 205
1841940 205
1841950 205
1841960 205
1841970 205
1841980 205
1841990 205
1842000 205
1842010 205
1842020 205
1842030 205
1842040 205
1842050 205
1842060 205
1842070 205
1842080 205
1842090 205
1842100 205
1842110 205
1842120 205
1842130 205
1842140 205
1842150 205
1842160 205
1842170 205
1842180 205
1842190 205
1842200 205
1842210 205
1842220 205
1842230 205
1842240 205
1842250 205
1842260 205
1842270 205
1842280 204
1842290 204
1842300 204
1842310 204
1842320 204
1842330 204
1842340 204
1842350 204
1842360 204
1842370 204
1842380 204
1842390 204
1842400 204
1842410 204
1842420 204
1842430 204
1842440 203
1842450 203
1842460 203
1842470 203
1842480 203
1842490 203
1842500 203
1842510 203
1842520 203
1842530 203
1842540 203
1842550 202
1842560 202
1842570 202
1842580 202
1842590 202
1842600 202
1842610 202
1842620 202
1842630 202
1842640 202
1842650 202
1842660 202
1842670 202
1842680 202
1842690 203
1842700 203
1842710 203
1842720 203
1842730 203
1842740 203
1842750 204
1842760 204
1842770 204
1842780 205
1842790 205
1842800 205
1842810 205
1842820 205
1842830 205
1842840 205
1842850 205
1842860 205
1842870 205
1842880 205
1842890 205
1842900 206
1842910 206
1842920 206
1842930 207
1842940 207
1842950 207
1842960 208
1842970 208
1842980 208
1842990 208
1843000 209
1843010 209
1843020 209
1843030 209
1843040 209
1843050 210
1843060 210
1843070 210
1843080 211
1843090 211
1843100 211
1843110 212
1843120 212
1843130 212
1843140 212
1843150 213
1843160 213
1843170 213
1843180 213
1843190 213
1843200 214
1843210 214
1843220 214
1843230 215
1843240 215
1843250 215
1843260 216
1843270 216
1843280 216
1843290 217
1843300 217
1843310 217
1843320 218
1843330 218
1843340 218
1843350 218
1843360 218
1843370 218
1843380 218
1843390 218
1843400 218
1843410 218
1843420 218
1843430 217
1843440 217
1843450 217
1843460 217
1843470 216
1843480 216
1843490 215
1843500 215
1843510 215
1843520 214
1843530 214
1843540 214
1843550 213
1843560 212
1843570 212
1843580 212
1843590 210
1843600 210
1843610 208
1843620 208
1843630 208
1843640 208
1843650 208
1843660 208
1843670 207
1843680 207
1843690 207
1843700 207
1843710 207
1843720 207
1843730 208
1843740 208
1843750 208
1843760 208
1843770 208
1843780 208
1843790 208
1843800 208
1843810 208
1843820 208
1843830 208
1843840 208
1843850 208
1843860 208
1843870 208
1843880 208
1843890 208
1843900 208
1843910 208
1843920 206
1843930 206
1843940 203
1843950 203
1843960 203
1843970 202
1843980 202
1843990 202
1844000 202
1844010 202
1844020 202
1844030 202
1844040 201
1844050 201
1844060 201
1844070 201
1844080 201
1844090 201
1844100 201
1844110 201
1844120 201
1844130 201
1844140 201
1844150 201
1844160 201
1844170 201
1844180 201
1844190 201
1844200 201
1844210 201
1844220 201
1844230 200
1844240 200
1844250 200
1844260 200
1844270 200
1844280 200
1844290 200
1844300 200
1844310 200
1844320 201
1844330 201
1844340 201
1844350 200
1844360 199
1844370 199
1844380 199
1844390 199
1844400 199
1844410 200
1844420 199
1844430 199
1844440 199
1844450 199
1844460 199
1844470 199
1844480 199
1844490 199
1844500 199
1844510 198
1844520 198
1844530 198
1844540 198
1844550 198
1844560 198
1844570 197
1844580 197
1844590 197
1844600 197
1844610 197
1844620 197
1844630 197
1844640 197
1844650 197
1844660 197
1844670 197
1844680 197
1844690 197
1844700 197
1844710 197
1844720 197
1844730 197
1844740 197
1844750 197
1844760 197
1844770 197
1844780 197
1844790 197
1844800 197
1844810 196
1844820 196
1844830 196
1844840 196
1844850 195
1844860 195
1844870 195
1844880 195
1844890 195
1844900 195
1844910 195
1844920 195
1844930 195
1844940 195
1844950 195
1844960 195
1844970 195
1844980 195
1844990 195
1845000 195
1845010 195
1845020 195
1845030 195
1845040 195
1845050 195
1845060 195
1845070 195
1845080 195
1845090 195
1845100 195
1845110 195
1845120 195
1845130 195
1845140 195
1845150 195
1845160 196
1845170 196
1845180 195
1845190 195
1845200 195
1845210 195
1845220 194
1845230 194
1845240 194
1845250 194
1845260 194
1845270 194
1845280 194
1845290 194
1845300 195
1845310 195
1845320 195
1845330 195
1845340 195
1845350 195
1845360 195
1845370 195
1845380 195
1845390 195
1845400 195
1845410 195
1845420 195
1845430 195
1845440 195
1845450 195
1845460 195
1845470 195
1845480 195
1845490 195
1845500 195
1845510 195
1845520 195
1845530 195
1845540 196
1845550 196
1845560 196
1845570 195
1845580 195
1845590 195
1845600 195
1845610 195
1845620 195
1845630 194
1845640 194
1845650 194
1845660 194
1845670 194
1845680 194
1845690 194
1845700 194
1845710 194
1845720 194
1845730 194
1845740 194
1845750 194
1845760 194
1845770 194
1845780 194
1845790 194
1845800 194
1845810 194
1845820 194
1845830 194
1845840 194
1845850 194
1845860 194
1845870 194
1845880 194
1845890 195
1845900 195
1845910 195
1845920 195
1845930 195
1845940 195
1845950 195
1845960 195
1845970 195
1845980 195
1845990 195
1846000 195
1846010 195
1846020 195
1846030 195
1846040 195
1846050 195
1846060 195
1846070 194
1846080 195
1846090 195
1846100 194
1846110 194
1846120 194
1846130 194
1846140 194
1846150 194
1846160 195
1846170 195
1846180 195
1846190 195
1846200 194
1846210 194
1846220 194
1846230 194
1846240 194
1846250 194
1846260 194
1846270 194
1846280 194
1846290 194
1846300 194
1846310 194
1846320 194
1846330 194
1846340 194
1846350 194
1846360 194
1846370 194
1846380 194
1846390 194
1846400 194
1846410 194
1846420 194
1846430 194
1846440 194
1846450 194
1846460 193
1846470 193
1846480 193
1846490 193
1846500 193
1846510 193
1846520 193
1846530 193
1846540 193
1846550 193
1846560 193
1846570 193
1846580 192
1846590 192
1846600 192
1846610 192
1846620 192
1846630 192
1846640 192
1846650 192
1846660 192
1846670 192
1846680 192
1846690 192
1846700 192
1846710 192
1846720 192
1846730 192
1846740 192
1846750 192
1846760 192
1846770 192
1846780 191
1846790 191
1846800 191
1846810 191
1846820 191
1846830 191
1846840 191
1846850 191
1846860 191
1846870 191
1846880 191
1846890 191
1846900 191
1846910 191
1846920 191
1846930 191
1846940 191
1846950 191
1846960 191
1846970 191
1846980 191
1846990 191
1847000 191
1847010 191
1847020 191
1847030 190
1847040 190
1847050 190
1847060 191
1847070 191
1847080 190
1847090 190
1847100 190
1847110 190
1847120 190
1847130 190
1847140 190
1847150 190
1847160 190
1847170 190
1847180 190
1847190 190
1847200 190
1847210 190
1847220 190
1847230 190
1847240 190
1847250 190
1847260 190
1847270 190
1847280 190
1847290 190
1847300 190
1847310 190
1847320 190
1847330 190
1847340 190
1847350 190
1847360 190
1847370 190
1847380 190
1847390 190
1847400 190
1847410 190
1847420 190
1847430 190
1847440 190
1847450 190
1847460 190
1847470 190
1847480 190
1847490 190
1847500 190
1847510 190
1847520 190
1847530 190
1847540 190
1847550 190
1847560 190
1847570 190
1847580 190
1847590 190
1847600 190
1847610 190
1847620 190
1847630 190
1847640 190
1847650 190
1847660 190
1847670 190
1847680 190
1847690 190
1847700 189
1847710 189
1847720 189
1847730 189
1847740 189
1847750 189
1847760 189
1847770 189
1847780 189
1847790 189
1847800 189
1847810 189
1847820 189
1847830 189
1847840 189
1847850 189
1847860 189
1847870 189
1847880 189
1847890 189
1847900 189
1847910 189
1847920 189
1847930 189
1847940 189
1847950 189
1847960 189
1847970 189
1847980 189
1847990 189
1848000 189
1848010 189
1848020 189
1848030 189
1848040 189
1848050 189
1848060 189
1848070 189
1848080 189
1848090 189
1848100 189
1848110 189
1848120 189
1848130 189
1848140 189
1848150 189
1848160 189
1848170 189
1848180 189
1848190 189
1848200 189
1848210 189
1848220 189
1848230 189
1848240 189
1848250 189
1848260 189
1848270 189
1848280 189
1848290 189
1848300 189
1848310 189
1848320 189
1848330 189
1848340 189
1848350 188
1848360 187
1848370 187
1848380 187
1848390 187
1848400 187
1848410 187
1848420 187
1848430 187
1848440 187
1848450 188
1848460 188
1848470 189
1848480 189
1848490 189
1848500 188
1848510 189
1848520 189
1848530 188
1848540 187
1848550 187
1848560 187
1848570 187
1848580 187
1848590 187
1848600 187
1848610 187
1848620 187
1848630 187
1848640 187
1848650 187
1848660 187
1848670 187
1848680 189
1848690 189
1848700 189
1848710 189
1848720 189
1848730 189
1848740 189
1848750 189
1848760 189
1848770 189
1848780 189
1848790 189
1848800 189
1848810 189
1848820 189
1848830 190
1848840 190
1848850 190
1848860 190
1848870 190
1848880 190
1848890 190
1848900 190
1848910 190
1848920 190
1848930 190
1848940 191
1848950 190
1848960 190
1848970 191
1848980 191
1848990 191
1849000 191
1849010 191
1849020 191
1849030 192
1849040 192
1849050 192
1849060 194
1849070 195
1849080 195
1849090 195
1849100 196
1849110 196
1849120 196
1849130 197
1849140 197
1849150 198
1849160 198
1849170 198
1849180 199
1849190 200
1849200 200
1849210 200
1849220 199
1849230 199
1849240 199
1849250 199
1849260 199
1849270 199
1849280 199
1849290 199
1849300 199
1849310 200
1849320 200
1849330 199
1849340 199
1849350 199
1849360 199
1849370 198
1849380 198
1849390 198
1849400 198
1849410 198
1849420 198
1849430 198
1849440 199
1849450 200
1849460 200
1849470 202
1849480 203
1849490 203
1849500 203
1849510 204
1849520 204
1849530 205
1849540 205
1849550 205
1849560 206
1849570 205
1849580 205
1849590 205
1849600 205
1849610 205
1849620 205
1849630 205
1849640 205
1849650 205
1849660 205
1849670 205
1849680 205
1849690 205
1849700 205
1849710 205
1849720 204
1849730 204
1849740 204
1849750 203
1849760 203
1849770 203
1849780 203
1849790 203
1849800 202
1849810 202
1849820 202
1849830 203
1849840 203
1849850 203
1849860 203
1849870 203
1849880 203
1849890 202
1849900 202
1849910 202
1849920 202
1849930 201
1849940 201
1849950 201
1849960 201
1849970 201
1849980 202
1849990 202
1850000 202
1850010 202
1850020 202
1850030 202
1850040 202
1850050 202
1850060 202
1850070 202
1850080 202
1850090 202
1850100 202
1850110 202
1850120 202
1850130 202
1850140 202
1850150 202
1850160 201
1850170 201
1850180 201
1850190 201
1850200 201
1850210 201
1850220 201
1850230 201
1850240 201
1850250 199
1850260 199
1850270 200
1850280 200
1850290 200
1850300 199
1850310 198
1850320 198
1850330 197
1850340 197
1850350 197
1850360 197
1850370 197
1850380 197
1850390 199
1850400 200
1850410 200
1850420 201
1850430 201
1850440 201
1850450 202
1850460 202
1850470 202
1850480 203
1850490 203
1850500 203
1850510 203
1850520 203
1850530 203
1850540 203
1850550 203
1850560 203
1850570 203
1850580 203
1850590 203
1850600 203
1850610 203
1850620 203
1850630 203
1850640 203
1850650 203
1850660 203
1850670 203
1850680 203
1850690 203
1850700 203
1850710 203
1850720 203
1850730 203
1850740 203
1850750 203
1850760 203
1850770 203
1850780 203
1850790 203
1850800 203
1850810 202
1850820 202
1850830 202
1850840 202
1850850 201
1850860 201
1850870 201
1850880 201
1850890 201
1850900 201
1850910 201
1850920 201
1850930 200
1850940 200
1850950 200
1850960 200
1850970 200
1850980 200
1850990 200
1851000 201
1851010 201
1851020 202
1851030 202
1851040 203
1851050 204
1851060 204
1851070 202
1851080 202
1851090 202
1851100 202
1851110 201
1851120 201
1851130 201
1851140 201
1851150 201
1851160 201
1851170 201
1851180 201
1851190 202
1851200 203
1851210 203
1851220 206
1851230 208
1851240 208
1851250 208
1851260 208
1851270 208
1851280 208
1851290 208
1851300 208
1851310 209
1851320 209
1851330 209
1851340 209
1851350 209
1851360 209
1851370 209
1851380 209
1851390 209
1851400 209
1851410 209
1851420 209
1851430 210
1851440 210
1851450 210
1851460 210
1851470 210
1851480 210
1851490 210
1851500 210
1851510 210
1851520 210
1851530 211
1851540 211
1851550 211
1851560 211
1851570 211
1851580 211
1851590 211
1851600 211
1851610 211
1851620 211
1851630 211
1851640 211
1851650 211
1851660 211
1851670 211
1851680 211
1851690 211
1851700 211
1851710 210
1851720 210
1851730 210
1851740 210
1851750 210
1851760 210
1851770 210
1851780 210
1851790 210
1851800 210
1851810 210
1851820 209
1851830 209
1851840 209
1851850 209
1851860 209
1851870 209
1851880 209
1851890 209
1851900 209
1851910 209
1851920 209
1851930 209
1851940 208
1851950 208
1851960 208
1851970 208
1851980 208
1851990 208
1852000 208
1852010 208
1852020 208
1852030 208
1852040 208
1852050 208
1852060 209
1852070 209
1852080 209
1852090 207
1852100 207
1852110 207
1852120 207
1852130 207
1852140 207
1852150 207
1852160 207
1852170 207
1852180 207
1852190 207
1852200 207
1852210 206
1852220 206
1852230 206
1852240 206
1852250 206
1852260 206
1852270 206
1852280 206
1852290 206
1852300 206
1852310 206
1852320 206
1852330 206
1852340 206
1852350 206
1852360 206
1852370 206
1852380 205
1852390 205
1852400 205
1852410 205
1852420 205
1852430 205
1852440 205
1852450 205
1852460 205
1852470 205
1852480 205
1852490 205
1852500 205
1852510 205
1852520 205
1852530 205
1852540 205
1852550 205
1852560 205
1852570 205
1852580 205
1852590 205
1852600 205
1852610 205
1852620 204
1852630 204
1852640 204
1852650 204
1852660 204
1852670 204
1852680 204
1852690 204
1852700 204
1852710 204
1852720 204
1852730 204
1852740 204
1852750 204
1852760 204
1852770 204
1852780 204
1852790 203
1852800 203
1852810 203
1852820 203
1852830 203
1852840 203
1852850 203
1852860 203
1852870 203
1852880 203
1852890 203
1852900 203
1852910 202
1852920 202
1852930 202
1852940 202
1852950 201
1852960 201
1852970 201
1852980 201
1852990 201
1853000 200
1853010 200
1853020 200
1853030 200
1853040 199
1853050 199
1853060 199
1853070 199
1853080 199
1853090 199
1853100 199
1853110 199
1853120 199
1853130 198
1853140 198
1853150 198
1853160 198
1853170 198
1853180 198
1853190 198
1853200 198
1853210 198
1853220 198
1853230 198
1853240 198
1853250 198
1853260 198
1853270 198
1853280 198
1853290 198
1853300 198
1853310 198
1853320 198
1853330 198
1853340 198
1853350 198
1853360 197
1853370 197
1853380 197
1853390 197
1853400 197
1853410 197
1853420 197
1853430 197
1853440 197
1853450 197
1853460 197
1853470 195
1853480 195
1853490 195
1853500 194
1853510 194
1853520 194
1853530 194
1853540 193
1853550 193
1853560 193
1853570 193
1853580 193
1853590 193
1853600 194
1853610 194
1853620 193
1853630 193
1853640 193
1853650 193
1853660 193
1853670 193
1853680 193
1853690 193
1853700 193
1853710 193
1853720 193
1853730 193
1853740 193
1853750 193
1853760 193
1853770 193
1853780 192
1853790 192
1853800 191
1853810 193
1853820 193
1853830 193
1853840 193
1853850 193
1853860 193
1853870 193
1853880 193
1853890 193
1853900 193
1853910 193
1853920 193
1853930 193
1853940 193
1853950 193
1853960 193
1853970 193
1853980 194
1853990 194
1854000 194
1854010 195
1854020 195
1854030 195
1854040 195
1854050 195
1854060 195
1854070 195
1854080 195
1854090 195
1854100 195
1854110 195
1854120 195
1854130 195
1854140 195
1854150 195
1854160 196
1854170 196
1854180 196
1854190 196
1854200 196
1854210 196
1854220 196
1854230 196
1854240 196
1854250 196
1854260 196
1854270 196
1854280 196
1854290 196
1854300 196
1854310 196
1854320 196
1854330 196
1854340 196
1854350 196
1854360 197
1854370 197
1854380 197
1854390 197
1854400 198
1854410 198
1854420 199
1854430 200
1854440 200
1854450 201
1854460 201
1854470 201
1854480 202
1854490 202
1854500 202
1854510 203
1854520 203
1854530 203
1854540 203
1854550 202
1854560 202
1854570 202
1854580 202
1854590 202
1854600 202
1854610 202
1854620 202
1854630 201
1854640 201
1854650 201
1854660 201
1854670 201
1854680 201
1854690 201
1854700 202
1854710 202
1854720 202
1854730 203
1854740 203
1854750 203
1854760 203
1854770 204
1854780 205
1854790 205
1854800 205
1854810 206
1854820 206
1854830 206
1854840 207
1854850 207
1854860 208
1854870 208
1854880 208
1854890 209
1854900 209
1854910 209
1854920 210
1854930 210
1854940 210
1854950 210
1854960 211
1854970 211
1854980 211
1854990 211
1855000 211
1855010 212
1855020 212
1855030 212
1855040 212
1855050 212
1855060 212
1855070 211
1855080 211
1855090 211
1855100 211
1855110 210
1855120 210
1855130 210
1855140 210
1855150 210
1855160 209
1855170 209
1855180 209
1855190 209
1855200 209
1855210 209
1855220 210
1855230 210
1855240 210
1855250 211
1855260 212
1855270 212
1855280 212
1855290 213
1855300 213
1855310 213
1855320 213
1855330 213
1855340 214
1855350 214
1855360 214
1855370 214
1855380 214
1855390 214
1855400 214
1855410 215
1855420 215
1855430 215
1855440 215
1855450 215
1855460 215
1855470 215
1855480 215
1855490 215
1855500 216
1855510 216
1855520 216
1855530 216
1855540 216
1855550 216
1855560 216
1855570 216
1855580 216
1855590 216
1855600 215
1855610 216
1855620 216
1855630 216
1855640 216
1855650 216
1855660 216
1855670 217
1855680 217
1855690 217
1855700 217
1855710 217
1855720 217
1855730 217
1855740 217
1855750 217
1855760 217
1855770 217
1855780 217
1855790 217
1855800 217
1855810 217
1855820 216
1855830 216
1855840 216
1855850 217
1855860 217
1855870 217
1855880 218
1855890 218
1855900 218
1855910 219
1855920 219
1855930 219
1855940 220
1855950 219
1855960 220
1855970 220
1855980 220
1855990 220
1856000 221
1856010 221
1856020 221
1856030 221
1856040 221
1856050 221
1856060 221
1856070 221
1856080 221
1856090 221
1856100 221
1856110 221
1856120 221
1856130 221
1856140 221
1856150 221
1856160 221
1856170 221
1856180 221
1856190 221
1856200 221
1856210 221
1856220 221
1856230 221
1856240 221
1856250 221
1856260 221
1856270 221
1856280 221
1856290 221
1856300 221
1856310 220
1856320 220
1856330 220
1856340 220
1856350 221
1856360 221
1856370 221
1856380 222
1856390 222
1856400 222
1856410 223
1856420 223
1856430 224
1856440 224
1856450 224
1856460 225
1856470 225
1856480 225
1856490 226
1856500 226
1856510 226
1856520 227
1856530 227
1856540 227
1856550 228
1856560 228
1856570 228
1856580 228
1856590 229
1856600 229
1856610 230
1856620 230
1856630 230
1856640 231
1856650 231
1856660 232
1856670 232
1856680 233
1856690 233
1856700 233
1856710 234
1856720 234
1856730 235
1856740 235
1856750 235
1856760 236
1856770 236
1856780 236
1856790 236
1856800 237
1856810 237
1856820 237
1856830 237
1856840 237
1856850 238
1856860 238
1856870 238
1856880 238
1856890 239
1856900 239
1856910 239
1856920 239
1856930 239
1856940 240
1856950 240
1856960 240
1856970 240
1856980 241
1856990 241
1857000 241
1857010 242
1857020 242
1857030 242
1857040 242
1857050 243
1857060 243
1857070 243
1857080 243
1857090 244
1857100 244
1857110 244
1857120 244
1857130 244
1857140 244
1857150 244
1857160 244
1857170 244
1857180 244
1857190 244
1857200 244
1857210 244
1857220 244
1857230 244
1857240 244
1857250 244
1857260 244
1857270 244
1857280 244
1857290 244
1857300 244
1857310 244
1857320 244
1857330 243
1857340 243
1857350 243
1857360 242
1857370 242
1857380 242
1857390 241
1857400 241
1857410 241
1857420 240
1857430 240
1857440 239
1857450 238
1857460 238
1857470 237
1857480 237
1857490 237
1857500 236
1857510 235
1857520 235
1857530 235
1857540 235
1857550 235
1857560 234
1857570 235
1857580 235
1857590 235
1857600 235
1857610 235
1857620 235
1857630 235
1857640 235
1857650 235
1857660 235
1857670 235
1857680 235
1857690 235
1857700 235
1857710 234
1857720 234
1857730 234
1857740 234
1857750 233
1857760 233
1857770 233
1857780 233
1857790 233
1857800 232
1857810 232
1857820 232
1857830 232
1857840 232
1857850 232
1857860 231
1857870 231
1857880 231
1857890 230
1857900 230
1857910 230
1857920 229
1857930 229
1857940 229
1857950 228
1857960 228
1857970 228
1857980 227
1857990 227
1858000 225
1858010 224
1858020 224
1858030 223
1858040 221
1858050 221
1858060 222
1858070 220
1858080 220
1858090 219
1858100 219
1858110 219
1858120 219
1858130 218
1858140 218
1858150 218
1858160 218
1858170 218
1858180 218
1858190 217
1858200 217
1858210 217
1858220 216
1858230 216
1858240 214
1858250 213
1858260 213
1858270 213
1858280 211
1858290 211
1858300 210
1858310 210
1858320 210
1858330 209
1858340 208
1858350 208
1858360 208
1858370 208
1858380 208
1858390 207
1858400 207
1858410 207
1858420 207
1858430 207
1858440 207
1858450 207
1858460 207
1858470 207
1858480 207
1858490 207
1858500 207
1858510 207
1858520 207
1858530 207
1858540 207
1858550 207
1858560 207
1858570 207
1858580 207
1858590 207
1858600 207
1858610 207
1858620 206
1858630 206
1858640 206
1858650 206
1858660 206
1858670 206
1858680 206
1858690 206
1858700 206
1858710 206
1858720 206
1858730 206
1858740 206
1858750 207
1858760 206
1858770 207
1858780 207
1858790 207
1858800 207
1858810 207
1858820 207
1858830 208
1858840 209
1858850 209
1858860 209
1858870 209
1858880 209
1858890 209
1858900 209
1858910 209
1858920 210
1858930 210
1858940 210
1858950 211
1858960 213
1858970 213
1858980 214
1858990 216
1859000 216
1859010 218
1859020 219
1859030 219
1859040 220
1859050 222
1859060 222
1859070 223
1859080 224
1859090 224
1859100 226
1859110 228
1859120 228
1859130 230
1859140 232
1859150 232
1859160 233
1859170 235
1859180 235
1859190 236
1859200 237
1859210 237
1859220 240
1859230 240
1859240 240
1859250 241
1859260 241
1859270 241
1859280 241
1859290 241
1859300 241
1859310 241
1859320 241
1859330 241
1859340 241
1859350 241
1859360 241
1859370 241
1859380 241
1859390 241
1859400 241
1859410 241
1859420 241
1859430 240
1859440 240
1859450 239
1859460 239
1859470 239
1859480 239
1859490 239
1859500 239
1859510 238
1859520 237
1859530 237
1859540 237
1859550 236
1859560 236
1859570 235
1859580 234
1859590 234
1859600 229
1859610 228
1859620 228
1859630 227
1859640 221
1859650 221
1859660 218
1859670 219
1859680 219
1859690 224
1859700 229
1859710 229
1859720 234
1859730 237
1859740 237
1859750 239
1859760 241
1859770 241
1859780 242
1859790 244
1859800 244
1859810 245
1859820 246
1859830 246
1859840 246
1859850 246
1859860 246
1859870 246
1859880 246
1859890 246
1859900 246
1859910 246
1859920 246
1859930 246
1859940 246
1859950 246
1859960 244
1859970 244
1859980 244
1859990 245
