1840000 236
1840010 236
1840020 236
1840030 235
1840040 235
1840050 234
1840060 234
1840070 234
1840080 234
1840090 234
1840100 234
1840110 234
1840120 234
1840130 234
1840140 235
1840150 236
1840160 236
1840170 236
1840180 237
1840190 237
1840200 238
1840210 239
1840220 239
1840230 240
1840240 241
1840250 241
1840260 241
1840270 242
1840280 242
1840290 242
1840300 243
1840310 243
1840320 243
1840330 243
1840340 243
1840350 243
1840360 244
1840370 244
1840380 244
1840390 244
1840400 244
1840410 245
1840420 245
1840430 245
1840440 245
1840450 246
1840460 246
1840470 247
1840480 247
1840490 247
1840500 247
1840510 248
1840520 248
1840530 249
1840540 249
1840550 249
1840560 249
1840570 249
1840580 250
1840590 250
1840600 250
1840610 251
1840620 251
1840630 251
1840640 252
1840650 252
1840660 252
1840670 252
1840680 253
1840690 253
1840700 253
1840710 253
1840720 253
1840730 252
1840740 250
1840750 250
1840760 252
1840770 253
1840780 253
1840790 253
1840800 253
1840810 253
1840820 252
1840830 252
1840840 252
1840850 252
1840860 252
1840870 252
1840880 252
1840890 253
1840900 253
1840910 253
1840920 253
1840930 253
1840940 254
1840950 254
1840960 254
1840970 254
1840980 254
1840990 254
1841000 255
1841010 255
1841020 255
1841030 255
1841040 255
1841050 255
1841060 255
1841070 255
1841080 255
1841090 255
1841100 255
1841110 255
1841120 254
1841130 254
1841140 254
1841150 254
1841160 254
1841170 254
1841180 253
1841190 253
1841200 253
1841210 253
1841220 253
1841230 253
1841240 252
1841250 252
1841260 252
1841270 252
1841280 251
1841290 251
1841300 251
1841310 251
1841320 251
1841330 251
1841340 251
1841350 251
1841360 251
1841370 251
1841380 251
1841390 250
1841400 250
1841410 250
1841420 250
1841430 250
1841440 250
1841450 250
1841460 250
1841470 250
1841480 249
1841490 249
1841500 249
1841510 249
1841520 249
1841530 248
1841540 248
1841550 248
1841560 248
1841570 247
1841580 247
1841590 247
1841600 247
1841610 247
1841620 246
1841630 246
1841640 246
1841650 246
1841660 245
1841670 245
1841680 245
1841690 245
1841700 245
1841710 244
1841720 244
1841730 243
1841740 243
1841750 242
1841760 242
1841770 241
1841780 241
1841790 241
1841800 240
1841810 239
1841820 239
1841830 238
1841840 237
1841850 237
1841860 236
1841870 235
1841880 235
1841890 234
1841900 234
1841910 234
1841920 234
1841930 234
1841940 234
1841950 234
1841960 234
1841970 234
1841980 234
1841990 235
1842000 235
1842010 235
1842020 234
1842030 234
1842040 234
1842050 234
1842060 234
1842070 234
1842080 234
1842090 233
1842100 233
1842110 233
1842120 233
1842130 233
1842140 233
1842150 232
1842160 232
1842170 232
1842180 231
1842190 231
1842200 231
1842210 230
1842220 230
1842230 230
1842240 229
1842250 229
1842260 229
1842270 228
1842280 227
1842290 227
1842300 227
1842310 226
1842320 226
1842330 226
1842340 225
1842350 225
1842360 225
1842370 224
1842380 224
1842390 224
1842400 224
1842410 224
1842420 223
1842430 223
1842440 223
1842450 223
1842460 223
1842470 223
1842480 223
1842490 223
1842500 223
1842510 223
1842520 223
1842530 223
1842540 223
1842550 222
1842560 222
1842570 222
1842580 222
1842590 222
1842600 222
1842610 221
1842620 221
1842630 220
1842640 220
1842650 220
1842660 219
1842670 219
1842680 219
1842690 218
1842700 217
1842710 217
1842720 216
1842730 216
1842740 216
1842750 215
1842760 214
1842770 214
1842780 213
1842790 213
1842800 213
1842810 212
1842820 212
1842830 211
1842840 211
1842850 211
1842860 211
1842870 210
1842880 210
1842890 209
1842900 209
1842910 209
1842920 208
1842930 208
1842940 208
1842950 208
1842960 207
1842970 207
1842980 207
1842990 207
1843000 207
1843010 208
1843020 208
1843030 208
1843040 208
1843050 209
1843060 209
1843070 210
1843080 211
1843090 211
1843100 212
1843110 213
1843120 213
1843130 214
1843140 215
1843150 215
1843160 216
1843170 217
1843180 217
1843190 218
1843200 219
1843210 219
1843220 220
1843230 221
1843240 221
1843250 222
1843260 223
1843270 223
1843280 224
1843290 225
1843300 225
1843310 226
1843320 227
1843330 227
1843340 229
1843350 230
1843360 230
1843370 232
1843380 233
1843390 233
1843400 233
1843410 234
1843420 234
1843430 234
1843440 234
1843450 234
1843460 234
1843470 233
1843480 233
1843490 233
1843500 233
1843510 233
1843520 232
1843530 231
1843540 231
1843550 231
1843560 230
1843570 230
1843580 229
1843590 229
1843600 229
1843610 228
1843620 228
1843630 227
1843640 227
1843650 227
1843660 226
1843670 226
1843680 226
1843690 225
1843700 225
1843710 225
1843720 224
1843730 224
1843740 224
1843750 223
1843760 223
1843770 223
1843780 222
1843790 222
1843800 222
1843810 221
1843820 221
1843830 221
1843840 221
1843850 220
1843860 220
1843870 220
1843880 220
1843890 220
1843900 219
1843910 219
1843920 218
1843930 218
1843940 218
1843950 218
1843960 217
1843970 216
1843980 216
1843990 216
1844000 215
1844010 215
1844020 215
1844030 215
1844040 215
1844050 215
1844060 215
1844070 215
1844080 215
1844090 215
1844100 215
1844110 214
1844120 214
1844130 214
1844140 214
1844150 214
1844160 214
1844170 213
1844180 213
1844190 213
1844200 213
1844210 213
1844220 213
1844230 212
1844240 211
1844250 211
1844260 211
1844270 210
1844280 210
1844290 210
1844300 210
1844310 209
1844320 209
1844330 209
1844340 209
1844350 208
1844360 208
1844370 208
1844380 208
1844390 208
1844400 208
1844410 208
1844420 208
1844430 207
1844440 205
1844450 205
1844460 205
1844470 205
1844480 205
1844490 205
1844500 204
1844510 204
1844520 203
1844530 202
1844540 202
1844550 201
1844560 201
1844570 201
1844580 200
1844590 200
1844600 200
1844610 199
1844620 199
1844630 199
1844640 199
1844650 200
1844660 200
1844670 199
1844680 199
1844690 199
1844700 199
1844710 200
1844720 200
1844730 200
1844740 200
1844750 200
1844760 200
1844770 200
1844780 200
1844790 200
1844800 200
1844810 200
1844820 200
1844830 200
1844840 200
1844850 200
1844860 200
1844870 200
1844880 201
1844890 202
1844900 202
1844910 204
1844920 205
1844930 205
1844940 207
1844950 208
1844960 208
1844970 209
1844980 212
1844990 212
1845000 215
1845010 215
1845020 215
1845030 217
1845040 217
1845050 217
1845060 219
1845070 219
1845080 221
1845090 222
1845100 222
1845110 224
1845120 226
1845130 226
1845140 227
1845150 229
1845160 229
1845170 230
1845180 232
1845190 232
1845200 234
1845210 235
1845220 235
1845230 237
1845240 239
1845250 239
1845260 241
1845270 242
1845280 242
1845290 242
1845300 243
1845310 243
1845320 243
1845330 243
1845340 243
1845350 243
1845360 243
1845370 243
1845380 243
1845390 243
1845400 243
1845410 243
1845420 243
1845430 243
1845440 243
1845450 243
1845460 243
1845470 243
1845480 243
1845490 243
1845500 242
1845510 242
1845520 242
1845530 242
1845540 242
1845550 242
1845560 242
1845570 242
1845580 242
1845590 242
1845600 241
1845610 241
1845620 241
1845630 241
1845640 241
1845650 240
1845660 240
1845670 240
1845680 239
1845690 238
1845700 238
1845710 237
1845720 236
1845730 236
1845740 235
1845750 234
1845760 234
1845770 233
1845780 233
1845790 232
1845800 232
1845810 232
1845820 231
1845830 230
1845840 230
1845850 229
1845860 228
1845870 228
1845880 227
1845890 227
1845900 227
1845910 227
1845920 227
1845930 227
1845940 227
1845950 227
1845960 227
1845970 227
1845980 227
1845990 227
1846000 227
1846010 227
1846020 227
1846030 228
1846040 228
1846050 228
1846060 229
1846070 230
1846080 230
1846090 232
1846100 233
1846110 233
1846120 234
1846130 234
1846140 234
1846150 235
1846160 235
1846170 235
1846180 236
1846190 236
1846200 236
1846210 236
1846220 236
1846230 236
1846240 236
1846250 236
1846260 236
1846270 236
1846280 236
1846290 236
1846300 236
1846310 237
1846320 237
1846330 237
1846340 236
1846350 236
1846360 237
1846370 237
1846380 237
1846390 236
1846400 236
1846410 236
1846420 236
1846430 236
1846440 236
1846450 237
1846460 237
1846470 237
1846480 237
1846490 237
1846500 237
1846510 237
1846520 237
1846530 237
1846540 237
1846550 237
1846560 237
1846570 237
1846580 237
1846590 237
1846600 237
1846610 237
1846620 237
1846630 237
1846640 237
1846650 237
1846660 237
1846670 237
1846680 237
1846690 237
1846700 237
1846710 237
1846720 237
1846730 237
1846740 237
1846750 237
1846760 237
1846770 237
1846780 237
1846790 237
1846800 237
1846810 237
1846820 237
1846830 237
1846840 236
1846850 236
1846860 236
1846870 236
1846880 236
1846890 236
1846900 235
1846910 235
1846920 235
1846930 235
1846940 235
1846950 234
1846960 234
1846970 234
1846980 234
1846990 233
1847000 233
1847010 233
1847020 233
1847030 233
1847040 233
1847050 232
1847060 232
1847070 232
1847080 232
1847090 232
1847100 231
1847110 231
1847120 231
1847130 230
1847140 229
1847150 229
1847160 228
1847170 226
1847180 226
1847190 226
1847200 225
1847210 225
1847220 224
1847230 223
1847240 223
1847250 222
1847260 221
1847270 221
1847280 220
1847290 220
1847300 219
1847310 218
1847320 218
1847330 217
1847340 216
1847350 216
1847360 216
1847370 215
1847380 215
1847390 214
1847400 213
1847410 213
1847420 213
1847430 212
1847440 212
1847450 211
1847460 211
1847470 211
1847480 210
1847490 210
1847500 210
1847510 210
1847520 210
1847530 209
1847540 209
1847550 209
1847560 209
1847570 209
1847580 208
1847590 208
1847600 207
1847610 207
1847620 207
1847630 207
1847640 207
1847650 207
1847660 207
1847670 207
1847680 207
1847690 206
1847700 206
1847710 206
1847720 207
1847730 207
1847740 207
1847750 208
1847760 211
1847770 211
1847780 213
1847790 214
1847800 214
1847810 215
1847820 216
1847830 216
1847840 217
1847850 217
1847860 217
1847870 217
1847880 217
1847890 218
1847900 218
1847910 218
1847920 218
1847930 218
1847940 217
1847950 217
1847960 216
1847970 217
1847980 217
1847990 218
1848000 220
1848010 220
1848020 221
1848030 221
1848040 219
1848050 220
1848060 220
1848070 222
1848080 224
1848090 224
1848100 224
1848110 225
1848120 225
1848130 225
1848140 226
1848150 226
1848160 226
1848170 227
1848180 227
1848190 227
1848200 227
1848210 227
1848220 227
1848230 227
1848240 227
1848250 227
1848260 226
1848270 226
1848280 226
1848290 225
1848300 225
1848310 225
1848320 224
1848330 224
1848340 223
1848350 219
1848360 219
1848370 216
1848380 215
1848390 215
1848400 214
1848410 214
1848420 214
1848430 214
1848440 213
1848450 213
1848460 214
1848470 214
1848480 214
1848490 214
1848500 214
1848510 214
1848520 214
1848530 212
1848540 212
1848550 211
1848560 209
1848570 209
1848580 210
1848590 212
1848600 212
1848610 219
1848620 223
1848630 223
1848640 225
1848650 225
1848660 225
1848670 225
1848680 225
1848690 225
1848700 225
1848710 225
1848720 225
1848730 224
1848740 224
1848750 224
1848760 224
1848770 224
1848780 223
1848790 223
1848800 223
1848810 222
1848820 222
1848830 222
1848840 222
1848850 221
1848860 221
1848870 221
1848880 220
1848890 220
1848900 220
1848910 219
1848920 219
1848930 218
1848940 218
1848950 218
1848960 217
1848970 218
1848980 218
1848990 218
1849000 218
1849010 218
1849020 218
1849030 217
1849040 217
1849050 217
1849060 217
1849070 217
1849080 217
1849090 216
1849100 216
1849110 216
1849120 216
1849130 216
1849140 216
1849150 216
1849160 216
1849170 216
1849180 216
1849190 216
1849200 216
1849210 217
1849220 217
1849230 217
1849240 217
1849250 217
1849260 217
1849270 217
1849280 217
1849290 217
1849300 217
1849310 217
1849320 217
1849330 217
1849340 217
1849350 217
1849360 217
1849370 217
1849380 216
1849390 216
1849400 216
1849410 216
1849420 216
1849430 216
1849440 215
1849450 215
1849460 215
1849470 215
1849480 214
1849490 214
1849500 214
1849510 214
1849520 213
1849530 212
1849540 212
1849550 211
1849560 211
1849570 211
1849580 209
1849590 208
1849600 208
1849610 207
1849620 206
1849630 206
1849640 205
1849650 205
1849660 205
1849670 204
1849680 203
1849690 204
1849700 203
1849710 203
1849720 203
1849730 202
1849740 202
1849750 202
1849760 203
1849770 203
1849780 203
1849790 203
1849800 203
1849810 203
1849820 201
1849830 199
1849840 199
1849850 198
1849860 197
1849870 197
1849880 197
1849890 196
1849900 196
1849910 196
1849920 195
1849930 195
1849940 195
1849950 194
1849960 194
1849970 194
1849980 194
1849990 194
1850000 193
1850010 193
1850020 193
1850030 192
1850040 193
1850050 193
1850060 193
1850070 192
1850080 192
1850090 192
1850100 191
1850110 191
1850120 191
1850130 191
1850140 191
1850150 190
1850160 190
1850170 190
1850180 189
1850190 189
1850200 189
1850210 189
1850220 189
1850230 189
1850240 188
1850250 188
1850260 188
1850270 188
1850280 188
1850290 188
1850300 187
1850310 187
1850320 187
1850330 187
1850340 187
1850350 187
1850360 187
1850370 187
1850380 187
1850390 186
1850400 187
1850410 187
1850420 186
1850430 186
1850440 186
1850450 186
1850460 186
1850470 186
1850480 186
1850490 186
1850500 186
1850510 186
1850520 186
1850530 186
1850540 186
1850550 186
1850560 186
1850570 186
1850580 186
1850590 186
1850600 186
1850610 186
1850620 185
1850630 185
1850640 185
1850650 185
1850660 185
1850670 185
1850680 185
1850690 185
1850700 185
1850710 186
1850720 186
1850730 186
1850740 186
1850750 186
1850760 186
1850770 186
1850780 186
1850790 186
1850800 186
1850810 186
1850820 186
1850830 186
1850840 186
1850850 186
1850860 186
1850870 186
1850880 186
1850890 186
1850900 186
1850910 186
1850920 186
1850930 186
1850940 186
1850950 185
1850960 185
1850970 185
1850980 186
1850990 185
1851000 185
1851010 185
1851020 185
1851030 184
1851040 185
1851050 185
1851060 185
1851070 185
1851080 185
1851090 185
1851100 185
1851110 184
1851120 185
1851130 185
1851140 185
1851150 185
1851160 185
1851170 185
1851180 185
1851190 184
1851200 184
1851210 184
1851220 184
1851230 184
1851240 184
1851250 183
1851260 183
1851270 183
1851280 183
1851290 183
1851300 183
1851310 183
1851320 183
1851330 183
1851340 183
1851350 183
1851360 183
1851370 183
1851380 183
1851390 183
1851400 183
1851410 183
1851420 183
1851430 184
1851440 184
1851450 185
1851460 185
1851470 184
1851480 185
1851490 185
1851500 185
1851510 185
1851520 185
1851530 185
1851540 185
1851550 184
1851560 184
1851570 185
1851580 185
1851590 185
1851600 185
1851610 185
1851620 185
1851630 185
1851640 185
1851650 185
1851660 185
1851670 185
1851680 185
1851690 185
1851700 185
1851710 185
1851720 185
1851730 185
1851740 185
1851750 186
1851760 186
1851770 187
1851780 187
1851790 187
1851800 187
1851810 187
1851820 187
1851830 187
1851840 187
1851850 187
1851860 187
1851870 187
1851880 187
1851890 188
1851900 188
1851910 188
1851920 188
1851930 188
1851940 188
1851950 188
1851960 188
1851970 188
1851980 189
1851990 189
1852000 189
1852010 189
1852020 190
1852030 190
1852040 189
1852050 190
1852060 190
1852070 191
1852080 191
1852090 191
1852100 191
1852110 192
1852120 192
1852130 192
1852140 192
1852150 192
1852160 193
1852170 193
1852180 192
1852190 193
1852200 193
1852210 193
1852220 193
1852230 194
1852240 194
1852250 194
1852260 194
1852270 194
1852280 194
1852290 194
1852300 194
1852310 194
1852320 194
1852330 194
1852340 194
1852350 194
1852360 194
1852370 194
1852380 193
1852390 193
1852400 193
1852410 193
1852420 193
1852430 193
1852440 193
1852450 193
1852460 193
1852470 192
1852480 192
1852490 193
1852500 193
1852510 195
1852520 195
1852530 195
1852540 194
1852550 191
1852560 191
1852570 190
1852580 190
1852590 190
1852600 189
1852610 189
1852620 189
1852630 189
1852640 188
1852650 188
1852660 188
1852670 188
1852680 188
1852690 187
1852700 187
1852710 187
1852720 187
1852730 186
1852740 186
1852750 186
1852760 186
1852770 186
1852780 186
1852790 186
1852800 186
1852810 186
1852820 186
1852830 186
1852840 186
1852850 187
1852860 187
1852870 186
1852880 186
1852890 186
1852900 186
1852910 186
1852920 186
1852930 186
1852940 186
1852950 186
1852960 187
1852970 187
1852980 187
1852990 188
1853000 191
1853010 191
1853020 192
1853030 191
1853040 191
1853050 191
1853060 191
1853070 191
1853080 193
1853090 194
1853100 194
1853110 194
1853120 194
1853130 194
1853140 195
1853150 196
1853160 196
1853170 197
1853180 198
1853190 198
1853200 198
1853210 198
1853220 198
1853230 198
1853240 199
1853250 198
1853260 198
1853270 198
1853280 198
1853290 198
1853300 198
1853310 197
1853320 197
1853330 197
1853340 196
1853350 196
1853360 196
1853370 197
1853380 197
1853390 197
1853400 197
1853410 197
1853420 197
1853430 198
1853440 198
1853450 198
1853460 198
1853470 199
1853480 199
1853490 199
1853500 199
1853510 199
1853520 199
1853530 199
1853540 199
1853550 199
1853560 199
1853570 199
1853580 199
1853590 200
1853600 199
1853610 199
1853620 199
1853630 199
1853640 199
1853650 199
1853660 199
1853670 199
1853680 199
1853690 199
1853700 199
1853710 199
1853720 199
1853730 199
1853740 199
1853750 199
1853760 199
1853770 199
1853780 199
1853790 199
1853800 199
1853810 199
1853820 199
1853830 199
1853840 199
1853850 199
1853860 199
1853870 199
1853880 200
1853890 200
1853900 200
1853910 200
1853920 200
1853930 200
1853940 200
1853950 200
1853960 200
1853970 200
1853980 200
1853990 200
1854000 200
1854010 200
1854020 200
1854030 200
1854040 200
1854050 201
1854060 201
1854070 201
1854080 201
1854090 201
1854100 201
1854110 201
1854120 201
1854130 201
1854140 201
1854150 201
1854160 201
1854170 201
1854180 201
1854190 201
1854200 201
1854210 201
1854220 201
1854230 202
1854240 202
1854250 202
1854260 202
1854270 202
1854280 202
1854290 202
1854300 203
1854310 203
1854320 203
1854330 203
1854340 203
1854350 203
1854360 204
1854370 204
1854380 204
1854390 204
1854400 204
1854410 204
1854420 205
1854430 205
1854440 205
1854450 205
1854460 205
1854470 205
1854480 205
1854490 205
1854500 205
1854510 205
1854520 205
1854530 206
1854540 206
1854550 206
1854560 206
1854570 206
1854580 206
1854590 206
1854600 206
1854610 206
1854620 206
1854630 206
1854640 206
1854650 207
1854660 207
1854670 207
1854680 207
1854690 207
1854700 207
1854710 208
1854720 208
1854730 208
1854740 208
1854750 208
1854760 209
1854770 209
1854780 209
1854790 210
1854800 210
1854810 210
1854820 210
1854830 211
1854840 211
1854850 211
1854860 212
1854870 212
1854880 212
1854890 213
1854900 213
1854910 213
1854920 213
1854930 213
1854940 213
1854950 213
1854960 213
1854970 214
1854980 214
1854990 214
1855000 214
1855010 214
1855020 214
1855030 214
1855040 214
1855050 214
1855060 214
1855070 214
1855080 214
1855090 214
1855100 214
1855110 214
1855120 213
1855130 213
1855140 213
1855150 213
1855160 212
1855170 212
1855180 212
1855190 211
1855200 211
1855210 210
1855220 210
1855230 210
1855240 210
1855250 210
1855260 210
1855270 210
1855280 210
1855290 210
1855300 210
1855310 210
1855320 210
1855330 210
1855340 210
1855350 210
1855360 210
1855370 209
1855380 209
1855390 209
1855400 209
1855410 209
1855420 209
1855430 209
1855440 209
1855450 208
1855460 208
1855470 208
1855480 208
1855490 208
1855500 208
1855510 208
1855520 208
1855530 208
1855540 207
1855550 207
1855560 207
1855570 207
1855580 207
1855590 207
1855600 207
1855610 207
1855620 206
1855630 206
1855640 206
1855650 206
1855660 206
1855670 206
1855680 205
1855690 205
1855700 205
1855710 205
1855720 205
1855730 205
1855740 205
1855750 205
1855760 205
1855770 205
1855780 205
1855790 205
1855800 205
1855810 205
1855820 205
1855830 205
1855840 205
1855850 205
1855860 205
1855870 205
1855880 205
1855890 205
1855900 205
1855910 205
1855920 205
1855930 205
1855940 205
1855950 205
1855960 206
1855970 206
1855980 206
1855990 206
1856000 206
1856010 206
1856020 207
1856030 207
1856040 207
1856050 207
1856060 207
1856070 207
1856080 207
1856090 207
1856100 208
1856110 208
1856120 208
1856130 209
1856140 209
1856150 209
1856160 210
1856170 210
1856180 210
1856190 210
1856200 210
1856210 211
1856220 211
1856230 211
1856240 212
1856250 213
1856260 213
1856270 214
1856280 215
1856290 215
1856300 215
1856310 216
1856320 216
1856330 217
1856340 218
1856350 218
1856360 218
1856370 218
1856380 218
1856390 219
1856400 219
1856410 219
1856420 218
1856430 218
1856440 218
1856450 218
1856460 218
1856470 218
1856480 218
1856490 217
1856500 217
1856510 217
1856520 217
1856530 217
1856540 217
1856550 218
1856560 218
1856570 218
1856580 218
1856590 218
1856600 218
1856610 218
1856620 218
1856630 218
1856640 218
1856650 218
1856660 218
1856670 218
1856680 218
1856690 218
1856700 218
1856710 218
1856720 218
1856730 218
1856740 218
1856750 218
1856760 218
1856770 218
1856780 218
1856790 218
1856800 218
1856810 218
1856820 218
1856830 218
1856840 218
1856850 218
1856860 218
1856870 218
1856880 218
1856890 218
1856900 218
1856910 218
1856920 218
1856930 218
1856940 218
1856950 218
1856960 218
1856970 218
1856980 218
1856990 218
1857000 218
1857010 218
1857020 218
1857030 218
1857040 218
1857050 218
1857060 218
1857070 218
1857080 218
1857090 218
1857100 218
1857110 218
1857120 217
1857130 217
1857140 217
1857150 217
1857160 217
1857170 217
1857180 217
1857190 217
1857200 217
1857210 217
1857220 217
1857230 217
1857240 217
1857250 217
1857260 216
1857270 216
1857280 216
1857290 216
1857300 216
1857310 216
1857320 216
1857330 216
1857340 216
1857350 216
1857360 216
1857370 216
1857380 216
1857390 216
1857400 216
1857410 216
1857420 216
1857430 216
1857440 216
1857450 216
1857460 216
1857470 216
1857480 216
1857490 216
1857500 216
1857510 216
1857520 216
1857530 217
1857540 217
1857550 217
1857560 217
1857570 217
1857580 217
1857590 217
1857600 217
1857610 218
1857620 218
1857630 218
1857640 218
1857650 219
1857660 219
1857670 219
1857680 219
1857690 219
1857700 219
1857710 219
1857720 220
1857730 220
1857740 220
1857750 220
1857760 220
1857770 220
1857780 220
1857790 220
1857800 220
1857810 220
1857820 220
1857830 220
1857840 220
1857850 220
1857860 220
1857870 220
1857880 220
1857890 220
1857900 219
1857910 219
1857920 219
1857930 219
1857940 219
1857950 219
1857960 219
1857970 218
1857980 218
1857990 218
1858000 218
1858010 218
1858020 218
1858030 217
1858040 217
1858050 217
1858060 217
1858070 217
1858080 217
1858090 216
1858100 216
1858110 216
1858120 216
1858130 216
1858140 215
1858150 215
1858160 215
1858170 215
1858180 214
1858190 214
1858200 214
1858210 213
1858220 213
1858230 213
1858240 213
1858250 213
1858260 212
1858270 212
1858280 212
1858290 212
1858300 211
1858310 211
1858320 211
1858330 211
1858340 211
1858350 210
1858360 210
1858370 210
1858380 209
1858390 209
1858400 209
1858410 209
1858420 209
1858430 208
1858440 208
1858450 208
1858460 207
1858470 207
1858480 207
1858490 206
1858500 205
1858510 205
1858520 204
1858530 204
1858540 204
1858550 203
1858560 203
1858570 203
1858580 204
1858590 203
1858600 203
1858610 202
1858620 202
1858630 202
1858640 202
1858650 202
1858660 202
1858670 202
1858680 202
1858690 202
1858700 201
1858710 200
1858720 200
1858730 200
1858740 200
1858750 200
1858760 200
1858770 200
1858780 200
1858790 200
1858800 200
1858810 200
1858820 200
1858830 200
1858840 200
1858850 200
1858860 200
1858870 200
1858880 200
1858890 200
1858900 200
1858910 201
1858920 201
1858930 201
1858940 201
1858950 201
1858960 201
1858970 201
1858980 202
1858990 202
1859000 202
1859010 202
1859020 202
1859030 201
1859040 201
1859050 201
1859060 201
1859070 201
1859080 201
1859090 201
1859100 201
1859110 201
1859120 201
1859130 201
1859140 201
1859150 201
1859160 201
1859170 201
1859180 201
1859190 201
1859200 202
1859210 202
1859220 202
1859230 202
1859240 203
1859250 203
1859260 203
1859270 204
1859280 204
1859290 205
1859300 208
1859310 208
1859320 209
1859330 211
1859340 211
1859350 214
1859360 216
1859370 216
1859380 218
1859390 219
1859400 219
1859410 221
1859420 222
1859430 222
1859440 222
1859450 223
1859460 223
1859470 223
1859480 223
1859490 223
1859500 224
1859510 223
1859520 223
1859530 223
1859540 223
1859550 223
1859560 219
1859570 219
1859580 219
1859590 219
1859600 220
1859610 220
1859620 220
1859630 219
1859640 219
1859650 219
1859660 218
1859670 218
1859680 219
1859690 219
1859700 219
1859710 219
1859720 219
1859730 219
1859740 218
1859750 218
1859760 218
1859770 218
1859780 217
1859790 217
1859800 216
1859810 214
1859820 214
1859830 213
1859840 214
1859850 214
1859860 217
1859870 219
1859880 219
1859890 220
1859900 220
1859910 222
1859920 224
1859930 224
1859940 225
1859950 226
1859960 226
1859970 226
1859980 227
1859990 227
