1840000 263
1840010 263
1840020 263
1840030 261
1840040 261
1840050 261
1840060 261
1840070 259
1840080 259
1840090 259
1840100 258
1840110 258
1840120 257
1840130 256
1840140 256
1840150 254
1840160 253
1840170 253
1840180 252
1840190 252
1840200 251
1840210 250
1840220 250
1840230 249
1840240 248
1840250 248
1840260 248
1840270 248
1840280 248
1840290 248
1840300 248
1840310 248
1840320 249
1840330 249
1840340 249
1840350 249
1840360 249
1840370 249
1840380 249
1840390 248
1840400 248
1840410 247
1840420 247
1840430 247
1840440 246
1840450 245
1840460 245
1840470 244
1840480 242
1840490 242
1840500 241
1840510 239
1840520 239
1840530 238
1840540 237
1840550 237
1840560 236
1840570 235
1840580 235
1840590 234
1840600 233
1840610 233
1840620 232
1840630 231
1840640 231
1840650 231
1840660 232
1840670 232
1840680 233
1840690 234
1840700 234
1840710 235
1840720 236
1840730 236
1840740 236
1840750 236
1840760 236
1840770 236
1840780 236
1840790 236
1840800 236
1840810 235
1840820 235
1840830 234
1840840 234
1840850 234
1840860 234
1840870 234
1840880 234
1840890 234
1840900 235
1840910 235
1840920 235
1840930 235
1840940 235
1840950 235
1840960 235
1840970 235
1840980 235
1840990 235
1841000 235
1841010 235
1841020 235
1841030 234
1841040 234
1841050 234
1841060 233
1841070 233
1841080 233
1841090 233
1841100 232
1841110 232
1841120 232
1841130 231
1841140 231
1841150 231
1841160 230
1841170 230
1841180 230
1841190 229
1841200 229
1841210 228
1841220 228
1841230 228
1841240 227
1841250 226
1841260 226
1841270 225
1841280 224
1841290 224
1841300 224
1841310 223
1841320 223
1841330 222
1841340 222
1841350 222
1841360 221
1841370 220
1841380 220
1841390 220
1841400 219
1841410 219
1841420 218
1841430 217
1841440 217
1841450 217
1841460 216
1841470 216
1841480 216
1841490 216
1841500 216
1841510 216
1841520 215
1841530 215
1841540 215
1841550 215
1841560 215
1841570 215
1841580 215
1841590 215
1841600 215
1841610 215
1841620 215
1841630 215
1841640 215
1841650 215
1841660 215
1841670 215
1841680 215
1841690 214
1841700 214
1841710 214
1841720 214
1841730 214
1841740 214
1841750 214
1841760 214
1841770 214
1841780 214
1841790 214
1841800 214
1841810 214
1841820 214
1841830 214
1841840 214
1841850 214
1841860 215
1841870 215
1841880 215
1841890 215
1841900 216
1841910 216
1841920 216
1841930 216
1841940 216
1841950 216
1841960 216
1841970 216
1841980 217
1841990 217
1842000 217
1842010 217
1842020 217
1842030 217
1842040 219
1842050 220
1842060 220
1842070 221
1842080 221
1842090 221
1842100 221
1842110 221
1842120 221
1842130 221
1842140 221
1842150 221
1842160 222
1842170 222
1842180 222
1842190 222
1842200 223
1842210 223
1842220 225
1842230 225
1842240 225
1842250 225
1842260 225
1842270 225
1842280 225
1842290 225
1842300 225
1842310 225
1842320 225
1842330 225
1842340 225
1842350 225
1842360 225
1842370 225
1842380 225
1842390 225
1842400 225
1842410 225
1842420 225
1842430 225
1842440 225
1842450 225
1842460 225
1842470 225
1842480 224
1842490 224
1842500 224
1842510 223
1842520 222
1842530 222
1842540 221
1842550 221
1842560 221
1842570 220
1842580 219
1842590 220
1842600 219
1842610 218
1842620 218
1842630 217
1842640 217
1842650 217
1842660 218
1842670 219
1842680 219
1842690 222
1842700 224
1842710 224
1842720 226
1842730 228
1842740 228
1842750 229
1842760 230
1842770 230
1842780 231
1842790 231
1842800 231
1842810 232
1842820 232
1842830 232
1842840 232
1842850 232
1842860 232
1842870 233
1842880 232
1842890 232
1842900 232
1842910 231
1842920 231
1842930 231
1842940 231
1842950 231
1842960 230
1842970 230
1842980 230
1842990 230
1843000 229
1843010 229
1843020 229
1843030 228
1843040 228
1843050 228
1843060 227
1843070 227
1843080 227
1843090 226
1843100 226
1843110 226
1843120 225
1843130 225
1843140 225
1843150 225
1843160 225
1843170 224
1843180 224
1843190 224
1843200 223
1843210 223
1843220 223
1843230 223
1843240 223
1843250 222
1843260 222
1843270 222
1843280 221
1843290 221
1843300 221
1843310 221
1843320 220
1843330 220
1843340 220
1843350 219
1843360 219
1843370 219
1843380 219
1843390 219
1843400 218
1843410 218
1843420 218
1843430 219
1843440 218
1843450 218
1843460 217
1843470 216
1843480 216
1843490 216
1843500 216
1843510 216
1843520 215
1843530 215
1843540 215
1843550 215
1843560 214
1843570 214
1843580 214
1843590 214
1843600 214
1843610 214
1843620 213
1843630 213
1843640 213
1843650 213
1843660 213
1843670 212
1843680 212
1843690 212
1843700 212
1843710 211
1843720 211
1843730 211
1843740 211
1843750 211
1843760 210
1843770 210
1843780 210
1843790 210
1843800 209
1843810 209
1843820 209
1843830 209
1843840 209
1843850 208
1843860 208
1843870 208
1843880 207
1843890 207
1843900 207
1843910 207
1843920 207
1843930 207
1843940 206
1843950 206
1843960 206
1843970 205
1843980 205
1843990 204
1844000 204
1844010 204
1844020 203
1844030 202
1844040 202
1844050 201
1844060 201
1844070 201
1844080 201
1844090 201
1844100 201
1844110 201
1844120 200
1844130 200
1844140 201
1844150 200
1844160 200
1844170 200
1844180 201
1844190 201
1844200 201
1844210 201
1844220 201
1844230 202
1844240 202
1844250 202
1844260 202
1844270 202
1844280 202
1844290 203
1844300 203
1844310 203
1844320 203
1844330 202
1844340 202
1844350 203
1844360 204
1844370 204
1844380 206
1844390 207
1844400 206
1844410 208
1844420 209
1844430 209
1844440 210
1844450 211
1844460 211
1844470 212
1844480 213
1844490 213
1844500 215
1844510 216
1844520 216
1844530 217
1844540 218
1844550 218
1844560 219
1844570 220
1844580 220
1844590 221
1844600 221
1844610 222
1844620 222
1844630 222
1844640 223
1844650 224
1844660 224
1844670 225
1844680 226
1844690 226
1844700 227
1844710 228
1844720 228
1844730 229
1844740 230
1844750 230
1844760 231
1844770 232
1844780 232
1844790 233
1844800 234
1844810 234
1844820 235
1844830 236
1844840 236
1844850 238
1844860 239
1844870 239
1844880 240
1844890 242
1844900 242
1844910 243
1844920 244
1844930 244
1844940 245
1844950 246
1844960 246
1844970 247
1844980 248
1844990 248
1845000 249
1845010 250
1845020 250
1845030 250
1845040 251
1845050 251
1845060 251
1845070 252
1845080 252
1845090 252
1845100 253
1845110 253
1845120 253
1845130 254
1845140 254
1845150 254
1845160 255
1845170 255
1845180 255
1845190 256
1845200 256
1845210 256
1845220 256
1845230 256
1845240 257
1845250 257
1845260 257
1845270 257
1845280 257
1845290 257
1845300 257
1845310 257
1845320 257
1845330 257
1845340 257
1845350 257
1845360 257
1845370 257
1845380 257
1845390 258
1845400 258
1845410 258
1845420 258
1845430 258
1845440 257
1845450 257
1845460 257
1845470 258
1845480 258
1845490 258
1845500 258
1845510 258
1845520 258
1845530 258
1845540 258
1845550 258
1845560 258
1845570 258
1845580 258
1845590 258
1845600 258
1845610 258
1845620 258
1845630 258
1845640 258
1845650 258
1845660 258
1845670 258
1845680 258
1845690 258
1845700 258
1845710 258
1845720 258
1845730 258
1845740 258
1845750 258
1845760 258
1845770 258
1845780 258
1845790 258
1845800 258
1845810 258
1845820 258
1845830 258
1845840 258
1845850 259
1845860 258
1845870 259
1845880 259
1845890 259
1845900 259
1845910 259
1845920 259
1845930 259
1845940 259
1845950 258
1845960 258
1845970 258
1845980 258
1845990 258
1846000 258
1846010 258
1846020 258
1846030 258
1846040 258
1846050 257
1846060 257
1846070 257
1846080 257
1846090 257
1846100 257
1846110 257
1846120 257
1846130 257
1846140 257
1846150 257
1846160 256
1846170 256
1846180 256
1846190 256
1846200 256
1846210 256
1846220 256
1846230 256
1846240 256
1846250 255
1846260 255
1846270 255
1846280 255
1846290 255
1846300 254
1846310 254
1846320 254
1846330 254
1846340 254
1846350 254
1846360 253
1846370 253
1846380 253
1846390 253
1846400 253
1846410 253
1846420 252
1846430 252
1846440 252
1846450 251
1846460 251
1846470 251
1846480 250
1846490 250
1846500 250
1846510 249
1846520 248
1846530 248
1846540 248
1846550 247
1846560 247
1846570 246
1846580 245
1846590 245
1846600 244
1846610 243
1846620 243
1846630 242
1846640 240
1846650 240
1846660 239
1846670 238
1846680 238
1846690 238
1846700 237
1846710 237
1846720 237
1846730 236
1846740 236
1846750 235
1846760 234
1846770 234
1846780 233
1846790 233
1846800 233
1846810 232
1846820 232
1846830 230
1846840 229
1846850 229
1846860 229
1846870 228
1846880 228
1846890 227
1846900 227
1846910 227
1846920 227
1846930 227
1846940 227
1846950 227
1846960 228
1846970 228
1846980 228
1846990 229
1847000 229
1847010 229
1847020 230
1847030 230
1847040 231
1847050 231
1847060 231
1847070 231
1847080 232
1847090 232
1847100 231
1847110 230
1847120 230
1847130 229
1847140 228
1847150 228
1847160 227
1847170 226
1847180 226
1847190 226
1847200 226
1847210 226
1847220 225
1847230 226
1847240 226
1847250 227
1847260 228
1847270 228
1847280 230
1847290 231
1847300 232
1847310 233
1847320 234
1847330 234
1847340 235
1847350 236
1847360 236
1847370 236
1847380 237
1847390 237
1847400 237
1847410 237
1847420 237
1847430 238
1847440 238
1847450 238
1847460 238
1847470 238
1847480 238
1847490 239
1847500 239
1847510 239
1847520 240
1847530 240
1847540 240
1847550 240
1847560 240
1847570 241
1847580 241
1847590 241
1847600 241
1847610 241
1847620 241
1847630 242
1847640 242
1847650 242
1847660 242
1847670 242
1847680 242
1847690 242
1847700 242
1847710 242
1847720 242
1847730 241
1847740 241
1847750 241
1847760 241
1847770 241
1847780 241
1847790 241
1847800 241
1847810 241
1847820 241
1847830 241
1847840 240
1847850 240
1847860 240
1847870 240
1847880 240
1847890 240
1847900 240
1847910 239
1847920 239
1847930 239
1847940 239
1847950 239
1847960 238
1847970 238
1847980 238
1847990 238
1848000 238
1848010 238
1848020 238
1848030 238
1848040 238
1848050 238
1848060 237
1848070 237
1848080 237
1848090 237
1848100 237
1848110 237
1848120 237
1848130 237
1848140 237
1848150 237
1848160 237
1848170 237
1848180 237
1848190 237
1848200 236
1848210 236
1848220 236
1848230 236
1848240 236
1848250 236
1848260 235
1848270 235
1848280 235
1848290 235
1848300 235
1848310 234
1848320 234
1848330 234
1848340 233
1848350 233
1848360 233
1848370 234
1848380 234
1848390 234
1848400 234
1848410 234
1848420 234
1848430 234
1848440 234
1848450 234
1848460 234
1848470 234
1848480 234
1848490 234
1848500 233
1848510 233
1848520 233
1848530 233
1848540 233
1848550 232
1848560 232
1848570 232
1848580 232
1848590 232
1848600 232
1848610 232
1848620 231
1848630 231
1848640 231
1848650 231
1848660 231
1848670 231
1848680 231
1848690 231
1848700 230
1848710 230
1848720 230
1848730 230
1848740 230
1848750 230
1848760 230
1848770 230
1848780 230
1848790 229
1848800 229
1848810 229
1848820 229
1848830 229
1848840 229
1848850 229
1848860 229
1848870 229
1848880 228
1848890 228
1848900 228
1848910 228
1848920 227
1848930 227
1848940 227
1848950 227
1848960 227
1848970 227
1848980 227
1848990 227
1849000 227
1849010 227
1849020 226
1849030 226
1849040 226
1849050 226
1849060 226
1849070 226
1849080 225
1849090 225
1849100 225
1849110 224
1849120 224
1849130 224
1849140 224
1849150 223
1849160 223
1849170 223
1849180 223
1849190 223
1849200 222
1849210 222
1849220 222
1849230 221
1849240 221
1849250 221
1849260 221
1849270 220
1849280 220
1849290 220
1849300 220
1849310 220
1849320 220
1849330 219
1849340 219
1849350 219
1849360 218
1849370 218
1849380 218
1849390 218
1849400 218
1849410 217
1849420 217
1849430 217
1849440 217
1849450 216
1849460 216
1849470 216
1849480 215
1849490 215
1849500 215
1849510 214
1849520 214
1849530 214
1849540 214
1849550 214
1849560 213
1849570 213
1849580 213
1849590 213
1849600 213
1849610 213
1849620 212
1849630 212
1849640 212
1849650 212
1849660 211
1849670 211
1849680 211
1849690 211
1849700 211
1849710 211
1849720 210
1849730 210
1849740 210
1849750 210
1849760 210
1849770 209
1849780 209
1849790 209
1849800 209
1849810 208
1849820 208
1849830 207
1849840 207
1849850 207
1849860 207
1849870 207
1849880 206
1849890 206
1849900 206
1849910 205
1849920 205
1849930 205
1849940 205
1849950 204
1849960 204
1849970 204
1849980 203
1849990 203
1850000 203
1850010 203
1850020 203
1850030 202
1850040 202
1850050 202
1850060 201
1850070 201
1850080 201
1850090 200
1850100 200
1850110 200
1850120 199
1850130 199
1850140 199
1850150 198
1850160 197
1850170 197
1850180 197
1850190 196
1850200 196
1850210 196
1850220 195
1850230 195
1850240 194
1850250 194
1850260 194
1850270 193
1850280 193
1850290 193
1850300 192
1850310 192
1850320 192
1850330 191
1850340 191
1850350 191
1850360 191
1850370 191
1850380 191
1850390 191
1850400 191
1850410 191
1850420 191
1850430 191
1850440 191
1850450 190
1850460 190
1850470 190
1850480 191
1850490 191
1850500 191
1850510 191
1850520 191
1850530 191
1850540 192
1850550 192
1850560 195
1850570 198
1850580 198
1850590 199
1850600 200
1850610 200
1850620 200
1850630 202
1850640 202
1850650 204
1850660 204
1850670 204
1850680 205
1850690 205
1850700 205
1850710 206
1850720 206
1850730 206
1850740 206
1850750 206
1850760 206
1850770 207
1850780 206
1850790 206
1850800 206
1850810 207
1850820 207
1850830 207
1850840 208
1850850 208
1850860 208
1850870 208
1850880 209
1850890 209
1850900 210
1850910 210
1850920 210
1850930 211
1850940 211
1850950 212
1850960 212
1850970 212
1850980 212
1850990 212
1851000 212
1851010 213
1851020 213
1851030 213
1851040 213
1851050 213
1851060 213
1851070 213
1851080 213
1851090 213
1851100 214
1851110 214
1851120 214
1851130 214
1851140 214
1851150 214
1851160 214
1851170 214
1851180 214
1851190 214
1851200 214
1851210 214
1851220 214
1851230 214
1851240 214
1851250 214
1851260 214
1851270 213
1851280 213
1851290 213
1851300 213
1851310 213
1851320 213
1851330 212
1851340 212
1851350 212
1851360 212
1851370 211
1851380 211
1851390 211
1851400 210
1851410 210
1851420 210
1851430 210
1851440 210
1851450 209
1851460 209
1851470 209
1851480 208
1851490 207
1851500 207
1851510 206
1851520 206
1851530 206
1851540 205
1851550 204
1851560 204
1851570 203
1851580 202
1851590 202
1851600 201
1851610 200
1851620 200
1851630 199
1851640 199
1851650 199
1851660 198
1851670 197
1851680 197
1851690 197
1851700 196
1851710 196
1851720 195
1851730 195
1851740 195
1851750 194
1851760 194
1851770 194
1851780 193
1851790 193
1851800 193
1851810 191
1851820 188
1851830 188
1851840 188
1851850 189
1851860 189
1851870 189
1851880 189
1851890 189
1851900 189
1851910 189
1851920 189
1851930 188
1851940 189
1851950 189
1851960 188
1851970 188
1851980 188
1851990 187
1852000 187
1852010 186
1852020 186
1852030 186
1852040 185
1852050 185
1852060 185
1852070 185
1852080 185
1852090 185
1852100 185
1852110 185
1852120 185
1852130 185
1852140 185
1852150 185
1852160 185
1852170 184
1852180 184
1852190 184
1852200 184
1852210 184
1852220 184
1852230 184
1852240 184
1852250 184
1852260 184
1852270 184
1852280 183
1852290 184
1852300 185
1852310 185
1852320 184
1852330 184
1852340 184
1852350 184
1852360 184
1852370 184
1852380 181
1852390 181
1852400 183
1852410 183
1852420 183
1852430 183
1852440 183
1852450 183
1852460 183
1852470 183
1852480 183
1852490 183
1852500 183
1852510 183
1852520 183
1852530 183
1852540 183
1852550 183
1852560 183
1852570 183
1852580 183
1852590 183
1852600 183
1852610 183
1852620 183
1852630 183
1852640 183
1852650 183
1852660 183
1852670 184
1852680 184
1852690 184
1852700 184
1852710 184
1852720 184
1852730 185
1852740 185
1852750 185
1852760 185
1852770 185
1852780 186
1852790 186
1852800 186
1852810 186
1852820 186
1852830 186
1852840 186
1852850 187
1852860 187
1852870 188
1852880 189
1852890 189
1852900 190
1852910 191
1852920 191
1852930 192
1852940 192
1852950 192
1852960 192
1852970 192
1852980 192
1852990 192
1853000 192
1853010 191
1853020 191
1853030 192
1853040 192
1853050 193
1853060 193
1853070 193
1853080 193
1853090 193
1853100 193
1853110 193
1853120 193
1853130 193
1853140 193
1853150 193
1853160 193
1853170 193
1853180 193
1853190 193
1853200 193
1853210 193
1853220 193
1853230 193
1853240 193
1853250 193
1853260 193
1853270 193
1853280 193
1853290 193
1853300 194
1853310 194
1853320 194
1853330 194
1853340 194
1853350 195
1853360 196
1853370 196
1853380 197
1853390 197
1853400 197
1853410 197
1853420 197
1853430 197
1853440 198
1853450 198
1853460 199
1853470 199
1853480 199
1853490 200
1853500 200
1853510 200
1853520 201
1853530 201
1853540 201
1853550 202
1853560 202
1853570 202
1853580 202
1853590 202
1853600 202
1853610 202
1853620 202
1853630 202
1853640 202
1853650 202
1853660 202
1853670 202
1853680 202
1853690 202
1853700 202
1853710 201
1853720 200
1853730 200
1853740 200
1853750 200
1853760 199
1853770 199
1853780 199
1853790 199
1853800 200
1853810 200
1853820 201
1853830 202
1853840 202
1853850 203
1853860 205
1853870 205
1853880 205
1853890 206
1853900 206
1853910 207
1853920 207
1853930 207
1853940 207
1853950 207
1853960 207
1853970 207
1853980 207
1853990 207
1854000 207
1854010 207
1854020 207
1854030 206
1854040 206
1854050 206
1854060 205
1854070 205
1854080 205
1854090 204
1854100 203
1854110 203
1854120 202
1854130 202
1854140 201
1854150 200
1854160 200
1854170 199
1854180 198
1854190 198
1854200 197
1854210 196
1854220 196
1854230 195
1854240 195
1854250 195
1854260 196
1854270 197
1854280 197
1854290 198
1854300 199
1854310 199
1854320 200
1854330 201
1854340 201
1854350 202
1854360 202
1854370 202
1854380 203
1854390 203
1854400 203
1854410 203
1854420 204
1854430 204
1854440 204
1854450 205
1854460 205
1854470 205
1854480 205
1854490 205
1854500 205
1854510 205
1854520 205
1854530 206
1854540 206
1854550 206
1854560 206
1854570 206
1854580 206
1854590 206
1854600 206
1854610 206
1854620 206
1854630 206
1854640 206
1854650 206
1854660 206
1854670 206
1854680 206
1854690 206
1854700 206
1854710 206
1854720 206
1854730 206
1854740 207
1854750 207
1854760 207
1854770 207
1854780 208
1854790 208
1854800 209
1854810 209
1854820 209
1854830 209
1854840 209
1854850 209
1854860 210
1854870 210
1854880 210
1854890 210
1854900 210
1854910 211
1854920 211
1854930 211
1854940 212
1854950 212
1854960 212
1854970 213
1854980 213
1854990 213
1855000 213
1855010 214
1855020 214
1855030 214
1855040 214
1855050 214
1855060 215
1855070 215
1855080 215
1855090 215
1855100 215
1855110 215
1855120 216
1855130 216
1855140 216
1855150 216
1855160 216
1855170 216
1855180 216
1855190 216
1855200 216
1855210 215
1855220 215
1855230 215
1855240 215
1855250 215
1855260 215
1855270 215
1855280 215
1855290 215
1855300 214
1855310 214
1855320 214
1855330 213
1855340 213
1855350 213
1855360 212
1855370 212
1855380 212
1855390 212
1855400 211
1855410 211
1855420 211
1855430 211
1855440 211
1855450 210
1855460 210
1855470 210
1855480 209
1855490 208
1855500 208
1855510 208
1855520 207
1855530 207
1855540 207
1855550 206
1855560 206
1855570 206
1855580 206
1855590 205
1855600 205
1855610 205
1855620 205
1855630 204
1855640 204
1855650 204
1855660 203
1855670 203
1855680 203
1855690 202
1855700 202
1855710 202
1855720 202
1855730 202
1855740 201
1855750 201
1855760 201
1855770 201
1855780 200
1855790 200
1855800 200
1855810 199
1855820 199
1855830 199
1855840 198
1855850 198
1855860 198
1855870 198
1855880 198
1855890 198
1855900 197
1855910 197
1855920 197
1855930 197
1855940 197
1855950 197
1855960 197
1855970 197
1855980 197
1855990 196
1856000 196
1856010 196
1856020 196
1856030 196
1856040 196
1856050 196
1856060 196
1856070 195
1856080 195
1856090 195
1856100 195
1856110 195
1856120 195
1856130 195
1856140 194
1856150 194
1856160 194
1856170 195
1856180 195
1856190 195
1856200 196
1856210 196
1856220 196
1856230 197
1856240 197
1856250 197
1856260 197
1856270 197
1856280 198
1856290 198
1856300 198
1856310 198
1856320 198
1856330 199
1856340 199
1856350 199
1856360 199
1856370 200
1856380 200
1856390 200
1856400 200
1856410 200
1856420 201
1856430 201
1856440 201
1856450 201
1856460 201
1856470 201
1856480 201
1856490 202
1856500 202
1856510 202
1856520 202
1856530 202
1856540 202
1856550 202
1856560 202
1856570 203
1856580 204
1856590 204
1856600 205
1856610 205
1856620 205
1856630 206
1856640 206
1856650 206
1856660 207
1856670 208
1856680 208
1856690 208
1856700 209
1856710 209
1856720 210
1856730 210
1856740 210
1856750 211
1856760 212
1856770 212
1856780 212
1856790 213
1856800 213
1856810 214
1856820 215
1856830 215
1856840 216
1856850 217
1856860 217
1856870 217
1856880 218
1856890 218
1856900 219
1856910 220
1856920 220
1856930 220
1856940 221
1856950 221
1856960 221
1856970 221
1856980 221
1856990 222
1857000 222
1857010 222
1857020 222
1857030 222
1857040 223
1857050 223
1857060 223
1857070 223
1857080 223
1857090 223
1857100 223
1857110 223
1857120 223
1857130 223
1857140 223
1857150 223
1857160 224
1857170 224
1857180 224
1857190 224
1857200 224
1857210 224
1857220 224
1857230 224
1857240 224
1857250 224
1857260 224
1857270 224
1857280 224
1857290 223
1857300 223
1857310 223
1857320 223
1857330 223
1857340 223
1857350 222
1857360 222
1857370 222
1857380 222
1857390 222
1857400 221
1857410 221
1857420 221
1857430 221
1857440 220
1857450 220
1857460 220
1857470 219
1857480 219
1857490 219
1857500 219
1857510 219
1857520 218
1857530 218
1857540 218
1857550 218
1857560 218
1857570 218
1857580 217
1857590 217
1857600 217
1857610 216
1857620 216
1857630 216
1857640 215
1857650 215
1857660 215
1857670 214
1857680 214
1857690 214
1857700 213
1857710 213
1857720 213
1857730 212
1857740 211
1857750 211
1857760 211
1857770 211
1857780 210
1857790 209
1857800 209
1857810 209
1857820 208
1857830 208
1857840 207
1857850 207
1857860 207
1857870 206
1857880 205
1857890 205
1857900 205
1857910 204
1857920 204
1857930 204
1857940 202
1857950 202
1857960 202
1857970 201
1857980 201
1857990 200
1858000 200
1858010 200
1858020 199
1858030 198
1858040 198
1858050 198
1858060 197
1858070 197
1858080 197
1858090 196
1858100 196
1858110 196
1858120 195
1858130 195
1858140 195
1858150 195
1858160 195
1858170 195
1858180 195
1858190 195
1858200 195
1858210 195
1858220 195
1858230 195
1858240 195
1858250 195
1858260 195
1858270 195
1858280 195
1858290 195
1858300 196
1858310 196
1858320 196
1858330 198
1858340 198
1858350 200
1858360 203
1858370 203
1858380 204
1858390 205
1858400 205
1858410 206
1858420 208
1858430 208
1858440 209
1858450 210
1858460 210
1858470 211
1858480 213
1858490 213
1858500 215
1858510 215
1858520 215
1858530 216
1858540 216
1858550 217
1858560 218
1858570 218
1858580 219
1858590 220
1858600 220
1858610 221
1858620 222
1858630 222
1858640 223
1858650 224
1858660 224
1858670 225
1858680 226
1858690 226
1858700 227
1858710 228
1858720 228
1858730 229
1858740 229
1858750 229
1858760 230
1858770 230
1858780 230
1858790 231
1858800 232
1858810 232
1858820 232
1858830 233
1858840 233
1858850 234
1858860 234
1858870 234
1858880 235
1858890 236
1858900 236
1858910 236
1858920 237
1858930 237
1858940 237
1858950 238
1858960 238
1858970 238
1858980 239
1858990 239
1859000 239
1859010 240
1859020 240
1859030 240
1859040 240
1859050 240
1859060 240
1859070 241
1859080 241
1859090 241
1859100 241
1859110 241
1859120 241
1859130 241
1859140 241
1859150 242
1859160 242
1859170 242
1859180 242
1859190 242
1859200 242
1859210 243
1859220 243
1859230 243
1859240 243
1859250 243
1859260 243
1859270 244
1859280 244
1859290 244
1859300 244
1859310 244
1859320 244
1859330 245
1859340 245
1859350 245
1859360 245
1859370 245
1859380 246
1859390 246
1859400 246
1859410 246
1859420 246
1859430 246
1859440 247
1859450 247
1859460 247
1859470 247
1859480 247
1859490 247
1859500 247
1859510 247
1859520 247
1859530 247
1859540 248
1859550 248
1859560 248
1859570 248
1859580 248
1859590 248
1859600 249
1859610 249
1859620 249
1859630 249
1859640 249
1859650 249
1859660 249
1859670 249
1859680 249
1859690 249
1859700 249
1859710 249
1859720 249
1859730 249
1859740 249
1859750 249
1859760 249
1859770 249
1859780 249
1859790 249
1859800 249
1859810 249
1859820 249
1859830 250
1859840 250
1859850 250
1859860 250
1859870 250
1859880 250
1859890 250
1859900 250
1859910 250
1859920 250
1859930 250
1859940 250
1859950 250
1859960 250
1859970 250
1859980 250
1859990 250
