1840000 259
1840010 259
1840020 259
1840030 259
1840040 260
1840050 261
1840060 261
1840070 261
1840080 262
1840090 262
1840100 263
1840110 263
1840120 263
1840130 263
1840140 263
1840150 263
1840160 263
1840170 262
1840180 262
1840190 262
1840200 261
1840210 261
1840220 261
1840230 260
1840240 260
1840250 260
1840260 259
1840270 259
1840280 258
1840290 258
1840300 257
1840310 256
1840320 256
1840330 255
1840340 254
1840350 254
1840360 252
1840370 251
1840380 251
1840390 250
1840400 249
1840410 249
1840420 247
1840430 246
1840440 246
1840450 245
1840460 244
1840470 244
1840480 243
1840490 242
1840500 242
1840510 241
1840520 240
1840530 240
1840540 239
1840550 238
1840560 238
1840570 238
1840580 238
1840590 238
1840600 238
1840610 239
1840620 239
1840630 239
1840640 240
1840650 240
1840660 241
1840670 241
1840680 241
1840690 241
1840700 241
1840710 241
1840720 242
1840730 242
1840740 242
1840750 242
1840760 243
1840770 243
1840780 242
1840790 242
1840800 242
1840810 242
1840820 241
1840830 241
1840840 241
1840850 240
1840860 240
1840870 240
1840880 240
1840890 240
1840900 240
1840910 240
1840920 240
1840930 240
1840940 240
1840950 240
1840960 239
1840970 239
1840980 239
1840990 238
1841000 238
1841010 238
1841020 237
1841030 237
1841040 237
1841050 236
1841060 236
1841070 236
1841080 235
1841090 235
1841100 233
1841110 232
1841120 232
1841130 230
1841140 228
1841150 228
1841160 227
1841170 226
1841180 226
1841190 225
1841200 224
1841210 224
1841220 223
1841230 223
1841240 223
1841250 222
1841260 221
1841270 221
1841280 220
1841290 220
1841300 220
1841310 220
1841320 220
1841330 220
1841340 221
1841350 221
1841360 221
1841370 222
1841380 223
1841390 223
1841400 223
1841410 224
1841420 224
1841430 224
1841440 224
1841450 224
1841460 225
1841470 225
1841480 225
1841490 224
1841500 224
1841510 224
1841520 223
1841530 223
1841540 223
1841550 222
1841560 221
1841570 221
1841580 220
1841590 219
1841600 219
1841610 218
1841620 217
1841630 217
1841640 217
1841650 216
1841660 216
1841670 216
1841680 217
1841690 217
1841700 217
1841710 216
1841720 216
1841730 216
1841740 216
1841750 216
1841760 216
1841770 216
1841780 216
1841790 216
1841800 216
1841810 216
1841820 216
1841830 216
1841840 216
1841850 216
1841860 216
1841870 215
1841880 215
1841890 215
1841900 215
1841910 215
1841920 215
1841930 214
1841940 214
1841950 214
1841960 214
1841970 213
1841980 213
1841990 213
1842000 213
1842010 213
1842020 213
1842030 213
1842040 213
1842050 213
1842060 213
1842070 213
1842080 213
1842090 213
1842100 213
1842110 213
1842120 213
1842130 213
1842140 213
1842150 212
1842160 212
1842170 212
1842180 212
1842190 212
1842200 212
1842210 212
1842220 212
1842230 212
1842240 212
1842250 212
1842260 212
1842270 212
1842280 212
1842290 212
1842300 212
1842310 213
1842320 213
1842330 213
1842340 213
1842350 214
1842360 214
1842370 214
1842380 214
1842390 214
1842400 214
1842410 214
1842420 214
1842430 214
1842440 214
1842450 214
1842460 214
1842470 213
1842480 213
1842490 213
1842500 212
1842510 212
1842520 212
1842530 212
1842540 212
1842550 212
1842560 212
1842570 212
1842580 212
1842590 212
1842600 212
1842610 212
1842620 212
1842630 212
1842640 212
1842650 213
1842660 213
1842670 215
1842680 216
1842690 216
1842700 217
1842710 218
1842720 218
1842730 219
1842740 220
1842750 220
1842760 221
1842770 222
1842780 222
1842790 223
1842800 224
1842810 224
1842820 225
1842830 226
1842840 226
1842850 227
1842860 228
1842870 228
1842880 228
1842890 229
1842900 229
1842910 230
1842920 230
1842930 230
1842940 230
1842950 230
1842960 230
1842970 229
1842980 229
1842990 229
1843000 229
1843010 229
1843020 229
1843030 228
1843040 228
1843050 228
1843060 228
1843070 227
1843080 227
1843090 227
1843100 226
1843110 226
1843120 226
1843130 226
1843140 226
1843150 225
1843160 225
1843170 225
1843180 225
1843190 224
1843200 224
1843210 224
1843220 223
1843230 223
1843240 223
1843250 223
1843260 223
1843270 222
1843280 222
1843290 222
1843300 221
1843310 221
1843320 221
1843330 220
1843340 220
1843350 220
1843360 220
1843370 220
1843380 219
1843390 219
1843400 219
1843410 218
1843420 218
1843430 218
1843440 218
1843450 218
1843460 218
1843470 218
1843480 217
1843490 217
1843500 216
1843510 216
1843520 216
1843530 215
1843540 215
1843550 215
1843560 215
1843570 214
1843580 214
1843590 214
1843600 214
1843610 214
1843620 214
1843630 213
1843640 213
1843650 213
1843660 213
1843670 213
1843680 213
1843690 212
1843700 212
1843710 212
1843720 212
1843730 212
1843740 212
1843750 212
1843760 212
1843770 212
1843780 211
1843790 211
1843800 211
1843810 211
1843820 211
1843830 210
1843840 210
1843850 210
1843860 210
1843870 209
1843880 209
1843890 209
1843900 208
1843910 208
1843920 208
1843930 207
1843940 207
1843950 206
1843960 206
1843970 206
1843980 205
1843990 205
1844000 204
1844010 204
1844020 204
1844030 203
1844040 203
1844050 203
1844060 202
1844070 202
1844080 202
1844090 202
1844100 201
1844110 201
1844120 201
1844130 201
1844140 201
1844150 201
1844160 201
1844170 201
1844180 201
1844190 201
1844200 201
1844210 199
1844220 200
1844230 200
1844240 201
1844250 201
1844260 201
1844270 201
1844280 201
1844290 201
1844300 202
1844310 204
1844320 204
1844330 207
1844340 208
1844350 208
1844360 209
1844370 211
1844380 211
1844390 212
1844400 214
1844410 214
1844420 215
1844430 216
1844440 216
1844450 217
1844460 218
1844470 218
1844480 219
1844490 220
1844500 220
1844510 222
1844520 223
1844530 223
1844540 224
1844550 225
1844560 225
1844570 226
1844580 227
1844590 227
1844600 227
1844610 228
1844620 228
1844630 229
1844640 230
1844650 230
1844660 231
1844670 232
1844680 232
1844690 232
1844700 233
1844710 233
1844720 234
1844730 234
1844740 235
1844750 236
1844760 236
1844770 237
1844780 237
1844790 237
1844800 238
1844810 239
1844820 239
1844830 240
1844840 241
1844850 241
1844860 242
1844870 243
1844880 243
1844890 244
1844900 245
1844910 245
1844920 246
1844930 246
1844940 246
1844950 247
1844960 248
1844970 248
1844980 248
1844990 249
1845000 249
1845010 249
1845020 250
1845030 250
1845040 250
1845050 251
1845060 251
1845070 251
1845080 251
1845090 251
1845100 251
1845110 251
1845120 251
1845130 251
1845140 251
1845150 251
1845160 252
1845170 252
1845180 252
1845190 252
1845200 253
1845210 253
1845220 254
1845230 254
1845240 254
1845250 254
1845260 255
1845270 255
1845280 255
1845290 255
1845300 255
1845310 255
1845320 255
1845330 255
1845340 255
1845350 255
1845360 255
1845370 256
1845380 256
1845390 256
1845400 256
1845410 255
1845420 255
1845430 255
1845440 255
1845450 255
1845460 255
1845470 255
1845480 255
1845490 255
1845500 255
1845510 255
1845520 255
1845530 255
1845540 255
1845550 255
1845560 255
1845570 255
1845580 256
1845590 256
1845600 256
1845610 256
1845620 256
1845630 255
1845640 255
1845650 255
1845660 255
1845670 256
1845680 256
1845690 256
1845700 256
1845710 256
1845720 256
1845730 256
1845740 256
1845750 256
1845760 256
1845770 256
1845780 256
1845790 256
1845800 256
1845810 256
1845820 256
1845830 256
1845840 256
1845850 256
1845860 256
1845870 256
1845880 256
1845890 256
1845900 256
1845910 256
1845920 256
1845930 256
1845940 256
1845950 256
1845960 256
1845970 256
1845980 256
1845990 257
1846000 256
1846010 256
1846020 256
1846030 256
1846040 256
1846050 256
1846060 256
1846070 256
1846080 256
1846090 256
1846100 256
1846110 256
1846120 255
1846130 255
1846140 255
1846150 255
1846160 255
1846170 255
1846180 254
1846190 254
1846200 254
1846210 254
1846220 254
1846230 254
1846240 254
1846250 254
1846260 254
1846270 254
1846280 254
1846290 253
1846300 254
1846310 253
1846320 253
1846330 253
1846340 253
1846350 253
1846360 253
1846370 252
1846380 252
1846390 252
1846400 252
1846410 251
1846420 251
1846430 251
1846440 251
1846450 251
1846460 250
1846470 250
1846480 250
1846490 250
1846500 250
1846510 250
1846520 250
1846530 249
1846540 249
1846550 249
1846560 249
1846570 249
1846580 248
1846590 248
1846600 248
1846610 248
1846620 247
1846630 247
1846640 247
1846650 247
1846660 247
1846670 246
1846680 245
1846690 245
1846700 245
1846710 244
1846720 244
1846730 243
1846740 242
1846750 242
1846760 241
1846770 240
1846780 240
1846790 239
1846800 238
1846810 238
1846820 237
1846830 235
1846840 235
1846850 234
1846860 233
1846870 233
1846880 232
1846890 231
1846900 231
1846910 230
1846920 230
1846930 229
1846940 228
1846950 228
1846960 227
1846970 226
1846980 226
1846990 226
1847000 225
1847010 225
1847020 224
1847030 223
1847040 223
1847050 223
1847060 222
1847070 222
1847080 222
1847090 221
1847100 221
1847110 221
1847120 221
1847130 221
1847140 221
1847150 221
1847160 221
1847170 221
1847180 221
1847190 221
1847200 221
1847210 221
1847220 221
1847230 221
1847240 221
1847250 221
1847260 222
1847270 222
1847280 222
1847290 223
1847300 224
1847310 224
1847320 225
1847330 226
1847340 226
1847350 227
1847360 229
1847370 229
1847380 230
1847390 231
1847400 231
1847410 232
1847420 233
1847430 233
1847440 234
1847450 234
1847460 234
1847470 234
1847480 235
1847490 235
1847500 235
1847510 235
1847520 235
1847530 235
1847540 236
1847550 236
1847560 236
1847570 237
1847580 237
1847590 237
1847600 237
1847610 237
1847620 238
1847630 238
1847640 238
1847650 238
1847660 238
1847670 238
1847680 239
1847690 239
1847700 239
1847710 239
1847720 239
1847730 239
1847740 239
1847750 239
1847760 239
1847770 239
1847780 239
1847790 239
1847800 239
1847810 239
1847820 239
1847830 239
1847840 239
1847850 238
1847860 238
1847870 238
1847880 238
1847890 238
1847900 238
1847910 238
1847920 238
1847930 238
1847940 238
1847950 238
1847960 238
1847970 238
1847980 238
1847990 238
1848000 237
1848010 237
1848020 237
1848030 237
1848040 237
1848050 237
1848060 236
1848070 236
1848080 236
1848090 236
1848100 236
1848110 236
1848120 235
1848130 235
1848140 235
1848150 235
1848160 234
1848170 234
1848180 234
1848190 234
1848200 234
1848210 234
1848220 234
1848230 234
1848240 233
1848250 233
1848260 233
1848270 233
1848280 232
1848290 232
1848300 232
1848310 232
1848320 232
1848330 232
1848340 231
1848350 231
1848360 231
1848370 231
1848380 231
1848390 230
1848400 230
1848410 229
1848420 229
1848430 229
1848440 229
1848450 229
1848460 230
1848470 230
1848480 230
1848490 230
1848500 231
1848510 231
1848520 231
1848530 231
1848540 231
1848550 231
1848560 231
1848570 231
1848580 231
1848590 230
1848600 230
1848610 230
1848620 230
1848630 230
1848640 230
1848650 230
1848660 230
1848670 230
1848680 229
1848690 229
1848700 229
1848710 229
1848720 229
1848730 229
1848740 229
1848750 229
1848760 229
1848770 229
1848780 228
1848790 228
1848800 228
1848810 228
1848820 228
1848830 228
1848840 228
1848850 228
1848860 228
1848870 228
1848880 228
1848890 227
1848900 227
1848910 227
1848920 227
1848930 227
1848940 227
1848950 226
1848960 226
1848970 226
1848980 226
1848990 226
1849000 226
1849010 226
1849020 226
1849030 226
1849040 225
1849050 225
1849060 225
1849070 225
1849080 225
1849090 225
1849100 225
1849110 224
1849120 224
1849130 224
1849140 224
1849150 224
1849160 223
1849170 223
1849180 223
1849190 223
1849200 223
1849210 222
1849220 222
1849230 222
1849240 221
1849250 221
1849260 221
1849270 220
1849280 219
1849290 219
1849300 218
1849310 217
1849320 217
1849330 216
1849340 214
1849350 214
1849360 213
1849370 213
1849380 213
1849390 213
1849400 213
1849410 213
1849420 213
1849430 213
1849440 213
1849450 213
1849460 212
1849470 212
1849480 212
1849490 212
1849500 212
1849510 212
1849520 211
1849530 211
1849540 212
1849550 212
1849560 212
1849570 212
1849580 212
1849590 212
1849600 212
1849610 212
1849620 212
1849630 212
1849640 212
1849650 212
1849660 211
1849670 211
1849680 211
1849690 211
1849700 210
1849710 210
1849720 210
1849730 210
1849740 210
1849750 209
1849760 209
1849770 209
1849780 209
1849790 209
1849800 209
1849810 208
1849820 208
1849830 208
1849840 208
1849850 207
1849860 207
1849870 207
1849880 207
1849890 207
1849900 207
1849910 207
1849920 206
1849930 206
1849940 206
1849950 205
1849960 205
1849970 205
1849980 205
1849990 204
1850000 204
1850010 204
1850020 204
1850030 204
1850040 203
1850050 203
1850060 203
1850070 202
1850080 202
1850090 202
1850100 201
1850110 200
1850120 200
1850130 200
1850140 199
1850150 199
1850160 198
1850170 197
1850180 197
1850190 197
1850200 196
1850210 196
1850220 195
1850230 195
1850240 195
1850250 195
1850260 194
1850270 194
1850280 193
1850290 193
1850300 193
1850310 192
1850320 192
1850330 192
1850340 192
1850350 192
1850360 192
1850370 191
1850380 191
1850390 191
1850400 192
1850410 192
1850420 192
1850430 191
1850440 191
1850450 191
1850460 191
1850470 191
1850480 191
1850490 190
1850500 190
1850510 190
1850520 190
1850530 190
1850540 190
1850550 190
1850560 190
1850570 190
1850580 188
1850590 190
1850600 190
1850610 190
1850620 190
1850630 190
1850640 190
1850650 190
1850660 191
1850670 192
1850680 192
1850690 194
1850700 197
1850710 197
1850720 198
1850730 199
1850740 199
1850750 199
1850760 200
1850770 200
1850780 201
1850790 201
1850800 201
1850810 200
1850820 201
1850830 201
1850840 202
1850850 203
1850860 203
1850870 204
1850880 205
1850890 205
1850900 206
1850910 206
1850920 206
1850930 206
1850940 207
1850950 207
1850960 208
1850970 208
1850980 208
1850990 208
1851000 209
1851010 209
1851020 209
1851030 209
1851040 209
1851050 209
1851060 209
1851070 209
1851080 210
1851090 210
1851100 210
1851110 210
1851120 210
1851130 210
1851140 210
1851150 211
1851160 211
1851170 211
1851180 211
1851190 211
1851200 211
1851210 211
1851220 211
1851230 210
1851240 210
1851250 210
1851260 210
1851270 210
1851280 210
1851290 209
1851300 209
1851310 209
1851320 209
1851330 209
1851340 209
1851350 208
1851360 208
1851370 208
1851380 207
1851390 207
1851400 206
1851410 206
1851420 206
1851430 205
1851440 204
1851450 204
1851460 204
1851470 203
1851480 203
1851490 202
1851500 201
1851510 201
1851520 200
1851530 200
1851540 200
1851550 199
1851560 198
1851570 198
1851580 197
1851590 197
1851600 197
1851610 196
1851620 195
1851630 195
1851640 195
1851650 194
1851660 194
1851670 194
1851680 194
1851690 194
1851700 193
1851710 193
1851720 193
1851730 192
1851740 191
1851750 191
1851760 190
1851770 190
1851780 190
1851790 189
1851800 188
1851810 188
1851820 188
1851830 187
1851840 187
1851850 187
1851860 187
1851870 187
1851880 187
1851890 186
1851900 186
1851910 186
1851920 185
1851930 185
1851940 185
1851950 185
1851960 185
1851970 184
1851980 184
1851990 184
1852000 184
1852010 184
1852020 184
1852030 184
1852040 184
1852050 184
1852060 184
1852070 184
1852080 184
1852090 184
1852100 184
1852110 184
1852120 184
1852130 184
1852140 184
1852150 184
1852160 184
1852170 184
1852180 184
1852190 184
1852200 184
1852210 184
1852220 184
1852230 183
1852240 184
1852250 184
1852260 184
1852270 184
1852280 184
1852290 184
1852300 183
1852310 183
1852320 182
1852330 184
1852340 184
1852350 184
1852360 183
1852370 183
1852380 183
1852390 184
1852400 184
1852410 184
1852420 184
1852430 184
1852440 184
1852450 184
1852460 184
1852470 184
1852480 184
1852490 184
1852500 184
1852510 184
1852520 184
1852530 184
1852540 184
1852550 184
1852560 184
1852570 184
1852580 184
1852590 184
1852600 184
1852610 184
1852620 184
1852630 184
1852640 184
1852650 184
1852660 184
1852670 184
1852680 184
1852690 185
1852700 185
1852710 185
1852720 185
1852730 185
1852740 186
1852750 186
1852760 186
1852770 186
1852780 187
1852790 187
1852800 188
1852810 188
1852820 189
1852830 190
1852840 190
1852850 191
1852860 192
1852870 192
1852880 192
1852890 192
1852900 192
1852910 192
1852920 192
1852930 192
1852940 192
1852950 192
1852960 192
1852970 193
1852980 193
1852990 193
1853000 193
1853010 193
1853020 193
1853030 193
1853040 194
1853050 194
1853060 194
1853070 194
1853080 194
1853090 194
1853100 195
1853110 195
1853120 195
1853130 195
1853140 195
1853150 195
1853160 195
1853170 195
1853180 195
1853190 195
1853200 195
1853210 195
1853220 196
1853230 196
1853240 197
1853250 199
1853260 199
1853270 199
1853280 199
1853290 199
1853300 199
1853310 199
1853320 199
1853330 199
1853340 200
1853350 200
1853360 200
1853370 200
1853380 200
1853390 201
1853400 201
1853410 201
1853420 202
1853430 202
1853440 202
1853450 203
1853460 204
1853470 204
1853480 205
1853490 205
1853500 205
1853510 206
1853520 206
1853530 207
1853540 208
1853550 208
1853560 208
1853570 208
1853580 208
1853590 209
1853600 209
1853610 209
1853620 209
1853630 209
1853640 209
1853650 209
1853660 209
1853670 209
1853680 209
1853690 208
1853700 208
1853710 208
1853720 208
1853730 208
1853740 208
1853750 207
1853760 207
1853770 207
1853780 206
1853790 206
1853800 205
1853810 205
1853820 205
1853830 205
1853840 204
1853850 204
1853860 204
1853870 204
1853880 204
1853890 205
1853900 205
1853910 205
1853920 205
1853930 205
1853940 205
1853950 206
1853960 206
1853970 206
1853980 206
1853990 206
1854000 206
1854010 206
1854020 206
1854030 206
1854040 207
1854050 206
1854060 206
1854070 206
1854080 206
1854090 206
1854100 206
1854110 206
1854120 206
1854130 205
1854140 205
1854150 205
1854160 204
1854170 204
1854180 204
1854190 203
1854200 203
1854210 203
1854220 202
1854230 201
1854240 201
1854250 200
1854260 200
1854270 200
1854280 200
1854290 200
1854300 199
1854310 199
1854320 199
1854330 198
1854340 198
1854350 198
1854360 198
1854370 198
1854380 198
1854390 198
1854400 199
1854410 199
1854420 199
1854430 200
1854440 200
1854450 200
1854460 200
1854470 200
1854480 200
1854490 201
1854500 201
1854510 201
1854520 202
1854530 202
1854540 202
1854550 202
1854560 202
1854570 202
1854580 202
1854590 202
1854600 203
1854610 203
1854620 203
1854630 203
1854640 203
1854650 203
1854660 203
1854670 203
1854680 203
1854690 203
1854700 203
1854710 203
1854720 203
1854730 203
1854740 203
1854750 203
1854760 204
1854770 204
1854780 204
1854790 204
1854800 204
1854810 204
1854820 204
1854830 204
1854840 204
1854850 205
1854860 205
1854870 205
1854880 205
1854890 205
1854900 206
1854910 206
1854920 206
1854930 206
1854940 207
1854950 207
1854960 207
1854970 207
1854980 207
1854990 208
1855000 208
1855010 208
1855020 209
1855030 209
1855040 209
1855050 209
1855060 209
1855070 210
1855080 210
1855090 210
1855100 211
1855110 211
1855120 211
1855130 212
1855140 212
1855150 212
1855160 213
1855170 213
1855180 213
1855190 214
1855200 214
1855210 214
1855220 215
1855230 215
1855240 215
1855250 215
1855260 216
1855270 216
1855280 216
1855290 216
1855300 216
1855310 216
1855320 216
1855330 216
1855340 216
1855350 216
1855360 216
1855370 215
1855380 215
1855390 215
1855400 215
1855410 215
1855420 215
1855430 214
1855440 214
1855450 214
1855460 213
1855470 213
1855480 213
1855490 212
1855500 212
1855510 212
1855520 212
1855530 211
1855540 211
1855550 211
1855560 211
1855570 210
1855580 210
1855590 210
1855600 210
1855610 210
1855620 209
1855630 209
1855640 209
1855650 208
1855660 208
1855670 208
1855680 207
1855690 207
1855700 207
1855710 207
1855720 206
1855730 206
1855740 206
1855750 205
1855760 205
1855770 205
1855780 204
1855790 204
1855800 204
1855810 203
1855820 203
1855830 203
1855840 202
1855850 202
1855860 202
1855870 202
1855880 201
1855890 201
1855900 201
1855910 200
1855920 200
1855930 200
1855940 199
1855950 199
1855960 199
1855970 199
1855980 199
1855990 199
1856000 198
1856010 198
1856020 198
1856030 198
1856040 198
1856050 198
1856060 197
1856070 197
1856080 197
1856090 197
1856100 197
1856110 197
1856120 196
1856130 196
1856140 196
1856150 195
1856160 195
1856170 196
1856180 196
1856190 196
1856200 196
1856210 196
1856220 196
1856230 196
1856240 196
1856250 196
1856260 196
1856270 197
1856280 197
1856290 198
1856300 198
1856310 198
1856320 199
1856330 199
1856340 199
1856350 200
1856360 200
1856370 200
1856380 201
1856390 200
1856400 200
1856410 200
1856420 200
1856430 200
1856440 201
1856450 201
1856460 202
1856470 202
1856480 202
1856490 203
1856500 201
1856510 201
1856520 201
1856530 203
1856540 203
1856550 206
1856560 206
1856570 206
1856580 207
1856590 207
1856600 207
1856610 207
1856620 206
1856630 206
1856640 206
1856650 205
1856660 205
1856670 206
1856680 206
1856690 206
1856700 206
1856710 206
1856720 206
1856730 207
1856740 207
1856750 207
1856760 207
1856770 208
1856780 208
1856790 208
1856800 209
1856810 209
1856820 209
1856830 210
1856840 210
1856850 210
1856860 211
1856870 211
1856880 212
1856890 212
1856900 212
1856910 212
1856920 213
1856930 213
1856940 214
1856950 214
1856960 214
1856970 215
1856980 216
1856990 216
1857000 216
1857010 217
1857020 217
1857030 218
1857040 218
1857050 218
1857060 219
1857070 219
1857080 219
1857090 220
1857100 220
1857110 220
1857120 220
1857130 220
1857140 220
1857150 221
1857160 221
1857170 221
1857180 221
1857190 221
1857200 221
1857210 221
1857220 221
1857230 221
1857240 221
1857250 221
1857260 221
1857270 221
1857280 221
1857290 221
1857300 221
1857310 221
1857320 221
1857330 221
1857340 221
1857350 221
1857360 221
1857370 221
1857380 221
1857390 220
1857400 220
1857410 220
1857420 220
1857430 220
1857440 219
1857450 219
1857460 219
1857470 219
1857480 218
1857490 218
1857500 218
1857510 218
1857520 218
1857530 218
1857540 217
1857550 217
1857560 217
1857570 217
1857580 217
1857590 217
1857600 216
1857610 216
1857620 216
1857630 216
1857640 216
1857650 216
1857660 215
1857670 215
1857680 215
1857690 214
1857700 214
1857710 214
1857720 214
1857730 214
1857740 213
1857750 213
1857760 213
1857770 212
1857780 212
1857790 212
1857800 211
1857810 211
1857820 211
1857830 210
1857840 210
1857850 210
1857860 209
1857870 208
1857880 208
1857890 208
1857900 208
1857910 207
1857920 207
1857930 207
1857940 206
1857950 205
1857960 205
1857970 205
1857980 204
1857990 204
1858000 204
1858010 203
1858020 203
1858030 202
1858040 201
1858050 201
1858060 201
1858070 200
1858080 200
1858090 199
1858100 199
1858110 199
1858120 198
1858130 197
1858140 197
1858150 196
1858160 196
1858170 196
1858180 196
1858190 195
1858200 195
1858210 195
1858220 195
1858230 195
1858240 195
1858250 195
1858260 195
1858270 195
1858280 195
1858290 195
1858300 195
1858310 195
1858320 195
1858330 195
1858340 195
1858350 195
1858360 195
1858370 196
1858380 196
1858390 197
1858400 198
1858410 198
1858420 198
1858430 200
1858440 200
1858450 202
1858460 203
1858470 203
1858480 204
1858490 205
1858500 205
1858510 206
1858520 207
1858530 207
1858540 208
1858550 209
1858560 209
1858570 210
1858580 211
1858590 211
1858600 213
1858610 214
1858620 214
1858630 215
1858640 215
1858650 215
1858660 215
1858670 215
1858680 216
1858690 217
1858700 217
1858710 218
1858720 221
1858730 221
1858740 223
1858750 224
1858760 224
1858770 225
1858780 226
1858790 226
1858800 227
1858810 229
1858820 229
1858830 229
1858840 230
1858850 230
1858860 230
1858870 231
1858880 231
1858890 232
1858900 232
1858910 232
1858920 233
1858930 234
1858940 234
1858950 235
1858960 236
1858970 236
1858980 236
1858990 237
1859000 237
1859010 237
1859020 238
1859030 238
1859040 238
1859050 238
1859060 238
1859070 239
1859080 239
1859090 239
1859100 239
1859110 239
1859120 239
1859130 240
1859140 240
1859150 240
1859160 240
1859170 240
1859180 240
1859190 240
1859200 240
1859210 240
1859220 241
1859230 241
1859240 241
1859250 241
1859260 241
1859270 241
1859280 241
1859290 241
1859300 241
1859310 242
1859320 242
1859330 242
1859340 242
1859350 242
1859360 242
1859370 242
1859380 242
1859390 243
1859400 243
1859410 243
1859420 243
1859430 243
1859440 243
1859450 243
1859460 243
1859470 243
1859480 243
1859490 243
1859500 243
1859510 242
1859520 242
1859530 242
1859540 242
1859550 239
1859560 239
1859570 239
1859580 243
1859590 243
1859600 243
1859610 244
1859620 244
1859630 244
1859640 245
1859650 245
1859660 246
1859670 246
1859680 246
1859690 247
1859700 247
1859710 247
1859720 248
1859730 248
1859740 248
1859750 248
1859760 249
1859770 249
1859780 249
1859790 249
1859800 249
1859810 249
1859820 249
1859830 249
1859840 250
1859850 250
1859860 250
1859870 250
1859880 250
1859890 250
1859900 250
1859910 251
1859920 251
1859930 251
1859940 251
1859950 251
1859960 251
1859970 251
1859980 251
1859990 251
