1840000 261
1840010 261
1840020 261
1840030 261
1840040 261
1840050 261
1840060 261
1840070 261
1840080 261
1840090 261
1840100 261
1840110 260
1840120 260
1840130 260
1840140 260
1840150 260
1840160 260
1840170 260
1840180 260
1840190 260
1840200 259
1840210 259
1840220 259
1840230 259
1840240 259
1840250 258
1840260 258
1840270 258
1840280 258
1840290 257
1840300 257
1840310 257
1840320 256
1840330 256
1840340 255
1840350 255
1840360 255
1840370 254
1840380 253
1840390 253
1840400 253
1840410 252
1840420 252
1840430 251
1840440 250
1840450 250
1840460 250
1840470 250
1840480 249
1840490 249
1840500 249
1840510 248
1840520 248
1840530 246
1840540 246
1840550 246
1840560 246
1840570 245
1840580 245
1840590 245
1840600 244
1840610 244
1840620 244
1840630 243
1840640 242
1840650 242
1840660 242
1840670 241
1840680 241
1840690 240
1840700 239
1840710 239
1840720 238
1840730 237
1840740 237
1840750 236
1840760 235
1840770 235
1840780 235
1840790 234
1840800 234
1840810 233
1840820 232
1840830 232
1840840 231
1840850 230
1840860 230
1840870 229
1840880 228
1840890 228
1840900 227
1840910 226
1840920 226
1840930 225
1840940 225
1840950 225
1840960 224
1840970 224
1840980 224
1840990 223
1841000 222
1841010 222
1841020 221
1841030 221
1841040 221
1841050 220
1841060 219
1841070 219
1841080 218
1841090 218
1841100 218
1841110 218
1841120 218
1841130 218
1841140 218
1841150 217
1841160 217
1841170 217
1841180 217
1841190 217
1841200 218
1841210 218
1841220 218
1841230 218
1841240 218
1841250 218
1841260 220
1841270 220
1841280 221
1841290 222
1841300 222
1841310 223
1841320 224
1841330 224
1841340 226
1841350 227
1841360 227
1841370 228
1841380 229
1841390 229
1841400 231
1841410 232
1841420 232
1841430 233
1841440 234
1841450 234
1841460 235
1841470 236
1841480 236
1841490 237
1841500 237
1841510 237
1841520 238
1841530 239
1841540 239
1841550 240
1841560 240
1841570 240
1841580 241
1841590 242
1841600 242
1841610 242
1841620 243
1841630 244
1841640 245
1841650 245
1841660 245
1841670 246
1841680 246
1841690 246
1841700 246
1841710 247
1841720 247
1841730 247
1841740 247
1841750 247
1841760 248
1841770 248
1841780 248
1841790 249
1841800 249
1841810 249
1841820 250
1841830 250
1841840 250
1841850 251
1841860 252
1841870 252
1841880 252
1841890 253
1841900 253
1841910 253
1841920 253
1841930 254
1841940 253
1841950 253
1841960 253
1841970 253
1841980 253
1841990 252
1842000 252
1842010 252
1842020 252
1842030 252
1842040 252
1842050 251
1842060 251
1842070 251
1842080 251
1842090 251
1842100 251
1842110 250
1842120 250
1842130 250
1842140 250
1842150 250
1842160 250
1842170 250
1842180 249
1842190 249
1842200 249
1842210 249
1842220 249
1842230 249
1842240 248
1842250 248
1842260 247
1842270 247
1842280 247
1842290 246
1842300 245
1842310 245
1842320 244
1842330 244
1842340 244
1842350 243
1842360 241
1842370 241
1842380 241
1842390 240
1842400 240
1842410 240
1842420 239
1842430 239
1842440 238
1842450 238
1842460 238
1842470 238
1842480 237
1842490 237
1842500 237
1842510 236
1842520 236
1842530 236
1842540 235
1842550 235
1842560 234
1842570 234
1842580 234
1842590 233
1842600 232
1842610 232
1842620 231
1842630 231
1842640 231
1842650 230
1842660 230
1842670 229
1842680 229
1842690 229
1842700 228
1842710 227
1842720 227
1842730 227
1842740 226
1842750 226
1842760 225
1842770 225
1842780 225
1842790 224
1842800 223
1842810 223
1842820 223
1842830 222
1842840 222
1842850 222
1842860 222
1842870 222
1842880 221
1842890 221
1842900 221
1842910 221
1842920 221
1842930 221
1842940 221
1842950 221
1842960 221
1842970 221
1842980 221
1842990 221
1843000 221
1843010 220
1843020 220
1843030 220
1843040 220
1843050 220
1843060 220
1843070 221
1843080 221
1843090 221
1843100 221
1843110 221
1843120 221
1843130 222
1843140 222
1843150 221
1843160 221
1843170 221
1843180 221
1843190 220
1843200 220
1843210 220
1843220 220
1843230 220
1843240 219
1843250 219
1843260 219
1843270 219
1843280 218
1843290 218
1843300 218
1843310 218
1843320 218
1843330 217
1843340 217
1843350 217
1843360 217
1843370 217
1843380 216
1843390 216
1843400 216
1843410 216
1843420 215
1843430 215
1843440 215
1843450 214
1843460 214
1843470 214
1843480 214
1843490 214
1843500 213
1843510 213
1843520 213
1843530 212
1843540 212
1843550 212
1843560 212
1843570 211
1843580 211
1843590 211
1843600 211
1843610 211
1843620 211
1843630 210
1843640 210
1843650 210
1843660 210
1843670 210
1843680 209
1843690 209
1843700 209
1843710 209
1843720 208
1843730 208
1843740 208
1843750 207
1843760 207
1843770 207
1843780 206
1843790 206
1843800 205
1843810 205
1843820 205
1843830 204
1843840 204
1843850 204
1843860 203
1843870 203
1843880 203
1843890 203
1843900 202
1843910 202
1843920 202
1843930 202
1843940 202
1843950 202
1843960 200
1843970 200
1843980 202
1843990 203
1844000 203
1844010 203
1844020 204
1844030 204
1844040 204
1844050 205
1844060 205
1844070 205
1844080 206
1844090 206
1844100 206
1844110 206
1844120 207
1844130 208
1844140 208
1844150 209
1844160 210
1844170 210
1844180 211
1844190 213
1844200 213
1844210 213
1844220 214
1844230 214
1844240 215
1844250 216
1844260 216
1844270 217
1844280 218
1844290 218
1844300 218
1844310 219
1844320 219
1844330 220
1844340 221
1844350 221
1844360 222
1844370 223
1844380 223
1844390 223
1844400 223
1844410 223
1844420 224
1844430 224
1844440 224
1844450 224
1844460 225
1844470 225
1844480 225
1844490 225
1844500 225
1844510 225
1844520 225
1844530 225
1844540 226
1844550 226
1844560 226
1844570 226
1844580 226
1844590 226
1844600 226
1844610 226
1844620 226
1844630 225
1844640 224
1844650 224
1844660 224
1844670 223
1844680 223
1844690 222
1844700 222
1844710 222
1844720 221
1844730 220
1844740 220
1844750 219
1844760 218
1844770 218
1844780 218
1844790 218
1844800 218
1844810 218
1844820 218
1844830 218
1844840 218
1844850 218
1844860 219
1844870 219
1844880 219
1844890 219
1844900 220
1844910 220
1844920 220
1844930 221
1844940 221
1844950 222
1844960 223
1844970 223
1844980 224
1844990 225
1845000 225
1845010 227
1845020 228
1845030 228
1845040 229
1845050 230
1845060 230
1845070 231
1845080 231
1845090 231
1845100 232
1845110 232
1845120 232
1845130 232
1845140 232
1845150 232
1845160 232
1845170 232
1845180 232
1845190 232
1845200 232
1845210 232
1845220 232
1845230 232
1845240 232
1845250 232
1845260 231
1845270 231
1845280 231
1845290 232
1845300 232
1845310 233
1845320 233
1845330 233
1845340 234
1845350 235
1845360 235
1845370 236
1845380 237
1845390 237
1845400 238
1845410 239
1845420 239
1845430 240
1845440 241
1845450 241
1845460 242
1845470 243
1845480 243
1845490 244
1845500 245
1845510 245
1845520 246
1845530 248
1845540 248
1845550 249
1845560 249
1845570 250
1845580 251
1845590 251
1845600 252
1845610 253
1845620 253
1845630 255
1845640 255
1845650 255
1845660 257
1845670 258
1845680 258
1845690 259
1845700 260
1845710 260
1845720 261
1845730 261
1845740 261
1845750 262
1845760 263
1845770 263
1845780 263
1845790 264
1845800 264
1845810 264
1845820 264
1845830 264
1845840 264
1845850 264
1845860 264
1845870 265
1845880 265
1845890 265
1845900 265
1845910 265
1845920 265
1845930 265
1845940 265
1845950 265
1845960 265
1845970 264
1845980 264
1845990 264
1846000 264
1846010 264
1846020 265
1846030 265
1846040 265
1846050 264
1846060 263
1846070 263
1846080 262
1846090 262
1846100 262
1846110 262
1846120 261
1846130 261
1846140 260
1846150 260
1846160 260
1846170 259
1846180 259
1846190 259
1846200 258
1846210 258
1846220 258
1846230 257
1846240 256
1846250 256
1846260 256
1846270 256
1846280 255
1846290 254
1846300 254
1846310 254
1846320 253
1846330 253
1846340 252
1846350 252
1846360 252
1846370 251
1846380 251
1846390 251
1846400 251
1846410 251
1846420 251
1846430 251
1846440 251
1846450 251
1846460 251
1846470 251
1846480 251
1846490 251
1846500 251
1846510 251
1846520 252
1846530 253
1846540 253
1846550 253
1846560 254
1846570 254
1846580 255
1846590 255
1846600 255
1846610 255
1846620 256
1846630 256
1846640 256
1846650 256
1846660 256
1846670 256
1846680 256
1846690 256
1846700 256
1846710 256
1846720 256
1846730 256
1846740 256
1846750 256
1846760 255
1846770 255
1846780 255
1846790 255
1846800 255
1846810 255
1846820 255
1846830 254
1846840 254
1846850 254
1846860 253
1846870 253
1846880 253
1846890 252
1846900 252
1846910 252
1846920 252
1846930 252
1846940 252
1846950 252
1846960 252
1846970 251
1846980 251
1846990 251
1847000 251
1847010 251
1847020 251
1847030 251
1847040 251
1847050 251
1847060 251
1847070 251
1847080 250
1847090 250
1847100 250
1847110 250
1847120 250
1847130 250
1847140 250
1847150 250
1847160 250
1847170 250
1847180 250
1847190 250
1847200 250
1847210 250
1847220 250
1847230 250
1847240 250
1847250 250
1847260 250
1847270 250
1847280 250
1847290 251
1847300 251
1847310 251
1847320 251
1847330 251
1847340 251
1847350 252
1847360 252
1847370 252
1847380 252
1847390 252
1847400 252
1847410 253
1847420 252
1847430 252
1847440 252
1847450 252
1847460 252
1847470 252
1847480 252
1847490 252
1847500 251
1847510 251
1847520 251
1847530 251
1847540 251
1847550 251
1847560 251
1847570 251
1847580 251
1847590 251
1847600 251
1847610 251
1847620 251
1847630 251
1847640 251
1847650 251
1847660 251
1847670 251
1847680 251
1847690 250
1847700 250
1847710 250
1847720 250
1847730 250
1847740 250
1847750 250
1847760 250
1847770 250
1847780 250
1847790 250
1847800 250
1847810 250
1847820 250
1847830 250
1847840 250
1847850 250
1847860 249
1847870 249
1847880 249
1847890 249
1847900 249
1847910 249
1847920 249
1847930 249
1847940 249
1847950 249
1847960 249
1847970 248
1847980 248
1847990 248
1848000 248
1848010 248
1848020 248
1848030 248
1848040 247
1848050 247
1848060 247
1848070 247
1848080 247
1848090 246
1848100 246
1848110 246
1848120 246
1848130 245
1848140 245
1848150 245
1848160 244
1848170 244
1848180 244
1848190 244
1848200 244
1848210 243
1848220 243
1848230 243
1848240 242
1848250 242
1848260 242
1848270 241
1848280 241
1848290 241
1848300 240
1848310 240
1848320 240
1848330 239
1848340 239
1848350 239
1848360 239
1848370 238
1848380 238
1848390 238
1848400 237
1848410 237
1848420 237
1848430 236
1848440 236
1848450 236
1848460 236
1848470 236
1848480 235
1848490 235
1848500 235
1848510 234
1848520 234
1848530 233
1848540 233
1848550 233
1848560 232
1848570 231
1848580 231
1848590 231
1848600 230
1848610 230
1848620 230
1848630 229
1848640 229
1848650 228
1848660 228
1848670 228
1848680 227
1848690 227
1848700 227
1848710 226
1848720 226
1848730 226
1848740 225
1848750 225
1848760 225
1848770 225
1848780 224
1848790 224
1848800 224
1848810 224
1848820 224
1848830 224
1848840 224
1848850 224
1848860 223
1848870 223
1848880 223
1848890 223
1848900 222
1848910 222
1848920 222
1848930 222
1848940 222
1848950 221
1848960 221
1848970 221
1848980 221
1848990 220
1849000 220
1849010 220
1849020 220
1849030 220
1849040 219
1849050 219
1849060 219
1849070 219
1849080 218
1849090 218
1849100 218
1849110 217
1849120 217
1849130 217
1849140 216
1849150 216
1849160 216
1849170 216
1849180 216
1849190 215
1849200 215
1849210 215
1849220 214
1849230 214
1849240 214
1849250 213
1849260 213
1849270 213
1849280 213
1849290 213
1849300 212
1849310 212
1849320 212
1849330 212
1849340 212
1849350 212
1849360 211
1849370 211
1849380 211
1849390 211
1849400 211
1849410 211
1849420 210
1849430 210
1849440 210
1849450 210
1849460 209
1849470 209
1849480 209
1849490 209
1849500 209
1849510 209
1849520 208
1849530 208
1849540 208
1849550 208
1849560 208
1849570 208
1849580 207
1849590 207
1849600 207
1849610 207
1849620 207
1849630 206
1849640 206
1849650 206
1849660 206
1849670 205
1849680 205
1849690 205
1849700 205
1849710 205
1849720 204
1849730 204
1849740 204
1849750 204
1849760 203
1849770 203
1849780 203
1849790 202
1849800 202
1849810 202
1849820 201
1849830 201
1849840 201
1849850 200
1849860 200
1849870 200
1849880 199
1849890 199
1849900 199
1849910 199
1849920 199
1849930 198
1849940 198
1849950 198
1849960 198
1849970 198
1849980 197
1849990 197
1850000 197
1850010 197
1850020 196
1850030 196
1850040 196
1850050 196
1850060 196
1850070 195
1850080 195
1850090 195
1850100 195
1850110 194
1850120 194
1850130 194
1850140 194
1850150 194
1850160 194
1850170 194
1850180 194
1850190 193
1850200 193
1850210 193
1850220 193
1850230 193
1850240 193
1850250 193
1850260 192
1850270 192
1850280 192
1850290 192
1850300 192
1850310 192
1850320 192
1850330 192
1850340 192
1850350 192
1850360 192
1850370 192
1850380 192
1850390 192
1850400 191
1850410 193
1850420 193
1850430 194
1850440 195
1850450 195
1850460 196
1850470 198
1850480 198
1850490 201
1850500 203
1850510 203
1850520 206
1850530 208
1850540 208
1850550 211
1850560 213
1850570 213
1850580 215
1850590 216
1850600 216
1850610 216
1850620 216
1850630 216
1850640 216
1850650 216
1850660 217
1850670 217
1850680 217
1850690 218
1850700 218
1850710 218
1850720 218
1850730 219
1850740 219
1850750 219
1850760 219
1850770 219
1850780 219
1850790 219
1850800 219
1850810 219
1850820 220
1850830 220
1850840 220
1850850 220
1850860 220
1850870 220
1850880 220
1850890 220
1850900 220
1850910 220
1850920 220
1850930 220
1850940 220
1850950 220
1850960 220
1850970 220
1850980 220
1850990 220
1851000 220
1851010 221
1851020 221
1851030 221
1851040 221
1851050 221
1851060 221
1851070 221
1851080 221
1851090 221
1851100 221
1851110 220
1851120 220
1851130 220
1851140 220
1851150 220
1851160 220
1851170 220
1851180 219
1851190 219
1851200 219
1851210 219
1851220 219
1851230 219
1851240 219
1851250 219
1851260 219
1851270 218
1851280 218
1851290 218
1851300 218
1851310 218
1851320 218
1851330 218
1851340 218
1851350 218
1851360 218
1851370 218
1851380 218
1851390 218
1851400 218
1851410 217
1851420 217
1851430 217
1851440 217
1851450 217
1851460 217
1851470 217
1851480 217
1851490 216
1851500 216
1851510 216
1851520 216
1851530 215
1851540 215
1851550 215
1851560 214
1851570 214
1851580 214
1851590 214
1851600 214
1851610 213
1851620 213
1851630 213
1851640 212
1851650 212
1851660 212
1851670 211
1851680 210
1851690 210
1851700 210
1851710 209
1851720 209
1851730 209
1851740 208
1851750 208
1851760 207
1851770 206
1851780 206
1851790 206
1851800 205
1851810 205
1851820 204
1851830 204
1851840 204
1851850 203
1851860 202
1851870 202
1851880 202
1851890 201
1851900 201
1851910 200
1851920 199
1851930 199
1851940 199
1851950 198
1851960 198
1851970 198
1851980 197
1851990 197
1852000 197
1852010 197
1852020 197
1852030 196
1852040 196
1852050 196
1852060 196
1852070 195
1852080 195
1852090 195
1852100 195
1852110 194
1852120 194
1852130 194
1852140 193
1852150 192
1852160 192
1852170 191
1852180 191
1852190 191
1852200 191
1852210 190
1852220 190
1852230 189
1852240 188
1852250 188
1852260 188
1852270 188
1852280 188
1852290 188
1852300 188
1852310 188
1852320 188
1852330 187
1852340 187
1852350 186
1852360 185
1852370 185
1852380 185
1852390 185
1852400 185
1852410 185
1852420 184
1852430 184
1852440 185
1852450 185
1852460 185
1852470 185
1852480 185
1852490 185
1852500 184
1852510 184
1852520 184
1852530 184
1852540 184
1852550 184
1852560 184
1852570 184
1852580 184
1852590 184
1852600 184
1852610 184
1852620 184
1852630 184
1852640 184
1852650 184
1852660 183
1852670 183
1852680 183
1852690 183
1852700 183
1852710 183
1852720 182
1852730 182
1852740 182
1852750 182
1852760 182
1852770 183
1852780 183
1852790 183
1852800 183
1852810 183
1852820 183
1852830 183
1852840 183
1852850 183
1852860 183
1852870 183
1852880 183
1852890 183
1852900 183
1852910 183
1852920 183
1852930 183
1852940 183
1852950 183
1852960 183
1852970 184
1852980 183
1852990 183
1853000 182
1853010 182
1853020 182
1853030 182
1853040 182
1853050 182
1853060 181
1853070 181
1853080 181
1853090 182
1853100 182
1853110 182
1853120 182
1853130 182
1853140 182
1853150 182
1853160 183
1853170 183
1853180 182
1853190 180
1853200 180
1853210 180
1853220 182
1853230 182
1853240 182
1853250 181
1853260 181
1853270 181
1853280 181
1853290 181
1853300 181
1853310 180
1853320 180
1853330 180
1853340 181
1853350 181
1853360 181
1853370 181
1853380 181
1853390 181
1853400 181
1853410 181
1853420 181
1853430 181
1853440 181
1853450 181
1853460 181
1853470 181
1853480 181
1853490 181
1853500 181
1853510 181
1853520 181
1853530 181
1853540 181
1853550 181
1853560 180
1853570 181
1853580 181
1853590 180
1853600 181
1853610 181
1853620 180
1853630 180
1853640 180
1853650 180
1853660 180
1853670 180
1853680 181
1853690 182
1853700 182
1853710 184
1853720 183
1853730 183
1853740 182
1853750 182
1853760 182
1853770 182
1853780 183
1853790 183
1853800 183
1853810 184
1853820 184
1853830 184
1853840 185
1853850 184
1853860 184
1853870 184
1853880 184
1853890 184
1853900 184
1853910 184
1853920 184
1853930 184
1853940 184
1853950 184
1853960 185
1853970 185
1853980 185
1853990 186
1854000 186
1854010 187
1854020 187
1854030 187
1854040 188
1854050 188
1854060 188
1854070 188
1854080 189
1854090 189
1854100 189
1854110 189
1854120 189
1854130 189
1854140 189
1854150 189
1854160 189
1854170 189
1854180 189
1854190 190
1854200 190
1854210 190
1854220 191
1854230 191
1854240 191
1854250 192
1854260 192
1854270 193
1854280 193
1854290 193
1854300 194
1854310 195
1854320 195
1854330 195
1854340 196
1854350 196
1854360 197
1854370 198
1854380 198
1854390 199
1854400 200
1854410 200
1854420 201
1854430 202
1854440 202
1854450 202
1854460 203
1854470 203
1854480 204
1854490 205
1854500 205
1854510 206
1854520 207
1854530 207
1854540 207
1854550 208
1854560 208
1854570 208
1854580 209
1854590 209
1854600 209
1854610 209
1854620 209
1854630 209
1854640 208
1854650 208
1854660 208
1854670 208
1854680 208
1854690 208
1854700 209
1854710 209
1854720 210
1854730 211
1854740 211
1854750 211
1854760 211
1854770 211
1854780 212
1854790 214
1854800 214
1854810 214
1854820 214
1854830 214
1854840 214
1854850 214
1854860 214
1854870 214
1854880 214
1854890 214
1854900 213
1854910 213
1854920 213
1854930 213
1854940 212
1854950 212
1854960 211
1854970 211
1854980 211
1854990 210
1855000 210
1855010 210
1855020 209
1855030 209
1855040 208
1855050 207
1855060 207
1855070 207
1855080 206
1855090 206
1855100 205
1855110 204
1855120 204
1855130 203
1855140 202
1855150 202
1855160 201
1855170 201
1855180 201
1855190 200
1855200 199
1855210 199
1855220 199
1855230 198
1855240 198
1855250 197
1855260 196
1855270 196
1855280 196
1855290 196
1855300 196
1855310 195
1855320 195
1855330 195
1855340 194
1855350 194
1855360 194
1855370 194
1855380 193
1855390 193
1855400 192
1855410 192
1855420 192
1855430 192
1855440 191
1855450 191
1855460 190
1855470 190
1855480 190
1855490 190
1855500 190
1855510 190
1855520 189
1855530 189
1855540 189
1855550 189
1855560 189
1855570 189
1855580 189
1855590 190
1855600 190
1855610 191
1855620 192
1855630 192
1855640 193
1855650 195
1855660 195
1855670 196
1855680 197
1855690 197
1855700 199
1855710 199
1855720 200
1855730 201
1855740 201
1855750 203
1855760 204
1855770 204
1855780 205
1855790 207
1855800 207
1855810 209
1855820 209
1855830 209
1855840 209
1855850 204
1855860 204
1855870 202
1855880 202
1855890 202
1855900 204
1855910 208
1855920 208
1855930 213
1855940 214
1855950 214
1855960 214
1855970 213
1855980 213
1855990 213
1856000 213
1856010 213
1856020 213
1856030 213
1856040 213
1856050 213
1856060 213
1856070 213
1856080 213
1856090 212
1856100 212
1856110 212
1856120 212
1856130 212
1856140 212
1856150 212
1856160 212
1856170 212
1856180 212
1856190 212
1856200 212
1856210 212
1856220 212
1856230 212
1856240 212
1856250 212
1856260 212
1856270 212
1856280 212
1856290 212
1856300 211
1856310 211
1856320 211
1856330 211
1856340 211
1856350 211
1856360 210
1856370 210
1856380 210
1856390 210
1856400 210
1856410 209
1856420 209
1856430 210
1856440 210
1856450 210
1856460 210
1856470 211
1856480 211
1856490 211
1856500 211
1856510 211
1856520 211
1856530 211
1856540 211
1856550 212
1856560 212
1856570 212
1856580 212
1856590 212
1856600 212
1856610 213
1856620 213
1856630 213
1856640 213
1856650 213
1856660 213
1856670 214
1856680 214
1856690 214
1856700 214
1856710 214
1856720 214
1856730 215
1856740 215
1856750 215
1856760 215
1856770 215
1856780 215
1856790 216
1856800 216
1856810 216
1856820 216
1856830 216
1856840 216
1856850 217
1856860 217
1856870 217
1856880 217
1856890 217
1856900 217
1856910 217
1856920 218
1856930 218
1856940 218
1856950 218
1856960 218
1856970 219
1856980 219
1856990 219
1857000 219
1857010 219
1857020 219
1857030 220
1857040 220
1857050 220
1857060 220
1857070 221
1857080 221
1857090 221
1857100 221
1857110 221
1857120 221
1857130 221
1857140 221
1857150 222
1857160 222
1857170 222
1857180 222
1857190 222
1857200 222
1857210 222
1857220 222
1857230 222
1857240 221
1857250 221
1857260 221
1857270 221
1857280 221
1857290 220
1857300 219
1857310 219
1857320 218
1857330 217
1857340 217
1857350 216
1857360 214
1857370 214
1857380 211
1857390 208
1857400 208
1857410 207
1857420 206
1857430 206
1857440 206
1857450 205
1857460 205
1857470 206
1857480 207
1857490 207
1857500 208
1857510 208
1857520 208
1857530 207
1857540 207
1857550 207
1857560 207
1857570 206
1857580 206
1857590 205
1857600 203
1857610 203
1857620 202
1857630 200
1857640 200
1857650 199
1857660 198
1857670 198
1857680 197
1857690 197
1857700 197
1857710 197
1857720 195
1857730 195
1857740 195
1857750 195
1857760 195
1857770 195
1857780 194
1857790 194
1857800 194
1857810 194
1857820 194
1857830 193
1857840 193
1857850 193
1857860 193
1857870 193
1857880 192
1857890 192
1857900 192
1857910 192
1857920 192
1857930 192
1857940 192
1857950 192
1857960 192
1857970 192
1857980 192
1857990 192
1858000 192
1858010 192
1858020 192
1858030 192
1858040 193
1858050 193
1858060 194
1858070 195
1858080 195
1858090 195
1858100 196
1858110 196
1858120 197
1858130 199
1858140 199
1858150 200
1858160 202
1858170 202
1858180 204
1858190 205
1858200 205
1858210 207
1858220 208
1858230 208
1858240 209
1858250 211
1858260 211
1858270 212
1858280 215
1858290 215
1858300 218
1858310 222
1858320 222
1858330 225
1858340 226
1858350 226
1858360 226
1858370 227
1858380 227
1858390 228
1858400 228
1858410 228
1858420 230
1858430 231
1858440 231
1858450 232
1858460 233
1858470 233
1858480 234
1858490 235
1858500 235
1858510 235
1858520 236
1858530 236
1858540 236
1858550 237
1858560 237
1858570 238
1858580 238
1858590 238
1858600 239
1858610 239
1858620 239
1858630 240
1858640 240
1858650 240
1858660 241
1858670 241
1858680 241
1858690 241
1858700 241
1858710 242
1858720 242
1858730 242
1858740 242
1858750 243
1858760 243
1858770 243
1858780 243
1858790 243
1858800 243
1858810 243
1858820 243
1858830 243
1858840 244
1858850 244
1858860 244
1858870 244
1858880 244
1858890 244
1858900 244
1858910 244
1858920 244
1858930 244
1858940 244
1858950 244
1858960 244
1858970 244
1858980 244
1858990 244
1859000 244
1859010 244
1859020 244
1859030 244
1859040 244
1859050 244
1859060 244
1859070 244
1859080 244
1859090 244
1859100 244
1859110 245
1859120 245
1859130 245
1859140 245
1859150 245
1859160 245
1859170 245
1859180 245
1859190 245
1859200 245
1859210 245
1859220 245
1859230 245
1859240 245
1859250 245
1859260 245
1859270 245
1859280 245
1859290 245
1859300 245
1859310 245
1859320 245
1859330 244
1859340 244
1859350 244
1859360 244
1859370 244
1859380 244
1859390 244
1859400 244
1859410 244
1859420 244
1859430 244
1859440 244
1859450 244
1859460 244
1859470 244
1859480 244
1859490 244
1859500 244
1859510 244
1859520 244
1859530 244
1859540 245
1859550 245
1859560 245
1859570 245
1859580 246
1859590 246
1859600 246
1859610 246
1859620 246
1859630 246
1859640 246
1859650 246
1859660 247
1859670 247
1859680 247
1859690 247
1859700 247
1859710 247
1859720 247
1859730 248
1859740 248
1859750 248
1859760 248
1859770 248
1859780 248
1859790 248
1859800 248
1859810 248
1859820 249
1859830 249
1859840 249
1859850 249
1859860 249
1859870 249
1859880 249
1859890 249
1859900 250
1859910 250
1859920 250
1859930 250
1859940 250
1859950 250
1859960 250
1859970 250
1859980 250
1859990 250
