1840000 242
1840010 242
1840020 242
1840030 242
1840040 242
1840050 242
1840060 241
1840070 241
1840080 241
1840090 240
1840100 240
1840110 240
1840120 239
1840130 239
1840140 238
1840150 237
1840160 237
1840170 236
1840180 235
1840190 235
1840200 234
1840210 233
1840220 233
1840230 232
1840240 231
1840250 231
1840260 230
1840270 230
1840280 230
1840290 231
1840300 231
1840310 231
1840320 232
1840330 233
1840340 233
1840350 233
1840360 233
1840370 233
1840380 234
1840390 234
1840400 234
1840410 233
1840420 233
1840430 233
1840440 233
1840450 232
1840460 232
1840470 232
1840480 232
1840490 232
1840500 232
1840510 231
1840520 231
1840530 231
1840540 230
1840550 230
1840560 230
1840570 229
1840580 229
1840590 229
1840600 228
1840610 228
1840620 227
1840630 226
1840640 226
1840650 226
1840660 225
1840670 225
1840680 225
1840690 224
1840700 224
1840710 223
1840720 223
1840730 223
1840740 223
1840750 222
1840760 222
1840770 222
1840780 222
1840790 222
1840800 221
1840810 221
1840820 221
1840830 221
1840840 221
1840850 221
1840860 221
1840870 221
1840880 221
1840890 221
1840900 221
1840910 221
1840920 221
1840930 221
1840940 221
1840950 221
1840960 221
1840970 221
1840980 222
1840990 222
1841000 223
1841010 224
1841020 224
1841030 226
1841040 227
1841050 227
1841060 229
1841070 231
1841080 231
1841090 231
1841100 233
1841110 233
1841120 234
1841130 236
1841140 236
1841150 237
1841160 238
1841170 238
1841180 239
1841190 241
1841200 241
1841210 242
1841220 243
1841230 243
1841240 244
1841250 245
1841260 245
1841270 246
1841280 247
1841290 247
1841300 248
1841310 248
1841320 248
1841330 249
1841340 249
1841350 249
1841360 249
1841370 249
1841380 249
1841390 249
1841400 249
1841410 249
1841420 248
1841430 248
1841440 248
1841450 247
1841460 246
1841470 246
1841480 245
1841490 244
1841500 244
1841510 243
1841520 242
1841530 242
1841540 241
1841550 241
1841560 240
1841570 239
1841580 239
1841590 239
1841600 238
1841610 238
1841620 238
1841630 237
1841640 237
1841650 237
1841660 236
1841670 236
1841680 236
1841690 236
1841700 236
1841710 235
1841720 235
1841730 235
1841740 234
1841750 234
1841760 234
1841770 234
1841780 234
1841790 234
1841800 235
1841810 235
1841820 235
1841830 236
1841840 236
1841850 236
1841860 236
1841870 236
1841880 236
1841890 236
1841900 235
1841910 235
1841920 235
1841930 234
1841940 234
1841950 233
1841960 233
1841970 233
1841980 232
1841990 232
1842000 232
1842010 231
1842020 231
1842030 231
1842040 230
1842050 230
1842060 230
1842070 229
1842080 229
1842090 228
1842100 228
1842110 227
1842120 227
1842130 227
1842140 227
1842150 227
1842160 226
1842170 226
1842180 226
1842190 226
1842200 225
1842210 225
1842220 225
1842230 224
1842240 224
1842250 224
1842260 224
1842270 223
1842280 223
1842290 223
1842300 223
1842310 222
1842320 222
1842330 222
1842340 222
1842350 222
1842360 221
1842370 222
1842380 222
1842390 224
1842400 224
1842410 224
1842420 222
1842430 220
1842440 220
1842450 220
1842460 221
1842470 221
1842480 221
1842490 221
1842500 221
1842510 221
1842520 221
1842530 221
1842540 221
1842550 220
1842560 220
1842570 219
1842580 218
1842590 218
1842600 217
1842610 217
1842620 217
1842630 218
1842640 218
1842650 218
1842660 218
1842670 218
1842680 218
1842690 218
1842700 218
1842710 218
1842720 218
1842730 218
1842740 218
1842750 217
1842760 217
1842770 217
1842780 216
1842790 216
1842800 216
1842810 216
1842820 215
1842830 215
1842840 215
1842850 214
1842860 214
1842870 214
1842880 214
1842890 214
1842900 214
1842910 214
1842920 214
1842930 213
1842940 213
1842950 213
1842960 213
1842970 213
1842980 213
1842990 212
1843000 212
1843010 212
1843020 212
1843030 212
1843040 211
1843050 211
1843060 211
1843070 211
1843080 210
1843090 210
1843100 210
1843110 209
1843120 209
1843130 209
1843140 209
1843150 209
1843160 209
1843170 208
1843180 208
1843190 208
1843200 208
1843210 208
1843220 208
1843230 207
1843240 207
1843250 207
1843260 207
1843270 207
1843280 207
1843290 207
1843300 207
1843310 207
1843320 207
1843330 207
1843340 207
1843350 207
1843360 207
1843370 207
1843380 207
1843390 207
1843400 207
1843410 207
1843420 207
1843430 207
1843440 207
1843450 207
1843460 207
1843470 206
1843480 206
1843490 206
1843500 206
1843510 206
1843520 206
1843530 206
1843540 206
1843550 206
1843560 206
1843570 206
1843580 206
1843590 206
1843600 206
1843610 206
1843620 206
1843630 206
1843640 206
1843650 206
1843660 206
1843670 206
1843680 206
1843690 205
1843700 204
1843710 204
1843720 204
1843730 205
1843740 205
1843750 206
1843760 205
1843770 205
1843780 205
1843790 205
1843800 205
1843810 205
1843820 205
1843830 205
1843840 205
1843850 205
1843860 205
1843870 205
1843880 205
1843890 205
1843900 205
1843910 205
1843920 205
1843930 205
1843940 205
1843950 205
1843960 205
1843970 205
1843980 205
1843990 205
1844000 205
1844010 205
1844020 205
1844030 206
1844040 206
1844050 206
1844060 209
1844070 209
1844080 210
1844090 211
1844100 211
1844110 212
1844120 213
1844130 213
1844140 214
1844150 215
1844160 215
1844170 216
1844180 217
1844190 217
1844200 219
1844210 220
1844220 220
1844230 221
1844240 222
1844250 222
1844260 223
1844270 225
1844280 225
1844290 227
1844300 229
1844310 229
1844320 231
1844330 232
1844340 232
1844350 234
1844360 235
1844370 235
1844380 236
1844390 236
1844400 238
1844410 238
1844420 238
1844430 239
1844440 239
1844450 239
1844460 239
1844470 239
1844480 239
1844490 240
1844500 241
1844510 241
1844520 242
1844530 243
1844540 243
1844550 245
1844560 247
1844570 247
1844580 249
1844590 251
1844600 251
1844610 252
1844620 253
1844630 253
1844640 252
1844650 252
1844660 252
1844670 252
1844680 253
1844690 253
1844700 253
1844710 253
1844720 253
1844730 254
1844740 254
1844750 254
1844760 254
1844770 254
1844780 254
1844790 255
1844800 255
1844810 255
1844820 255
1844830 254
1844840 254
1844850 254
1844860 254
1844870 254
1844880 253
1844890 253
1844900 253
1844910 253
1844920 253
1844930 253
1844940 253
1844950 253
1844960 253
1844970 253
1844980 253
1844990 253
1845000 252
1845010 253
1845020 253
1845030 253
1845040 254
1845050 254
1845060 255
1845070 256
1845080 256
1845090 256
1845100 257
1845110 257
1845120 257
1845130 257
1845140 258
1845150 258
1845160 258
1845170 259
1845180 259
1845190 259
1845200 260
1845210 260
1845220 260
1845230 261
1845240 261
1845250 261
1845260 262
1845270 263
1845280 263
1845290 263
1845300 264
1845310 264
1845320 264
1845330 265
1845340 265
1845350 266
1845360 267
1845370 267
1845380 268
1845390 268
1845400 268
1845410 269
1845420 270
1845430 270
1845440 270
1845450 271
1845460 271
1845470 272
1845480 273
1845490 273
1845500 273
1845510 274
1845520 274
1845530 274
1845540 275
1845550 275
1845560 275
1845570 276
1845580 276
1845590 276
1845600 276
1845610 276
1845620 276
1845630 276
1845640 276
1845650 276
1845660 276
1845670 276
1845680 275
1845690 274
1845700 274
1845710 274
1845720 274
1845730 274
1845740 274
1845750 274
1845760 274
1845770 273
1845780 271
1845790 271
1845800 269
1845810 268
1845820 268
1845830 266
1845840 266
1845850 265
1845860 264
1845870 264
1845880 263
1845890 262
1845900 262
1845910 261
1845920 260
1845930 260
1845940 259
1845950 257
1845960 257
1845970 255
1845980 254
1845990 254
1846000 252
1846010 251
1846020 251
1846030 249
1846040 248
1846050 248
1846060 247
1846070 247
1846080 247
1846090 246
1846100 245
1846110 245
1846120 244
1846130 243
1846140 243
1846150 242
1846160 241
1846170 241
1846180 240
1846190 239
1846200 239
1846210 238
1846220 238
1846230 238
1846240 237
1846250 236
1846260 236
1846270 235
1846280 234
1846290 234
1846300 232
1846310 231
1846320 231
1846330 230
1846340 229
1846350 229
1846360 228
1846370 228
1846380 228
1846390 227
1846400 226
1846410 226
1846420 225
1846430 224
1846440 224
1846450 224
1846460 222
1846470 222
1846480 221
1846490 221
1846500 221
1846510 220
1846520 220
1846530 220
1846540 219
1846550 219
1846560 219
1846570 219
1846580 219
1846590 219
1846600 219
1846610 219
1846620 218
1846630 218
1846640 218
1846650 218
1846660 218
1846670 218
1846680 218
1846690 218
1846700 218
1846710 217
1846720 217
1846730 217
1846740 217
1846750 217
1846760 217
1846770 217
1846780 217
1846790 217
1846800 217
1846810 216
1846820 216
1846830 216
1846840 216
1846850 216
1846860 216
1846870 216
1846880 216
1846890 216
1846900 216
1846910 216
1846920 215
1846930 215
1846940 215
1846950 215
1846960 215
1846970 215
1846980 216
1846990 216
1847000 216
1847010 216
1847020 216
1847030 216
1847040 217
1847050 217
1847060 217
1847070 217
1847080 217
1847090 217
1847100 218
1847110 217
1847120 217
1847130 217
1847140 217
1847150 217
1847160 216
1847170 216
1847180 216
1847190 215
1847200 214
1847210 214
1847220 214
1847230 213
1847240 213
1847250 212
1847260 212
1847270 212
1847280 211
1847290 211
1847300 211
1847310 211
1847320 211
1847330 211
1847340 211
1847350 211
1847360 211
1847370 211
1847380 211
1847390 211
1847400 211
1847410 211
1847420 211
1847430 211
1847440 211
1847450 211
1847460 210
1847470 210
1847480 210
1847490 210
1847500 210
1847510 210
1847520 210
1847530 209
1847540 210
1847550 210
1847560 210
1847570 210
1847580 209
1847590 209
1847600 209
1847610 210
1847620 210
1847630 210
1847640 211
1847650 211
1847660 214
1847670 215
1847680 215
1847690 216
1847700 218
1847710 218
1847720 220
1847730 221
1847740 221
1847750 221
1847760 222
1847770 222
1847780 223
1847790 223
1847800 223
1847810 223
1847820 223
1847830 223
1847840 223
1847850 223
1847860 223
1847870 223
1847880 222
1847890 222
1847900 221
1847910 221
1847920 221
1847930 220
1847940 220
1847950 220
1847960 219
1847970 218
1847980 218
1847990 218
1848000 218
1848010 217
1848020 217
1848030 217
1848040 216
1848050 216
1848060 216
1848070 215
1848080 215
1848090 215
1848100 215
1848110 215
1848120 215
1848130 215
1848140 216
1848150 216
1848160 216
1848170 216
1848180 216
1848190 216
1848200 216
1848210 216
1848220 216
1848230 216
1848240 215
1848250 215
1848260 215
1848270 215
1848280 215
1848290 215
1848300 215
1848310 215
1848320 215
1848330 215
1848340 215
1848350 215
1848360 215
1848370 215
1848380 215
1848390 215
1848400 215
1848410 215
1848420 215
1848430 215
1848440 214
1848450 214
1848460 214
1848470 214
1848480 214
1848490 214
1848500 213
1848510 213
1848520 213
1848530 212
1848540 212
1848550 212
1848560 212
1848570 212
1848580 212
1848590 211
1848600 211
1848610 211
1848620 211
1848630 211
1848640 210
1848650 210
1848660 210
1848670 210
1848680 209
1848690 209
1848700 209
1848710 209
1848720 209
1848730 209
1848740 209
1848750 209
1848760 209
1848770 209
1848780 209
1848790 208
1848800 208
1848810 208
1848820 208
1848830 208
1848840 208
1848850 208
1848860 208
1848870 207
1848880 206
1848890 206
1848900 205
1848910 205
1848920 205
1848930 204
1848940 203
1848950 203
1848960 202
1848970 201
1848980 201
1848990 201
1849000 200
1849010 200
1849020 199
1849030 199
1849040 199
1849050 199
1849060 199
1849070 199
1849080 199
1849090 199
1849100 199
1849110 199
1849120 199
1849130 199
1849140 198
1849150 198
1849160 198
1849170 198
1849180 198
1849190 198
1849200 199
1849210 199
1849220 199
1849230 199
1849240 198
1849250 198
1849260 197
1849270 198
1849280 198
1849290 199
1849300 199
1849310 199
1849320 199
1849330 199
1849340 199
1849350 199
1849360 200
1849370 200
1849380 200
1849390 201
1849400 201
1849410 201
1849420 201
1849430 201
1849440 202
1849450 202
1849460 202
1849470 202
1849480 202
1849490 202
1849500 202
1849510 202
1849520 202
1849530 202
1849540 202
1849550 203
1849560 203
1849570 203
1849580 204
1849590 204
1849600 204
1849610 204
1849620 204
1849630 204
1849640 204
1849650 205
1849660 205
1849670 206
1849680 209
1849690 209
1849700 210
1849710 212
1849720 212
1849730 213
1849740 215
1849750 215
1849760 216
1849770 218
1849780 218
1849790 219
1849800 219
1849810 219
1849820 219
1849830 220
1849840 220
1849850 220
1849860 220
1849870 220
1849880 220
1849890 220
1849900 220
1849910 220
1849920 220
1849930 220
1849940 220
1849950 220
1849960 220
1849970 220
1849980 220
1849990 220
1850000 220
1850010 219
1850020 219
1850030 219
1850040 219
1850050 219
1850060 219
1850070 218
1850080 218
1850090 218
1850100 217
1850110 217
1850120 217
1850130 217
1850140 217
1850150 216
1850160 216
1850170 216
1850180 216
1850190 216
1850200 217
1850210 217
1850220 217
1850230 218
1850240 219
1850250 219
1850260 220
1850270 221
1850280 221
1850290 223
1850300 224
1850310 224
1850320 225
1850330 226
1850340 226
1850350 227
1850360 228
1850370 228
1850380 229
1850390 230
1850400 230
1850410 231
1850420 232
1850430 232
1850440 232
1850450 233
1850460 233
1850470 233
1850480 234
1850490 234
1850500 234
1850510 234
1850520 234
1850530 235
1850540 235
1850550 235
1850560 235
1850570 236
1850580 236
1850590 236
1850600 236
1850610 236
1850620 236
1850630 236
1850640 236
1850650 237
1850660 237
1850670 237
1850680 237
1850690 237
1850700 237
1850710 237
1850720 237
1850730 237
1850740 236
1850750 236
1850760 236
1850770 236
1850780 236
1850790 236
1850800 235
1850810 235
1850820 235
1850830 235
1850840 235
1850850 234
1850860 234
1850870 234
1850880 233
1850890 233
1850900 233
1850910 232
1850920 232
1850930 232
1850940 231
1850950 230
1850960 230
1850970 230
1850980 229
1850990 229
1851000 228
1851010 228
1851020 228
1851030 227
1851040 227
1851050 227
1851060 226
1851070 226
1851080 226
1851090 225
1851100 225
1851110 224
1851120 224
1851130 223
1851140 223
1851150 223
1851160 222
1851170 222
1851180 222
1851190 222
1851200 222
1851210 221
1851220 221
1851230 221
1851240 221
1851250 220
1851260 220
1851270 220
1851280 220
1851290 220
1851300 220
1851310 219
1851320 219
1851330 219
1851340 219
1851350 219
1851360 219
1851370 218
1851380 218
1851390 218
1851400 218
1851410 218
1851420 217
1851430 217
1851440 217
1851450 216
1851460 215
1851470 215
1851480 215
1851490 214
1851500 214
1851510 213
1851520 213
1851530 213
1851540 212
1851550 212
1851560 211
1851570 211
1851580 211
1851590 210
1851600 210
1851610 210
1851620 209
1851630 209
1851640 209
1851650 209
1851660 208
1851670 208
1851680 207
1851690 206
1851700 206
1851710 206
1851720 205
1851730 205
1851740 203
1851750 202
1851760 202
1851770 201
1851780 201
1851790 201
1851800 200
1851810 200
1851820 199
1851830 199
1851840 199
1851850 199
1851860 198
1851870 198
1851880 198
1851890 198
1851900 198
1851910 198
1851920 198
1851930 198
1851940 198
1851950 198
1851960 198
1851970 198
1851980 198
1851990 197
1852000 197
1852010 197
1852020 197
1852030 197
1852040 197
1852050 197
1852060 197
1852070 197
1852080 197
1852090 197
1852100 196
1852110 194
1852120 194
1852130 192
1852140 191
1852150 191
1852160 191
1852170 193
1852180 193
1852190 194
1852200 194
1852210 194
1852220 194
1852230 194
1852240 194
1852250 194
1852260 194
1852270 194
1852280 194
1852290 194
1852300 194
1852310 193
1852320 193
1852330 193
1852340 193
1852350 193
1852360 193
1852370 193
1852380 193
1852390 192
1852400 192
1852410 192
1852420 192
1852430 192
1852440 192
1852450 192
1852460 192
1852470 192
1852480 192
1852490 191
1852500 191
1852510 192
1852520 192
1852530 192
1852540 192
1852550 192
1852560 192
1852570 192
1852580 193
1852590 193
1852600 194
1852610 195
1852620 195
1852630 196
1852640 198
1852650 198
1852660 202
1852670 204
1852680 204
1852690 205
1852700 207
1852710 207
1852720 211
1852730 214
1852740 214
1852750 216
1852760 216
1852770 216
1852780 213
1852790 212
1852800 212
1852810 211
1852820 211
1852830 211
1852840 209
1852850 207
1852860 207
1852870 207
1852880 209
1852890 209
1852900 209
1852910 209
1852920 209
1852930 209
1852940 209
1852950 209
1852960 209
1852970 209
1852980 209
1852990 209
1853000 209
1853010 209
1853020 209
1853030 209
1853040 208
1853050 208
1853060 208
1853070 207
1853080 207
1853090 207
1853100 206
1853110 206
1853120 206
1853130 205
1853140 204
1853150 204
1853160 204
1853170 203
1853180 203
1853190 203
1853200 202
1853210 202
1853220 202
1853230 202
1853240 203
1853250 202
1853260 203
1853270 203
1853280 203
1853290 203
1853300 203
1853310 201
1853320 199
1853330 199
1853340 199
1853350 198
1853360 198
1853370 198
1853380 198
1853390 198
1853400 198
1853410 197
1853420 197
1853430 197
1853440 197
1853450 197
1853460 196
1853470 196
1853480 196
1853490 196
1853500 195
1853510 195
1853520 193
1853530 192
1853540 192
1853550 192
1853560 190
1853570 190
1853580 188
1853590 189
1853600 189
1853610 188
1853620 187
1853630 187
1853640 187
1853650 186
1853660 186
1853670 187
1853680 187
1853690 189
1853700 191
1853710 191
1853720 192
1853730 191
1853740 191
1853750 187
1853760 185
1853770 185
1853780 185
1853790 185
1853800 185
1853810 185
1853820 185
1853830 185
1853840 186
1853850 187
1853860 187
1853870 187
1853880 187
1853890 187
1853900 186
1853910 184
1853920 184
1853930 182
1853940 181
1853950 182
1853960 181
1853970 181
1853980 181
1853990 181
1854000 180
1854010 180
1854020 179
1854030 179
1854040 179
1854050 179
1854060 179
1854070 179
1854080 179
1854090 180
1854100 180
1854110 180
1854120 179
1854130 179
1854140 179
1854150 179
1854160 179
1854170 179
1854180 179
1854190 179
1854200 179
1854210 179
1854220 179
1854230 179
1854240 179
1854250 179
1854260 179
1854270 179
1854280 179
1854290 179
1854300 179
1854310 179
1854320 179
1854330 179
1854340 179
1854350 179
1854360 179
1854370 179
1854380 179
1854390 179
1854400 179
1854410 179
1854420 179
1854430 179
1854440 179
1854450 179
1854460 179
1854470 179
1854480 179
1854490 179
1854500 179
1854510 179
1854520 179
1854530 180
1854540 180
1854550 180
1854560 179
1854570 179
1854580 178
1854590 179
1854600 179
1854610 180
1854620 180
1854630 180
1854640 179
1854650 180
1854660 180
1854670 179
1854680 179
1854690 179
1854700 179
1854710 179
1854720 179
1854730 180
1854740 180
1854750 180
1854760 180
1854770 180
1854780 180
1854790 180
1854800 180
1854810 180
1854820 180
1854830 180
1854840 180
1854850 180
1854860 180
1854870 180
1854880 180
1854890 180
1854900 180
1854910 180
1854920 180
1854930 180
1854940 180
1854950 180
1854960 180
1854970 181
1854980 181
1854990 181
1855000 180
1855010 180
1855020 180
1855030 180
1855040 180
1855050 180
1855060 180
1855070 180
1855080 180
1855090 180
1855100 180
1855110 180
1855120 180
1855130 180
1855140 180
1855150 180
1855160 180
1855170 180
1855180 181
1855190 181
1855200 181
1855210 183
1855220 183
1855230 184
1855240 185
1855250 185
1855260 186
1855270 188
1855280 188
1855290 190
1855300 193
1855310 193
1855320 194
1855330 196
1855340 196
1855350 197
1855360 197
1855370 197
1855380 198
1855390 199
1855400 199
1855410 200
1855420 202
1855430 202
1855440 203
1855450 204
1855460 204
1855470 205
1855480 206
1855490 206
1855500 207
1855510 207
1855520 207
1855530 208
1855540 208
1855550 208
1855560 208
1855570 209
1855580 209
1855590 209
1855600 209
1855610 209
1855620 209
1855630 209
1855640 209
1855650 209
1855660 209
1855670 209
1855680 209
1855690 209
1855700 209
1855710 209
1855720 209
1855730 209
1855740 209
1855750 209
1855760 209
1855770 209
1855780 210
1855790 210
1855800 210
1855810 210
1855820 210
1855830 210
1855840 210
1855850 210
1855860 210
1855870 210
1855880 210
1855890 210
1855900 210
1855910 209
1855920 209
1855930 209
1855940 209
1855950 209
1855960 209
1855970 208
1855980 208
1855990 208
1856000 207
1856010 207
1856020 207
1856030 206
1856040 205
1856050 205
1856060 204
1856070 202
1856080 202
1856090 201
1856100 200
1856110 200
1856120 201
1856130 201
1856140 201
1856150 204
1856160 208
1856170 208
1856180 209
1856190 210
1856200 210
1856210 211
1856220 212
1856230 212
1856240 213
1856250 214
1856260 214
1856270 214
1856280 214
1856290 214
1856300 215
1856310 215
1856320 215
1856330 215
1856340 215
1856350 215
1856360 215
1856370 216
1856380 216
1856390 216
1856400 216
1856410 216
1856420 216
1856430 216
1856440 216
1856450 216
1856460 216
1856470 216
1856480 216
1856490 216
1856500 216
1856510 216
1856520 217
1856530 217
1856540 217
1856550 217
1856560 217
1856570 217
1856580 217
1856590 217
1856600 217
1856610 217
1856620 218
1856630 218
1856640 218
1856650 218
1856660 218
1856670 218
1856680 218
1856690 218
1856700 218
1856710 219
1856720 219
1856730 219
1856740 218
1856750 218
1856760 218
1856770 218
1856780 218
1856790 218
1856800 218
1856810 219
1856820 219
1856830 219
1856840 219
1856850 219
1856860 220
1856870 220
1856880 220
1856890 221
1856900 222
1856910 222
1856920 222
1856930 223
1856940 223
1856950 224
1856960 224
1856970 224
1856980 225
1856990 225
1857000 225
1857010 226
1857020 226
1857030 226
1857040 227
1857050 227
1857060 227
1857070 227
1857080 228
1857090 228
1857100 228
1857110 228
1857120 228
1857130 227
1857140 227
1857150 227
1857160 227
1857170 226
1857180 226
1857190 225
1857200 224
1857210 224
1857220 224
1857230 223
1857240 223
1857250 221
1857260 221
1857270 220
1857280 218
1857290 218
1857300 216
1857310 214
1857320 214
1857330 213
1857340 211
1857350 211
1857360 210
1857370 209
1857380 209
1857390 207
1857400 206
1857410 206
1857420 205
1857430 204
1857440 204
1857450 203
1857460 201
1857470 201
1857480 200
1857490 199
1857500 199
1857510 198
1857520 198
1857530 198
1857540 197
1857550 195
1857560 195
1857570 194
1857580 194
1857590 194
1857600 193
1857610 193
1857620 193
1857630 193
1857640 193
1857650 193
1857660 193
1857670 192
1857680 192
1857690 191
1857700 190
1857710 190
1857720 189
1857730 189
1857740 189
1857750 188
1857760 188
1857770 188
1857780 188
1857790 188
1857800 188
1857810 189
1857820 190
1857830 190
1857840 191
1857850 192
1857860 192
1857870 194
1857880 196
1857890 196
1857900 197
1857910 199
1857920 199
1857930 201
1857940 203
1857950 203
1857960 206
1857970 206
1857980 208
1857990 210
1858000 210
1858010 213
1858020 215
1858030 215
1858040 216
1858050 218
1858060 218
1858070 219
1858080 221
1858090 221
1858100 222
1858110 224
1858120 224
1858130 227
1858140 229
1858150 229
1858160 230
1858170 231
1858180 231
1858190 232
1858200 233
1858210 233
1858220 234
1858230 235
1858240 235
1858250 235
1858260 236
1858270 236
1858280 237
1858290 237
1858300 237
1858310 237
1858320 238
1858330 238
1858340 238
1858350 239
1858360 239
1858370 240
1858380 240
1858390 240
1858400 240
1858410 241
1858420 241
1858430 241
1858440 241
1858450 241
1858460 241
1858470 241
1858480 241
1858490 241
1858500 242
1858510 241
1858520 241
1858530 241
1858540 241
1858550 241
1858560 241
1858570 241
1858580 241
1858590 241
1858600 241
1858610 240
1858620 240
1858630 240
1858640 240
1858650 240
1858660 240
1858670 240
1858680 240
1858690 240
1858700 240
1858710 240
1858720 239
1858730 239
1858740 239
1858750 239
1858760 239
1858770 239
1858780 238
1858790 238
1858800 238
1858810 238
1858820 237
1858830 237
1858840 237
1858850 237
1858860 236
1858870 236
1858880 236
1858890 236
1858900 236
1858910 235
1858920 235
1858930 235
1858940 234
1858950 234
1858960 234
1858970 233
1858980 233
1858990 232
1859000 232
1859010 232
1859020 231
1859030 231
1859040 231
1859050 230
1859060 229
1859070 229
1859080 229
1859090 228
1859100 228
1859110 227
1859120 227
1859130 227
1859140 226
1859150 226
1859160 226
1859170 225
1859180 225
1859190 225
1859200 225
1859210 225
1859220 225
1859230 226
1859240 227
1859250 227
1859260 228
1859270 229
1859280 229
1859290 230
1859300 231
1859310 231
1859320 232
1859330 232
1859340 232
1859350 233
1859360 234
1859370 234
1859380 234
1859390 234
1859400 235
1859410 235
1859420 235
1859430 236
1859440 236
1859450 236
1859460 237
1859470 237
1859480 237
1859490 237
1859500 237
1859510 237
1859520 237
1859530 238
1859540 238
1859550 238
1859560 238
1859570 238
1859580 238
1859590 239
1859600 239
1859610 239
1859620 239
1859630 239
1859640 239
1859650 239
1859660 239
1859670 239
1859680 240
1859690 240
1859700 240
1859710 240
1859720 240
1859730 240
1859740 240
1859750 240
1859760 240
1859770 240
1859780 240
1859790 240
1859800 240
1859810 240
1859820 240
1859830 240
1859840 240
1859850 240
1859860 240
1859870 240
1859880 239
1859890 239
1859900 239
1859910 237
1859920 237
1859930 237
1859940 236
1859950 234
1859960 234
1859970 233
1859980 231
1859990 231
