1840000 248
1840010 248
1840020 247
1840030 247
1840040 247
1840050 246
1840060 246
1840070 245
1840080 244
1840090 244
1840100 243
1840110 242
1840120 242
1840130 241
1840140 240
1840150 240
1840160 239
1840170 239
1840180 239
1840190 238
1840200 238
1840210 238
1840220 238
1840230 238
1840240 238
1840250 238
1840260 238
1840270 238
1840280 238
1840290 238
1840300 238
1840310 238
1840320 238
1840330 238
1840340 238
1840350 238
1840360 238
1840370 237
1840380 237
1840390 237
1840400 237
1840410 236
1840420 236
1840430 236
1840440 236
1840450 236
1840460 235
1840470 235
1840480 235
1840490 235
1840500 235
1840510 234
1840520 234
1840530 234
1840540 234
1840550 234
1840560 234
1840570 234
1840580 233
1840590 233
1840600 233
1840610 233
1840620 233
1840630 232
1840640 232
1840650 232
1840660 231
1840670 230
1840680 230
1840690 229
1840700 229
1840710 229
1840720 228
1840730 227
1840740 227
1840750 226
1840760 225
1840770 225
1840780 225
1840790 224
1840800 224
1840810 223
1840820 223
1840830 223
1840840 222
1840850 222
1840860 222
1840870 221
1840880 221
1840890 221
1840900 220
1840910 220
1840920 220
1840930 220
1840940 220
1840950 220
1840960 220
1840970 221
1840980 221
1840990 221
1841000 221
1841010 221
1841020 222
1841030 224
1841040 224
1841050 225
1841060 227
1841070 227
1841080 228
1841090 229
1841100 229
1841110 230
1841120 231
1841130 231
1841140 232
1841150 234
1841160 234
1841170 235
1841180 237
1841190 237
1841200 239
1841210 239
1841220 240
1841230 242
1841240 242
1841250 243
1841260 244
1841270 244
1841280 245
1841290 246
1841300 246
1841310 247
1841320 248
1841330 248
1841340 249
1841350 250
1841360 250
1841370 250
1841380 251
1841390 251
1841400 251
1841410 251
1841420 251
1841430 251
1841440 251
1841450 251
1841460 251
1841470 250
1841480 250
1841490 250
1841500 249
1841510 249
1841520 248
1841530 247
1841540 247
1841550 247
1841560 245
1841570 245
1841580 244
1841590 244
1841600 244
1841610 243
1841620 243
1841630 243
1841640 243
1841650 243
1841660 243
1841670 243
1841680 243
1841690 243
1841700 243
1841710 243
1841720 243
1841730 243
1841740 243
1841750 243
1841760 243
1841770 243
1841780 243
1841790 243
1841800 243
1841810 243
1841820 243
1841830 242
1841840 242
1841850 242
1841860 241
1841870 241
1841880 241
1841890 241
1841900 241
1841910 240
1841920 240
1841930 240
1841940 239
1841950 239
1841960 239
1841970 238
1841980 238
1841990 238
1842000 237
1842010 237
1842020 237
1842030 236
1842040 236
1842050 235
1842060 234
1842070 234
1842080 233
1842090 232
1842100 232
1842110 232
1842120 231
1842130 231
1842140 230
1842150 230
1842160 230
1842170 229
1842180 228
1842190 228
1842200 228
1842210 227
1842220 227
1842230 226
1842240 226
1842250 226
1842260 225
1842270 225
1842280 225
1842290 224
1842300 224
1842310 224
1842320 224
1842330 224
1842340 224
1842350 224
1842360 224
1842370 224
1842380 224
1842390 224
1842400 224
1842410 224
1842420 224
1842430 224
1842440 223
1842450 223
1842460 223
1842470 223
1842480 223
1842490 223
1842500 223
1842510 223
1842520 223
1842530 223
1842540 224
1842550 224
1842560 225
1842570 225
1842580 225
1842590 225
1842600 225
1842610 225
1842620 224
1842630 224
1842640 224
1842650 225
1842660 225
1842670 224
1842680 223
1842690 223
1842700 222
1842710 223
1842720 223
1842730 223
1842740 223
1842750 223
1842760 223
1842770 223
1842780 223
1842790 222
1842800 222
1842810 222
1842820 222
1842830 221
1842840 221
1842850 221
1842860 221
1842870 221
1842880 221
1842890 220
1842900 220
1842910 220
1842920 220
1842930 220
1842940 219
1842950 219
1842960 219
1842970 219
1842980 218
1842990 218
1843000 218
1843010 217
1843020 217
1843030 217
1843040 216
1843050 216
1843060 216
1843070 215
1843080 215
1843090 215
1843100 214
1843110 214
1843120 214
1843130 213
1843140 213
1843150 213
1843160 213
1843170 213
1843180 212
1843190 212
1843200 212
1843210 211
1843220 211
1843230 211
1843240 211
1843250 211
1843260 211
1843270 210
1843280 210
1843290 210
1843300 210
1843310 210
1843320 210
1843330 210
1843340 210
1843350 210
1843360 210
1843370 210
1843380 210
1843390 210
1843400 210
1843410 210
1843420 210
1843430 210
1843440 210
1843450 210
1843460 210
1843470 210
1843480 210
1843490 210
1843500 210
1843510 210
1843520 210
1843530 209
1843540 209
1843550 209
1843560 209
1843570 209
1843580 209
1843590 209
1843600 209
1843610 209
1843620 209
1843630 209
1843640 209
1843650 208
1843660 208
1843670 208
1843680 208
1843690 208
1843700 208
1843710 208
1843720 207
1843730 207
1843740 207
1843750 207
1843760 207
1843770 207
1843780 206
1843790 206
1843800 206
1843810 206
1843820 206
1843830 205
1843840 205
1843850 205
1843860 205
1843870 205
1843880 205
1843890 205
1843900 204
1843910 204
1843920 204
1843930 204
1843940 204
1843950 203
1843960 204
1843970 204
1843980 204
1843990 204
1844000 204
1844010 204
1844020 205
1844030 205
1844040 205
1844050 205
1844060 205
1844070 205
1844080 205
1844090 206
1844100 207
1844110 207
1844120 207
1844130 208
1844140 208
1844150 209
1844160 210
1844170 210
1844180 211
1844190 213
1844200 213
1844210 214
1844220 215
1844230 215
1844240 217
1844250 217
1844260 217
1844270 217
1844280 217
1844290 217
1844300 216
1844310 216
1844320 216
1844330 216
1844340 216
1844350 216
1844360 217
1844370 218
1844380 218
1844390 219
1844400 220
1844410 220
1844420 221
1844430 222
1844440 222
1844450 223
1844460 224
1844470 225
1844480 226
1844490 227
1844500 227
1844510 228
1844520 229
1844530 229
1844540 230
1844550 231
1844560 231
1844570 233
1844580 235
1844590 235
1844600 236
1844610 238
1844620 238
1844630 240
1844640 242
1844650 242
1844660 245
1844670 248
1844680 248
1844690 250
1844700 252
1844710 252
1844720 252
1844730 252
1844740 252
1844750 250
1844760 250
1844770 250
1844780 249
1844790 248
1844800 248
1844810 247
1844820 247
1844830 248
1844840 248
1844850 248
1844860 248
1844870 248
1844880 248
1844890 248
1844900 249
1844910 249
1844920 250
1844930 251
1844940 251
1844950 252
1844960 253
1844970 253
1844980 253
1844990 253
1845000 253
1845010 253
1845020 253
1845030 253
1845040 252
1845050 252
1845060 252
1845070 252
1845080 251
1845090 251
1845100 251
1845110 251
1845120 251
1845130 251
1845140 251
1845150 251
1845160 251
1845170 251
1845180 251
1845190 252
1845200 253
1845210 253
1845220 253
1845230 253
1845240 253
1845250 253
1845260 254
1845270 254
1845280 254
1845290 254
1845300 254
1845310 255
1845320 255
1845330 255
1845340 256
1845350 256
1845360 256
1845370 257
1845380 258
1845390 258
1845400 259
1845410 259
1845420 259
1845430 260
1845440 261
1845450 261
1845460 261
1845470 262
1845480 262
1845490 263
1845500 264
1845510 264
1845520 264
1845530 264
1845540 265
1845550 266
1845560 266
1845570 267
1845580 267
1845590 267
1845600 268
1845610 268
1845620 268
1845630 268
1845640 268
1845650 268
1845660 268
1845670 268
1845680 268
1845690 268
1845700 268
1845710 268
1845720 267
1845730 266
1845740 266
1845750 265
1845760 264
1845770 264
1845780 262
1845790 260
1845800 260
1845810 259
1845820 257
1845830 257
1845840 256
1845850 255
1845860 255
1845870 254
1845880 253
1845890 253
1845900 252
1845910 251
1845920 251
1845930 250
1845940 248
1845950 248
1845960 247
1845970 246
1845980 246
1845990 244
1846000 243
1846010 243
1846020 242
1846030 241
1846040 241
1846050 240
1846060 239
1846070 239
1846080 238
1846090 237
1846100 237
1846110 236
1846120 235
1846130 235
1846140 235
1846150 235
1846160 235
1846170 235
1846180 235
1846190 235
1846200 236
1846210 236
1846220 236
1846230 236
1846240 236
1846250 236
1846260 236
1846270 236
1846280 234
1846290 234
1846300 234
1846310 234
1846320 234
1846330 234
1846340 234
1846350 234
1846360 234
1846370 234
1846380 234
1846390 234
1846400 234
1846410 234
1846420 234
1846430 233
1846440 233
1846450 233
1846460 232
1846470 233
1846480 233
1846490 233
1846500 234
1846510 234
1846520 234
1846530 234
1846540 234
1846550 234
1846560 234
1846570 234
1846580 235
1846590 235
1846600 235
1846610 236
1846620 236
1846630 236
1846640 235
1846650 236
1846660 236
1846670 237
1846680 237
1846690 237
1846700 238
1846710 238
1846720 238
1846730 237
1846740 237
1846750 237
1846760 237
1846770 236
1846780 236
1846790 236
1846800 235
1846810 235
1846820 235
1846830 234
1846840 234
1846850 234
1846860 234
1846870 234
1846880 233
1846890 233
1846900 233
1846910 233
1846920 233
1846930 233
1846940 233
1846950 232
1846960 232
1846970 231
1846980 231
1846990 231
1847000 230
1847010 230
1847020 230
1847030 231
1847040 231
1847050 230
1847060 230
1847070 230
1847080 229
1847090 228
1847100 228
1847110 227
1847120 226
1847130 226
1847140 225
1847150 224
1847160 224
1847170 222
1847180 220
1847190 220
1847200 219
1847210 217
1847220 217
1847230 216
1847240 215
1847250 215
1847260 214
1847270 214
1847280 214
1847290 214
1847300 214
1847310 214
1847320 213
1847330 213
1847340 213
1847350 213
1847360 214
1847370 214
1847380 214
1847390 215
1847400 215
1847410 218
1847420 221
1847430 221
1847440 222
1847450 223
1847460 223
1847470 223
1847480 224
1847490 224
1847500 223
1847510 223
1847520 223
1847530 221
1847540 218
1847550 218
1847560 216
1847570 215
1847580 215
1847590 214
1847600 214
1847610 214
1847620 215
1847630 216
1847640 216
1847650 218
1847660 219
1847670 219
1847680 221
1847690 221
1847700 223
1847710 225
1847720 225
1847730 226
1847740 228
1847750 228
1847760 229
1847770 229
1847780 229
1847790 230
1847800 230
1847810 230
1847820 230
1847830 230
1847840 230
1847850 230
1847860 229
1847870 229
1847880 229
1847890 228
1847900 228
1847910 227
1847920 227
1847930 227
1847940 226
1847950 225
1847960 225
1847970 224
1847980 224
1847990 224
1848000 224
1848010 224
1848020 224
1848030 224
1848040 224
1848050 224
1848060 224
1848070 224
1848080 223
1848090 223
1848100 223
1848110 223
1848120 223
1848130 223
1848140 223
1848150 222
1848160 222
1848170 222
1848180 222
1848190 222
1848200 222
1848210 221
1848220 221
1848230 221
1848240 221
1848250 221
1848260 221
1848270 220
1848280 220
1848290 220
1848300 220
1848310 219
1848320 219
1848330 219
1848340 219
1848350 219
1848360 219
1848370 218
1848380 218
1848390 218
1848400 218
1848410 218
1848420 218
1848430 218
1848440 217
1848450 217
1848460 217
1848470 217
1848480 217
1848490 217
1848500 217
1848510 216
1848520 216
1848530 216
1848540 216
1848550 216
1848560 216
1848570 215
1848580 215
1848590 215
1848600 215
1848610 215
1848620 215
1848630 215
1848640 215
1848650 214
1848660 214
1848670 214
1848680 214
1848690 213
1848700 213
1848710 213
1848720 213
1848730 213
1848740 212
1848750 212
1848760 212
1848770 212
1848780 212
1848790 212
1848800 212
1848810 211
1848820 211
1848830 211
1848840 211
1848850 211
1848860 210
1848870 210
1848880 210
1848890 210
1848900 209
1848910 209
1848920 209
1848930 208
1848940 208
1848950 208
1848960 207
1848970 207
1848980 207
1848990 206
1849000 206
1849010 205
1849020 204
1849030 204
1849040 204
1849050 203
1849060 203
1849070 202
1849080 201
1849090 201
1849100 201
1849110 201
1849120 200
1849130 199
1849140 199
1849150 199
1849160 199
1849170 199
1849180 199
1849190 199
1849200 199
1849210 199
1849220 199
1849230 199
1849240 199
1849250 198
1849260 198
1849270 198
1849280 198
1849290 198
1849300 198
1849310 198
1849320 198
1849330 198
1849340 198
1849350 198
1849360 198
1849370 198
1849380 198
1849390 199
1849400 198
1849410 198
1849420 198
1849430 198
1849440 198
1849450 197
1849460 196
1849470 196
1849480 197
1849490 197
1849500 197
1849510 197
1849520 197
1849530 197
1849540 197
1849550 197
1849560 197
1849570 197
1849580 198
1849590 198
1849600 198
1849610 198
1849620 198
1849630 198
1849640 199
1849650 199
1849660 199
1849670 199
1849680 199
1849690 200
1849700 201
1849710 201
1849720 202
1849730 203
1849740 203
1849750 204
1849760 205
1849770 205
1849780 207
1849790 209
1849800 209
1849810 210
1849820 211
1849830 211
1849840 211
1849850 211
1849860 212
1849870 212
1849880 212
1849890 212
1849900 212
1849910 212
1849920 212
1849930 212
1849940 212
1849950 212
1849960 212
1849970 212
1849980 212
1849990 211
1850000 211
1850010 210
1850020 209
1850030 209
1850040 208
1850050 207
1850060 207
1850070 207
1850080 206
1850090 206
1850100 205
1850110 204
1850120 204
1850130 204
1850140 204
1850150 204
1850160 204
1850170 206
1850180 206
1850190 207
1850200 209
1850210 209
1850220 210
1850230 212
1850240 212
1850250 213
1850260 215
1850270 215
1850280 217
1850290 219
1850300 219
1850310 221
1850320 222
1850330 222
1850340 224
1850350 225
1850360 225
1850370 226
1850380 226
1850390 226
1850400 226
1850410 225
1850420 225
1850430 225
1850440 224
1850450 224
1850460 224
1850470 223
1850480 223
1850490 222
1850500 220
1850510 220
1850520 219
1850530 218
1850540 218
1850550 218
1850560 218
1850570 218
1850580 219
1850590 220
1850600 221
1850610 222
1850620 222
1850630 224
1850640 225
1850650 225
1850660 227
1850670 228
1850680 228
1850690 229
1850700 231
1850710 231
1850720 231
1850730 232
1850740 232
1850750 232
1850760 233
1850770 233
1850780 233
1850790 233
1850800 233
1850810 233
1850820 233
1850830 233
1850840 233
1850850 233
1850860 233
1850870 233
1850880 233
1850890 233
1850900 233
1850910 233
1850920 233
1850930 232
1850940 232
1850950 232
1850960 232
1850970 232
1850980 232
1850990 232
1851000 231
1851010 231
1851020 231
1851030 231
1851040 231
1851050 231
1851060 230
1851070 230
1851080 230
1851090 230
1851100 230
1851110 229
1851120 229
1851130 229
1851140 228
1851150 228
1851160 228
1851170 227
1851180 227
1851190 227
1851200 226
1851210 226
1851220 226
1851230 225
1851240 225
1851250 225
1851260 224
1851270 224
1851280 224
1851290 223
1851300 223
1851310 223
1851320 223
1851330 223
1851340 222
1851350 222
1851360 222
1851370 222
1851380 221
1851390 221
1851400 221
1851410 221
1851420 221
1851430 220
1851440 220
1851450 220
1851460 220
1851470 219
1851480 219
1851490 219
1851500 219
1851510 219
1851520 219
1851530 218
1851540 218
1851550 218
1851560 218
1851570 218
1851580 217
1851590 217
1851600 217
1851610 217
1851620 217
1851630 217
1851640 216
1851650 216
1851660 216
1851670 216
1851680 215
1851690 215
1851700 215
1851710 215
1851720 215
1851730 214
1851740 214
1851750 214
1851760 214
1851770 213
1851780 213
1851790 213
1851800 212
1851810 212
1851820 212
1851830 212
1851840 212
1851850 211
1851860 211
1851870 211
1851880 211
1851890 210
1851900 210
1851910 210
1851920 209
1851930 209
1851940 209
1851950 209
1851960 209
1851970 208
1851980 208
1851990 208
1852000 208
1852010 207
1852020 207
1852030 206
1852040 206
1852050 206
1852060 205
1852070 205
1852080 204
1852090 204
1852100 204
1852110 203
1852120 202
1852130 202
1852140 201
1852150 200
1852160 200
1852170 200
1852180 199
1852190 199
1852200 198
1852210 197
1852220 197
1852230 196
1852240 195
1852250 195
1852260 195
1852270 194
1852280 194
1852290 193
1852300 192
1852310 192
1852320 192
1852330 191
1852340 191
1852350 190
1852360 189
1852370 191
1852380 189
1852390 190
1852400 190
1852410 190
1852420 190
1852430 190
1852440 190
1852450 191
1852460 191
1852470 193
1852480 194
1852490 194
1852500 195
1852510 196
1852520 196
1852530 197
1852540 197
1852550 197
1852560 198
1852570 198
1852580 198
1852590 198
1852600 198
1852610 198
1852620 198
1852630 198
1852640 198
1852650 198
1852660 197
1852670 197
1852680 197
1852690 197
1852700 197
1852710 197
1852720 198
1852730 198
1852740 198
1852750 198
1852760 196
1852770 195
1852780 195
1852790 195
1852800 195
1852810 195
1852820 196
1852830 196
1852840 196
1852850 196
1852860 195
1852870 195
1852880 194
1852890 194
1852900 194
1852910 193
1852920 193
1852930 193
1852940 193
1852950 193
1852960 193
1852970 194
1852980 193
1852990 193
1853000 193
1853010 194
1853020 194
1853030 195
1853040 194
1853050 194
1853060 195
1853070 195
1853080 195
1853090 196
1853100 196
1853110 196
1853120 197
1853130 197
1853140 197
1853150 197
1853160 197
1853170 197
1853180 197
1853190 195
1853200 195
1853210 192
1853220 190
1853230 190
1853240 190
1853250 190
1853260 190
1853270 190
1853280 190
1853290 190
1853300 189
1853310 188
1853320 188
1853330 188
1853340 187
1853350 187
1853360 186
1853370 185
1853380 185
1853390 185
1853400 185
1853410 184
1853420 183
1853430 184
1853440 183
1853450 182
1853460 182
1853470 182
1853480 182
1853490 182
1853500 181
1853510 181
1853520 181
1853530 181
1853540 181
1853550 181
1853560 180
1853570 180
1853580 180
1853590 180
1853600 180
1853610 180
1853620 180
1853630 180
1853640 180
1853650 180
1853660 180
1853670 180
1853680 180
1853690 180
1853700 180
1853710 181
1853720 180
1853730 180
1853740 180
1853750 180
1853760 180
1853770 180
1853780 180
1853790 180
1853800 180
1853810 181
1853820 181
1853830 181
1853840 180
1853850 180
1853860 179
1853870 180
1853880 180
1853890 181
1853900 181
1853910 181
1853920 180
1853930 180
1853940 180
1853950 180
1853960 180
1853970 180
1853980 180
1853990 179
1854000 179
1854010 179
1854020 179
1854030 179
1854040 179
1854050 179
1854060 179
1854070 179
1854080 179
1854090 179
1854100 179
1854110 179
1854120 179
1854130 179
1854140 179
1854150 179
1854160 179
1854170 179
1854180 179
1854190 179
1854200 179
1854210 179
1854220 179
1854230 179
1854240 179
1854250 179
1854260 179
1854270 179
1854280 179
1854290 179
1854300 179
1854310 179
1854320 179
1854330 179
1854340 179
1854350 179
1854360 179
1854370 179
1854380 179
1854390 179
1854400 179
1854410 179
1854420 179
1854430 179
1854440 179
1854450 179
1854460 179
1854470 179
1854480 179
1854490 179
1854500 179
1854510 179
1854520 179
1854530 179
1854540 179
1854550 179
1854560 179
1854570 179
1854580 179
1854590 179
1854600 179
1854610 179
1854620 179
1854630 179
1854640 179
1854650 179
1854660 179
1854670 179
1854680 179
1854690 179
1854700 179
1854710 179
1854720 179
1854730 179
1854740 179
1854750 180
1854760 180
1854770 180
1854780 180
1854790 180
1854800 180
1854810 180
1854820 180
1854830 180
1854840 180
1854850 180
1854860 180
1854870 180
1854880 180
1854890 180
1854900 180
1854910 180
1854920 180
1854930 181
1854940 181
1854950 181
1854960 181
1854970 181
1854980 181
1854990 181
1855000 181
1855010 182
1855020 181
1855030 181
1855040 181
1855050 182
1855060 182
1855070 182
1855080 182
1855090 182
1855100 182
1855110 182
1855120 182
1855130 182
1855140 182
1855150 182
1855160 182
1855170 183
1855180 183
1855190 184
1855200 184
1855210 184
1855220 185
1855230 186
1855240 186
1855250 187
1855260 188
1855270 188
1855280 189
1855290 191
1855300 191
1855310 192
1855320 193
1855330 193
1855340 195
1855350 196
1855360 196
1855370 198
1855380 199
1855390 199
1855400 200
1855410 201
1855420 201
1855430 203
1855440 204
1855450 204
1855460 205
1855470 206
1855480 206
1855490 207
1855500 208
1855510 208
1855520 208
1855530 209
1855540 209
1855550 210
1855560 210
1855570 210
1855580 210
1855590 210
1855600 211
1855610 211
1855620 211
1855630 211
1855640 212
1855650 212
1855660 212
1855670 212
1855680 212
1855690 212
1855700 212
1855710 212
1855720 212
1855730 212
1855740 212
1855750 212
1855760 212
1855770 212
1855780 212
1855790 212
1855800 212
1855810 212
1855820 212
1855830 212
1855840 212
1855850 212
1855860 212
1855870 212
1855880 212
1855890 212
1855900 212
1855910 212
1855920 212
1855930 212
1855940 212
1855950 212
1855960 211
1855970 211
1855980 211
1855990 211
1856000 211
1856010 211
1856020 211
1856030 211
1856040 211
1856050 210
1856060 210
1856070 210
1856080 210
1856090 209
1856100 209
1856110 209
1856120 208
1856130 208
1856140 208
1856150 207
1856160 207
1856170 208
1856180 209
1856190 209
1856200 210
1856210 211
1856220 211
1856230 212
1856240 212
1856250 212
1856260 212
1856270 212
1856280 213
1856290 213
1856300 213
1856310 213
1856320 214
1856330 214
1856340 214
1856350 214
1856360 214
1856370 215
1856380 215
1856390 215
1856400 216
1856410 216
1856420 216
1856430 217
1856440 217
1856450 217
1856460 217
1856470 218
1856480 218
1856490 218
1856500 218
1856510 218
1856520 219
1856530 219
1856540 219
1856550 219
1856560 220
1856570 220
1856580 220
1856590 220
1856600 220
1856610 221
1856620 221
1856630 221
1856640 221
1856650 221
1856660 221
1856670 221
1856680 222
1856690 222
1856700 222
1856710 222
1856720 222
1856730 222
1856740 222
1856750 222
1856760 222
1856770 222
1856780 222
1856790 222
1856800 223
1856810 223
1856820 223
1856830 223
1856840 223
1856850 223
1856860 224
1856870 224
1856880 224
1856890 224
1856900 224
1856910 225
1856920 225
1856930 225
1856940 225
1856950 226
1856960 226
1856970 226
1856980 226
1856990 226
1857000 227
1857010 227
1857020 227
1857030 227
1857040 227
1857050 228
1857060 228
1857070 228
1857080 228
1857090 229
1857100 229
1857110 229
1857120 229
1857130 229
1857140 229
1857150 229
1857160 229
1857170 228
1857180 228
1857190 228
1857200 228
1857210 227
1857220 227
1857230 227
1857240 226
1857250 226
1857260 226
1857270 225
1857280 225
1857290 225
1857300 224
1857310 224
1857320 223
1857330 223
1857340 223
1857350 222
1857360 221
1857370 221
1857380 220
1857390 219
1857400 219
1857410 218
1857420 217
1857430 217
1857440 215
1857450 214
1857460 214
1857470 213
1857480 212
1857490 212
1857500 210
1857510 208
1857520 208
1857530 207
1857540 205
1857550 205
1857560 204
1857570 202
1857580 202
1857590 201
1857600 199
1857610 199
1857620 198
1857630 197
1857640 197
1857650 195
1857660 194
1857670 194
1857680 192
1857690 192
1857700 191
1857710 191
1857720 191
1857730 190
1857740 190
1857750 190
1857760 190
1857770 189
1857780 189
1857790 189
1857800 189
1857810 189
1857820 189
1857830 191
1857840 191
1857850 193
1857860 195
1857870 195
1857880 196
1857890 198
1857900 198
1857910 199
1857920 201
1857930 201
1857940 204
1857950 206
1857960 206
1857970 207
1857980 208
1857990 208
1858000 210
1858010 212
1858020 212
1858030 215
1858040 217
1858050 217
1858060 220
1858070 222
1858080 222
1858090 224
1858100 225
1858110 225
1858120 226
1858130 227
1858140 227
1858150 228
1858160 230
1858170 230
1858180 233
1858190 234
1858200 234
1858210 235
1858220 236
1858230 236
1858240 237
1858250 237
1858260 237
1858270 238
1858280 238
1858290 238
1858300 238
1858310 239
1858320 239
1858330 239
1858340 240
1858350 240
1858360 241
1858370 241
1858380 241
1858390 242
1858400 242
1858410 242
1858420 243
1858430 243
1858440 243
1858450 243
1858460 243
1858470 243
1858480 243
1858490 243
1858500 243
1858510 244
1858520 244
1858530 244
1858540 244
1858550 244
1858560 244
1858570 244
1858580 244
1858590 244
1858600 243
1858610 243
1858620 243
1858630 243
1858640 243
1858650 243
1858660 243
1858670 243
1858680 242
1858690 242
1858700 242
1858710 242
1858720 241
1858730 241
1858740 241
1858750 241
1858760 241
1858770 241
1858780 240
1858790 240
1858800 240
1858810 240
1858820 240
1858830 240
1858840 240
1858850 240
1858860 239
1858870 239
1858880 239
1858890 239
1858900 239
1858910 239
1858920 238
1858930 238
1858940 238
1858950 238
1858960 238
1858970 238
1858980 237
1858990 237
1859000 237
1859010 237
1859020 236
1859030 236
1859040 236
1859050 235
1859060 235
1859070 235
1859080 235
1859090 235
1859100 234
1859110 234
1859120 234
1859130 234
1859140 234
1859150 233
1859160 233
1859170 233
1859180 232
1859190 232
1859200 232
1859210 231
1859220 231
1859230 231
1859240 230
1859250 229
1859260 229
1859270 230
1859280 231
1859290 231
1859300 231
1859310 232
1859320 232
1859330 233
1859340 233
1859350 233
1859360 234
1859370 234
1859380 234
1859390 235
1859400 235
1859410 235
1859420 235
1859430 236
1859440 236
1859450 236
1859460 237
1859470 237
1859480 238
1859490 238
1859500 238
1859510 238
1859520 238
1859530 238
1859540 238
1859550 239
1859560 239
1859570 239
1859580 239
1859590 239
1859600 239
1859610 240
1859620 240
1859630 240
1859640 240
1859650 240
1859660 240
1859670 241
1859680 241
1859690 241
1859700 241
1859710 241
1859720 241
1859730 241
1859740 241
1859750 241
1859760 241
1859770 241
1859780 241
1859790 241
1859800 241
1859810 242
1859820 242
1859830 242
1859840 242
1859850 242
1859860 242
1859870 242
1859880 242
1859890 242
1859900 243
1859910 243
1859920 243
1859930 243
1859940 243
1859950 242
1859960 242
1859970 242
1859980 242
1859990 242
