1840000 258
1840010 259
1840020 260
1840030 260
1840040 261
1840050 262
1840060 262
1840070 262
1840080 263
1840090 263
1840100 264
1840110 265
1840120 265
1840130 265
1840140 266
1840150 266
1840160 266
1840170 266
1840180 266
1840190 267
1840200 267
1840210 267
1840220 267
1840230 267
1840240 267
1840250 267
1840260 267
1840270 267
1840280 267
1840290 267
1840300 266
1840310 266
1840320 266
1840330 266
1840340 265
1840350 265
1840360 264
1840370 264
1840380 264
1840390 263
1840400 262
1840410 262
1840420 262
1840430 261
1840440 261
1840450 260
1840460 259
1840470 259
1840480 258
1840490 257
1840500 257
1840510 255
1840520 254
1840530 254
1840540 253
1840550 251
1840560 251
1840570 250
1840580 249
1840590 249
1840600 248
1840610 247
1840620 247
1840630 246
1840640 246
1840650 246
1840660 245
1840670 244
1840680 244
1840690 244
1840700 243
1840710 243
1840720 242
1840730 242
1840740 242
1840750 241
1840760 241
1840770 241
1840780 240
1840790 240
1840800 240
1840810 240
1840820 240
1840830 240
1840840 240
1840850 239
1840860 239
1840870 239
1840880 239
1840890 239
1840900 238
1840910 238
1840920 238
1840930 237
1840940 237
1840950 237
1840960 236
1840970 236
1840980 236
1840990 235
1841000 235
1841010 235
1841020 234
1841030 234
1841040 233
1841050 233
1841060 233
1841070 232
1841080 232
1841090 232
1841100 231
1841110 231
1841120 231
1841130 232
1841140 230
1841150 230
1841160 231
1841170 230
1841180 230
1841190 229
1841200 229
1841210 229
1841220 229
1841230 228
1841240 228
1841250 228
1841260 228
1841270 228
1841280 228
1841290 227
1841300 227
1841310 227
1841320 227
1841330 227
1841340 227
1841350 226
1841360 226
1841370 226
1841380 226
1841390 226
1841400 226
1841410 226
1841420 226
1841430 225
1841440 225
1841450 225
1841460 225
1841470 225
1841480 225
1841490 225
1841500 224
1841510 224
1841520 224
1841530 224
1841540 224
1841550 223
1841560 223
1841570 223
1841580 223
1841590 222
1841600 222
1841610 222
1841620 222
1841630 222
1841640 222
1841650 222
1841660 221
1841670 221
1841680 221
1841690 221
1841700 220
1841710 220
1841720 221
1841730 222
1841740 222
1841750 220
1841760 219
1841770 219
1841780 218
1841790 218
1841800 218
1841810 217
1841820 217
1841830 217
1841840 217
1841850 217
1841860 217
1841870 216
1841880 216
1841890 216
1841900 216
1841910 216
1841920 216
1841930 216
1841940 216
1841950 216
1841960 216
1841970 216
1841980 216
1841990 215
1842000 215
1842010 215
1842020 215
1842030 215
1842040 215
1842050 215
1842060 215
1842070 215
1842080 215
1842090 215
1842100 215
1842110 214
1842120 214
1842130 214
1842140 214
1842150 214
1842160 214
1842170 214
1842180 214
1842190 214
1842200 214
1842210 214
1842220 214
1842230 214
1842240 214
1842250 214
1842260 213
1842270 213
1842280 213
1842290 213
1842300 213
1842310 213
1842320 213
1842330 213
1842340 213
1842350 213
1842360 213
1842370 212
1842380 213
1842390 213
1842400 213
1842410 213
1842420 213
1842430 213
1842440 213
1842450 213
1842460 213
1842470 213
1842480 213
1842490 213
1842500 213
1842510 213
1842520 213
1842530 213
1842540 213
1842550 214
1842560 214
1842570 214
1842580 215
1842590 216
1842600 216
1842610 217
1842620 219
1842630 219
1842640 221
1842650 223
1842660 223
1842670 225
1842680 226
1842690 226
1842700 228
1842710 230
1842720 230
1842730 232
1842740 233
1842750 233
1842760 235
1842770 237
1842780 237
1842790 239
1842800 241
1842810 241
1842820 242
1842830 244
1842840 244
1842850 245
1842860 246
1842870 246
1842880 247
1842890 249
1842900 249
1842910 250
1842920 251
1842930 251
1842940 252
1842950 252
1842960 252
1842970 252
1842980 251
1842990 251
1843000 251
1843010 250
1843020 250
1843030 248
1843040 248
1843050 247
1843060 245
1843070 245
1843080 244
1843090 242
1843100 242
1843110 240
1843120 238
1843130 238
1843140 237
1843150 236
1843160 236
1843170 237
1843180 237
1843190 237
1843200 238
1843210 240
1843220 240
1843230 241
1843240 242
1843250 242
1843260 244
1843270 245
1843280 245
1843290 245
1843300 245
1843310 245
1843320 245
1843330 245
1843340 245
1843350 244
1843360 244
1843370 244
1843380 243
1843390 243
1843400 243
1843410 242
1843420 242
1843430 242
1843440 241
1843450 241
1843460 241
1843470 240
1843480 240
1843490 240
1843500 239
1843510 239
1843520 239
1843530 238
1843540 237
1843550 237
1843560 237
1843570 236
1843580 236
1843590 235
1843600 235
1843610 235
1843620 234
1843630 233
1843640 233
1843650 233
1843660 232
1843670 232
1843680 231
1843690 231
1843700 231
1843710 230
1843720 230
1843730 230
1843740 229
1843750 229
1843760 229
1843770 228
1843780 228
1843790 228
1843800 227
1843810 227
1843820 227
1843830 227
1843840 227
1843850 227
1843860 227
1843870 227
1843880 227
1843890 226
1843900 226
1843910 225
1843920 225
1843930 225
1843940 224
1843950 224
1843960 224
1843970 224
1843980 223
1843990 223
1844000 222
1844010 222
1844020 222
1844030 221
1844040 221
1844050 221
1844060 220
1844070 219
1844080 219
1844090 219
1844100 218
1844110 218
1844120 218
1844130 217
1844140 217
1844150 216
1844160 216
1844170 216
1844180 215
1844190 215
1844200 215
1844210 214
1844220 214
1844230 214
1844240 213
1844250 213
1844260 213
1844270 213
1844280 213
1844290 213
1844300 213
1844310 212
1844320 212
1844330 212
1844340 212
1844350 213
1844360 213
1844370 212
1844380 212
1844390 213
1844400 212
1844410 212
1844420 212
1844430 212
1844440 212
1844450 212
1844460 212
1844470 212
1844480 212
1844490 212
1844500 212
1844510 213
1844520 213
1844530 213
1844540 216
1844550 216
1844560 219
1844570 223
1844580 223
1844590 226
1844600 227
1844610 227
1844620 229
1844630 231
1844640 231
1844650 234
1844660 236
1844670 236
1844680 238
1844690 240
1844700 240
1844710 242
1844720 244
1844730 244
1844740 245
1844750 246
1844760 246
1844770 247
1844780 248
1844790 248
1844800 251
1844810 251
1844820 251
1844830 251
1844840 252
1844850 252
1844860 252
1844870 253
1844880 253
1844890 253
1844900 254
1844910 254
1844920 254
1844930 255
1844940 255
1844950 255
1844960 255
1844970 255
1844980 256
1844990 256
1845000 256
1845010 256
1845020 255
1845030 255
1845040 255
1845050 255
1845060 255
1845070 255
1845080 258
1845090 258
1845100 258
1845110 258
1845120 258
1845130 257
1845140 257
1845150 257
1845160 256
1845170 256
1845180 255
1845190 253
1845200 253
1845210 252
1845220 250
1845230 250
1845240 248
1845250 246
1845260 246
1845270 244
1845280 242
1845290 242
1845300 241
1845310 238
1845320 238
1845330 237
1845340 236
1845350 236
1845360 236
1845370 236
1845380 236
1845390 236
1845400 236
1845410 236
1845420 237
1845430 238
1845440 238
1845450 239
1845460 240
1845470 240
1845480 241
1845490 242
1845500 242
1845510 244
1845520 245
1845530 245
1845540 247
1845550 250
1845560 250
1845570 251
1845580 252
1845590 252
1845600 253
1845610 255
1845620 255
1845630 256
1845640 257
1845650 257
1845660 258
1845670 259
1845680 259
1845690 260
1845700 260
1845710 260
1845720 260
1845730 260
1845740 260
1845750 260
1845760 259
1845770 259
1845780 259
1845790 258
1845800 258
1845810 257
1845820 257
1845830 256
1845840 255
1845850 255
1845860 254
1845870 252
1845880 252
1845890 251
1845900 250
1845910 250
1845920 249
1845930 248
1845940 248
1845950 247
1845960 246
1845970 246
1845980 246
1845990 245
1846000 245
1846010 244
1846020 243
1846030 243
1846040 242
1846050 241
1846060 241
1846070 240
1846080 238
1846090 238
1846100 237
1846110 236
1846120 236
1846130 235
1846140 234
1846150 234
1846160 233
1846170 232
1846180 232
1846190 231
1846200 231
1846210 231
1846220 230
1846230 230
1846240 230
1846250 229
1846260 229
1846270 229
1846280 229
1846290 229
1846300 229
1846310 228
1846320 228
1846330 228
1846340 228
1846350 227
1846360 227
1846370 227
1846380 227
1846390 227
1846400 227
1846410 226
1846420 226
1846430 226
1846440 226
1846450 226
1846460 225
1846470 225
1846480 225
1846490 225
1846500 224
1846510 224
1846520 225
1846530 225
1846540 224
1846550 224
1846560 224
1846570 224
1846580 224
1846590 224
1846600 223
1846610 223
1846620 223
1846630 223
1846640 222
1846650 222
1846660 222
1846670 222
1846680 222
1846690 222
1846700 221
1846710 221
1846720 221
1846730 221
1846740 221
1846750 221
1846760 221
1846770 221
1846780 221
1846790 220
1846800 220
1846810 220
1846820 220
1846830 220
1846840 220
1846850 219
1846860 219
1846870 220
1846880 222
1846890 222
1846900 222
1846910 222
1846920 222
1846930 222
1846940 222
1846950 222
1846960 221
1846970 221
1846980 221
1846990 221
1847000 221
1847010 221
1847020 221
1847030 221
1847040 221
1847050 220
1847060 220
1847070 220
1847080 220
1847090 220
1847100 220
1847110 220
1847120 219
1847130 219
1847140 219
1847150 219
1847160 219
1847170 219
1847180 219
1847190 219
1847200 218
1847210 218
1847220 218
1847230 217
1847240 218
1847250 217
1847260 217
1847270 217
1847280 216
1847290 216
1847300 216
1847310 215
1847320 215
1847330 215
1847340 215
1847350 214
1847360 214
1847370 214
1847380 214
1847390 214
1847400 214
1847410 214
1847420 214
1847430 213
1847440 213
1847450 213
1847460 213
1847470 213
1847480 213
1847490 213
1847500 213
1847510 213
1847520 213
1847530 212
1847540 212
1847550 212
1847560 212
1847570 212
1847580 212
1847590 212
1847600 212
1847610 212
1847620 212
1847630 212
1847640 212
1847650 212
1847660 212
1847670 212
1847680 212
1847690 212
1847700 211
1847710 211
1847720 211
1847730 211
1847740 211
1847750 211
1847760 211
1847770 211
1847780 211
1847790 210
1847800 210
1847810 210
1847820 210
1847830 210
1847840 210
1847850 210
1847860 210
1847870 210
1847880 210
1847890 210
1847900 210
1847910 210
1847920 210
1847930 210
1847940 210
1847950 210
1847960 212
1847970 211
1847980 211
1847990 212
1848000 213
1848010 213
1848020 213
1848030 213
1848040 213
1848050 212
1848060 212
1848070 212
1848080 212
1848090 212
1848100 212
1848110 211
1848120 211
1848130 211
1848140 210
1848150 210
1848160 210
1848170 209
1848180 209
1848190 209
1848200 209
1848210 208
1848220 208
1848230 208
1848240 207
1848250 207
1848260 206
1848270 205
1848280 205
1848290 204
1848300 204
1848310 204
1848320 204
1848330 203
1848340 203
1848350 203
1848360 202
1848370 202
1848380 201
1848390 201
1848400 201
1848410 201
1848420 200
1848430 200
1848440 200
1848450 200
1848460 200
1848470 200
1848480 200
1848490 200
1848500 200
1848510 201
1848520 201
1848530 201
1848540 201
1848550 201
1848560 202
1848570 202
1848580 202
1848590 202
1848600 202
1848610 202
1848620 202
1848630 202
1848640 202
1848650 203
1848660 203
1848670 203
1848680 204
1848690 204
1848700 204
1848710 204
1848720 204
1848730 204
1848740 205
1848750 205
1848760 206
1848770 207
1848780 207
1848790 209
1848800 210
1848810 210
1848820 213
1848830 214
1848840 214
1848850 216
1848860 217
1848870 217
1848880 218
1848890 219
1848900 219
1848910 220
1848920 221
1848930 221
1848940 222
1848950 223
1848960 223
1848970 224
1848980 225
1848990 225
1849000 226
1849010 228
1849020 228
1849030 231
1849040 233
1849050 233
1849060 235
1849070 236
1849080 236
1849090 238
1849100 240
1849110 240
1849120 242
1849130 244
1849140 244
1849150 245
1849160 247
1849170 247
1849180 248
1849190 249
1849200 249
1849210 250
1849220 250
1849230 250
1849240 251
1849250 251
1849260 251
1849270 251
1849280 252
1849290 252
1849300 251
1849310 251
1849320 251
1849330 250
1849340 250
1849350 249
1849360 248
1849370 248
1849380 247
1849390 245
1849400 246
1849410 245
1849420 244
1849430 244
1849440 243
1849450 240
1849460 240
1849470 238
1849480 237
1849490 237
1849500 235
1849510 234
1849520 234
1849530 233
1849540 231
1849550 231
1849560 230
1849570 229
1849580 229
1849590 228
1849600 228
1849610 228
1849620 228
1849630 229
1849640 229
1849650 230
1849660 232
1849670 232
1849680 234
1849690 236
1849700 236
1849710 238
1849720 240
1849730 240
1849740 242
1849750 244
1849760 245
1849770 246
1849780 248
1849790 248
1849800 248
1849810 248
1849820 248
1849830 248
1849840 247
1849850 247
1849860 247
1849870 246
1849880 246
1849890 245
1849900 244
1849910 244
1849920 243
1849930 242
1849940 242
1849950 241
1849960 240
1849970 240
1849980 239
1849990 239
1850000 239
1850010 238
1850020 238
1850030 238
1850040 238
1850050 238
1850060 237
1850070 237
1850080 237
1850090 237
1850100 236
1850110 235
1850120 235
1850130 235
1850140 235
1850150 235
1850160 235
1850170 235
1850180 235
1850190 235
1850200 235
1850210 235
1850220 235
1850230 235
1850240 236
1850250 236
1850260 236
1850270 237
1850280 237
1850290 237
1850300 237
1850310 237
1850320 237
1850330 238
1850340 239
1850350 239
1850360 240
1850370 241
1850380 241
1850390 241
1850400 241
1850410 241
1850420 240
1850430 240
1850440 240
1850450 239
1850460 238
1850470 237
1850480 236
1850490 235
1850500 235
1850510 235
1850520 234
1850530 234
1850540 234
1850550 233
1850560 233
1850570 233
1850580 233
1850590 233
1850600 233
1850610 233
1850620 233
1850630 234
1850640 235
1850650 235
1850660 235
1850670 236
1850680 236
1850690 236
1850700 236
1850710 236
1850720 237
1850730 237
1850740 237
1850750 237
1850760 237
1850770 236
1850780 236
1850790 236
1850800 236
1850810 235
1850820 235
1850830 234
1850840 234
1850850 234
1850860 233
1850870 233
1850880 233
1850890 232
1850900 231
1850910 231
1850920 231
1850930 230
1850940 230
1850950 230
1850960 229
1850970 229
1850980 228
1850990 228
1851000 228
1851010 227
1851020 226
1851030 226
1851040 225
1851050 224
1851060 224
1851070 223
1851080 222
1851090 222
1851100 221
1851110 220
1851120 220
1851130 219
1851140 218
1851150 218
1851160 218
1851170 218
1851180 218
1851190 218
1851200 218
1851210 218
1851220 218
1851230 218
1851240 218
1851250 218
1851260 217
1851270 217
1851280 216
1851290 216
1851300 216
1851310 215
1851320 214
1851330 214
1851340 214
1851350 213
1851360 213
1851370 213
1851380 213
1851390 213
1851400 213
1851410 213
1851420 213
1851430 213
1851440 213
1851450 212
1851460 211
1851470 211
1851480 210
1851490 209
1851500 209
1851510 209
1851520 208
1851530 208
1851540 206
1851550 206
1851560 206
1851570 206
1851580 205
1851590 205
1851600 205
1851610 204
1851620 204
1851630 204
1851640 203
1851650 203
1851660 203
1851670 202
1851680 202
1851690 202
1851700 202
1851710 202
1851720 202
1851730 201
1851740 201
1851750 201
1851760 201
1851770 201
1851780 201
1851790 201
1851800 201
1851810 201
1851820 201
1851830 201
1851840 201
1851850 201
1851860 201
1851870 202
1851880 202
1851890 202
1851900 203
1851910 203
1851920 203
1851930 203
1851940 204
1851950 204
1851960 204
1851970 204
1851980 204
1851990 204
1852000 203
1852010 203
1852020 203
1852030 203
1852040 203
1852050 202
1852060 202
1852070 202
1852080 202
1852090 202
1852100 202
1852110 202
1852120 202
1852130 203
1852140 204
1852150 204
1852160 205
1852170 206
1852180 206
1852190 208
1852200 209
1852210 209
1852220 210
1852230 211
1852240 211
1852250 213
1852260 212
1852270 212
1852280 212
1852290 211
1852300 211
1852310 211
1852320 211
1852330 211
1852340 211
1852350 211
1852360 211
1852370 211
1852380 211
1852390 211
1852400 212
1852410 213
1852420 213
1852430 215
1852440 216
1852450 216
1852460 217
1852470 218
1852480 218
1852490 220
1852500 221
1852510 221
1852520 223
1852530 224
1852540 224
1852550 228
1852560 230
1852570 230
1852580 231
1852590 231
1852600 231
1852610 232
1852620 232
1852630 232
1852640 232
1852650 232
1852660 232
1852670 233
1852680 233
1852690 233
1852700 233
1852710 233
1852720 233
1852730 233
1852740 232
1852750 232
1852760 232
1852770 232
1852780 232
1852790 232
1852800 231
1852810 231
1852820 231
1852830 231
1852840 231
1852850 231
1852860 231
1852870 230
1852880 230
1852890 230
1852900 229
1852910 229
1852920 229
1852930 229
1852940 228
1852950 228
1852960 228
1852970 228
1852980 228
1852990 227
1853000 227
1853010 227
1853020 227
1853030 228
1853040 228
1853050 228
1853060 227
1853070 227
1853080 226
1853090 225
1853100 225
1853110 225
1853120 224
1853130 224
1853140 224
1853150 224
1853160 224
1853170 223
1853180 223
1853190 223
1853200 223
1853210 222
1853220 222
1853230 222
1853240 221
1853250 221
1853260 221
1853270 220
1853280 220
1853290 220
1853300 219
1853310 219
1853320 219
1853330 218
1853340 218
1853350 217
1853360 217
1853370 217
1853380 216
1853390 216
1853400 216
1853410 215
1853420 215
1853430 215
1853440 214
1853450 214
1853460 214
1853470 214
1853480 213
1853490 213
1853500 213
1853510 213
1853520 212
1853530 212
1853540 212
1853550 212
1853560 211
1853570 211
1853580 211
1853590 210
1853600 210
1853610 210
1853620 209
1853630 209
1853640 209
1853650 208
1853660 208
1853670 207
1853680 207
1853690 207
1853700 206
1853710 206
1853720 206
1853730 205
1853740 205
1853750 205
1853760 204
1853770 204
1853780 204
1853790 203
1853800 203
1853810 203
1853820 203
1853830 202
1853840 202
1853850 202
1853860 201
1853870 201
1853880 201
1853890 201
1853900 201
1853910 200
1853920 200
1853930 200
1853940 200
1853950 199
1853960 199
1853970 199
1853980 199
1853990 199
1854000 198
1854010 198
1854020 197
1854030 197
1854040 197
1854050 197
1854060 196
1854070 196
1854080 196
1854090 196
1854100 196
1854110 196
1854120 195
1854130 195
1854140 195
1854150 195
1854160 195
1854170 195
1854180 194
1854190 194
1854200 194
1854210 194
1854220 194
1854230 194
1854240 193
1854250 193
1854260 193
1854270 193
1854280 193
1854290 193
1854300 192
1854310 192
1854320 192
1854330 192
1854340 192
1854350 191
1854360 190
1854370 190
1854380 189
1854390 189
1854400 189
1854410 188
1854420 188
1854430 188
1854440 188
1854450 187
1854460 187
1854470 187
1854480 186
1854490 186
1854500 186
1854510 185
1854520 185
1854530 185
1854540 185
1854550 185
1854560 185
1854570 184
1854580 184
1854590 184
1854600 184
1854610 184
1854620 184
1854630 183
1854640 183
1854650 183
1854660 183
1854670 183
1854680 183
1854690 182
1854700 182
1854710 182
1854720 182
1854730 182
1854740 182
1854750 182
1854760 182
1854770 182
1854780 181
1854790 181
1854800 181
1854810 181
1854820 181
1854830 181
1854840 181
1854850 181
1854860 180
1854870 181
1854880 181
1854890 182
1854900 182
1854910 182
1854920 182
1854930 182
1854940 182
1854950 182
1854960 182
1854970 183
1854980 183
1854990 183
1855000 184
1855010 184
1855020 184
1855030 185
1855040 185
1855050 185
1855060 185
1855070 186
1855080 187
1855090 188
1855100 189
1855110 189
1855120 189
1855130 190
1855140 190
1855150 190
1855160 190
1855170 190
1855180 190
1855190 191
1855200 191
1855210 190
1855220 190
1855230 190
1855240 190
1855250 189
1855260 189
1855270 189
1855280 189
1855290 189
1855300 189
1855310 188
1855320 188
1855330 188
1855340 187
1855350 187
1855360 187
1855370 186
1855380 186
1855390 186
1855400 185
1855410 185
1855420 184
1855430 182
1855440 182
1855450 181
1855460 180
1855470 180
1855480 180
1855490 180
1855500 180
1855510 179
1855520 179
1855530 179
1855540 179
1855550 179
1855560 179
1855570 179
1855580 180
1855590 180
1855600 180
1855610 180
1855620 180
1855630 180
1855640 180
1855650 180
1855660 180
1855670 180
1855680 179
1855690 179
1855700 179
1855710 179
1855720 178
1855730 178
1855740 178
1855750 178
1855760 178
1855770 177
1855780 177
1855790 177
1855800 177
1855810 177
1855820 177
1855830 177
1855840 177
1855850 177
1855860 177
1855870 177
1855880 177
1855890 177
1855900 177
1855910 177
1855920 177
1855930 177
1855940 177
1855950 177
1855960 177
1855970 177
1855980 177
1855990 177
1856000 177
1856010 177
1856020 177
1856030 177
1856040 177
1856050 177
1856060 177
1856070 177
1856080 177
1856090 177
1856100 177
1856110 177
1856120 177
1856130 177
1856140 177
1856150 177
1856160 177
1856170 177
1856180 177
1856190 177
1856200 177
1856210 177
1856220 177
1856230 177
1856240 177
1856250 177
1856260 177
1856270 177
1856280 177
1856290 177
1856300 177
1856310 177
1856320 177
1856330 177
1856340 177
1856350 177
1856360 177
1856370 177
1856380 177
1856390 177
1856400 177
1856410 177
1856420 177
1856430 177
1856440 177
1856450 177
1856460 178
1856470 178
1856480 178
1856490 178
1856500 178
1856510 178
1856520 177
1856530 177
1856540 177
1856550 177
1856560 177
1856570 177
1856580 177
1856590 177
1856600 177
1856610 177
1856620 177
1856630 177
1856640 177
1856650 177
1856660 177
1856670 177
1856680 177
1856690 177
1856700 177
1856710 177
1856720 177
1856730 177
1856740 177
1856750 177
1856760 177
1856770 177
1856780 177
1856790 177
1856800 177
1856810 177
1856820 177
1856830 177
1856840 177
1856850 177
1856860 177
1856870 177
1856880 177
1856890 177
1856900 177
1856910 177
1856920 177
1856930 177
1856940 177
1856950 177
1856960 177
1856970 177
1856980 177
1856990 177
1857000 177
1857010 177
1857020 177
1857030 177
1857040 178
1857050 177
1857060 177
1857070 176
1857080 175
1857090 175
1857100 176
1857110 178
1857120 178
1857130 177
1857140 177
1857150 177
1857160 177
1857170 177
1857180 177
1857190 177
1857200 177
1857210 177
1857220 177
1857230 176
1857240 176
1857250 176
1857260 176
1857270 176
1857280 176
1857290 176
1857300 176
1857310 176
1857320 176
1857330 176
1857340 176
1857350 176
1857360 176
1857370 176
1857380 176
1857390 176
1857400 176
1857410 176
1857420 176
1857430 176
1857440 176
1857450 176
1857460 176
1857470 176
1857480 176
1857490 176
1857500 176
1857510 176
1857520 176
1857530 176
1857540 176
1857550 176
1857560 176
1857570 176
1857580 176
1857590 176
1857600 176
1857610 176
1857620 176
1857630 176
1857640 176
1857650 176
1857660 176
1857670 176
1857680 176
1857690 176
1857700 176
1857710 176
1857720 176
1857730 176
1857740 176
1857750 176
1857760 176
1857770 176
1857780 176
1857790 176
1857800 176
1857810 176
1857820 176
1857830 176
1857840 176
1857850 176
1857860 176
1857870 176
1857880 176
1857890 176
1857900 177
1857910 177
1857920 177
1857930 177
1857940 177
1857950 177
1857960 177
1857970 177
1857980 177
1857990 177
1858000 177
1858010 177
1858020 177
1858030 178
1858040 178
1858050 178
1858060 178
1858070 178
1858080 178
1858090 178
1858100 178
1858110 178
1858120 178
1858130 178
1858140 179
1858150 179
1858160 179
1858170 179
1858180 179
1858190 179
1858200 180
1858210 180
1858220 180
1858230 180
1858240 180
1858250 180
1858260 180
1858270 180
1858280 180
1858290 179
1858300 180
1858310 180
1858320 180
1858330 180
1858340 180
1858350 180
1858360 181
1858370 181
1858380 183
1858390 183
1858400 185
1858410 187
1858420 187
1858430 186
1858440 186
1858450 186
1858460 186
1858470 187
1858480 187
1858490 188
1858500 189
1858510 189
1858520 190
1858530 190
1858540 190
1858550 190
1858560 190
1858570 190
1858580 190
1858590 189
1858600 189
1858610 188
1858620 188
1858630 188
1858640 187
1858650 187
1858660 187
1858670 185
1858680 184
1858690 184
1858700 184
1858710 183
1858720 183
1858730 183
1858740 183
1858750 183
1858760 183
1858770 183
1858780 183
1858790 184
1858800 185
1858810 185
1858820 187
1858830 188
1858840 188
1858850 189
1858860 191
1858870 191
1858880 191
1858890 192
1858900 192
1858910 192
1858920 192
1858930 192
1858940 191
1858950 191
1858960 191
1858970 191
1858980 191
1858990 191
1859000 191
1859010 191
1859020 191
1859030 190
1859040 190
1859050 190
1859060 189
1859070 189
1859080 189
1859090 188
1859100 188
1859110 188
1859120 187
1859130 187
1859140 187
1859150 187
1859160 187
1859170 188
1859180 188
1859190 188
1859200 189
1859210 189
1859220 189
1859230 189
1859240 189
1859250 189
1859260 188
1859270 188
1859280 188
1859290 187
1859300 186
1859310 186
1859320 186
1859330 186
1859340 186
1859350 186
1859360 187
1859370 187
1859380 188
1859390 188
1859400 188
1859410 189
1859420 189
1859430 189
1859440 189
1859450 188
1859460 188
1859470 188
1859480 187
1859490 187
1859500 187
1859510 186
1859520 186
1859530 186
1859540 186
1859550 186
1859560 186
1859570 186
1859580 186
1859590 186
1859600 185
1859610 185
1859620 185
1859630 184
1859640 183
1859650 183
1859660 183
1859670 183
1859680 183
1859690 183
1859700 183
1859710 183
1859720 183
1859730 183
1859740 183
1859750 184
1859760 184
1859770 184
1859780 184
1859790 184
1859800 185
1859810 185
1859820 185
1859830 185
1859840 185
1859850 185
1859860 185
1859870 185
1859880 185
1859890 185
1859900 185
1859910 185
1859920 185
1859930 185
1859940 185
1859950 185
1859960 185
1859970 185
1859980 184
1859990 184
