1840000 262
1840010 261
1840020 261
1840030 260
1840040 260
1840050 260
1840060 260
1840070 259
1840080 259
1840090 259
1840100 260
1840110 260
1840120 260
1840130 260
1840140 260
1840150 259
1840160 259
1840170 259
1840180 259
1840190 259
1840200 258
1840210 258
1840220 258
1840230 258
1840240 257
1840250 257
1840260 257
1840270 256
1840280 256
1840290 256
1840300 256
1840310 256
1840320 255
1840330 255
1840340 255
1840350 254
1840360 254
1840370 254
1840380 253
1840390 253
1840400 253
1840410 252
1840420 252
1840430 252
1840440 252
1840450 251
1840460 251
1840470 251
1840480 250
1840490 250
1840500 250
1840510 250
1840520 250
1840530 249
1840540 249
1840550 249
1840560 248
1840570 248
1840580 248
1840590 248
1840600 247
1840610 247
1840620 247
1840630 246
1840640 246
1840650 246
1840660 246
1840670 246
1840680 245
1840690 245
1840700 245
1840710 245
1840720 244
1840730 244
1840740 244
1840750 243
1840760 243
1840770 243
1840780 243
1840790 243
1840800 242
1840810 242
1840820 242
1840830 242
1840840 242
1840850 241
1840860 241
1840870 241
1840880 240
1840890 240
1840900 240
1840910 239
1840920 239
1840930 239
1840940 238
1840950 238
1840960 238
1840970 237
1840980 236
1840990 236
1841000 236
1841010 235
1841020 235
1841030 235
1841040 235
1841050 235
1841060 235
1841070 234
1841080 234
1841090 234
1841100 233
1841110 233
1841120 233
1841130 232
1841140 232
1841150 232
1841160 231
1841170 231
1841180 231
1841190 230
1841200 230
1841210 230
1841220 229
1841230 229
1841240 229
1841250 228
1841260 228
1841270 228
1841280 227
1841290 227
1841300 227
1841310 226
1841320 226
1841330 226
1841340 226
1841350 226
1841360 225
1841370 224
1841380 224
1841390 224
1841400 223
1841410 223
1841420 223
1841430 222
1841440 222
1841450 222
1841460 221
1841470 221
1841480 221
1841490 221
1841500 221
1841510 221
1841520 220
1841530 220
1841540 220
1841550 220
1841560 220
1841570 220
1841580 220
1841590 220
1841600 220
1841610 220
1841620 220
1841630 219
1841640 219
1841650 219
1841660 219
1841670 219
1841680 219
1841690 219
1841700 219
1841710 219
1841720 219
1841730 219
1841740 219
1841750 219
1841760 219
1841770 219
1841780 219
1841790 219
1841800 219
1841810 219
1841820 219
1841830 219
1841840 217
1841850 217
1841860 218
1841870 220
1841880 220
1841890 220
1841900 220
1841910 220
1841920 220
1841930 221
1841940 221
1841950 221
1841960 221
1841970 221
1841980 221
1841990 222
1842000 222
1842010 224
1842020 225
1842030 225
1842040 227
1842050 228
1842060 228
1842070 229
1842080 229
1842090 229
1842100 230
1842110 230
1842120 230
1842130 230
1842140 231
1842150 231
1842160 231
1842170 231
1842180 231
1842190 232
1842200 232
1842210 232
1842220 233
1842230 233
1842240 233
1842250 234
1842260 234
1842270 234
1842280 235
1842290 235
1842300 236
1842310 236
1842320 236
1842330 237
1842340 238
1842350 238
1842360 239
1842370 241
1842380 241
1842390 242
1842400 243
1842410 243
1842420 245
1842430 246
1842440 246
1842450 247
1842460 248
1842470 248
1842480 249
1842490 250
1842500 250
1842510 251
1842520 252
1842530 252
1842540 252
1842550 253
1842560 253
1842570 253
1842580 254
1842590 254
1842600 254
1842610 255
1842620 255
1842630 256
1842640 256
1842650 256
1842660 257
1842670 257
1842680 257
1842690 257
1842700 257
1842710 257
1842720 257
1842730 257
1842740 257
1842750 256
1842760 256
1842770 256
1842780 255
1842790 255
1842800 255
1842810 254
1842820 253
1842830 253
1842840 253
1842850 252
1842860 252
1842870 251
1842880 250
1842890 250
1842900 249
1842910 248
1842920 248
1842930 247
1842940 247
1842950 246
1842960 245
1842970 245
1842980 244
1842990 243
1843000 243
1843010 241
1843020 240
1843030 240
1843040 239
1843050 237
1843060 237
1843070 236
1843080 235
1843090 235
1843100 234
1843110 233
1843120 233
1843130 232
1843140 231
1843150 231
1843160 230
1843170 229
1843180 229
1843190 228
1843200 227
1843210 227
1843220 227
1843230 227
1843240 227
1843250 227
1843260 228
1843270 228
1843280 228
1843290 228
1843300 228
1843310 228
1843320 229
1843330 229
1843340 229
1843350 229
1843360 229
1843370 229
1843380 229
1843390 229
1843400 228
1843410 228
1843420 228
1843430 228
1843440 228
1843450 228
1843460 227
1843470 227
1843480 226
1843490 226
1843500 225
1843510 225
1843520 224
1843530 224
1843540 224
1843550 223
1843560 223
1843570 223
1843580 222
1843590 221
1843600 221
1843610 220
1843620 220
1843630 219
1843640 219
1843650 219
1843660 218
1843670 218
1843680 218
1843690 218
1843700 218
1843710 218
1843720 218
1843730 218
1843740 218
1843750 217
1843760 217
1843770 217
1843780 217
1843790 217
1843800 217
1843810 217
1843820 217
1843830 217
1843840 218
1843850 217
1843860 217
1843870 217
1843880 217
1843890 217
1843900 217
1843910 217
1843920 217
1843930 217
1843940 217
1843950 217
1843960 217
1843970 218
1843980 218
1843990 218
1844000 219
1844010 219
1844020 219
1844030 219
1844040 219
1844050 219
1844060 219
1844070 219
1844080 219
1844090 219
1844100 219
1844110 219
1844120 220
1844130 220
1844140 220
1844150 222
1844160 222
1844170 224
1844180 226
1844190 226
1844200 233
1844210 235
1844220 235
1844230 236
1844240 237
1844250 237
1844260 238
1844270 239
1844280 239
1844290 239
1844300 239
1844310 238
1844320 237
1844330 237
1844340 236
1844350 234
1844360 234
1844370 233
1844380 231
1844390 231
1844400 230
1844410 229
1844420 229
1844430 228
1844440 227
1844450 227
1844460 227
1844470 231
1844480 231
1844490 233
1844500 234
1844510 234
1844520 236
1844530 239
1844540 239
1844550 241
1844560 243
1844570 244
1844580 245
1844590 246
1844600 246
1844610 247
1844620 248
1844630 248
1844640 249
1844650 250
1844660 250
1844670 251
1844680 252
1844690 252
1844700 253
1844710 254
1844720 254
1844730 254
1844740 255
1844750 255
1844760 255
1844770 256
1844780 256
1844790 256
1844800 257
1844810 257
1844820 257
1844830 257
1844840 257
1844850 258
1844860 258
1844870 258
1844880 258
1844890 259
1844900 259
1844910 260
1844920 260
1844930 262
1844940 262
1844950 263
1844960 263
1844970 264
1844980 264
1844990 264
1845000 264
1845010 264
1845020 265
1845030 265
1845040 265
1845050 265
1845060 266
1845070 266
1845080 266
1845090 267
1845100 267
1845110 268
1845120 269
1845130 269
1845140 270
1845150 271
1845160 271
1845170 271
1845180 272
1845190 272
1845200 273
1845210 273
1845220 273
1845230 274
1845240 275
1845250 275
1845260 276
1845270 277
1845280 277
1845290 280
1845300 281
1845310 281
1845320 282
1845330 283
1845340 283
1845350 284
1845360 284
1845370 284
1845380 284
1845390 284
1845400 284
1845410 284
1845420 284
1845430 284
1845440 284
1845450 283
1845460 283
1845470 283
1845480 282
1845490 282
1845500 281
1845510 281
1845520 281
1845530 280
1845540 279
1845550 279
1845560 278
1845570 277
1845580 277
1845590 276
1845600 276
1845610 276
1845620 275
1845630 274
1845640 274
1845650 273
1845660 272
1845670 272
1845680 272
1845690 272
1845700 271
1845710 271
1845720 271
1845730 270
1845740 270
1845750 270
1845760 270
1845770 270
1845780 270
1845790 270
1845800 270
1845810 270
1845820 270
1845830 270
1845840 270
1845850 271
1845860 271
1845870 271
1845880 272
1845890 273
1845900 273
1845910 274
1845920 274
1845930 274
1845940 275
1845950 275
1845960 275
1845970 274
1845980 274
1845990 274
1846000 273
1846010 272
1846020 272
1846030 271
1846040 271
1846050 271
1846060 270
1846070 269
1846080 269
1846090 268
1846100 268
1846110 268
1846120 267
1846130 266
1846140 266
1846150 266
1846160 265
1846170 265
1846180 264
1846190 264
1846200 264
1846210 263
1846220 262
1846230 262
1846240 261
1846250 260
1846260 260
1846270 259
1846280 258
1846290 258
1846300 257
1846310 256
1846320 256
1846330 254
1846340 252
1846350 252
1846360 251
1846370 249
1846380 249
1846390 248
1846400 248
1846410 246
1846420 245
1846430 245
1846440 243
1846450 242
1846460 242
1846470 241
1846480 239
1846490 239
1846500 238
1846510 236
1846520 236
1846530 235
1846540 234
1846550 234
1846560 233
1846570 232
1846580 232
1846590 232
1846600 232
1846610 232
1846620 231
1846630 231
1846640 231
1846650 231
1846660 232
1846670 232
1846680 233
1846690 233
1846700 233
1846710 231
1846720 230
1846730 230
1846740 227
1846750 227
1846760 227
1846770 228
1846780 228
1846790 228
1846800 229
1846810 230
1846820 230
1846830 232
1846840 234
1846850 234
1846860 235
1846870 235
1846880 235
1846890 235
1846900 234
1846910 234
1846920 234
1846930 233
1846940 233
1846950 232
1846960 231
1846970 231
1846980 230
1846990 229
1847000 229
1847010 228
1847020 227
1847030 227
1847040 226
1847050 225
1847060 225
1847070 224
1847080 224
1847090 224
1847100 222
1847110 222
1847120 221
1847130 221
1847140 221
1847150 221
1847160 221
1847170 221
1847180 220
1847190 220
1847200 220
1847210 220
1847220 220
1847230 220
1847240 219
1847250 219
1847260 219
1847270 219
1847280 219
1847290 219
1847300 219
1847310 219
1847320 219
1847330 219
1847340 219
1847350 219
1847360 219
1847370 219
1847380 219
1847390 220
1847400 220
1847410 220
1847420 220
1847430 220
1847440 220
1847450 220
1847460 219
1847470 219
1847480 219
1847490 220
1847500 220
1847510 220
1847520 220
1847530 220
1847540 220
1847550 221
1847560 221
1847570 221
1847580 221
1847590 221
1847600 221
1847610 221
1847620 221
1847630 221
1847640 221
1847650 221
1847660 221
1847670 221
1847680 221
1847690 220
1847700 220
1847710 220
1847720 220
1847730 220
1847740 220
1847750 219
1847760 219
1847770 219
1847780 218
1847790 218
1847800 218
1847810 218
1847820 217
1847830 217
1847840 216
1847850 216
1847860 216
1847870 215
1847880 215
1847890 215
1847900 214
1847910 214
1847920 213
1847930 212
1847940 212
1847950 211
1847960 210
1847970 210
1847980 209
1847990 208
1848000 208
1848010 207
1848020 207
1848030 207
1848040 207
1848050 206
1848060 206
1848070 206
1848080 206
1848090 206
1848100 205
1848110 205
1848120 205
1848130 204
1848140 204
1848150 204
1848160 204
1848170 204
1848180 204
1848190 204
1848200 204
1848210 204
1848220 204
1848230 204
1848240 204
1848250 203
1848260 203
1848270 203
1848280 203
1848290 203
1848300 203
1848310 203
1848320 203
1848330 203
1848340 203
1848350 203
1848360 203
1848370 203
1848380 204
1848390 204
1848400 204
1848410 204
1848420 204
1848430 205
1848440 208
1848450 208
1848460 211
1848470 211
1848480 212
1848490 213
1848500 213
1848510 214
1848520 215
1848530 213
1848540 214
1848550 215
1848560 215
1848570 216
1848580 218
1848590 218
1848600 219
1848610 220
1848620 220
1848630 221
1848640 223
1848650 223
1848660 225
1848670 226
1848680 226
1848690 228
1848700 230
1848710 230
1848720 231
1848730 233
1848740 233
1848750 234
1848760 235
1848770 235
1848780 237
1848790 239
1848800 239
1848810 242
1848820 245
1848830 245
1848840 247
1848850 248
1848860 248
1848870 249
1848880 250
1848890 250
1848900 250
1848910 251
1848920 251
1848930 251
1848940 252
1848950 252
1848960 253
1848970 254
1848980 254
1848990 254
1849000 255
1849010 255
1849020 256
1849030 257
1849040 257
1849050 258
1849060 256
1849070 256
1849080 256
1849090 256
1849100 256
1849110 256
1849120 256
1849130 256
1849140 256
1849150 256
1849160 256
1849170 256
1849180 256
1849190 256
1849200 255
1849210 255
1849220 255
1849230 255
1849240 255
1849250 254
1849260 253
1849270 253
1849280 252
1849290 252
1849300 252
1849310 251
1849320 250
1849330 250
1849340 250
1849350 249
1849360 249
1849370 248
1849380 247
1849390 247
1849400 246
1849410 245
1849420 245
1849430 244
1849440 244
1849450 244
1849460 243
1849470 243
1849480 243
1849490 242
1849500 241
1849510 241
1849520 241
1849530 240
1849540 240
1849550 240
1849560 240
1849570 240
1849580 239
1849590 239
1849600 239
1849610 238
1849620 238
1849630 238
1849640 238
1849650 238
1849660 238
1849670 238
1849680 238
1849690 238
1849700 238
1849710 238
1849720 238
1849730 237
1849740 237
1849750 237
1849760 237
1849770 236
1849780 236
1849790 236
1849800 235
1849810 235
1849820 235
1849830 235
1849840 234
1849850 233
1849860 233
1849870 233
1849880 232
1849890 232
1849900 232
1849910 231
1849920 231
1849930 231
1849940 230
1849950 230
1849960 229
1849970 228
1849980 228
1849990 227
1850000 227
1850010 227
1850020 226
1850030 226
1850040 226
1850050 225
1850060 224
1850070 224
1850080 224
1850090 223
1850100 223
1850110 222
1850120 222
1850130 222
1850140 221
1850150 221
1850160 221
1850170 220
1850180 220
1850190 220
1850200 220
1850210 220
1850220 220
1850230 219
1850240 219
1850250 219
1850260 219
1850270 219
1850280 219
1850290 218
1850300 218
1850310 218
1850320 218
1850330 217
1850340 217
1850350 217
1850360 217
1850370 217
1850380 216
1850390 216
1850400 216
1850410 216
1850420 216
1850430 216
1850440 216
1850450 216
1850460 216
1850470 216
1850480 215
1850490 215
1850500 215
1850510 215
1850520 215
1850530 215
1850540 215
1850550 215
1850560 215
1850570 215
1850580 216
1850590 216
1850600 216
1850610 216
1850620 216
1850630 216
1850640 216
1850650 217
1850660 217
1850670 217
1850680 218
1850690 218
1850700 219
1850710 219
1850720 219
1850730 220
1850740 221
1850750 221
1850760 221
1850770 222
1850780 222
1850790 223
1850800 224
1850810 224
1850820 225
1850830 225
1850840 225
1850850 226
1850860 227
1850870 227
1850880 228
1850890 228
1850900 228
1850910 229
1850920 230
1850930 230
1850940 231
1850950 231
1850960 231
1850970 232
1850980 232
1850990 232
1851000 233
1851010 233
1851020 233
1851030 233
1851040 233
1851050 233
1851060 232
1851070 232
1851080 232
1851090 231
1851100 230
1851110 230
1851120 229
1851130 228
1851140 228
1851150 227
1851160 226
1851170 226
1851180 225
1851190 224
1851200 224
1851210 223
1851220 223
1851230 222
1851240 221
1851250 221
1851260 220
1851270 219
1851280 219
1851290 218
1851300 217
1851310 217
1851320 216
1851330 215
1851340 215
1851350 214
1851360 212
1851370 212
1851380 211
1851390 211
1851400 211
1851410 210
1851420 210
1851430 210
1851440 210
1851450 210
1851460 210
1851470 210
1851480 210
1851490 210
1851500 211
1851510 212
1851520 212
1851530 213
1851540 213
1851550 213
1851560 213
1851570 213
1851580 213
1851590 212
1851600 212
1851610 212
1851620 212
1851630 213
1851640 213
1851650 213
1851660 214
1851670 214
1851680 215
1851690 216
1851700 216
1851710 217
1851720 218
1851730 218
1851740 220
1851750 221
1851760 221
1851770 222
1851780 223
1851790 223
1851800 224
1851810 225
1851820 225
1851830 228
1851840 231
1851850 231
1851860 232
1851870 234
1851880 234
1851890 236
1851900 236
1851910 239
1851920 242
1851930 242
1851940 243
1851950 244
1851960 244
1851970 244
1851980 244
1851990 244
1852000 244
1852010 244
1852020 244
1852030 243
1852040 243
1852050 243
1852060 243
1852070 242
1852080 242
1852090 242
1852100 241
1852110 241
1852120 241
1852130 240
1852140 240
1852150 240
1852160 239
1852170 239
1852180 239
1852190 238
1852200 238
1852210 238
1852220 237
1852230 237
1852240 237
1852250 236
1852260 236
1852270 236
1852280 236
1852290 236
1852300 235
1852310 235
1852320 235
1852330 235
1852340 234
1852350 234
1852360 234
1852370 233
1852380 233
1852390 233
1852400 233
1852410 233
1852420 232
1852430 232
1852440 232
1852450 231
1852460 230
1852470 230
1852480 229
1852490 228
1852500 228
1852510 228
1852520 227
1852530 227
1852540 227
1852550 227
1852560 227
1852570 227
1852580 227
1852590 227
1852600 227
1852610 227
1852620 227
1852630 227
1852640 227
1852650 228
1852660 228
1852670 228
1852680 227
1852690 227
1852700 227
1852710 227
1852720 226
1852730 226
1852740 226
1852750 226
1852760 226
1852770 225
1852780 225
1852790 225
1852800 225
1852810 224
1852820 224
1852830 224
1852840 223
1852850 223
1852860 223
1852870 222
1852880 222
1852890 223
1852900 223
1852910 223
1852920 223
1852930 223
1852940 223
1852950 224
1852960 223
1852970 223
1852980 223
1852990 223
1853000 223
1853010 223
1853020 223
1853030 223
1853040 223
1853050 222
1853060 222
1853070 222
1853080 222
1853090 222
1853100 221
1853110 221
1853120 221
1853130 221
1853140 221
1853150 221
1853160 220
1853170 220
1853180 220
1853190 217
1853200 217
1853210 217
1853220 219
1853230 218
1853240 218
1853250 217
1853260 217
1853270 217
1853280 217
1853290 217
1853300 216
1853310 216
1853320 216
1853330 215
1853340 215
1853350 215
1853360 215
1853370 214
1853380 214
1853390 214
1853400 214
1853410 214
1853420 214
1853430 214
1853440 214
1853450 214
1853460 213
1853470 213
1853480 213
1853490 213
1853500 213
1853510 213
1853520 212
1853530 212
1853540 212
1853550 211
1853560 211
1853570 211
1853580 210
1853590 210
1853600 210
1853610 210
1853620 210
1853630 210
1853640 210
1853650 210
1853660 209
1853670 209
1853680 209
1853690 209
1853700 209
1853710 209
1853720 209
1853730 209
1853740 209
1853750 208
1853760 208
1853770 208
1853780 208
1853790 208
1853800 208
1853810 208
1853820 207
1853830 207
1853840 207
1853850 207
1853860 207
1853870 207
1853880 206
1853890 206
1853900 206
1853910 206
1853920 206
1853930 206
1853940 205
1853950 205
1853960 205
1853970 205
1853980 205
1853990 205
1854000 205
1854010 205
1854020 204
1854030 204
1854040 204
1854050 204
1854060 204
1854070 203
1854080 203
1854090 203
1854100 203
1854110 202
1854120 202
1854130 202
1854140 202
1854150 202
1854160 201
1854170 200
1854180 200
1854190 199
1854200 198
1854210 198
1854220 197
1854230 196
1854240 196
1854250 196
1854260 195
1854270 195
1854280 194
1854290 193
1854300 193
1854310 193
1854320 192
1854330 192
1854340 192
1854350 191
1854360 191
1854370 191
1854380 190
1854390 190
1854400 190
1854410 190
1854420 190
1854430 189
1854440 189
1854450 189
1854460 189
1854470 188
1854480 188
1854490 188
1854500 188
1854510 188
1854520 188
1854530 188
1854540 188
1854550 187
1854560 187
1854570 187
1854580 186
1854590 186
1854600 186
1854610 186
1854620 185
1854630 185
1854640 185
1854650 185
1854660 185
1854670 184
1854680 184
1854690 185
1854700 185
1854710 185
1854720 185
1854730 185
1854740 185
1854750 185
1854760 185
1854770 185
1854780 185
1854790 185
1854800 185
1854810 185
1854820 185
1854830 185
1854840 186
1854850 186
1854860 186
1854870 187
1854880 188
1854890 188
1854900 191
1854910 192
1854920 192
1854930 194
1854940 199
1854950 199
1854960 201
1854970 204
1854980 204
1854990 205
1855000 206
1855010 206
1855020 206
1855030 207
1855040 207
1855050 207
1855060 208
1855070 208
1855080 209
1855090 210
1855100 210
1855110 212
1855120 213
1855130 213
1855140 213
1855150 214
1855160 214
1855170 215
1855180 216
1855190 216
1855200 217
1855210 218
1855220 218
1855230 219
1855240 219
1855250 219
1855260 219
1855270 218
1855280 218
1855290 218
1855300 217
1855310 217
1855320 217
1855330 217
1855340 216
1855350 216
1855360 216
1855370 215
1855380 214
1855390 214
1855400 213
1855410 212
1855420 212
1855430 211
1855440 210
1855450 210
1855460 209
1855470 207
1855480 207
1855490 206
1855500 204
1855510 204
1855520 203
1855530 202
1855540 202
1855550 201
1855560 200
1855570 200
1855580 199
1855590 198
1855600 198
1855610 197
1855620 196
1855630 196
1855640 196
1855650 196
1855660 196
1855670 195
1855680 194
1855690 194
1855700 189
1855710 188
1855720 188
1855730 188
1855740 187
1855750 187
1855760 187
1855770 188
1855780 188
1855790 187
1855800 187
1855810 187
1855820 187
1855830 187
1855840 187
1855850 187
1855860 187
1855870 187
1855880 187
1855890 187
1855900 187
1855910 187
1855920 187
1855930 187
1855940 187
1855950 187
1855960 187
1855970 186
1855980 186
1855990 186
1856000 186
1856010 186
1856020 186
1856030 186
1856040 186
1856050 186
1856060 186
1856070 186
1856080 186
1856090 185
1856100 185
1856110 185
1856120 185
1856130 185
1856140 185
1856150 184
1856160 184
1856170 184
1856180 184
1856190 184
1856200 184
1856210 184
1856220 184
1856230 185
1856240 185
1856250 185
1856260 185
1856270 185
1856280 185
1856290 185
1856300 185
1856310 185
1856320 185
1856330 185
1856340 185
1856350 185
1856360 185
1856370 185
1856380 185
1856390 185
1856400 185
1856410 185
1856420 185
1856430 185
1856440 185
1856450 185
1856460 185
1856470 185
1856480 185
1856490 185
1856500 185
1856510 185
1856520 185
1856530 185
1856540 184
1856550 184
1856560 184
1856570 184
1856580 184
1856590 184
1856600 184
1856610 184
1856620 184
1856630 184
1856640 184
1856650 184
1856660 184
1856670 184
1856680 184
1856690 184
1856700 184
1856710 184
1856720 184
1856730 184
1856740 184
1856750 184
1856760 184
1856770 183
1856780 183
1856790 183
1856800 183
1856810 183
1856820 183
1856830 182
1856840 182
1856850 182
1856860 182
1856870 182
1856880 182
1856890 181
1856900 181
1856910 181
1856920 181
1856930 181
1856940 181
1856950 181
1856960 181
1856970 181
1856980 181
1856990 181
1857000 180
1857010 180
1857020 180
1857030 180
1857040 180
1857050 180
1857060 180
1857070 180
1857080 180
1857090 180
1857100 180
1857110 180
1857120 180
1857130 180
1857140 180
1857150 180
1857160 180
1857170 180
1857180 180
1857190 180
1857200 180
1857210 180
1857220 180
1857230 180
1857240 180
1857250 179
1857260 179
1857270 179
1857280 179
1857290 179
1857300 179
1857310 179
1857320 179
1857330 179
1857340 179
1857350 179
1857360 179
1857370 179
1857380 179
1857390 179
1857400 179
1857410 179
1857420 179
1857430 179
1857440 179
1857450 179
1857460 179
1857470 179
1857480 178
1857490 178
1857500 178
1857510 178
1857520 178
1857530 178
1857540 178
1857550 178
1857560 178
1857570 178
1857580 178
1857590 178
1857600 178
1857610 178
1857620 178
1857630 178
1857640 178
1857650 178
1857660 179
1857670 179
1857680 179
1857690 179
1857700 179
1857710 178
1857720 178
1857730 178
1857740 178
1857750 178
1857760 178
1857770 178
1857780 178
1857790 178
1857800 178
1857810 179
1857820 179
1857830 178
1857840 178
1857850 178
1857860 178
1857870 178
1857880 178
1857890 178
1857900 177
1857910 177
1857920 177
1857930 177
1857940 177
1857950 177
1857960 177
1857970 177
1857980 177
1857990 177
1858000 177
1858010 177
1858020 177
1858030 177
1858040 177
1858050 178
1858060 178
1858070 178
1858080 178
1858090 177
1858100 177
1858110 177
1858120 177
1858130 177
1858140 177
1858150 177
1858160 177
1858170 177
1858180 177
1858190 177
1858200 177
1858210 177
1858220 177
1858230 177
1858240 177
1858250 177
1858260 177
1858270 177
1858280 177
1858290 177
1858300 177
1858310 177
1858320 177
1858330 177
1858340 177
1858350 177
1858360 177
1858370 177
1858380 177
1858390 177
1858400 177
1858410 177
1858420 177
1858430 177
1858440 177
1858450 177
1858460 177
1858470 177
1858480 177
1858490 177
1858500 177
1858510 177
1858520 177
1858530 177
1858540 177
1858550 177
1858560 177
1858570 177
1858580 177
1858590 177
1858600 177
1858610 177
1858620 177
1858630 177
1858640 177
1858650 177
1858660 177
1858670 177
1858680 177
1858690 177
1858700 177
1858710 177
1858720 177
1858730 177
1858740 177
1858750 177
1858760 177
1858770 177
1858780 177
1858790 177
1858800 177
1858810 176
1858820 176
1858830 176
1858840 176
1858850 176
1858860 176
1858870 176
1858880 176
1858890 176
1858900 176
1858910 176
1858920 176
1858930 176
1858940 176
1858950 176
1858960 176
1858970 176
1858980 176
1858990 176
1859000 176
1859010 176
1859020 176
1859030 176
1859040 176
1859050 176
1859060 176
1859070 176
1859080 175
1859090 175
1859100 176
1859110 176
1859120 176
1859130 176
1859140 176
1859150 176
1859160 176
1859170 175
1859180 175
1859190 175
1859200 176
1859210 176
1859220 176
1859230 176
1859240 176
1859250 176
1859260 176
1859270 176
1859280 175
1859290 175
1859300 175
1859310 175
1859320 175
1859330 175
1859340 175
1859350 175
1859360 175
1859370 175
1859380 175
1859390 175
1859400 175
1859410 175
1859420 175
1859430 175
1859440 175
1859450 175
1859460 175
1859470 175
1859480 175
1859490 175
1859500 175
1859510 175
1859520 175
1859530 175
1859540 175
1859550 175
1859560 175
1859570 175
1859580 175
1859590 175
1859600 175
1859610 175
1859620 175
1859630 175
1859640 175
1859650 175
1859660 175
1859670 175
1859680 175
1859690 175
1859700 175
1859710 175
1859720 175
1859730 175
1859740 175
1859750 175
1859760 174
1859770 174
1859780 174
1859790 174
1859800 174
1859810 174
1859820 174
1859830 174
1859840 174
1859850 174
1859860 174
1859870 174
1859880 174
1859890 174
1859900 174
1859910 174
1859920 174
1859930 174
1859940 174
1859950 174
1859960 174
1859970 174
1859980 174
1859990 174
