1840000 266
1840010 266
1840020 267
1840030 267
1840040 267
1840050 267
1840060 267
1840070 266
1840080 266
1840090 266
1840100 266
1840110 265
1840120 265
1840130 265
1840140 265
1840150 265
1840160 264
1840170 263
1840180 263
1840190 262
1840200 261
1840210 261
1840220 260
1840230 259
1840240 259
1840250 258
1840260 257
1840270 257
1840280 256
1840290 256
1840300 256
1840310 255
1840320 254
1840330 254
1840340 254
1840350 253
1840360 253
1840370 253
1840380 253
1840390 253
1840400 252
1840410 250
1840420 250
1840430 249
1840440 249
1840450 249
1840460 248
1840470 247
1840480 247
1840490 246
1840500 246
1840510 246
1840520 245
1840530 244
1840540 244
1840550 244
1840560 243
1840570 243
1840580 242
1840590 242
1840600 242
1840610 241
1840620 241
1840630 241
1840640 240
1840650 240
1840660 240
1840670 240
1840680 240
1840690 239
1840700 239
1840710 239
1840720 239
1840730 238
1840740 238
1840750 238
1840760 238
1840770 238
1840780 238
1840790 237
1840800 237
1840810 237
1840820 237
1840830 237
1840840 237
1840850 237
1840860 237
1840870 236
1840880 236
1840890 236
1840900 236
1840910 236
1840920 236
1840930 235
1840940 235
1840950 235
1840960 234
1840970 234
1840980 234
1840990 233
1841000 233
1841010 233
1841020 232
1841030 232
1841040 232
1841050 231
1841060 231
1841070 231
1841080 231
1841090 231
1841100 231
1841110 230
1841120 230
1841130 230
1841140 231
1841150 231
1841160 231
1841170 230
1841180 229
1841190 229
1841200 229
1841210 229
1841220 229
1841230 229
1841240 229
1841250 229
1841260 228
1841270 228
1841280 228
1841290 228
1841300 228
1841310 228
1841320 228
1841330 228
1841340 227
1841350 227
1841360 227
1841370 227
1841380 227
1841390 227
1841400 226
1841410 226
1841420 226
1841430 226
1841440 225
1841450 225
1841460 225
1841470 225
1841480 225
1841490 224
1841500 224
1841510 224
1841520 224
1841530 224
1841540 224
1841550 223
1841560 224
1841570 224
1841580 224
1841590 223
1841600 223
1841610 222
1841620 222
1841630 222
1841640 221
1841650 221
1841660 221
1841670 221
1841680 221
1841690 221
1841700 220
1841710 220
1841720 220
1841730 220
1841740 219
1841750 219
1841760 219
1841770 218
1841780 218
1841790 218
1841800 218
1841810 218
1841820 218
1841830 217
1841840 217
1841850 217
1841860 217
1841870 217
1841880 217
1841890 217
1841900 217
1841910 217
1841920 217
1841930 217
1841940 216
1841950 216
1841960 216
1841970 216
1841980 216
1841990 216
1842000 216
1842010 216
1842020 215
1842030 215
1842040 215
1842050 215
1842060 215
1842070 215
1842080 215
1842090 215
1842100 215
1842110 215
1842120 215
1842130 215
1842140 215
1842150 215
1842160 215
1842170 214
1842180 215
1842190 215
1842200 216
1842210 216
1842220 216
1842230 217
1842240 218
1842250 218
1842260 219
1842270 220
1842280 220
1842290 222
1842300 223
1842310 223
1842320 224
1842330 224
1842340 224
1842350 225
1842360 226
1842370 226
1842380 227
1842390 228
1842400 228
1842410 228
1842420 229
1842430 229
1842440 230
1842450 231
1842460 231
1842470 232
1842480 234
1842490 234
1842500 235
1842510 236
1842520 236
1842530 237
1842540 238
1842550 238
1842560 238
1842570 239
1842580 239
1842590 240
1842600 241
1842610 242
1842620 243
1842630 244
1842640 244
1842650 245
1842660 246
1842670 246
1842680 246
1842690 246
1842700 247
1842710 248
1842720 248
1842730 249
1842740 249
1842750 249
1842760 250
1842770 251
1842780 251
1842790 252
1842800 253
1842810 253
1842820 253
1842830 254
1842840 254
1842850 255
1842860 255
1842870 255
1842880 256
1842890 256
1842900 256
1842910 256
1842920 256
1842930 256
1842940 256
1842950 255
1842960 255
1842970 254
1842980 254
1842990 254
1843000 253
1843010 252
1843020 252
1843030 251
1843040 250
1843050 250
1843060 249
1843070 248
1843080 248
1843090 247
1843100 246
1843110 246
1843120 245
1843130 244
1843140 244
1843150 243
1843160 242
1843170 242
1843180 241
1843190 240
1843200 240
1843210 239
1843220 238
1843230 238
1843240 237
1843250 236
1843260 236
1843270 235
1843280 235
1843290 235
1843300 234
1843310 234
1843320 234
1843330 233
1843340 232
1843350 232
1843360 231
1843370 231
1843380 231
1843390 230
1843400 230
1843410 230
1843420 229
1843430 229
1843440 229
1843450 229
1843460 229
1843470 229
1843480 229
1843490 229
1843500 230
1843510 230
1843520 230
1843530 231
1843540 232
1843550 232
1843560 232
1843570 232
1843580 232
1843590 232
1843600 232
1843610 232
1843620 231
1843630 231
1843640 231
1843650 231
1843660 230
1843670 230
1843680 230
1843690 230
1843700 229
1843710 229
1843720 229
1843730 229
1843740 228
1843750 228
1843760 228
1843770 227
1843780 227
1843790 227
1843800 227
1843810 226
1843820 226
1843830 226
1843840 225
1843850 225
1843860 225
1843870 224
1843880 224
1843890 224
1843900 223
1843910 223
1843920 223
1843930 222
1843940 222
1843950 221
1843960 221
1843970 221
1843980 220
1843990 220
1844000 220
1844010 219
1844020 219
1844030 219
1844040 218
1844050 217
1844060 217
1844070 216
1844080 216
1844090 216
1844100 215
1844110 215
1844120 215
1844130 214
1844140 214
1844150 214
1844160 214
1844170 214
1844180 214
1844190 214
1844200 214
1844210 214
1844220 214
1844230 214
1844240 214
1844250 214
1844260 214
1844270 214
1844280 214
1844290 214
1844300 214
1844310 213
1844320 213
1844330 214
1844340 214
1844350 214
1844360 214
1844370 215
1844380 215
1844390 214
1844400 214
1844410 214
1844420 214
1844430 214
1844440 214
1844450 214
1844460 214
1844470 214
1844480 214
1844490 215
1844500 215
1844510 215
1844520 216
1844530 216
1844540 217
1844550 218
1844560 218
1844570 221
1844580 228
1844590 228
1844600 233
1844610 232
1844620 232
1844630 232
1844640 231
1844650 231
1844660 231
1844670 231
1844680 231
1844690 232
1844700 235
1844710 235
1844720 237
1844730 239
1844740 239
1844750 242
1844760 245
1844770 245
1844780 243
1844790 243
1844800 245
1844810 248
1844820 248
1844830 249
1844840 249
1844850 249
1844860 249
1844870 249
1844880 249
1844890 249
1844900 249
1844910 249
1844920 249
1844930 251
1844940 251
1844950 254
1844960 258
1844970 258
1844980 261
1844990 265
1845000 265
1845010 267
1845020 269
1845030 269
1845040 270
1845050 270
1845060 270
1845070 269
1845080 270
1845090 270
1845100 269
1845110 269
1845120 269
1845130 268
1845140 267
1845150 267
1845160 266
1845170 265
1845180 265
1845190 263
1845200 261
1845210 261
1845220 259
1845230 257
1845240 257
1845250 255
1845260 254
1845270 254
1845280 252
1845290 251
1845300 251
1845310 249
1845320 248
1845330 248
1845340 247
1845350 247
1845360 247
1845370 247
1845380 248
1845390 248
1845400 249
1845410 250
1845420 250
1845430 252
1845440 254
1845450 254
1845460 256
1845470 257
1845480 257
1845490 258
1845500 258
1845510 260
1845520 261
1845530 261
1845540 262
1845550 263
1845560 263
1845570 264
1845580 265
1845590 265
1845600 266
1845610 266
1845620 266
1845630 266
1845640 266
1845650 266
1845660 265
1845670 265
1845680 265
1845690 264
1845700 264
1845710 264
1845720 263
1845730 263
1845740 263
1845750 262
1845760 261
1845770 261
1845780 260
1845790 259
1845800 259
1845810 258
1845820 257
1845830 257
1845840 255
1845850 254
1845860 254
1845870 252
1845880 251
1845890 251
1845900 249
1845910 248
1845920 248
1845930 247
1845940 246
1845950 246
1845960 245
1845970 244
1845980 244
1845990 242
1846000 242
1846010 242
1846020 241
1846030 240
1846040 240
1846050 239
1846060 238
1846070 238
1846080 238
1846090 238
1846100 238
1846110 238
1846120 239
1846130 239
1846140 240
1846150 240
1846160 240
1846170 241
1846180 242
1846190 242
1846200 243
1846210 243
1846220 244
1846230 245
1846240 246
1846250 247
1846260 247
1846270 247
1846280 248
1846290 248
1846300 248
1846310 248
1846320 248
1846330 248
1846340 248
1846350 249
1846360 249
1846370 249
1846380 249
1846390 249
1846400 249
1846410 249
1846420 249
1846430 249
1846440 249
1846450 249
1846460 249
1846470 248
1846480 248
1846490 248
1846500 248
1846510 248
1846520 248
1846530 248
1846540 248
1846550 248
1846560 247
1846570 247
1846580 247
1846590 247
1846600 248
1846610 248
1846620 248
1846630 248
1846640 247
1846650 247
1846660 247
1846670 246
1846680 245
1846690 245
1846700 245
1846710 245
1846720 245
1846730 245
1846740 244
1846750 244
1846760 245
1846770 245
1846780 245
1846790 245
1846800 245
1846810 245
1846820 245
1846830 245
1846840 245
1846850 245
1846860 245
1846870 245
1846880 245
1846890 245
1846900 244
1846910 244
1846920 244
1846930 243
1846940 242
1846950 242
1846960 242
1846970 241
1846980 241
1846990 240
1847000 239
1847010 239
1847020 238
1847030 237
1847040 237
1847050 236
1847060 235
1847070 235
1847080 233
1847090 232
1847100 232
1847110 231
1847120 230
1847130 230
1847140 229
1847150 229
1847160 229
1847170 229
1847180 229
1847190 229
1847200 229
1847210 229
1847220 229
1847230 229
1847240 229
1847250 229
1847260 229
1847270 229
1847280 229
1847290 229
1847300 229
1847310 229
1847320 230
1847330 230
1847340 230
1847350 230
1847360 230
1847370 230
1847380 230
1847390 230
1847400 230
1847410 230
1847420 229
1847430 229
1847440 229
1847450 229
1847460 229
1847470 229
1847480 229
1847490 229
1847500 229
1847510 228
1847520 228
1847530 228
1847540 228
1847550 228
1847560 228
1847570 228
1847580 228
1847590 227
1847600 227
1847610 227
1847620 227
1847630 227
1847640 226
1847650 226
1847660 226
1847670 225
1847680 225
1847690 225
1847700 224
1847710 224
1847720 224
1847730 223
1847740 223
1847750 223
1847760 221
1847770 219
1847780 219
1847790 218
1847800 217
1847810 217
1847820 217
1847830 217
1847840 217
1847850 217
1847860 217
1847870 217
1847880 217
1847890 216
1847900 216
1847910 215
1847920 214
1847930 214
1847940 214
1847950 213
1847960 213
1847970 212
1847980 211
1847990 211
1848000 211
1848010 210
1848020 210
1848030 209
1848040 209
1848050 209
1848060 208
1848070 208
1848080 208
1848090 207
1848100 206
1848110 206
1848120 205
1848130 205
1848140 205
1848150 204
1848160 204
1848170 204
1848180 204
1848190 204
1848200 204
1848210 204
1848220 204
1848230 204
1848240 204
1848250 203
1848260 203
1848270 203
1848280 203
1848290 202
1848300 202
1848310 202
1848320 202
1848330 202
1848340 202
1848350 202
1848360 202
1848370 202
1848380 201
1848390 203
1848400 203
1848410 203
1848420 203
1848430 203
1848440 203
1848450 204
1848460 204
1848470 204
1848480 205
1848490 205
1848500 206
1848510 206
1848520 206
1848530 207
1848540 207
1848550 207
1848560 207
1848570 207
1848580 207
1848590 208
1848600 208
1848610 208
1848620 209
1848630 210
1848640 210
1848650 211
1848660 213
1848670 213
1848680 214
1848690 216
1848700 216
1848710 217
1848720 219
1848730 219
1848740 220
1848750 222
1848760 222
1848770 223
1848780 225
1848790 225
1848800 226
1848810 227
1848820 227
1848830 228
1848840 229
1848850 229
1848860 230
1848870 231
1848880 231
1848890 231
1848900 232
1848910 232
1848920 233
1848930 234
1848940 234
1848950 235
1848960 236
1848970 236
1848980 237
1848990 237
1849000 239
1849010 240
1849020 240
1849030 242
1849040 244
1849050 244
1849060 245
1849070 247
1849080 247
1849090 248
1849100 249
1849110 250
1849120 251
1849130 252
1849140 252
1849150 253
1849160 254
1849170 254
1849180 254
1849190 255
1849200 255
1849210 256
1849220 256
1849230 256
1849240 257
1849250 258
1849260 258
1849270 258
1849280 259
1849290 259
1849300 259
1849310 259
1849320 259
1849330 260
1849340 260
1849350 260
1849360 259
1849370 259
1849380 259
1849390 259
1849400 259
1849410 259
1849420 259
1849430 258
1849440 258
1849450 258
1849460 257
1849470 258
1849480 258
1849490 257
1849500 257
1849510 257
1849520 256
1849530 256
1849540 255
1849550 255
1849560 255
1849570 254
1849580 254
1849590 254
1849600 253
1849610 253
1849620 253
1849630 252
1849640 252
1849650 252
1849660 251
1849670 251
1849680 251
1849690 250
1849700 250
1849710 250
1849720 250
1849730 250
1849740 251
1849750 251
1849760 251
1849770 252
1849780 253
1849790 253
1849800 252
1849810 252
1849820 252
1849830 252
1849840 251
1849850 251
1849860 251
1849870 250
1849880 250
1849890 250
1849900 249
1849910 249
1849920 249
1849930 248
1849940 248
1849950 247
1849960 246
1849970 246
1849980 246
1849990 245
1850000 245
1850010 244
1850020 244
1850030 244
1850040 243
1850050 242
1850060 242
1850070 242
1850080 241
1850090 241
1850100 240
1850110 239
1850120 239
1850130 238
1850140 237
1850150 237
1850160 236
1850170 235
1850180 235
1850190 234
1850200 233
1850210 233
1850220 232
1850230 231
1850240 231
1850250 230
1850260 228
1850270 228
1850280 227
1850290 226
1850300 226
1850310 225
1850320 224
1850330 224
1850340 223
1850350 222
1850360 222
1850370 221
1850380 221
1850390 220
1850400 219
1850410 219
1850420 219
1850430 219
1850440 219
1850450 220
1850460 221
1850470 221
1850480 222
1850490 222
1850500 222
1850510 222
1850520 221
1850530 221
1850540 219
1850550 218
1850560 218
1850570 217
1850580 216
1850590 216
1850600 216
1850610 216
1850620 216
1850630 217
1850640 218
1850650 218
1850660 219
1850670 219
1850680 219
1850690 220
1850700 221
1850710 221
1850720 222
1850730 222
1850740 222
1850750 222
1850760 222
1850770 222
1850780 222
1850790 222
1850800 222
1850810 222
1850820 221
1850830 221
1850840 221
1850850 221
1850860 221
1850870 221
1850880 221
1850890 221
1850900 219
1850910 219
1850920 219
1850930 219
1850940 219
1850950 219
1850960 219
1850970 219
1850980 219
1850990 218
1851000 218
1851010 218
1851020 218
1851030 218
1851040 218
1851050 217
1851060 217
1851070 217
1851080 217
1851090 217
1851100 217
1851110 216
1851120 216
1851130 216
1851140 216
1851150 216
1851160 215
1851170 215
1851180 215
1851190 215
1851200 214
1851210 214
1851220 213
1851230 213
1851240 213
1851250 212
1851260 211
1851270 211
1851280 211
1851290 210
1851300 210
1851310 209
1851320 208
1851330 208
1851340 208
1851350 207
1851360 207
1851370 206
1851380 205
1851390 205
1851400 205
1851410 204
1851420 204
1851430 204
1851440 204
1851450 204
1851460 204
1851470 204
1851480 204
1851490 203
1851500 204
1851510 204
1851520 204
1851530 204
1851540 204
1851550 205
1851560 206
1851570 206
1851580 207
1851590 208
1851600 208
1851610 210
1851620 212
1851630 212
1851640 213
1851650 215
1851660 215
1851670 216
1851680 217
1851690 217
1851700 218
1851710 219
1851720 219
1851730 220
1851740 221
1851750 221
1851760 221
1851770 221
1851780 222
1851790 223
1851800 223
1851810 223
1851820 224
1851830 224
1851840 224
1851850 224
1851860 224
1851870 224
1851880 225
1851890 225
1851900 225
1851910 225
1851920 225
1851930 225
1851940 225
1851950 225
1851960 226
1851970 226
1851980 226
1851990 226
1852000 226
1852010 226
1852020 226
1852030 226
1852040 226
1852050 226
1852060 225
1852070 225
1852080 225
1852090 225
1852100 225
1852110 225
1852120 226
1852130 226
1852140 225
1852150 225
1852160 225
1852170 225
1852180 225
1852190 225
1852200 226
1852210 226
1852220 226
1852230 226
1852240 226
1852250 226
1852260 227
1852270 227
1852280 227
1852290 228
1852300 229
1852310 229
1852320 230
1852330 230
1852340 230
1852350 231
1852360 231
1852370 231
1852380 232
1852390 233
1852400 233
1852410 233
1852420 234
1852430 234
1852440 234
1852450 234
1852460 234
1852470 234
1852480 234
1852490 235
1852500 235
1852510 235
1852520 235
1852530 235
1852540 235
1852550 235
1852560 235
1852570 235
1852580 235
1852590 235
1852600 235
1852610 235
1852620 235
1852630 235
1852640 235
1852650 235
1852660 235
1852670 234
1852680 234
1852690 234
1852700 234
1852710 234
1852720 234
1852730 233
1852740 233
1852750 233
1852760 233
1852770 232
1852780 232
1852790 232
1852800 232
1852810 232
1852820 232
1852830 231
1852840 231
1852850 231
1852860 231
1852870 231
1852880 231
1852890 231
1852900 231
1852910 230
1852920 230
1852930 230
1852940 230
1852950 229
1852960 229
1852970 229
1852980 229
1852990 229
1853000 228
1853010 228
1853020 228
1853030 228
1853040 227
1853050 227
1853060 227
1853070 227
1853080 227
1853090 227
1853100 227
1853110 227
1853120 225
1853130 224
1853140 224
1853150 223
1853160 223
1853170 223
1853180 222
1853190 222
1853200 221
1853210 221
1853220 221
1853230 220
1853240 219
1853250 219
1853260 219
1853270 218
1853280 218
1853290 217
1853300 217
1853310 217
1853320 216
1853330 215
1853340 215
1853350 215
1853360 214
1853370 214
1853380 214
1853390 213
1853400 213
1853410 213
1853420 213
1853430 213
1853440 212
1853450 211
1853460 211
1853470 211
1853480 210
1853490 210
1853500 210
1853510 209
1853520 209
1853530 209
1853540 209
1853550 209
1853560 209
1853570 209
1853580 209
1853590 209
1853600 209
1853610 209
1853620 209
1853630 209
1853640 209
1853650 209
1853660 209
1853670 209
1853680 209
1853690 209
1853700 209
1853710 209
1853720 208
1853730 208
1853740 209
1853750 209
1853760 209
1853770 208
1853780 208
1853790 208
1853800 208
1853810 207
1853820 207
1853830 207
1853840 207
1853850 207
1853860 206
1853870 206
1853880 206
1853890 205
1853900 205
1853910 205
1853920 205
1853930 205
1853940 204
1853950 204
1853960 204
1853970 203
1853980 202
1853990 202
1854000 202
1854010 201
1854020 201
1854030 200
1854040 200
1854050 200
1854060 199
1854070 198
1854080 198
1854090 197
1854100 196
1854110 196
1854120 196
1854130 195
1854140 195
1854150 195
1854160 195
1854170 195
1854180 195
1854190 195
1854200 195
1854210 195
1854220 194
1854230 194
1854240 195
1854250 195
1854260 195
1854270 195
1854280 194
1854290 194
1854300 194
1854310 193
1854320 193
1854330 193
1854340 192
1854350 192
1854360 191
1854370 191
1854380 191
1854390 190
1854400 190
1854410 190
1854420 189
1854430 188
1854440 188
1854450 188
1854460 187
1854470 187
1854480 187
1854490 186
1854500 186
1854510 185
1854520 185
1854530 185
1854540 184
1854550 184
1854560 184
1854570 184
1854580 184
1854590 183
1854600 183
1854610 183
1854620 182
1854630 183
1854640 183
1854650 182
1854660 183
1854670 183
1854680 183
1854690 183
1854700 183
1854710 183
1854720 184
1854730 184
1854740 185
1854750 186
1854760 186
1854770 187
1854780 188
1854790 188
1854800 189
1854810 190
1854820 190
1854830 191
1854840 192
1854850 192
1854860 192
1854870 193
1854880 193
1854890 194
1854900 195
1854910 195
1854920 195
1854930 196
1854940 196
1854950 196
1854960 197
1854970 197
1854980 198
1854990 198
1855000 198
1855010 199
1855020 199
1855030 199
1855040 200
1855050 201
1855060 201
1855070 201
1855080 202
1855090 202
1855100 202
1855110 202
1855120 202
1855130 202
1855140 202
1855150 203
1855160 203
1855170 203
1855180 203
1855190 203
1855200 203
1855210 203
1855220 202
1855230 202
1855240 202
1855250 202
1855260 202
1855270 201
1855280 200
1855290 200
1855300 200
1855310 199
1855320 199
1855330 199
1855340 198
1855350 198
1855360 197
1855370 196
1855380 196
1855390 195
1855400 194
1855410 194
1855420 193
1855430 192
1855440 192
1855450 192
1855460 191
1855470 191
1855480 190
1855490 189
1855500 189
1855510 188
1855520 187
1855530 187
1855540 187
1855550 186
1855560 186
1855570 185
1855580 185
1855590 185
1855600 184
1855610 183
1855620 183
1855630 183
1855640 183
1855650 183
1855660 182
1855670 182
1855680 182
1855690 181
1855700 181
1855710 181
1855720 181
1855730 180
1855740 180
1855750 180
1855760 180
1855770 180
1855780 179
1855790 179
1855800 179
1855810 179
1855820 179
1855830 179
1855840 179
1855850 179
1855860 179
1855870 179
1855880 178
1855890 178
1855900 178
1855910 178
1855920 178
1855930 178
1855940 178
1855950 178
1855960 179
1855970 179
1855980 179
1855990 179
1856000 179
1856010 178
1856020 178
1856030 178
1856040 178
1856050 178
1856060 178
1856070 178
1856080 178
1856090 178
1856100 177
1856110 177
1856120 177
1856130 179
1856140 179
1856150 179
1856160 179
1856170 179
1856180 179
1856190 179
1856200 177
1856210 177
1856220 177
1856230 177
1856240 177
1856250 177
1856260 177
1856270 177
1856280 177
1856290 177
1856300 177
1856310 177
1856320 177
1856330 177
1856340 177
1856350 177
1856360 177
1856370 177
1856380 177
1856390 177
1856400 177
1856410 177
1856420 177
1856430 177
1856440 177
1856450 177
1856460 177
1856470 177
1856480 177
1856490 177
1856500 177
1856510 177
1856520 177
1856530 177
1856540 177
1856550 177
1856560 177
1856570 177
1856580 177
1856590 177
1856600 177
1856610 177
1856620 177
1856630 176
1856640 177
1856650 177
1856660 177
1856670 177
1856680 177
1856690 177
1856700 177
1856710 177
1856720 177
1856730 176
1856740 176
1856750 177
1856760 177
1856770 177
1856780 177
1856790 177
1856800 177
1856810 177
1856820 177
1856830 177
1856840 177
1856850 177
1856860 177
1856870 177
1856880 177
1856890 177
1856900 177
1856910 177
1856920 177
1856930 177
1856940 177
1856950 177
1856960 177
1856970 177
1856980 177
1856990 177
1857000 177
1857010 177
1857020 177
1857030 177
1857040 177
1857050 177
1857060 176
1857070 176
1857080 176
1857090 176
1857100 176
1857110 176
1857120 176
1857130 176
1857140 177
1857150 177
1857160 177
1857170 177
1857180 176
1857190 176
1857200 176
1857210 176
1857220 176
1857230 176
1857240 176
1857250 176
1857260 176
1857270 176
1857280 176
1857290 176
1857300 176
1857310 176
1857320 176
1857330 176
1857340 176
1857350 176
1857360 176
1857370 176
1857380 176
1857390 176
1857400 176
1857410 176
1857420 176
1857430 176
1857440 176
1857450 176
1857460 176
1857470 176
1857480 176
1857490 176
1857500 176
1857510 176
1857520 176
1857530 176
1857540 176
1857550 176
1857560 176
1857570 176
1857580 176
1857590 176
1857600 176
1857610 176
1857620 176
1857630 176
1857640 176
1857650 176
1857660 176
1857670 176
1857680 176
1857690 176
1857700 176
1857710 176
1857720 176
1857730 176
1857740 176
1857750 176
1857760 176
1857770 176
1857780 176
1857790 176
1857800 177
1857810 177
1857820 177
1857830 176
1857840 176
1857850 175
1857860 176
1857870 176
1857880 177
1857890 177
1857900 177
1857910 176
1857920 176
1857930 176
1857940 176
1857950 177
1857960 177
1857970 176
1857980 177
1857990 177
1858000 177
1858010 177
1858020 177
1858030 177
1858040 177
1858050 177
1858060 177
1858070 177
1858080 177
1858090 177
1858100 177
1858110 177
1858120 177
1858130 177
1858140 177
1858150 177
1858160 177
1858170 177
1858180 178
1858190 178
1858200 178
1858210 178
1858220 178
1858230 178
1858240 178
1858250 178
1858260 178
1858270 178
1858280 178
1858290 178
1858300 178
1858310 178
1858320 178
1858330 176
1858340 176
1858350 175
1858360 174
1858370 174
1858380 175
1858390 177
1858400 177
1858410 178
1858420 178
1858430 178
1858440 178
1858450 178
1858460 178
1858470 178
1858480 178
1858490 178
1858500 178
1858510 178
1858520 178
1858530 178
1858540 178
1858550 178
1858560 178
1858570 178
1858580 178
1858590 178
1858600 178
1858610 178
1858620 178
1858630 178
1858640 178
1858650 178
1858660 178
1858670 178
1858680 179
1858690 179
1858700 179
1858710 179
1858720 179
1858730 179
1858740 178
1858750 178
1858760 178
1858770 178
1858780 178
1858790 178
1858800 177
1858810 177
1858820 177
1858830 177
1858840 177
1858850 177
1858860 177
1858870 177
1858880 177
1858890 177
1858900 177
1858910 176
1858920 176
1858930 176
1858940 176
1858950 176
1858960 176
1858970 176
1858980 176
1858990 176
1859000 176
1859010 176
1859020 176
1859030 176
1859040 176
1859050 176
1859060 176
1859070 176
1859080 176
1859090 176
1859100 176
1859110 176
1859120 176
1859130 176
1859140 176
1859150 176
1859160 175
1859170 175
1859180 175
1859190 175
1859200 175
1859210 175
1859220 175
1859230 175
1859240 175
1859250 175
1859260 175
1859270 175
1859280 175
1859290 175
1859300 175
1859310 175
1859320 175
1859330 175
1859340 175
1859350 175
1859360 175
1859370 175
1859380 175
1859390 175
1859400 175
1859410 175
1859420 175
1859430 175
1859440 175
1859450 175
1859460 175
1859470 175
1859480 175
1859490 175
1859500 175
1859510 175
1859520 175
1859530 175
1859540 175
1859550 175
1859560 175
1859570 175
1859580 175
1859590 175
1859600 175
1859610 175
1859620 175
1859630 175
1859640 175
1859650 175
1859660 175
1859670 175
1859680 175
1859690 175
1859700 175
1859710 175
1859720 175
1859730 175
1859740 175
1859750 174
1859760 174
1859770 174
1859780 174
1859790 174
1859800 174
1859810 174
1859820 174
1859830 174
1859840 174
1859850 174
1859860 175
1859870 175
1859880 175
1859890 175
1859900 175
1859910 175
1859920 175
1859930 176
1859940 176
1859950 176
1859960 176
1859970 176
1859980 176
1859990 176
