1840000 262
1840010 262
1840020 261
1840030 261
1840040 261
1840050 260
1840060 260
1840070 260
1840080 259
1840090 259
1840100 259
1840110 258
1840120 257
1840130 257
1840140 257
1840150 256
1840160 256
1840170 256
1840180 255
1840190 255
1840200 255
1840210 254
1840220 254
1840230 254
1840240 253
1840250 253
1840260 252
1840270 252
1840280 251
1840290 251
1840300 251
1840310 250
1840320 249
1840330 249
1840340 248
1840350 247
1840360 247
1840370 246
1840380 245
1840390 245
1840400 244
1840410 243
1840420 243
1840430 242
1840440 241
1840450 241
1840460 240
1840470 239
1840480 239
1840490 239
1840500 238
1840510 238
1840520 237
1840530 237
1840540 237
1840550 235
1840560 235
1840570 235
1840580 234
1840590 233
1840600 233
1840610 232
1840620 232
1840630 232
1840640 231
1840650 231
1840660 231
1840670 231
1840680 232
1840690 232
1840700 236
1840710 235
1840720 235
1840730 232
1840740 232
1840750 232
1840760 232
1840770 232
1840780 232
1840790 232
1840800 231
1840810 231
1840820 231
1840830 231
1840840 231
1840850 231
1840860 231
1840870 231
1840880 231
1840890 231
1840900 231
1840910 230
1840920 230
1840930 230
1840940 229
1840950 229
1840960 229
1840970 229
1840980 229
1840990 228
1841000 228
1841010 228
1841020 228
1841030 227
1841040 227
1841050 227
1841060 226
1841070 226
1841080 226
1841090 226
1841100 226
1841110 226
1841120 225
1841130 225
1841140 225
1841150 225
1841160 225
1841170 225
1841180 225
1841190 225
1841200 225
1841210 224
1841220 224
1841230 224
1841240 224
1841250 224
1841260 224
1841270 225
1841280 224
1841290 224
1841300 224
1841310 224
1841320 224
1841330 223
1841340 223
1841350 222
1841360 223
1841370 223
1841380 223
1841390 223
1841400 223
1841410 223
1841420 222
1841430 222
1841440 221
1841450 222
1841460 222
1841470 222
1841480 222
1841490 222
1841500 223
1841510 224
1841520 224
1841530 223
1841540 223
1841550 223
1841560 223
1841570 223
1841580 223
1841590 224
1841600 224
1841610 224
1841620 225
1841630 226
1841640 226
1841650 228
1841660 228
1841670 229
1841680 230
1841690 230
1841700 231
1841710 232
1841720 232
1841730 232
1841740 233
1841750 233
1841760 233
1841770 232
1841780 232
1841790 232
1841800 231
1841810 231
1841820 231
1841830 230
1841840 230
1841850 230
1841860 229
1841870 229
1841880 229
1841890 229
1841900 229
1841910 230
1841920 231
1841930 231
1841940 232
1841950 233
1841960 233
1841970 234
1841980 236
1841990 236
1842000 237
1842010 239
1842020 239
1842030 240
1842040 242
1842050 242
1842060 243
1842070 244
1842080 244
1842090 245
1842100 245
1842110 245
1842120 246
1842130 247
1842140 247
1842150 247
1842160 248
1842170 248
1842180 249
1842190 249
1842200 249
1842210 250
1842220 250
1842230 250
1842240 251
1842250 252
1842260 252
1842270 252
1842280 253
1842290 253
1842300 254
1842310 254
1842320 254
1842330 254
1842340 254
1842350 255
1842360 254
1842370 254
1842380 254
1842390 253
1842400 253
1842410 252
1842420 251
1842430 251
1842440 251
1842450 250
1842460 250
1842470 250
1842480 249
1842490 249
1842500 248
1842510 248
1842520 248
1842530 248
1842540 248
1842550 248
1842560 247
1842570 247
1842580 247
1842590 246
1842600 245
1842610 245
1842620 245
1842630 244
1842640 244
1842650 244
1842660 244
1842670 244
1842680 244
1842690 244
1842700 244
1842710 244
1842720 244
1842730 244
1842740 244
1842750 244
1842760 244
1842770 244
1842780 243
1842790 243
1842800 243
1842810 242
1842820 242
1842830 241
1842840 240
1842850 240
1842860 239
1842870 238
1842880 238
1842890 237
1842900 237
1842910 237
1842920 236
1842930 236
1842940 236
1842950 235
1842960 234
1842970 234
1842980 234
1842990 233
1843000 233
1843010 232
1843020 232
1843030 232
1843040 231
1843050 231
1843060 231
1843070 230
1843080 230
1843090 229
1843100 229
1843110 229
1843120 228
1843130 228
1843140 228
1843150 227
1843160 227
1843170 227
1843180 226
1843190 225
1843200 225
1843210 225
1843220 224
1843230 224
1843240 224
1843250 223
1843260 223
1843270 223
1843280 222
1843290 222
1843300 222
1843310 221
1843320 221
1843330 221
1843340 221
1843350 221
1843360 221
1843370 221
1843380 221
1843390 221
1843400 221
1843410 221
1843420 221
1843430 221
1843440 221
1843450 221
1843460 220
1843470 221
1843480 220
1843490 220
1843500 220
1843510 220
1843520 220
1843530 220
1843540 220
1843550 220
1843560 220
1843570 220
1843580 220
1843590 220
1843600 220
1843610 219
1843620 219
1843630 219
1843640 219
1843650 219
1843660 219
1843670 219
1843680 219
1843690 219
1843700 219
1843710 219
1843720 219
1843730 219
1843740 219
1843750 219
1843760 219
1843770 219
1843780 220
1843790 220
1843800 221
1843810 224
1843820 224
1843830 224
1843840 226
1843850 226
1843860 229
1843870 232
1843880 232
1843890 235
1843900 240
1843910 240
1843920 245
1843930 247
1843940 247
1843950 249
1843960 250
1843970 250
1843980 251
1843990 253
1844000 253
1844010 254
1844020 255
1844030 255
1844040 256
1844050 256
1844060 256
1844070 257
1844080 258
1844090 258
1844100 258
1844110 258
1844120 258
1844130 259
1844140 259
1844150 259
1844160 259
1844170 259
1844180 259
1844190 259
1844200 259
1844210 259
1844220 259
1844230 258
1844240 258
1844250 258
1844260 257
1844270 257
1844280 256
1844290 255
1844300 255
1844310 254
1844320 253
1844330 253
1844340 252
1844350 251
1844360 251
1844370 251
1844380 250
1844390 250
1844400 250
1844410 250
1844420 250
1844430 250
1844440 250
1844450 251
1844460 252
1844470 252
1844480 253
1844490 253
1844500 253
1844510 254
1844520 255
1844530 255
1844540 256
1844550 256
1844560 257
1844570 258
1844580 258
1844590 258
1844600 259
1844610 259
1844620 259
1844630 260
1844640 261
1844650 261
1844660 261
1844670 262
1844680 262
1844690 262
1844700 263
1844710 263
1844720 264
1844730 264
1844740 264
1844750 265
1844760 265
1844770 265
1844780 265
1844790 266
1844800 266
1844810 266
1844820 266
1844830 266
1844840 267
1844850 268
1844860 268
1844870 269
1844880 269
1844890 269
1844900 270
1844910 270
1844920 271
1844930 271
1844940 272
1844950 272
1844960 273
1844970 274
1844980 274
1844990 274
1845000 275
1845010 275
1845020 275
1845030 276
1845040 276
1845050 276
1845060 278
1845070 278
1845080 278
1845090 278
1845100 277
1845110 276
1845120 276
1845130 275
1845140 274
1845150 274
1845160 273
1845170 273
1845180 273
1845190 272
1845200 271
1845210 271
1845220 270
1845230 269
1845240 269
1845250 268
1845260 267
1845270 267
1845280 267
1845290 266
1845300 266
1845310 265
1845320 264
1845330 264
1845340 263
1845350 262
1845360 262
1845370 261
1845380 260
1845390 260
1845400 259
1845410 258
1845420 258
1845430 257
1845440 256
1845450 256
1845460 255
1845470 254
1845480 254
1845490 254
1845500 253
1845510 253
1845520 252
1845530 252
1845540 252
1845550 251
1845560 251
1845570 251
1845580 250
1845590 249
1845600 249
1845610 248
1845620 246
1845630 246
1845640 245
1845650 248
1845660 248
1845670 248
1845680 249
1845690 249
1845700 249
1845710 249
1845720 249
1845730 249
1845740 249
1845750 249
1845760 249
1845770 249
1845780 248
1845790 248
1845800 248
1845810 248
1845820 248
1845830 248
1845840 247
1845850 245
1845860 245
1845870 244
1845880 242
1845890 242
1845900 240
1845910 238
1845920 238
1845930 236
1845940 235
1845950 235
1845960 233
1845970 232
1845980 232
1845990 231
1846000 230
1846010 232
1846020 231
1846030 229
1846040 229
1846050 228
1846060 227
1846070 227
1846080 227
1846090 226
1846100 226
1846110 226
1846120 226
1846130 226
1846140 225
1846150 225
1846160 225
1846170 224
1846180 224
1846190 224
1846200 224
1846210 224
1846220 224
1846230 223
1846240 223
1846250 223
1846260 223
1846270 222
1846280 222
1846290 222
1846300 222
1846310 222
1846320 222
1846330 222
1846340 222
1846350 221
1846360 221
1846370 221
1846380 220
1846390 220
1846400 220
1846410 220
1846420 220
1846430 220
1846440 220
1846450 220
1846460 220
1846470 220
1846480 220
1846490 221
1846500 222
1846510 222
1846520 223
1846530 224
1846540 224
1846550 225
1846560 226
1846570 226
1846580 227
1846590 227
1846600 227
1846610 228
1846620 229
1846630 229
1846640 229
1846650 230
1846660 230
1846670 231
1846680 232
1846690 232
1846700 233
1846710 234
1846720 234
1846730 236
1846740 236
1846750 236
1846760 237
1846770 238
1846780 238
1846790 238
1846800 239
1846810 239
1846820 240
1846830 240
1846840 240
1846850 241
1846860 242
1846870 242
1846880 243
1846890 244
1846900 244
1846910 245
1846920 245
1846930 245
1846940 246
1846950 246
1846960 246
1846970 246
1846980 246
1846990 246
1847000 246
1847010 245
1847020 245
1847030 244
1847040 243
1847050 243
1847060 241
1847070 240
1847080 240
1847090 242
1847100 241
1847110 241
1847120 240
1847130 240
1847140 240
1847150 239
1847160 239
1847170 237
1847180 236
1847190 236
1847200 235
1847210 235
1847220 235
1847230 236
1847240 237
1847250 237
1847260 238
1847270 238
1847280 238
1847290 238
1847300 237
1847310 237
1847320 236
1847330 235
1847340 235
1847350 234
1847360 232
1847370 232
1847380 231
1847390 230
1847400 230
1847410 228
1847420 227
1847430 227
1847440 225
1847450 223
1847460 223
1847470 221
1847480 219
1847490 219
1847500 218
1847510 216
1847520 216
1847530 215
1847540 215
1847550 215
1847560 214
1847570 214
1847580 214
1847590 214
1847600 214
1847610 214
1847620 214
1847630 214
1847640 214
1847650 214
1847660 215
1847670 215
1847680 216
1847690 217
1847700 217
1847710 219
1847720 220
1847730 220
1847740 221
1847750 223
1847760 223
1847770 223
1847780 224
1847790 224
1847800 224
1847810 225
1847820 225
1847830 225
1847840 225
1847850 226
1847860 226
1847870 226
1847880 225
1847890 225
1847900 225
1847910 225
1847920 225
1847930 225
1847940 224
1847950 224
1847960 224
1847970 223
1847980 223
1847990 223
1848000 222
1848010 222
1848020 222
1848030 221
1848040 220
1848050 220
1848060 220
1848070 219
1848080 219
1848090 218
1848100 218
1848110 218
1848120 216
1848130 211
1848140 211
1848150 210
1848160 209
1848170 209
1848180 209
1848190 210
1848200 210
1848210 209
1848220 209
1848230 209
1848240 209
1848250 208
1848260 208
1848270 208
1848280 208
1848290 208
1848300 208
1848310 207
1848320 207
1848330 207
1848340 207
1848350 207
1848360 206
1848370 206
1848380 206
1848390 205
1848400 205
1848410 205
1848420 205
1848430 204
1848440 204
1848450 204
1848460 204
1848470 204
1848480 204
1848490 204
1848500 204
1848510 204
1848520 204
1848530 204
1848540 204
1848550 204
1848560 204
1848570 204
1848580 204
1848590 204
1848600 204
1848610 204
1848620 205
1848630 205
1848640 205
1848650 205
1848660 206
1848670 206
1848680 206
1848690 205
1848700 205
1848710 206
1848720 206
1848730 206
1848740 206
1848750 207
1848760 207
1848770 208
1848780 209
1848790 209
1848800 209
1848810 210
1848820 210
1848830 211
1848840 212
1848850 212
1848860 215
1848870 217
1848880 217
1848890 218
1848900 220
1848910 220
1848920 222
1848930 223
1848940 223
1848950 227
1848960 231
1848970 231
1848980 232
1848990 233
1849000 233
1849010 234
1849020 235
1849030 235
1849040 237
1849050 239
1849060 239
1849070 241
1849080 244
1849090 244
1849100 246
1849110 247
1849120 247
1849130 247
1849140 247
1849150 247
1849160 248
1849170 248
1849180 248
1849190 248
1849200 248
1849210 248
1849220 248
1849230 248
1849240 248
1849250 248
1849260 248
1849270 248
1849280 248
1849290 248
1849300 248
1849310 248
1849320 248
1849330 248
1849340 248
1849350 248
1849360 247
1849370 247
1849380 247
1849390 247
1849400 247
1849410 247
1849420 247
1849430 246
1849440 246
1849450 246
1849460 245
1849470 245
1849480 245
1849490 245
1849500 245
1849510 244
1849520 244
1849530 244
1849540 244
1849550 243
1849560 243
1849570 243
1849580 243
1849590 243
1849600 242
1849610 242
1849620 242
1849630 241
1849640 240
1849650 240
1849660 240
1849670 239
1849680 239
1849690 239
1849700 238
1849710 238
1849720 237
1849730 236
1849740 236
1849750 236
1849760 235
1849770 235
1849780 234
1849790 234
1849800 234
1849810 233
1849820 232
1849830 232
1849840 231
1849850 230
1849860 230
1849870 230
1849880 230
1849890 229
1849900 228
1849910 228
1849920 228
1849930 227
1849940 227
1849950 227
1849960 226
1849970 226
1849980 226
1849990 226
1850000 226
1850010 225
1850020 225
1850030 225
1850040 225
1850050 225
1850060 225
1850070 225
1850080 224
1850090 224
1850100 224
1850110 224
1850120 224
1850130 224
1850140 224
1850150 224
1850160 224
1850170 223
1850180 223
1850190 223
1850200 223
1850210 223
1850220 223
1850230 225
1850240 225
1850250 225
1850260 226
1850270 226
1850280 227
1850290 228
1850300 228
1850310 229
1850320 230
1850330 230
1850340 231
1850350 231
1850360 231
1850370 232
1850380 233
1850390 233
1850400 234
1850410 235
1850420 235
1850430 235
1850440 236
1850450 236
1850460 236
1850470 237
1850480 237
1850490 237
1850500 238
1850510 238
1850520 239
1850530 239
1850540 239
1850550 240
1850560 240
1850570 241
1850580 242
1850590 242
1850600 242
1850610 243
1850620 243
1850630 244
1850640 245
1850650 245
1850660 246
1850670 247
1850680 248
1850690 249
1850700 250
1850710 250
1850720 251
1850730 252
1850740 252
1850750 253
1850760 254
1850770 254
1850780 255
1850790 256
1850800 256
1850810 256
1850820 257
1850830 257
1850840 257
1850850 257
1850860 257
1850870 257
1850880 257
1850890 257
1850900 256
1850910 255
1850920 255
1850930 254
1850940 252
1850950 252
1850960 250
1850970 248
1850980 248
1850990 246
1851000 244
1851010 244
1851020 243
1851030 243
1851040 243
1851050 241
1851060 240
1851070 240
1851080 240
1851090 239
1851100 239
1851110 238
1851120 237
1851130 237
1851140 236
1851150 235
1851160 235
1851170 234
1851180 233
1851190 233
1851200 232
1851210 230
1851220 230
1851230 229
1851240 229
1851250 228
1851260 229
1851270 229
1851280 230
1851290 229
1851300 229
1851310 229
1851320 229
1851330 229
1851340 230
1851350 231
1851360 231
1851370 232
1851380 234
1851390 235
1851400 237
1851410 239
1851420 239
1851430 240
1851440 241
1851450 241
1851460 241
1851470 241
1851480 241
1851490 242
1851500 241
1851510 241
1851520 241
1851530 240
1851540 240
1851550 240
1851560 239
1851570 239
1851580 239
1851590 238
1851600 238
1851610 237
1851620 237
1851630 237
1851640 236
1851650 235
1851660 235
1851670 234
1851680 233
1851690 233
1851700 231
1851710 230
1851720 230
1851730 229
1851740 227
1851750 227
1851760 226
1851770 225
1851780 225
1851790 224
1851800 223
1851810 223
1851820 222
1851830 221
1851840 221
1851850 220
1851860 219
1851870 219
1851880 218
1851890 218
1851900 218
1851910 217
1851920 217
1851930 217
1851940 216
1851950 216
1851960 216
1851970 216
1851980 216
1851990 216
1852000 216
1852010 216
1852020 216
1852030 217
1852040 217
1852050 217
1852060 217
1852070 217
1852080 217
1852090 217
1852100 216
1852110 216
1852120 216
1852130 216
1852140 216
1852150 215
1852160 215
1852170 215
1852180 215
1852190 215
1852200 215
1852210 215
1852220 215
1852230 215
1852240 214
1852250 214
1852260 213
1852270 213
1852280 213
1852290 212
1852300 211
1852310 211
1852320 210
1852330 210
1852340 210
1852350 209
1852360 209
1852370 209
1852380 209
1852390 209
1852400 209
1852410 209
1852420 210
1852430 210
1852440 211
1852450 212
1852460 212
1852470 213
1852480 213
1852490 213
1852500 213
1852510 214
1852520 214
1852530 214
1852540 214
1852550 214
1852560 214
1852570 214
1852580 214
1852590 214
1852600 214
1852610 214
1852620 213
1852630 213
1852640 212
1852650 212
1852660 212
1852670 211
1852680 210
1852690 210
1852700 209
1852710 208
1852720 208
1852730 207
1852740 206
1852750 206
1852760 205
1852770 205
1852780 205
1852790 205
1852800 205
1852810 204
1852820 205
1852830 206
1852840 206
1852850 206
1852860 207
1852870 207
1852880 208
1852890 208
1852900 208
1852910 209
1852920 209
1852930 209
1852940 209
1852950 209
1852960 209
1852970 209
1852980 209
1852990 209
1853000 209
1853010 210
1853020 210
1853030 210
1853040 210
1853050 210
1853060 210
1853070 210
1853080 210
1853090 210
1853100 210
1853110 210
1853120 210
1853130 210
1853140 210
1853150 211
1853160 209
1853170 209
1853180 209
1853190 209
1853200 209
1853210 209
1853220 209
1853230 209
1853240 208
1853250 208
1853260 208
1853270 208
1853280 207
1853290 207
1853300 207
1853310 207
1853320 207
1853330 207
1853340 207
1853350 207
1853360 207
1853370 207
1853380 206
1853390 206
1853400 206
1853410 205
1853420 205
1853430 205
1853440 204
1853450 203
1853460 203
1853470 202
1853480 201
1853490 201
1853500 202
1853510 202
1853520 201
1853530 200
1853540 200
1853550 200
1853560 199
1853570 198
1853580 198
1853590 197
1853600 197
1853610 197
1853620 196
1853630 196
1853640 196
1853650 195
1853660 195
1853670 195
1853680 194
1853690 194
1853700 194
1853710 194
1853720 193
1853730 193
1853740 193
1853750 193
1853760 193
1853770 192
1853780 192
1853790 192
1853800 192
1853810 192
1853820 192
1853830 191
1853840 191
1853850 191
1853860 191
1853870 191
1853880 191
1853890 191
1853900 191
1853910 191
1853920 190
1853930 190
1853940 190
1853950 190
1853960 190
1853970 190
1853980 190
1853990 190
1854000 191
1854010 191
1854020 191
1854030 191
1854040 190
1854050 190
1854060 190
1854070 188
1854080 188
1854090 187
1854100 188
1854110 188
1854120 189
1854130 189
1854140 189
1854150 189
1854160 188
1854170 188
1854180 188
1854190 188
1854200 188
1854210 188
1854220 188
1854230 188
1854240 189
1854250 189
1854260 189
1854270 189
1854280 189
1854290 189
1854300 189
1854310 189
1854320 189
1854330 189
1854340 189
1854350 189
1854360 189
1854370 189
1854380 189
1854390 189
1854400 189
1854410 189
1854420 188
1854430 188
1854440 188
1854450 188
1854460 188
1854470 188
1854480 188
1854490 189
1854500 189
1854510 189
1854520 189
1854530 189
1854540 190
1854550 191
1854560 191
1854570 192
1854580 194
1854590 194
1854600 195
1854610 196
1854620 196
1854630 197
1854640 198
1854650 198
1854660 199
1854670 199
1854680 199
1854690 199
1854700 199
1854710 200
1854720 200
1854730 200
1854740 201
1854750 201
1854760 201
1854770 201
1854780 202
1854790 202
1854800 203
1854810 204
1854820 204
1854830 205
1854840 206
1854850 206
1854860 207
1854870 208
1854880 208
1854890 209
1854900 210
1854910 210
1854920 211
1854930 212
1854940 212
1854950 212
1854960 213
1854970 213
1854980 213
1854990 214
1855000 214
1855010 214
1855020 214
1855030 214
1855040 215
1855050 215
1855060 215
1855070 216
1855080 217
1855090 217
1855100 218
1855110 219
1855120 219
1855130 219
1855140 220
1855150 220
1855160 221
1855170 222
1855180 222
1855190 222
1855200 223
1855210 223
1855220 224
1855230 224
1855240 224
1855250 225
1855260 225
1855270 225
1855280 225
1855290 225
1855300 225
1855310 225
1855320 225
1855330 225
1855340 225
1855350 225
1855360 225
1855370 224
1855380 224
1855390 223
1855400 223
1855410 223
1855420 222
1855430 221
1855440 221
1855450 220
1855460 220
1855470 220
1855480 219
1855490 218
1855500 218
1855510 217
1855520 216
1855530 216
1855540 215
1855550 214
1855560 214
1855570 213
1855580 211
1855590 211
1855600 210
1855610 209
1855620 209
1855630 208
1855640 206
1855650 206
1855660 205
1855670 204
1855680 204
1855690 202
1855700 201
1855710 201
1855720 200
1855730 199
1855740 199
1855750 198
1855760 198
1855770 198
1855780 198
1855790 198
1855800 198
1855810 198
1855820 199
1855830 199
1855840 199
1855850 199
1855860 199
1855870 200
1855880 200
1855890 200
1855900 201
1855910 202
1855920 202
1855930 202
1855940 203
1855950 203
1855960 203
1855970 203
1855980 203
1855990 205
1856000 206
1856010 206
1856020 206
1856030 206
1856040 206
1856050 207
1856060 207
1856070 207
1856080 208
1856090 208
1856100 208
1856110 208
1856120 208
1856130 209
1856140 210
1856150 210
1856160 211
1856170 211
1856180 211
1856190 211
1856200 212
1856210 212
1856220 212
1856230 212
1856240 212
1856250 212
1856260 212
1856270 212
1856280 213
1856290 213
1856300 213
1856310 213
1856320 213
1856330 213
1856340 214
1856350 214
1856360 214
1856370 215
1856380 215
1856390 215
1856400 215
1856410 214
1856420 214
1856430 214
1856440 214
1856450 214
1856460 214
1856470 213
1856480 213
1856490 213
1856500 212
1856510 212
1856520 212
1856530 211
1856540 211
1856550 210
1856560 210
1856570 210
1856580 209
1856590 209
1856600 209
1856610 209
1856620 208
1856630 208
1856640 207
1856650 207
1856660 207
1856670 206
1856680 205
1856690 205
1856700 205
1856710 205
1856720 204
1856730 203
1856740 203
1856750 202
1856760 202
1856770 202
1856780 201
1856790 200
1856800 200
1856810 199
1856820 199
1856830 199
1856840 198
1856850 198
1856860 198
1856870 197
1856880 195
1856890 195
1856900 196
1856910 196
1856920 196
1856930 195
1856940 194
1856950 194
1856960 194
1856970 193
1856980 193
1856990 192
1857000 192
1857010 192
1857020 191
1857030 190
1857040 190
1857050 190
1857060 189
1857070 189
1857080 189
1857090 188
1857100 188
1857110 188
1857120 187
1857130 187
1857140 187
1857150 186
1857160 186
1857170 186
1857180 186
1857190 186
1857200 185
1857210 185
1857220 185
1857230 185
1857240 184
1857250 184
1857260 184
1857270 184
1857280 184
1857290 183
1857300 183
1857310 183
1857320 182
1857330 181
1857340 181
1857350 181
1857360 180
1857370 180
1857380 179
1857390 179
1857400 180
1857410 181
1857420 181
1857430 182
1857440 183
1857450 183
1857460 185
1857470 186
1857480 186
1857490 187
1857500 187
1857510 187
1857520 188
1857530 188
1857540 188
1857550 188
1857560 189
1857570 189
1857580 188
1857590 188
1857600 188
1857610 188
1857620 188
1857630 188
1857640 188
1857650 188
1857660 188
1857670 188
1857680 187
1857690 187
1857700 187
1857710 187
1857720 187
1857730 187
1857740 186
1857750 186
1857760 186
1857770 186
1857780 186
1857790 186
1857800 186
1857810 186
1857820 185
1857830 185
1857840 185
1857850 185
1857860 185
1857870 185
1857880 184
1857890 184
1857900 184
1857910 184
1857920 184
1857930 184
1857940 183
1857950 183
1857960 183
1857970 182
1857980 181
1857990 181
1858000 180
1858010 181
1858020 181
1858030 180
1858040 180
1858050 180
1858060 180
1858070 180
1858080 180
1858090 180
1858100 180
1858110 179
1858120 179
1858130 179
1858140 179
1858150 179
1858160 179
1858170 179
1858180 179
1858190 179
1858200 179
1858210 179
1858220 179
1858230 179
1858240 179
1858250 179
1858260 178
1858270 178
1858280 178
1858290 178
1858300 178
1858310 178
1858320 178
1858330 178
1858340 178
1858350 178
1858360 178
1858370 178
1858380 178
1858390 178
1858400 178
1858410 178
1858420 178
1858430 178
1858440 178
1858450 178
1858460 178
1858470 178
1858480 178
1858490 178
1858500 178
1858510 178
1858520 178
1858530 178
1858540 178
1858550 178
1858560 178
1858570 178
1858580 178
1858590 178
1858600 178
1858610 178
1858620 178
1858630 178
1858640 178
1858650 178
1858660 179
1858670 179
1858680 179
1858690 179
1858700 179
1858710 179
1858720 179
1858730 179
1858740 179
1858750 179
1858760 179
1858770 179
1858780 179
1858790 179
1858800 179
1858810 179
1858820 179
1858830 179
1858840 179
1858850 179
1858860 179
1858870 179
1858880 179
1858890 179
1858900 179
1858910 179
1858920 179
1858930 179
1858940 179
1858950 179
1858960 179
1858970 179
1858980 180
1858990 180
1859000 180
1859010 180
1859020 180
1859030 180
1859040 180
1859050 180
1859060 180
1859070 180
1859080 180
1859090 179
1859100 179
1859110 179
1859120 179
1859130 179
1859140 179
1859150 179
1859160 180
1859170 180
1859180 180
1859190 180
1859200 180
1859210 180
1859220 180
1859230 180
1859240 180
1859250 180
1859260 180
1859270 180
1859280 180
1859290 180
1859300 180
1859310 181
1859320 181
1859330 181
1859340 181
1859350 181
1859360 181
1859370 181
1859380 181
1859390 181
1859400 182
1859410 182
1859420 182
1859430 182
1859440 182
1859450 182
1859460 182
1859470 183
1859480 183
1859490 183
1859500 184
1859510 184
1859520 184
1859530 184
1859540 184
1859550 184
1859560 185
1859570 185
1859580 185
1859590 185
1859600 186
1859610 186
1859620 186
1859630 186
1859640 186
1859650 187
1859660 187
1859670 187
1859680 187
1859690 187
1859700 187
1859710 188
1859720 188
1859730 188
1859740 188
1859750 188
1859760 188
1859770 188
1859780 188
1859790 188
1859800 188
1859810 188
1859820 188
1859830 188
1859840 190
1859850 190
1859860 190
1859870 191
1859880 191
1859890 191
1859900 191
1859910 191
1859920 192
1859930 192
1859940 192
1859950 192
1859960 193
1859970 193
1859980 193
1859990 193
