1840000 250
1840010 249
1840020 249
1840030 249
1840040 249
1840050 249
1840060 248
1840070 248
1840080 248
1840090 248
1840100 247
1840110 247
1840120 247
1840130 247
1840140 247
1840150 246
1840160 246
1840170 246
1840180 245
1840190 244
1840200 244
1840210 244
1840220 243
1840230 243
1840240 243
1840250 243
1840260 242
1840270 242
1840280 242
1840290 241
1840300 241
1840310 241
1840320 241
1840330 241
1840340 241
1840350 241
1840360 241
1840370 242
1840380 242
1840390 241
1840400 241
1840410 241
1840420 241
1840430 241
1840440 241
1840450 240
1840460 240
1840470 240
1840480 240
1840490 240
1840500 240
1840510 239
1840520 239
1840530 239
1840540 238
1840550 238
1840560 238
1840570 237
1840580 237
1840590 237
1840600 237
1840610 237
1840620 237
1840630 236
1840640 236
1840650 237
1840660 237
1840670 237
1840680 235
1840690 234
1840700 234
1840710 234
1840720 233
1840730 234
1840740 233
1840750 232
1840760 232
1840770 231
1840780 231
1840790 231
1840800 230
1840810 230
1840820 230
1840830 230
1840840 229
1840850 229
1840860 229
1840870 229
1840880 229
1840890 228
1840900 228
1840910 228
1840920 228
1840930 228
1840940 227
1840950 227
1840960 227
1840970 227
1840980 226
1840990 226
1841000 226
1841010 226
1841020 226
1841030 226
1841040 226
1841050 226
1841060 225
1841070 225
1841080 225
1841090 225
1841100 224
1841110 224
1841120 225
1841130 225
1841140 225
1841150 225
1841160 224
1841170 224
1841180 224
1841190 224
1841200 224
1841210 224
1841220 224
1841230 224
1841240 224
1841250 224
1841260 224
1841270 224
1841280 224
1841290 224
1841300 223
1841310 222
1841320 222
1841330 223
1841340 223
1841350 223
1841360 224
1841370 224
1841380 224
1841390 224
1841400 224
1841410 224
1841420 224
1841430 224
1841440 224
1841450 225
1841460 225
1841470 225
1841480 226
1841490 226
1841500 226
1841510 227
1841520 227
1841530 227
1841540 229
1841550 230
1841560 230
1841570 231
1841580 232
1841590 232
1841600 233
1841610 233
1841620 234
1841630 235
1841640 235
1841650 237
1841660 238
1841670 238
1841680 238
1841690 239
1841700 239
1841710 239
1841720 240
1841730 240
1841740 240
1841750 241
1841760 241
1841770 242
1841780 242
1841790 242
1841800 242
1841810 242
1841820 242
1841830 243
1841840 242
1841850 242
1841860 242
1841870 242
1841880 242
1841890 241
1841900 241
1841910 241
1841920 241
1841930 241
1841940 241
1841950 242
1841960 242
1841970 242
1841980 243
1841990 243
1842000 243
1842010 244
1842020 246
1842030 246
1842040 247
1842050 248
1842060 248
1842070 249
1842080 250
1842090 250
1842100 251
1842110 252
1842120 252
1842130 253
1842140 254
1842150 254
1842160 255
1842170 256
1842180 256
1842190 256
1842200 258
1842210 258
1842220 258
1842230 259
1842240 259
1842250 259
1842260 259
1842270 259
1842280 260
1842290 260
1842300 260
1842310 259
1842320 259
1842330 259
1842340 259
1842350 259
1842360 259
1842370 258
1842380 258
1842390 258
1842400 257
1842410 257
1842420 257
1842430 257
1842440 257
1842450 256
1842460 255
1842470 255
1842480 255
1842490 254
1842500 254
1842510 253
1842520 252
1842530 252
1842540 252
1842550 251
1842560 251
1842570 250
1842580 249
1842590 249
1842600 248
1842610 247
1842620 247
1842630 246
1842640 245
1842650 245
1842660 244
1842670 242
1842680 242
1842690 241
1842700 240
1842710 240
1842720 239
1842730 238
1842740 238
1842750 237
1842760 236
1842770 236
1842780 235
1842790 234
1842800 234
1842810 233
1842820 233
1842830 233
1842840 233
1842850 233
1842860 233
1842870 233
1842880 233
1842890 233
1842900 233
1842910 233
1842920 233
1842930 233
1842940 233
1842950 233
1842960 233
1842970 232
1842980 232
1842990 232
1843000 232
1843010 232
1843020 231
1843030 231
1843040 231
1843050 230
1843060 230
1843070 229
1843080 229
1843090 229
1843100 228
1843110 228
1843120 228
1843130 227
1843140 227
1843150 227
1843160 226
1843170 225
1843180 225
1843190 224
1843200 224
1843210 224
1843220 224
1843230 224
1843240 224
1843250 224
1843260 224
1843270 224
1843280 224
1843290 226
1843300 226
1843310 226
1843320 227
1843330 227
1843340 227
1843350 227
1843360 227
1843370 228
1843380 227
1843390 227
1843400 227
1843410 227
1843420 227
1843430 226
1843440 226
1843450 226
1843460 225
1843470 225
1843480 225
1843490 224
1843500 223
1843510 223
1843520 223
1843530 222
1843540 222
1843550 221
1843560 221
1843570 221
1843580 220
1843590 220
1843600 220
1843610 220
1843620 220
1843630 220
1843640 220
1843650 220
1843660 220
1843670 220
1843680 220
1843690 220
1843700 220
1843710 220
1843720 220
1843730 220
1843740 220
1843750 220
1843760 221
1843770 221
1843780 221
1843790 221
1843800 221
1843810 221
1843820 221
1843830 221
1843840 221
1843850 222
1843860 222
1843870 224
1843880 228
1843890 228
1843900 233
1843910 237
1843920 237
1843930 242
1843940 246
1843950 246
1843960 247
1843970 247
1843980 247
1843990 246
1844000 247
1844010 247
1844020 246
1844030 247
1844040 247
1844050 247
1844060 247
1844070 247
1844080 248
1844090 248
1844100 248
1844110 249
1844120 249
1844130 249
1844140 251
1844150 252
1844160 252
1844170 253
1844180 254
1844190 254
1844200 255
1844210 256
1844220 256
1844230 257
1844240 258
1844250 258
1844260 259
1844270 260
1844280 260
1844290 261
1844300 263
1844310 263
1844320 265
1844330 265
1844340 265
1844350 265
1844360 265
1844370 265
1844380 266
1844390 266
1844400 266
1844410 266
1844420 266
1844430 266
1844440 266
1844450 266
1844460 265
1844470 265
1844480 265
1844490 265
1844500 266
1844510 266
1844520 266
1844530 267
1844540 267
1844550 268
1844560 268
1844570 268
1844580 269
1844590 270
1844600 270
1844610 271
1844620 271
1844630 271
1844640 272
1844650 273
1844660 273
1844670 273
1844680 274
1844690 274
1844700 275
1844710 276
1844720 276
1844730 276
1844740 278
1844750 278
1844760 278
1844770 279
1844780 279
1844790 280
1844800 280
1844810 280
1844820 281
1844830 281
1844840 281
1844850 282
1844860 282
1844870 282
1844880 283
1844890 283
1844900 283
1844910 284
1844920 284
1844930 284
1844940 284
1844950 285
1844960 285
1844970 285
1844980 284
1844990 284
1845000 285
1845010 285
1845020 285
1845030 285
1845040 285
1845050 285
1845060 285
1845070 285
1845080 285
1845090 285
1845100 285
1845110 285
1845120 284
1845130 284
1845140 284
1845150 284
1845160 284
1845170 283
1845180 283
1845190 283
1845200 283
1845210 282
1845220 282
1845230 282
1845240 281
1845250 281
1845260 281
1845270 280
1845280 280
1845290 280
1845300 279
1845310 279
1845320 279
1845330 278
1845340 278
1845350 278
1845360 277
1845370 277
1845380 277
1845390 276
1845400 276
1845410 275
1845420 275
1845430 275
1845440 274
1845450 273
1845460 273
1845470 272
1845480 272
1845490 272
1845500 271
1845510 270
1845520 270
1845530 269
1845540 269
1845550 269
1845560 268
1845570 268
1845580 268
1845590 268
1845600 267
1845610 267
1845620 267
1845630 267
1845640 267
1845650 267
1845660 266
1845670 266
1845680 266
1845690 265
1845700 265
1845710 265
1845720 265
1845730 264
1845740 264
1845750 264
1845760 263
1845770 262
1845780 262
1845790 262
1845800 261
1845810 261
1845820 261
1845830 260
1845840 260
1845850 260
1845860 259
1845870 259
1845880 259
1845890 258
1845900 258
1845910 258
1845920 258
1845930 258
1845940 257
1845950 257
1845960 257
1845970 256
1845980 255
1845990 255
1846000 255
1846010 254
1846020 254
1846030 254
1846040 253
1846050 253
1846060 253
1846070 252
1846080 252
1846090 251
1846100 251
1846110 251
1846120 250
1846130 249
1846140 249
1846150 248
1846160 247
1846170 247
1846180 245
1846190 243
1846200 243
1846210 241
1846220 239
1846230 239
1846240 237
1846250 236
1846260 236
1846270 234
1846280 232
1846290 232
1846300 230
1846310 229
1846320 229
1846330 227
1846340 226
1846350 226
1846360 225
1846370 223
1846380 223
1846390 222
1846400 222
1846410 223
1846420 224
1846430 224
1846440 225
1846450 227
1846460 227
1846470 228
1846480 229
1846490 229
1846500 232
1846510 233
1846520 233
1846530 235
1846540 236
1846550 237
1846560 238
1846570 240
1846580 240
1846590 241
1846600 243
1846610 243
1846620 244
1846630 245
1846640 245
1846650 246
1846660 247
1846670 247
1846680 248
1846690 249
1846700 249
1846710 250
1846720 251
1846730 251
1846740 251
1846750 252
1846760 252
1846770 253
1846780 253
1846790 253
1846800 254
1846810 255
1846820 255
1846830 256
1846840 256
1846850 256
1846860 257
1846870 258
1846880 258
1846890 258
1846900 258
1846910 259
1846920 259
1846930 259
1846940 259
1846950 259
1846960 260
1846970 260
1846980 259
1846990 259
1847000 259
1847010 259
1847020 258
1847030 258
1847040 258
1847050 257
1847060 257
1847070 256
1847080 256
1847090 255
1847100 254
1847110 254
1847120 252
1847130 251
1847140 251
1847150 249
1847160 248
1847170 248
1847180 246
1847190 244
1847200 244
1847210 242
1847220 240
1847230 240
1847240 239
1847250 238
1847260 238
1847270 239
1847280 238
1847290 238
1847300 237
1847310 236
1847320 236
1847330 235
1847340 234
1847350 234
1847360 233
1847370 233
1847380 233
1847390 232
1847400 232
1847410 232
1847420 232
1847430 231
1847440 231
1847450 231
1847460 231
1847470 231
1847480 230
1847490 230
1847500 230
1847510 229
1847520 228
1847530 228
1847540 227
1847550 225
1847560 225
1847570 223
1847580 222
1847590 222
1847600 221
1847610 220
1847620 220
1847630 221
1847640 222
1847650 222
1847660 223
1847670 224
1847680 224
1847690 225
1847700 226
1847710 226
1847720 227
1847730 228
1847740 228
1847750 230
1847760 231
1847770 231
1847780 232
1847790 232
1847800 232
1847810 232
1847820 232
1847830 232
1847840 232
1847850 232
1847860 231
1847870 231
1847880 231
1847890 230
1847900 229
1847910 229
1847920 228
1847930 227
1847940 227
1847950 227
1847960 226
1847970 226
1847980 225
1847990 224
1848000 224
1848010 223
1848020 222
1848030 222
1848040 221
1848050 220
1848060 220
1848070 219
1848080 218
1848090 218
1848100 216
1848110 215
1848120 215
1848130 215
1848140 217
1848150 217
1848160 218
1848170 218
1848180 218
1848190 218
1848200 218
1848210 218
1848220 218
1848230 218
1848240 218
1848250 218
1848260 218
1848270 218
1848280 217
1848290 217
1848300 217
1848310 217
1848320 216
1848330 216
1848340 215
1848350 216
1848360 216
1848370 215
1848380 214
1848390 214
1848400 213
1848410 212
1848420 212
1848430 211
1848440 210
1848450 210
1848460 209
1848470 209
1848480 208
1848490 208
1848500 208
1848510 207
1848520 207
1848530 207
1848540 207
1848550 206
1848560 206
1848570 206
1848580 206
1848590 206
1848600 207
1848610 206
1848620 206
1848630 207
1848640 207
1848650 207
1848660 207
1848670 207
1848680 207
1848690 207
1848700 206
1848710 207
1848720 207
1848730 207
1848740 207
1848750 208
1848760 208
1848770 208
1848780 209
1848790 210
1848800 210
1848810 212
1848820 213
1848830 213
1848840 216
1848850 219
1848860 219
1848870 222
1848880 225
1848890 225
1848900 226
1848910 230
1848920 230
1848930 232
1848940 232
1848950 232
1848960 230
1848970 229
1848980 229
1848990 229
1849000 229
1849010 229
1849020 228
1849030 230
1849040 230
1849050 231
1849060 233
1849070 232
1849080 234
1849090 235
1849100 235
1849110 238
1849120 239
1849130 239
1849140 240
1849150 240
1849160 242
1849170 243
1849180 243
1849190 244
1849200 245
1849210 245
1849220 245
1849230 246
1849240 246
1849250 246
1849260 247
1849270 247
1849280 247
1849290 248
1849300 248
1849310 248
1849320 248
1849330 248
1849340 249
1849350 249
1849360 249
1849370 249
1849380 249
1849390 249
1849400 249
1849410 249
1849420 249
1849430 249
1849440 249
1849450 249
1849460 249
1849470 248
1849480 248
1849490 248
1849500 248
1849510 248
1849520 248
1849530 248
1849540 248
1849550 248
1849560 247
1849570 247
1849580 247
1849590 247
1849600 247
1849610 246
1849620 246
1849630 246
1849640 246
1849650 246
1849660 246
1849670 245
1849680 245
1849690 245
1849700 244
1849710 244
1849720 244
1849730 243
1849740 243
1849750 243
1849760 242
1849770 241
1849780 242
1849790 241
1849800 241
1849810 241
1849820 240
1849830 240
1849840 239
1849850 238
1849860 238
1849870 237
1849880 236
1849890 236
1849900 235
1849910 234
1849920 234
1849930 234
1849940 233
1849950 233
1849960 232
1849970 232
1849980 232
1849990 231
1850000 231
1850010 231
1850020 230
1850030 230
1850040 230
1850050 229
1850060 229
1850070 229
1850080 228
1850090 228
1850100 228
1850110 228
1850120 228
1850130 228
1850140 228
1850150 228
1850160 228
1850170 228
1850180 228
1850190 228
1850200 228
1850210 228
1850220 228
1850230 228
1850240 229
1850250 229
1850260 229
1850270 230
1850280 230
1850290 232
1850300 233
1850310 233
1850320 234
1850330 236
1850340 236
1850350 237
1850360 238
1850370 238
1850380 238
1850390 239
1850400 239
1850410 240
1850420 241
1850430 241
1850440 242
1850450 243
1850460 243
1850470 244
1850480 246
1850490 246
1850500 248
1850510 248
1850520 249
1850530 250
1850540 250
1850550 252
1850560 253
1850570 253
1850580 255
1850590 256
1850600 256
1850610 258
1850620 259
1850630 259
1850640 260
1850650 261
1850660 261
1850670 262
1850680 263
1850690 263
1850700 264
1850710 265
1850720 265
1850730 266
1850740 267
1850750 267
1850760 268
1850770 268
1850780 268
1850790 269
1850800 269
1850810 269
1850820 269
1850830 269
1850840 269
1850850 268
1850860 268
1850870 268
1850880 268
1850890 267
1850900 267
1850910 266
1850920 265
1850930 265
1850940 265
1850950 264
1850960 264
1850970 263
1850980 262
1850990 262
1851000 261
1851010 260
1851020 260
1851030 259
1851040 258
1851050 258
1851060 257
1851070 256
1851080 256
1851090 255
1851100 254
1851110 254
1851120 253
1851130 252
1851140 252
1851150 251
1851160 250
1851170 250
1851180 249
1851190 249
1851200 248
1851210 247
1851220 247
1851230 246
1851240 246
1851250 246
1851260 245
1851270 243
1851280 243
1851290 242
1851300 240
1851310 240
1851320 239
1851330 238
1851340 238
1851350 237
1851360 236
1851370 236
1851380 235
1851390 234
1851400 234
1851410 233
1851420 232
1851430 232
1851440 231
1851450 230
1851460 230
1851470 229
1851480 229
1851490 229
1851500 228
1851510 227
1851520 227
1851530 226
1851540 225
1851550 225
1851560 224
1851570 223
1851580 223
1851590 223
1851600 222
1851610 222
1851620 222
1851630 222
1851640 222
1851650 221
1851660 221
1851670 221
1851680 221
1851690 221
1851700 221
1851710 220
1851720 220
1851730 220
1851740 219
1851750 218
1851760 218
1851770 218
1851780 217
1851790 217
1851800 216
1851810 216
1851820 216
1851830 215
1851840 215
1851850 215
1851860 214
1851870 214
1851880 213
1851890 213
1851900 213
1851910 212
1851920 211
1851930 211
1851940 211
1851950 210
1851960 210
1851970 210
1851980 209
1851990 209
1852000 209
1852010 209
1852020 209
1852030 209
1852040 209
1852050 209
1852060 208
1852070 208
1852080 208
1852090 208
1852100 208
1852110 208
1852120 208
1852130 208
1852140 208
1852150 207
1852160 207
1852170 207
1852180 206
1852190 206
1852200 206
1852210 206
1852220 206
1852230 206
1852240 206
1852250 206
1852260 206
1852270 206
1852280 206
1852290 206
1852300 205
1852310 205
1852320 205
1852330 205
1852340 204
1852350 204
1852360 204
1852370 204
1852380 204
1852390 204
1852400 204
1852410 204
1852420 203
1852430 203
1852440 203
1852450 203
1852460 203
1852470 203
1852480 203
1852490 203
1852500 203
1852510 203
1852520 203
1852530 203
1852540 203
1852550 203
1852560 203
1852570 202
1852580 202
1852590 202
1852600 202
1852610 202
1852620 202
1852630 202
1852640 202
1852650 202
1852660 202
1852670 202
1852680 202
1852690 202
1852700 202
1852710 202
1852720 202
1852730 202
1852740 202
1852750 202
1852760 202
1852770 202
1852780 202
1852790 202
1852800 202
1852810 202
1852820 202
1852830 203
1852840 203
1852850 203
1852860 203
1852870 203
1852880 203
1852890 203
1852900 203
1852910 203
1852920 202
1852930 202
1852940 202
1852950 202
1852960 202
1852970 202
1852980 202
1852990 203
1853000 203
1853010 202
1853020 202
1853030 202
1853040 202
1853050 202
1853060 202
1853070 202
1853080 201
1853090 201
1853100 201
1853110 201
1853120 201
1853130 201
1853140 201
1853150 201
1853160 200
1853170 200
1853180 200
1853190 200
1853200 200
1853210 200
1853220 201
1853230 201
1853240 202
1853250 207
1853260 207
1853270 207
1853280 204
1853290 204
1853300 202
1853310 199
1853320 199
1853330 198
1853340 199
1853350 199
1853360 200
1853370 200
1853380 200
1853390 199
1853400 199
1853410 199
1853420 199
1853430 199
1853440 199
1853450 199
1853460 199
1853470 199
1853480 199
1853490 198
1853500 198
1853510 198
1853520 197
1853530 197
1853540 197
1853550 197
1853560 197
1853570 197
1853580 197
1853590 197
1853600 197
1853610 197
1853620 197
1853630 197
1853640 197
1853650 197
1853660 196
1853670 196
1853680 196
1853690 195
1853700 195
1853710 195
1853720 194
1853730 193
1853740 193
1853750 193
1853760 192
1853770 192
1853780 191
1853790 191
1853800 191
1853810 191
1853820 191
1853830 191
1853840 191
1853850 191
1853860 191
1853870 191
1853880 191
1853890 191
1853900 191
1853910 191
1853920 191
1853930 189
1853940 189
1853950 191
1853960 191
1853970 191
1853980 191
1853990 192
1854000 192
1854010 193
1854020 194
1854030 194
1854040 195
1854050 196
1854060 196
1854070 197
1854080 199
1854090 199
1854100 200
1854110 201
1854120 201
1854130 202
1854140 203
1854150 203
1854160 204
1854170 204
1854180 204
1854190 204
1854200 205
1854210 205
1854220 205
1854230 205
1854240 205
1854250 204
1854260 204
1854270 204
1854280 203
1854290 202
1854300 202
1854310 201
1854320 200
1854330 200
1854340 199
1854350 198
1854360 198
1854370 197
1854380 196
1854390 196
1854400 195
1854410 194
1854420 194
1854430 193
1854440 192
1854450 192
1854460 192
1854470 192
1854480 192
1854490 192
1854500 192
1854510 192
1854520 192
1854530 192
1854540 192
1854550 192
1854560 193
1854570 193
1854580 193
1854590 193
1854600 194
1854610 196
1854620 196
1854630 197
1854640 198
1854650 198
1854660 198
1854670 199
1854680 199
1854690 200
1854700 200
1854710 200
1854720 201
1854730 201
1854740 201
1854750 201
1854760 200
1854770 200
1854780 200
1854790 200
1854800 200
1854810 200
1854820 201
1854830 201
1854840 201
1854850 201
1854860 201
1854870 201
1854880 201
1854890 201
1854900 201
1854910 202
1854920 202
1854930 202
1854940 202
1854950 202
1854960 202
1854970 203
1854980 203
1854990 203
1855000 204
1855010 204
1855020 204
1855030 205
1855040 205
1855050 206
1855060 207
1855070 207
1855080 208
1855090 209
1855100 209
1855110 210
1855120 211
1855130 211
1855140 212
1855150 213
1855160 213
1855170 214
1855180 216
1855190 216
1855200 217
1855210 218
1855220 218
1855230 219
1855240 219
1855250 219
1855260 220
1855270 220
1855280 220
1855290 221
1855300 221
1855310 221
1855320 221
1855330 221
1855340 221
1855350 221
1855360 221
1855370 220
1855380 220
1855390 220
1855400 220
1855410 219
1855420 219
1855430 218
1855440 218
1855450 218
1855460 217
1855470 216
1855480 216
1855490 215
1855500 214
1855510 214
1855520 214
1855530 213
1855540 213
1855550 211
1855560 210
1855570 210
1855580 209
1855590 208
1855600 208
1855610 208
1855620 207
1855630 207
1855640 207
1855650 207
1855660 207
1855670 208
1855680 209
1855690 209
1855700 209
1855710 210
1855720 210
1855730 211
1855740 212
1855750 212
1855760 212
1855770 213
1855780 213
1855790 214
1855800 214
1855810 215
1855820 215
1855830 215
1855840 215
1855850 216
1855860 216
1855870 216
1855880 217
1855890 217
1855900 217
1855910 217
1855920 218
1855930 218
1855940 218
1855950 218
1855960 219
1855970 219
1855980 219
1855990 220
1856000 220
1856010 220
1856020 220
1856030 221
1856040 221
1856050 221
1856060 222
1856070 222
1856080 223
1856090 223
1856100 223
1856110 224
1856120 224
1856130 224
1856140 224
1856150 225
1856160 225
1856170 225
1856180 225
1856190 225
1856200 224
1856210 224
1856220 224
1856230 224
1856240 223
1856250 223
1856260 223
1856270 222
1856280 222
1856290 222
1856300 221
1856310 221
1856320 221
1856330 220
1856340 220
1856350 220
1856360 219
1856370 219
1856380 218
1856390 218
1856400 218
1856410 217
1856420 216
1856430 216
1856440 216
1856450 215
1856460 215
1856470 215
1856480 214
1856490 214
1856500 213
1856510 212
1856520 212
1856530 212
1856540 211
1856550 211
1856560 210
1856570 209
1856580 209
1856590 209
1856600 208
1856610 208
1856620 207
1856630 207
1856640 206
1856650 205
1856660 205
1856670 205
1856680 204
1856690 204
1856700 203
1856710 203
1856720 203
1856730 202
1856740 201
1856750 201
1856760 201
1856770 200
1856780 200
1856790 199
1856800 199
1856810 199
1856820 198
1856830 197
1856840 197
1856850 197
1856860 196
1856870 196
1856880 195
1856890 194
1856900 194
1856910 194
1856920 193
1856930 193
1856940 193
1856950 193
1856960 193
1856970 192
1856980 192
1856990 192
1857000 191
1857010 191
1857020 191
1857030 190
1857040 190
1857050 190
1857060 189
1857070 189
1857080 189
1857090 188
1857100 188
1857110 188
1857120 187
1857130 187
1857140 187
1857150 186
1857160 186
1857170 186
1857180 185
1857190 185
1857200 185
1857210 184
1857220 184
1857230 184
1857240 183
1857250 183
1857260 183
1857270 183
1857280 182
1857290 182
1857300 182
1857310 182
1857320 182
1857330 181
1857340 181
1857350 182
1857360 182
1857370 182
1857380 182
1857390 182
1857400 182
1857410 183
1857420 183
1857430 183
1857440 184
1857450 185
1857460 185
1857470 186
1857480 187
1857490 187
1857500 188
1857510 188
1857520 188
1857530 188
1857540 188
1857550 188
1857560 187
1857570 186
1857580 186
1857590 186
1857600 185
1857610 185
1857620 185
1857630 185
1857640 185
1857650 185
1857660 185
1857670 185
1857680 185
1857690 185
1857700 185
1857710 185
1857720 185
1857730 185
1857740 185
1857750 185
1857760 185
1857770 186
1857780 186
1857790 186
1857800 186
1857810 187
1857820 187
1857830 187
1857840 187
1857850 187
1857860 187
1857870 187
1857880 187
1857890 187
1857900 187
1857910 187
1857920 186
1857930 186
1857940 186
1857950 186
1857960 185
1857970 185
1857980 186
1857990 186
1858000 185
1858010 185
1858020 185
1858030 184
1858040 184
1858050 184
1858060 184
1858070 183
1858080 183
1858090 183
1858100 182
1858110 182
1858120 182
1858130 182
1858140 182
1858150 182
1858160 181
1858170 181
1858180 181
1858190 181
1858200 181
1858210 181
1858220 180
1858230 180
1858240 180
1858250 180
1858260 180
1858270 180
1858280 179
1858290 179
1858300 179
1858310 179
1858320 179
1858330 179
1858340 179
1858350 179
1858360 179
1858370 179
1858380 179
1858390 179
1858400 179
1858410 179
1858420 179
1858430 179
1858440 179
1858450 179
1858460 179
1858470 179
1858480 179
1858490 179
1858500 179
1858510 179
1858520 179
1858530 179
1858540 179
1858550 179
1858560 179
1858570 179
1858580 179
1858590 179
1858600 179
1858610 180
1858620 180
1858630 180
1858640 180
1858650 180
1858660 180
1858670 180
1858680 180
1858690 180
1858700 180
1858710 180
1858720 180
1858730 180
1858740 180
1858750 180
1858760 180
1858770 180
1858780 180
1858790 180
1858800 180
1858810 180
1858820 180
1858830 180
1858840 180
1858850 180
1858860 181
1858870 181
1858880 181
1858890 181
1858900 181
1858910 181
1858920 181
1858930 182
1858940 182
1858950 182
1858960 182
1858970 182
1858980 182
1858990 182
1859000 182
1859010 183
1859020 183
1859030 183
1859040 183
1859050 183
1859060 183
1859070 183
1859080 183
1859090 183
1859100 183
1859110 183
1859120 183
1859130 184
1859140 184
1859150 184
1859160 185
1859170 186
1859180 186
1859190 186
1859200 187
1859210 187
1859220 187
1859230 188
1859240 188
1859250 188
1859260 189
1859270 189
1859280 189
1859290 190
1859300 190
1859310 191
1859320 191
1859330 192
1859340 192
1859350 192
1859360 192
1859370 193
1859380 193
1859390 193
1859400 193
1859410 193
1859420 193
1859430 194
1859440 194
1859450 194
1859460 194
1859470 194
1859480 194
1859490 195
1859500 195
1859510 195
1859520 196
1859530 196
1859540 196
1859550 197
1859560 197
1859570 197
1859580 198
1859590 198
1859600 198
1859610 199
1859620 199
1859630 199
1859640 200
1859650 200
1859660 201
1859670 201
1859680 201
1859690 201
1859700 202
1859710 202
1859720 202
1859730 202
1859740 202
1859750 202
1859760 203
1859770 203
1859780 203
1859790 203
1859800 203
1859810 204
1859820 204
1859830 204
1859840 205
1859850 205
1859860 205
1859870 206
1859880 207
1859890 207
1859900 207
1859910 208
1859920 208
1859930 211
1859940 211
1859950 211
1859960 211
1859970 212
1859980 212
1859990 212
