1840000 262
1840010 262
1840020 262
1840030 261
1840040 261
1840050 260
1840060 260
1840070 260
1840080 259
1840090 258
1840100 258
1840110 258
1840120 257
1840130 257
1840140 257
1840150 256
1840160 256
1840170 256
1840180 255
1840190 255
1840200 255
1840210 254
1840220 254
1840230 253
1840240 253
1840250 253
1840260 252
1840270 251
1840280 251
1840290 250
1840300 250
1840310 250
1840320 249
1840330 248
1840340 248
1840350 247
1840360 246
1840370 246
1840380 246
1840390 245
1840400 245
1840410 244
1840420 243
1840430 243
1840440 242
1840450 241
1840460 241
1840470 240
1840480 239
1840490 239
1840500 238
1840510 238
1840520 238
1840530 237
1840540 236
1840550 236
1840560 235
1840570 234
1840580 234
1840590 233
1840600 233
1840610 233
1840620 232
1840630 232
1840640 232
1840650 232
1840660 232
1840670 232
1840680 232
1840690 232
1840700 232
1840710 233
1840720 233
1840730 235
1840740 235
1840750 235
1840760 235
1840770 234
1840780 234
1840790 234
1840800 234
1840810 234
1840820 234
1840830 233
1840840 233
1840850 233
1840860 233
1840870 233
1840880 233
1840890 232
1840900 232
1840910 232
1840920 231
1840930 231
1840940 231
1840950 231
1840960 231
1840970 230
1840980 230
1840990 230
1841000 229
1841010 229
1841020 229
1841030 228
1841040 228
1841050 228
1841060 227
1841070 227
1841080 227
1841090 226
1841100 226
1841110 226
1841120 226
1841130 225
1841140 225
1841150 225
1841160 225
1841170 225
1841180 225
1841190 225
1841200 225
1841210 224
1841220 224
1841230 224
1841240 224
1841250 224
1841260 224
1841270 224
1841280 224
1841290 224
1841300 223
1841310 223
1841320 223
1841330 223
1841340 223
1841350 223
1841360 223
1841370 223
1841380 223
1841390 222
1841400 222
1841410 222
1841420 222
1841430 222
1841440 222
1841450 222
1841460 222
1841470 221
1841480 221
1841490 221
1841500 223
1841510 223
1841520 223
1841530 223
1841540 223
1841550 223
1841560 223
1841570 223
1841580 223
1841590 223
1841600 223
1841610 223
1841620 223
1841630 224
1841640 224
1841650 224
1841660 225
1841670 225
1841680 226
1841690 227
1841700 227
1841710 227
1841720 227
1841730 227
1841740 227
1841750 227
1841760 227
1841770 227
1841780 227
1841790 227
1841800 227
1841810 227
1841820 227
1841830 227
1841840 227
1841850 227
1841860 227
1841870 227
1841880 227
1841890 228
1841900 229
1841910 229
1841920 230
1841930 231
1841940 231
1841950 232
1841960 233
1841970 233
1841980 234
1841990 234
1842000 236
1842010 237
1842020 237
1842030 239
1842040 240
1842050 240
1842060 241
1842070 242
1842080 242
1842090 243
1842100 243
1842110 243
1842120 244
1842130 245
1842140 245
1842150 246
1842160 246
1842170 246
1842180 247
1842190 248
1842200 248
1842210 248
1842220 249
1842230 249
1842240 250
1842250 250
1842260 250
1842270 251
1842280 252
1842290 252
1842300 253
1842310 253
1842320 253
1842330 254
1842340 255
1842350 255
1842360 255
1842370 255
1842380 255
1842390 255
1842400 255
1842410 255
1842420 254
1842430 254
1842440 254
1842450 253
1842460 253
1842470 253
1842480 252
1842490 251
1842500 251
1842510 251
1842520 250
1842530 250
1842540 250
1842550 249
1842560 249
1842570 249
1842580 248
1842590 248
1842600 248
1842610 248
1842620 248
1842630 248
1842640 247
1842650 247
1842660 248
1842670 248
1842680 248
1842690 247
1842700 247
1842710 247
1842720 247
1842730 246
1842740 246
1842750 245
1842760 245
1842770 245
1842780 244
1842790 244
1842800 244
1842810 243
1842820 243
1842830 243
1842840 242
1842850 242
1842860 241
1842870 240
1842880 240
1842890 239
1842900 238
1842910 238
1842920 238
1842930 237
1842940 237
1842950 236
1842960 235
1842970 235
1842980 234
1842990 233
1843000 233
1843010 233
1843020 232
1843030 232
1843040 231
1843050 230
1843060 230
1843070 229
1843080 229
1843090 228
1843100 228
1843110 227
1843120 227
1843130 226
1843140 226
1843150 226
1843160 225
1843170 225
1843180 225
1843190 224
1843200 224
1843210 224
1843220 223
1843230 223
1843240 223
1843250 222
1843260 222
1843270 222
1843280 222
1843290 221
1843300 221
1843310 221
1843320 221
1843330 221
1843340 221
1843350 221
1843360 221
1843370 221
1843380 221
1843390 221
1843400 221
1843410 221
1843420 221
1843430 220
1843440 220
1843450 221
1843460 221
1843470 221
1843480 220
1843490 220
1843500 220
1843510 220
1843520 220
1843530 220
1843540 220
1843550 220
1843560 220
1843570 219
1843580 219
1843590 219
1843600 219
1843610 219
1843620 219
1843630 219
1843640 219
1843650 219
1843660 219
1843670 219
1843680 219
1843690 219
1843700 219
1843710 219
1843720 219
1843730 219
1843740 219
1843750 220
1843760 221
1843770 221
1843780 222
1843790 225
1843800 225
1843810 226
1843820 228
1843830 228
1843840 229
1843850 232
1843860 232
1843870 236
1843880 241
1843890 241
1843900 243
1843910 244
1843920 244
1843930 245
1843940 246
1843950 246
1843960 247
1843970 248
1843980 248
1843990 249
1844000 250
1844010 250
1844020 251
1844030 251
1844040 251
1844050 252
1844060 252
1844070 253
1844080 253
1844090 253
1844100 254
1844110 254
1844120 254
1844130 255
1844140 255
1844150 255
1844160 256
1844170 256
1844180 256
1844190 256
1844200 256
1844210 256
1844220 256
1844230 256
1844240 256
1844250 255
1844260 254
1844270 254
1844280 254
1844290 253
1844300 253
1844310 252
1844320 250
1844330 250
1844340 249
1844350 248
1844360 248
1844370 247
1844380 246
1844390 246
1844400 246
1844410 246
1844420 246
1844430 247
1844440 247
1844450 247
1844460 248
1844470 249
1844480 249
1844490 250
1844500 250
1844510 250
1844520 251
1844530 252
1844540 252
1844550 254
1844560 255
1844570 255
1844580 255
1844590 256
1844600 256
1844610 256
1844620 257
1844630 257
1844640 257
1844650 258
1844660 258
1844670 259
1844680 259
1844690 259
1844700 260
1844710 260
1844720 260
1844730 260
1844740 260
1844750 261
1844760 261
1844770 261
1844780 262
1844790 262
1844800 262
1844810 263
1844820 263
1844830 263
1844840 264
1844850 265
1844860 265
1844870 267
1844880 268
1844890 268
1844900 269
1844910 270
1844920 270
1844930 271
1844940 272
1844950 272
1844960 273
1844970 274
1844980 274
1844990 275
1845000 275
1845010 275
1845020 276
1845030 276
1845040 276
1845050 276
1845060 277
1845070 277
1845080 278
1845090 278
1845100 278
1845110 278
1845120 277
1845130 277
1845140 276
1845150 276
1845160 276
1845170 275
1845180 275
1845190 275
1845200 274
1845210 273
1845220 273
1845230 272
1845240 271
1845250 271
1845260 270
1845270 268
1845280 268
1845290 267
1845300 266
1845310 266
1845320 265
1845330 264
1845340 264
1845350 263
1845360 262
1845370 262
1845380 260
1845390 259
1845400 259
1845410 257
1845420 257
1845430 256
1845440 255
1845450 255
1845460 253
1845470 252
1845480 252
1845490 251
1845500 249
1845510 249
1845520 248
1845530 246
1845540 246
1845550 245
1845560 244
1845570 244
1845580 243
1845590 243
1845600 243
1845610 242
1845620 241
1845630 242
1845640 241
1845650 241
1845660 241
1845670 240
1845680 240
1845690 240
1845700 240
1845710 239
1845720 239
1845730 239
1845740 239
1845750 239
1845760 239
1845770 238
1845780 238
1845790 238
1845800 237
1845810 237
1845820 237
1845830 236
1845840 236
1845850 236
1845860 235
1845870 235
1845880 234
1845890 233
1845900 233
1845910 232
1845920 231
1845930 231
1845940 231
1845950 230
1845960 230
1845970 230
1845980 230
1845990 229
1846000 229
1846010 229
1846020 229
1846030 230
1846040 230
1846050 230
1846060 230
1846070 231
1846080 231
1846090 230
1846100 230
1846110 230
1846120 230
1846130 230
1846140 230
1846150 230
1846160 230
1846170 229
1846180 229
1846190 229
1846200 228
1846210 228
1846220 228
1846230 227
1846240 226
1846250 226
1846260 225
1846270 224
1846280 224
1846290 223
1846300 222
1846310 222
1846320 222
1846330 221
1846340 221
1846350 220
1846360 219
1846370 219
1846380 219
1846390 220
1846400 220
1846410 220
1846420 220
1846430 220
1846440 220
1846450 220
1846460 220
1846470 220
1846480 220
1846490 220
1846500 220
1846510 220
1846520 220
1846530 221
1846540 221
1846550 221
1846560 222
1846570 222
1846580 222
1846590 223
1846600 224
1846610 224
1846620 224
1846630 225
1846640 225
1846650 226
1846660 227
1846670 227
1846680 227
1846690 228
1846700 228
1846710 228
1846720 230
1846730 230
1846740 231
1846750 232
1846760 232
1846770 232
1846780 233
1846790 233
1846800 233
1846810 233
1846820 233
1846830 233
1846840 233
1846850 234
1846860 235
1846870 235
1846880 236
1846890 237
1846900 237
1846910 238
1846920 238
1846930 238
1846940 239
1846950 239
1846960 239
1846970 240
1846980 241
1846990 241
1847000 241
1847010 240
1847020 240
1847030 238
1847040 237
1847050 237
1847060 235
1847070 234
1847080 235
1847090 234
1847100 233
1847110 233
1847120 231
1847130 230
1847140 230
1847150 229
1847160 228
1847170 228
1847180 227
1847190 226
1847200 226
1847210 226
1847220 226
1847230 226
1847240 226
1847250 228
1847260 228
1847270 229
1847280 229
1847290 229
1847300 229
1847310 229
1847320 229
1847330 228
1847340 228
1847350 228
1847360 227
1847370 226
1847380 226
1847390 226
1847400 226
1847410 226
1847420 226
1847430 225
1847440 225
1847450 224
1847460 222
1847470 222
1847480 221
1847490 221
1847500 219
1847510 218
1847520 218
1847530 216
1847540 215
1847550 215
1847560 214
1847570 213
1847580 213
1847590 213
1847600 212
1847610 212
1847620 212
1847630 212
1847640 212
1847650 212
1847660 213
1847670 213
1847680 214
1847690 215
1847700 215
1847710 216
1847720 218
1847730 218
1847740 219
1847750 220
1847760 220
1847770 221
1847780 221
1847790 221
1847800 222
1847810 222
1847820 222
1847830 222
1847840 222
1847850 222
1847860 222
1847870 222
1847880 222
1847890 222
1847900 222
1847910 222
1847920 222
1847930 222
1847940 222
1847950 222
1847960 222
1847970 222
1847980 221
1847990 221
1848000 221
1848010 221
1848020 220
1848030 220
1848040 220
1848050 219
1848060 219
1848070 218
1848080 217
1848090 217
1848100 214
1848110 212
1848120 212
1848130 211
1848140 209
1848150 209
1848160 208
1848170 208
1848180 208
1848190 208
1848200 208
1848210 208
1848220 208
1848230 208
1848240 208
1848250 207
1848260 207
1848270 207
1848280 206
1848290 206
1848300 206
1848310 206
1848320 206
1848330 205
1848340 205
1848350 205
1848360 204
1848370 204
1848380 204
1848390 204
1848400 204
1848410 204
1848420 204
1848430 204
1848440 204
1848450 204
1848460 204
1848470 204
1848480 203
1848490 203
1848500 203
1848510 203
1848520 204
1848530 204
1848540 204
1848550 204
1848560 204
1848570 204
1848580 204
1848590 204
1848600 204
1848610 205
1848620 205
1848630 205
1848640 205
1848650 205
1848660 206
1848670 206
1848680 206
1848690 207
1848700 207
1848710 207
1848720 208
1848730 209
1848740 209
1848750 210
1848760 211
1848770 211
1848780 211
1848790 212
1848800 212
1848810 213
1848820 215
1848830 215
1848840 216
1848850 216
1848860 217
1848870 218
1848880 218
1848890 220
1848900 222
1848910 222
1848920 224
1848930 227
1848940 227
1848950 231
1848960 233
1848970 233
1848980 236
1848990 237
1849000 237
1849010 238
1849020 239
1849030 239
1849040 241
1849050 243
1849060 243
1849070 244
1849080 245
1849090 245
1849100 246
1849110 247
1849120 247
1849130 248
1849140 248
1849150 248
1849160 248
1849170 248
1849180 248
1849190 248
1849200 248
1849210 248
1849220 248
1849230 248
1849240 248
1849250 248
1849260 248
1849270 248
1849280 248
1849290 248
1849300 248
1849310 248
1849320 248
1849330 248
1849340 248
1849350 247
1849360 247
1849370 247
1849380 247
1849390 247
1849400 247
1849410 246
1849420 246
1849430 246
1849440 246
1849450 246
1849460 245
1849470 245
1849480 245
1849490 244
1849500 244
1849510 244
1849520 244
1849530 243
1849540 243
1849550 243
1849560 243
1849570 242
1849580 242
1849590 242
1849600 242
1849610 241
1849620 241
1849630 240
1849640 240
1849650 240
1849660 239
1849670 239
1849680 239
1849690 238
1849700 237
1849710 237
1849720 237
1849730 236
1849740 236
1849750 235
1849760 235
1849770 235
1849780 234
1849790 233
1849800 233
1849810 233
1849820 232
1849830 232
1849840 231
1849850 230
1849860 230
1849870 229
1849880 229
1849890 229
1849900 228
1849910 227
1849920 227
1849930 227
1849940 226
1849950 226
1849960 226
1849970 226
1849980 226
1849990 225
1850000 225
1850010 225
1850020 224
1850030 224
1850040 224
1850050 224
1850060 224
1850070 224
1850080 224
1850090 223
1850100 223
1850110 223
1850120 223
1850130 223
1850140 223
1850150 223
1850160 223
1850170 223
1850180 223
1850190 223
1850200 223
1850210 223
1850220 223
1850230 223
1850240 223
1850250 224
1850260 224
1850270 224
1850280 225
1850290 226
1850300 227
1850310 227
1850320 228
1850330 228
1850340 229
1850350 229
1850360 229
1850370 230
1850380 231
1850390 231
1850400 231
1850410 232
1850420 232
1850430 233
1850440 233
1850450 233
1850460 234
1850470 234
1850480 234
1850490 235
1850500 235
1850510 235
1850520 236
1850530 236
1850540 236
1850550 237
1850560 237
1850570 237
1850580 238
1850590 239
1850600 239
1850610 240
1850620 240
1850630 240
1850640 241
1850650 242
1850660 243
1850670 244
1850680 245
1850690 245
1850700 246
1850710 247
1850720 247
1850730 248
1850740 249
1850750 249
1850760 250
1850770 250
1850780 250
1850790 251
1850800 252
1850810 252
1850820 253
1850830 253
1850840 253
1850850 254
1850860 254
1850870 254
1850880 254
1850890 253
1850900 253
1850910 253
1850920 253
1850930 252
1850940 251
1850950 251
1850960 250
1850970 248
1850980 248
1850990 246
1851000 244
1851010 244
1851020 242
1851030 241
1851040 241
1851050 240
1851060 239
1851070 239
1851080 238
1851090 237
1851100 237
1851110 236
1851120 235
1851130 235
1851140 234
1851150 233
1851160 233
1851170 232
1851180 231
1851190 231
1851200 229
1851210 228
1851220 228
1851230 226
1851240 225
1851250 225
1851260 224
1851270 224
1851280 224
1851290 224
1851300 226
1851310 226
1851320 226
1851330 226
1851340 226
1851350 227
1851360 229
1851370 230
1851380 232
1851390 234
1851400 234
1851410 236
1851420 238
1851430 238
1851440 239
1851450 239
1851460 239
1851470 240
1851480 240
1851490 240
1851500 240
1851510 240
1851520 240
1851530 240
1851540 240
1851550 240
1851560 240
1851570 239
1851580 239
1851590 239
1851600 239
1851610 238
1851620 237
1851630 237
1851640 236
1851650 235
1851660 235
1851670 234
1851680 233
1851690 233
1851700 232
1851710 231
1851720 231
1851730 230
1851740 229
1851750 229
1851760 228
1851770 226
1851780 226
1851790 225
1851800 224
1851810 224
1851820 223
1851830 222
1851840 222
1851850 221
1851860 220
1851870 220
1851880 220
1851890 219
1851900 219
1851910 219
1851920 220
1851930 220
1851940 220
1851950 220
1851960 220
1851970 220
1851980 220
1851990 220
1852000 220
1852010 220
1852020 220
1852030 219
1852040 219
1852050 219
1852060 219
1852070 219
1852080 219
1852090 218
1852100 218
1852110 218
1852120 218
1852130 218
1852140 218
1852150 218
1852160 218
1852170 218
1852180 218
1852190 217
1852200 217
1852210 217
1852220 217
1852230 217
1852240 216
1852250 216
1852260 216
1852270 215
1852280 215
1852290 215
1852300 214
1852310 214
1852320 213
1852330 212
1852340 212
1852350 212
1852360 211
1852370 211
1852380 211
1852390 211
1852400 211
1852410 211
1852420 211
1852430 211
1852440 212
1852450 213
1852460 213
1852470 214
1852480 215
1852490 215
1852500 216
1852510 216
1852520 216
1852530 216
1852540 216
1852550 216
1852560 216
1852570 217
1852580 217
1852590 217
1852600 217
1852610 217
1852620 216
1852630 216
1852640 216
1852650 215
1852660 214
1852670 214
1852680 213
1852690 212
1852700 212
1852710 211
1852720 210
1852730 210
1852740 209
1852750 208
1852760 208
1852770 208
1852780 207
1852790 207
1852800 207
1852810 208
1852820 208
1852830 208
1852840 209
1852850 209
1852860 210
1852870 211
1852880 211
1852890 212
1852900 212
1852910 212
1852920 213
1852930 213
1852940 213
1852950 214
1852960 214
1852970 214
1852980 214
1852990 214
1853000 214
1853010 214
1853020 214
1853030 214
1853040 214
1853050 214
1853060 214
1853070 214
1853080 214
1853090 214
1853100 214
1853110 214
1853120 214
1853130 214
1853140 214
1853150 213
1853160 214
1853170 214
1853180 213
1853190 213
1853200 213
1853210 213
1853220 211
1853230 211
1853240 209
1853250 210
1853260 210
1853270 210
1853280 211
1853290 211
1853300 211
1853310 211
1853320 211
1853330 211
1853340 211
1853350 211
1853360 210
1853370 210
1853380 210
1853390 209
1853400 208
1853410 208
1853420 207
1853430 206
1853440 206
1853450 206
1853460 205
1853470 205
1853480 205
1853490 205
1853500 204
1853510 204
1853520 204
1853530 204
1853540 203
1853550 202
1853560 202
1853570 201
1853580 200
1853590 200
1853600 199
1853610 199
1853620 199
1853630 198
1853640 198
1853650 198
1853660 197
1853670 197
1853680 196
1853690 196
1853700 196
1853710 195
1853720 194
1853730 194
1853740 194
1853750 194
1853760 194
1853770 194
1853780 194
1853790 194
1853800 193
1853810 193
1853820 193
1853830 193
1853840 193
1853850 193
1853860 192
1853870 192
1853880 192
1853890 192
1853900 191
1853910 191
1853920 191
1853930 191
1853940 191
1853950 191
1853960 191
1853970 191
1853980 191
1853990 191
1854000 191
1854010 191
1854020 190
1854030 190
1854040 190
1854050 190
1854060 190
1854070 190
1854080 190
1854090 190
1854100 189
1854110 189
1854120 189
1854130 189
1854140 188
1854150 188
1854160 188
1854170 188
1854180 188
1854190 188
1854200 188
1854210 187
1854220 187
1854230 187
1854240 187
1854250 187
1854260 188
1854270 188
1854280 188
1854290 188
1854300 188
1854310 187
1854320 187
1854330 187
1854340 187
1854350 187
1854360 187
1854370 187
1854380 187
1854390 187
1854400 187
1854410 187
1854420 187
1854430 187
1854440 187
1854450 187
1854460 187
1854470 187
1854480 187
1854490 188
1854500 188
1854510 188
1854520 188
1854530 188
1854540 187
1854550 187
1854560 188
1854570 188
1854580 189
1854590 189
1854600 189
1854610 190
1854620 190
1854630 190
1854640 191
1854650 191
1854660 191
1854670 191
1854680 191
1854690 192
1854700 193
1854710 193
1854720 193
1854730 194
1854740 194
1854750 195
1854760 195
1854770 195
1854780 196
1854790 197
1854800 197
1854810 198
1854820 199
1854830 199
1854840 200
1854850 202
1854860 202
1854870 203
1854880 204
1854890 204
1854900 205
1854910 206
1854920 207
1854930 208
1854940 208
1854950 208
1854960 209
1854970 209
1854980 209
1854990 210
1855000 210
1855010 210
1855020 210
1855030 210
1855040 211
1855050 212
1855060 212
1855070 214
1855080 216
1855090 216
1855100 217
1855110 219
1855120 219
1855130 220
1855140 221
1855150 221
1855160 223
1855170 224
1855180 224
1855190 225
1855200 225
1855210 225
1855220 225
1855230 226
1855240 226
1855250 226
1855260 226
1855270 226
1855280 226
1855290 226
1855300 226
1855310 226
1855320 225
1855330 225
1855340 225
1855350 225
1855360 225
1855370 224
1855380 224
1855390 224
1855400 224
1855410 223
1855420 223
1855430 222
1855440 222
1855450 222
1855460 221
1855470 220
1855480 220
1855490 219
1855500 218
1855510 218
1855520 217
1855530 216
1855540 216
1855550 215
1855560 214
1855570 214
1855580 212
1855590 209
1855600 209
1855610 206
1855620 205
1855630 205
1855640 205
1855650 204
1855660 204
1855670 202
1855680 202
1855690 202
1855700 202
1855710 202
1855720 201
1855730 200
1855740 200
1855750 199
1855760 198
1855770 198
1855780 197
1855790 196
1855800 196
1855810 196
1855820 196
1855830 196
1855840 196
1855850 196
1855860 196
1855870 196
1855880 197
1855890 197
1855900 197
1855910 198
1855920 198
1855930 198
1855940 198
1855950 198
1855960 199
1855970 200
1855980 200
1855990 200
1856000 201
1856010 201
1856020 201
1856030 201
1856040 201
1856050 202
1856060 202
1856070 202
1856080 203
1856090 203
1856100 203
1856110 203
1856120 204
1856130 204
1856140 204
1856150 205
1856160 205
1856170 205
1856180 206
1856190 206
1856200 206
1856210 206
1856220 206
1856230 207
1856240 207
1856250 207
1856260 207
1856270 207
1856280 207
1856290 207
1856300 207
1856310 207
1856320 207
1856330 208
1856340 208
1856350 209
1856360 209
1856370 209
1856380 209
1856390 209
1856400 209
1856410 210
1856420 210
1856430 210
1856440 210
1856450 210
1856460 210
1856470 210
1856480 210
1856490 210
1856500 210
1856510 210
1856520 209
1856530 209
1856540 209
1856550 208
1856560 208
1856570 208
1856580 207
1856590 207
1856600 207
1856610 206
1856620 206
1856630 206
1856640 206
1856650 205
1856660 205
1856670 205
1856680 205
1856690 205
1856700 204
1856710 204
1856720 204
1856730 203
1856740 202
1856750 202
1856760 201
1856770 201
1856780 201
1856790 200
1856800 199
1856810 199
1856820 198
1856830 198
1856840 198
1856850 196
1856860 195
1856870 195
1856880 195
1856890 195
1856900 195
1856910 195
1856920 194
1856930 194
1856940 193
1856950 192
1856960 192
1856970 192
1856980 191
1856990 191
1857000 190
1857010 189
1857020 189
1857030 189
1857040 188
1857050 188
1857060 188
1857070 188
1857080 187
1857090 186
1857100 186
1857110 186
1857120 186
1857130 186
1857140 185
1857150 185
1857160 185
1857170 185
1857180 185
1857190 185
1857200 184
1857210 184
1857220 184
1857230 184
1857240 184
1857250 184
1857260 184
1857270 183
1857280 183
1857290 183
1857300 183
1857310 183
1857320 182
1857330 182
1857340 182
1857350 181
1857360 180
1857370 180
1857380 179
1857390 179
1857400 179
1857410 179
1857420 180
1857430 180
1857440 181
1857450 183
1857460 183
1857470 184
1857480 185
1857490 185
1857500 186
1857510 186
1857520 186
1857530 187
1857540 187
1857550 187
1857560 188
1857570 188
1857580 188
1857590 188
1857600 188
1857610 188
1857620 188
1857630 188
1857640 188
1857650 187
1857660 187
1857670 187
1857680 187
1857690 187
1857700 187
1857710 187
1857720 186
1857730 186
1857740 186
1857750 186
1857760 186
1857770 186
1857780 186
1857790 185
1857800 185
1857810 185
1857820 185
1857830 184
1857840 184
1857850 184
1857860 184
1857870 184
1857880 183
1857890 183
1857900 183
1857910 182
1857920 182
1857930 182
1857940 182
1857950 181
1857960 181
1857970 181
1857980 181
1857990 181
1858000 180
1858010 180
1858020 180
1858030 180
1858040 180
1858050 180
1858060 179
1858070 179
1858080 179
1858090 179
1858100 179
1858110 179
1858120 179
1858130 179
1858140 179
1858150 179
1858160 179
1858170 179
1858180 179
1858190 179
1858200 179
1858210 179
1858220 178
1858230 178
1858240 178
1858250 178
1858260 178
1858270 178
1858280 178
1858290 178
1858300 178
1858310 178
1858320 178
1858330 178
1858340 178
1858350 178
1858360 178
1858370 178
1858380 178
1858390 178
1858400 178
1858410 178
1858420 178
1858430 178
1858440 178
1858450 178
1858460 178
1858470 178
1858480 178
1858490 178
1858500 178
1858510 178
1858520 178
1858530 178
1858540 178
1858550 178
1858560 178
1858570 177
1858580 177
1858590 177
1858600 177
1858610 177
1858620 178
1858630 178
1858640 178
1858650 178
1858660 178
1858670 178
1858680 178
1858690 179
1858700 179
1858710 179
1858720 179
1858730 179
1858740 179
1858750 179
1858760 179
1858770 179
1858780 179
1858790 179
1858800 179
1858810 179
1858820 179
1858830 179
1858840 179
1858850 179
1858860 179
1858870 179
1858880 179
1858890 179
1858900 179
1858910 179
1858920 179
1858930 179
1858940 179
1858950 179
1858960 179
1858970 179
1858980 179
1858990 179
1859000 179
1859010 179
1859020 179
1859030 179
1859040 179
1859050 179
1859060 179
1859070 179
1859080 179
1859090 179
1859100 179
1859110 179
1859120 179
1859130 179
1859140 179
1859150 178
1859160 178
1859170 178
1859180 179
1859190 179
1859200 179
1859210 179
1859220 179
1859230 179
1859240 179
1859250 179
1859260 179
1859270 179
1859280 179
1859290 179
1859300 179
1859310 179
1859320 179
1859330 180
1859340 180
1859350 180
1859360 180
1859370 180
1859380 180
1859390 180
1859400 180
1859410 180
1859420 180
1859430 180
1859440 180
1859450 181
1859460 181
1859470 181
1859480 182
1859490 182
1859500 182
1859510 182
1859520 182
1859530 182
1859540 183
1859550 183
1859560 183
1859570 183
1859580 183
1859590 183
1859600 184
1859610 184
1859620 184
1859630 184
1859640 184
1859650 184
1859660 185
1859670 185
1859680 185
1859690 185
1859700 185
1859710 185
1859720 185
1859730 185
1859740 185
1859750 185
1859760 185
1859770 185
1859780 185
1859790 185
1859800 185
1859810 185
1859820 186
1859830 186
1859840 186
1859850 186
1859860 187
1859870 187
1859880 187
1859890 187
1859900 187
1859910 187
1859920 187
1859930 188
1859940 188
1859950 188
1859960 188
1859970 188
1859980 188
1859990 189
