1840000 257
1840010 257
1840020 257
1840030 258
1840040 258
1840050 257
1840060 257
1840070 257
1840080 257
1840090 256
1840100 256
1840110 255
1840120 255
1840130 255
1840140 255
1840150 254
1840160 254
1840170 253
1840180 253
1840190 253
1840200 252
1840210 251
1840220 251
1840230 251
1840240 250
1840250 250
1840260 250
1840270 250
1840280 250
1840290 250
1840300 250
1840310 250
1840320 249
1840330 249
1840340 249
1840350 249
1840360 249
1840370 249
1840380 249
1840390 249
1840400 249
1840410 248
1840420 248
1840430 248
1840440 247
1840450 247
1840460 247
1840470 247
1840480 247
1840490 246
1840500 246
1840510 246
1840520 245
1840530 245
1840540 245
1840550 245
1840560 244
1840570 244
1840580 244
1840590 243
1840600 243
1840610 243
1840620 242
1840630 242
1840640 242
1840650 241
1840660 241
1840670 237
1840680 240
1840690 240
1840700 239
1840710 239
1840720 239
1840730 238
1840740 238
1840750 238
1840760 238
1840770 237
1840780 237
1840790 237
1840800 236
1840810 236
1840820 236
1840830 236
1840840 236
1840850 235
1840860 235
1840870 235
1840880 234
1840890 234
1840900 234
1840910 233
1840920 233
1840930 233
1840940 232
1840950 232
1840960 231
1840970 231
1840980 231
1840990 230
1841000 230
1841010 230
1841020 229
1841030 229
1841040 229
1841050 228
1841060 228
1841070 228
1841080 227
1841090 226
1841100 226
1841110 225
1841120 224
1841130 224
1841140 224
1841150 224
1841160 224
1841170 224
1841180 224
1841190 224
1841200 224
1841210 224
1841220 224
1841230 224
1841240 224
1841250 224
1841260 223
1841270 222
1841280 222
1841290 223
1841300 224
1841310 224
1841320 224
1841330 224
1841340 224
1841350 224
1841360 223
1841370 223
1841380 223
1841390 224
1841400 224
1841410 224
1841420 225
1841430 225
1841440 225
1841450 228
1841460 228
1841470 229
1841480 231
1841490 231
1841500 233
1841510 233
1841520 233
1841530 234
1841540 234
1841550 234
1841560 235
1841570 236
1841580 236
1841590 236
1841600 236
1841610 236
1841620 237
1841630 237
1841640 238
1841650 238
1841660 238
1841670 239
1841680 241
1841690 241
1841700 243
1841710 244
1841720 244
1841730 244
1841740 245
1841750 245
1841760 246
1841770 247
1841780 247
1841790 248
1841800 248
1841810 248
1841820 249
1841830 249
1841840 249
1841850 250
1841860 251
1841870 251
1841880 251
1841890 251
1841900 251
1841910 250
1841920 250
1841930 250
1841940 249
1841950 249
1841960 249
1841970 249
1841980 250
1841990 250
1842000 250
1842010 251
1842020 251
1842030 251
1842040 252
1842050 252
1842060 253
1842070 255
1842080 255
1842090 256
1842100 257
1842110 257
1842120 258
1842130 259
1842140 259
1842150 260
1842160 260
1842170 260
1842180 261
1842190 261
1842200 261
1842210 261
1842220 261
1842230 261
1842240 261
1842250 261
1842260 261
1842270 260
1842280 260
1842290 260
1842300 259
1842310 259
1842320 259
1842330 258
1842340 258
1842350 257
1842360 256
1842370 256
1842380 255
1842390 254
1842400 254
1842410 253
1842420 252
1842430 252
1842440 251
1842450 251
1842460 251
1842470 250
1842480 250
1842490 250
1842500 249
1842510 249
1842520 249
1842530 248
1842540 248
1842550 248
1842560 247
1842570 247
1842580 247
1842590 246
1842600 245
1842610 245
1842620 245
1842630 244
1842640 244
1842650 244
1842660 243
1842670 243
1842680 242
1842690 242
1842700 242
1842710 241
1842720 240
1842730 240
1842740 239
1842750 239
1842760 239
1842770 238
1842780 237
1842790 237
1842800 236
1842810 235
1842820 235
1842830 234
1842840 233
1842850 233
1842860 232
1842870 231
1842880 231
1842890 231
1842900 230
1842910 230
1842920 229
1842930 229
1842940 229
1842950 228
1842960 227
1842970 227
1842980 227
1842990 227
1843000 227
1843010 227
1843020 227
1843030 227
1843040 227
1843050 227
1843060 227
1843070 228
1843080 228
1843090 228
1843100 228
1843110 228
1843120 228
1843130 228
1843140 228
1843150 228
1843160 229
1843170 229
1843180 229
1843190 229
1843200 229
1843210 229
1843220 230
1843230 230
1843240 230
1843250 230
1843260 230
1843270 230
1843280 231
1843290 231
1843300 231
1843310 231
1843320 231
1843330 231
1843340 230
1843350 230
1843360 230
1843370 229
1843380 229
1843390 228
1843400 228
1843410 228
1843420 227
1843430 226
1843440 226
1843450 225
1843460 225
1843470 225
1843480 224
1843490 224
1843500 224
1843510 223
1843520 222
1843530 222
1843540 221
1843550 221
1843560 221
1843570 221
1843580 221
1843590 221
1843600 221
1843610 221
1843620 221
1843630 221
1843640 220
1843650 220
1843660 221
1843670 221
1843680 221
1843690 221
1843700 221
1843710 221
1843720 221
1843730 221
1843740 221
1843750 221
1843760 221
1843770 221
1843780 221
1843790 221
1843800 221
1843810 221
1843820 221
1843830 221
1843840 221
1843850 221
1843860 221
1843870 222
1843880 222
1843890 223
1843900 223
1843910 223
1843920 224
1843930 226
1843940 226
1843950 228
1843960 230
1843970 230
1843980 231
1843990 232
1844000 232
1844010 234
1844020 235
1844030 235
1844040 236
1844050 238
1844060 238
1844070 240
1844080 241
1844090 241
1844100 243
1844110 245
1844120 245
1844130 246
1844140 247
1844150 247
1844160 249
1844170 251
1844180 251
1844190 254
1844200 256
1844210 256
1844220 257
1844230 259
1844240 259
1844250 261
1844260 263
1844270 263
1844280 265
1844290 268
1844300 268
1844310 269
1844320 270
1844330 270
1844340 270
1844350 270
1844360 270
1844370 271
1844380 271
1844390 271
1844400 271
1844410 272
1844420 272
1844430 272
1844440 272
1844450 272
1844460 272
1844470 272
1844480 272
1844490 272
1844500 272
1844510 273
1844520 273
1844530 273
1844540 273
1844550 274
1844560 274
1844570 274
1844580 275
1844590 275
1844600 275
1844610 276
1844620 276
1844630 277
1844640 278
1844650 278
1844660 279
1844670 280
1844680 280
1844690 280
1844700 281
1844710 281
1844720 282
1844730 283
1844740 283
1844750 283
1844760 284
1844770 285
1844780 285
1844790 286
1844800 286
1844810 286
1844820 286
1844830 286
1844840 287
1844850 287
1844860 287
1844870 288
1844880 288
1844890 288
1844900 288
1844910 288
1844920 288
1844930 288
1844940 288
1844950 288
1844960 288
1844970 288
1844980 288
1844990 288
1845000 288
1845010 288
1845020 288
1845030 287
1845040 287
1845050 287
1845060 287
1845070 287
1845080 286
1845090 286
1845100 285
1845110 285
1845120 285
1845130 283
1845140 283
1845150 283
1845160 282
1845170 281
1845180 281
1845190 280
1845200 280
1845210 280
1845220 279
1845230 278
1845240 278
1845250 277
1845260 276
1845270 276
1845280 276
1845290 275
1845300 275
1845310 274
1845320 273
1845330 273
1845340 273
1845350 272
1845360 272
1845370 272
1845380 272
1845390 272
1845400 271
1845410 271
1845420 271
1845430 270
1845440 269
1845450 269
1845460 269
1845470 268
1845480 268
1845490 267
1845500 265
1845510 265
1845520 264
1845530 263
1845540 263
1845550 263
1845560 262
1845570 262
1845580 261
1845590 260
1845600 260
1845610 259
1845620 259
1845630 259
1845640 259
1845650 258
1845660 258
1845670 258
1845680 257
1845690 257
1845700 257
1845710 257
1845720 257
1845730 257
1845740 257
1845750 257
1845760 256
1845770 256
1845780 256
1845790 256
1845800 256
1845810 256
1845820 256
1845830 256
1845840 256
1845850 256
1845860 255
1845870 255
1845880 255
1845890 255
1845900 255
1845910 255
1845920 255
1845930 255
1845940 254
1845950 254
1845960 254
1845970 254
1845980 254
1845990 253
1846000 252
1846010 252
1846020 252
1846030 251
1846040 251
1846050 251
1846060 250
1846070 250
1846080 249
1846090 248
1846100 248
1846110 248
1846120 247
1846130 247
1846140 246
1846150 244
1846160 244
1846170 243
1846180 241
1846190 241
1846200 240
1846210 238
1846220 237
1846230 235
1846240 233
1846250 233
1846260 232
1846270 230
1846280 230
1846290 229
1846300 227
1846310 227
1846320 226
1846330 225
1846340 225
1846350 224
1846360 224
1846370 224
1846380 224
1846390 225
1846400 225
1846410 226
1846420 226
1846430 229
1846440 230
1846450 230
1846460 233
1846470 235
1846480 235
1846490 238
1846500 240
1846510 240
1846520 243
1846530 244
1846540 244
1846550 245
1846560 246
1846570 246
1846580 248
1846590 249
1846600 249
1846610 250
1846620 250
1846630 250
1846640 251
1846650 252
1846660 252
1846670 252
1846680 253
1846690 253
1846700 254
1846710 255
1846720 255
1846730 255
1846740 256
1846750 256
1846760 257
1846770 258
1846780 258
1846790 258
1846800 259
1846810 259
1846820 260
1846830 260
1846840 260
1846850 261
1846860 262
1846870 262
1846880 262
1846890 263
1846900 263
1846910 263
1846920 264
1846930 264
1846940 264
1846950 265
1846960 265
1846970 264
1846980 264
1846990 264
1847000 263
1847010 263
1847020 263
1847030 262
1847040 261
1847050 261
1847060 261
1847070 260
1847080 260
1847090 258
1847100 258
1847110 257
1847120 257
1847130 257
1847140 256
1847150 255
1847160 255
1847170 254
1847180 254
1847190 254
1847200 253
1847210 253
1847220 253
1847230 252
1847240 252
1847250 252
1847260 252
1847270 252
1847280 252
1847290 251
1847300 252
1847310 252
1847320 252
1847330 252
1847340 252
1847350 251
1847360 250
1847370 250
1847380 248
1847390 247
1847400 247
1847410 245
1847420 243
1847430 243
1847440 242
1847450 240
1847460 240
1847470 238
1847480 236
1847490 236
1847500 234
1847510 232
1847520 232
1847530 230
1847540 229
1847550 229
1847560 228
1847570 228
1847580 228
1847590 228
1847600 227
1847610 227
1847620 227
1847630 228
1847640 228
1847650 229
1847660 231
1847670 231
1847680 232
1847690 233
1847700 233
1847710 234
1847720 235
1847730 235
1847740 236
1847750 236
1847760 236
1847770 236
1847780 236
1847790 236
1847800 236
1847810 236
1847820 235
1847830 234
1847840 234
1847850 233
1847860 233
1847870 233
1847880 232
1847890 231
1847900 231
1847910 230
1847920 229
1847930 229
1847940 228
1847950 227
1847960 227
1847970 226
1847980 226
1847990 226
1848000 225
1848010 225
1848020 225
1848030 225
1848040 224
1848050 224
1848060 222
1848070 219
1848080 219
1848090 219
1848100 221
1848110 221
1848120 222
1848130 222
1848140 222
1848150 222
1848160 222
1848170 222
1848180 223
1848190 223
1848200 223
1848210 223
1848220 223
1848230 223
1848240 223
1848250 222
1848260 222
1848270 222
1848280 222
1848290 222
1848300 221
1848310 221
1848320 221
1848330 220
1848340 219
1848350 219
1848360 218
1848370 217
1848380 217
1848390 216
1848400 215
1848410 215
1848420 213
1848430 212
1848440 212
1848450 211
1848460 211
1848470 210
1848480 209
1848490 209
1848500 209
1848510 209
1848520 209
1848530 208
1848540 208
1848550 208
1848560 208
1848570 207
1848580 207
1848590 208
1848600 207
1848610 207
1848620 207
1848630 207
1848640 207
1848650 208
1848660 208
1848670 208
1848680 208
1848690 209
1848700 209
1848710 209
1848720 209
1848730 209
1848740 210
1848750 210
1848760 210
1848770 210
1848780 210
1848790 210
1848800 211
1848810 212
1848820 212
1848830 213
1848840 214
1848850 214
1848860 215
1848870 216
1848880 216
1848890 216
1848900 217
1848910 217
1848920 217
1848930 218
1848940 218
1848950 219
1848960 221
1848970 221
1848980 222
1848990 223
1849000 223
1849010 225
1849020 229
1849030 229
1849040 234
1849050 237
1849060 237
1849070 238
1849080 239
1849090 239
1849100 240
1849110 241
1849120 241
1849130 241
1849140 241
1849150 242
1849160 243
1849170 243
1849180 243
1849190 244
1849200 244
1849210 245
1849220 245
1849230 245
1849240 246
1849250 246
1849260 246
1849270 247
1849280 248
1849290 248
1849300 248
1849310 249
1849320 249
1849330 249
1849340 249
1849350 249
1849360 250
1849370 250
1849380 250
1849390 251
1849400 251
1849410 251
1849420 251
1849430 251
1849440 251
1849450 251
1849460 252
1849470 252
1849480 252
1849490 252
1849500 252
1849510 252
1849520 252
1849530 252
1849540 252
1849550 252
1849560 252
1849570 252
1849580 252
1849590 252
1849600 251
1849610 251
1849620 251
1849630 251
1849640 250
1849650 250
1849660 250
1849670 249
1849680 249
1849690 249
1849700 248
1849710 248
1849720 247
1849730 246
1849740 246
1849750 245
1849760 244
1849770 244
1849780 243
1849790 242
1849800 242
1849810 241
1849820 241
1849830 240
1849840 240
1849850 240
1849860 239
1849870 238
1849880 238
1849890 237
1849900 236
1849910 236
1849920 236
1849930 235
1849940 235
1849950 234
1849960 233
1849970 233
1849980 233
1849990 232
1850000 232
1850010 232
1850020 231
1850030 231
1850040 231
1850050 231
1850060 231
1850070 231
1850080 231
1850090 231
1850100 230
1850110 230
1850120 230
1850130 230
1850140 230
1850150 230
1850160 230
1850170 230
1850180 230
1850190 231
1850200 231
1850210 231
1850220 232
1850230 233
1850240 233
1850250 234
1850260 235
1850270 235
1850280 236
1850290 237
1850300 237
1850310 238
1850320 239
1850330 239
1850340 240
1850350 240
1850360 240
1850370 241
1850380 242
1850390 242
1850400 243
1850410 243
1850420 243
1850430 244
1850440 245
1850450 245
1850460 246
1850470 248
1850480 248
1850490 249
1850500 249
1850510 251
1850520 252
1850530 253
1850540 254
1850550 256
1850560 256
1850570 258
1850580 259
1850590 259
1850600 261
1850610 262
1850620 262
1850630 263
1850640 265
1850650 265
1850660 266
1850670 267
1850680 267
1850690 267
1850700 268
1850710 268
1850720 269
1850730 269
1850740 269
1850750 270
1850760 270
1850770 270
1850780 270
1850790 269
1850800 269
1850810 269
1850820 269
1850830 269
1850840 268
1850850 268
1850860 268
1850870 267
1850880 266
1850890 266
1850900 265
1850910 263
1850920 263
1850930 261
1850940 260
1850950 260
1850960 258
1850970 257
1850980 257
1850990 256
1851000 255
1851010 255
1851020 254
1851030 253
1851040 253
1851050 252
1851060 252
1851070 252
1851080 251
1851090 250
1851100 250
1851110 250
1851120 250
1851130 250
1851140 249
1851150 247
1851160 247
1851170 245
1851180 245
1851190 243
1851200 242
1851210 242
1851220 241
1851230 240
1851240 239
1851250 238
1851260 237
1851270 237
1851280 236
1851290 235
1851300 235
1851310 235
1851320 234
1851330 234
1851340 233
1851350 233
1851360 233
1851370 232
1851380 231
1851390 231
1851400 231
1851410 230
1851420 230
1851430 230
1851440 229
1851450 229
1851460 228
1851470 228
1851480 228
1851490 227
1851500 226
1851510 226
1851520 226
1851530 225
1851540 225
1851550 224
1851560 223
1851570 223
1851580 223
1851590 222
1851600 222
1851610 222
1851620 221
1851630 221
1851640 220
1851650 220
1851660 220
1851670 219
1851680 218
1851690 218
1851700 218
1851710 217
1851720 217
1851730 217
1851740 216
1851750 216
1851760 216
1851770 215
1851780 215
1851790 215
1851800 214
1851810 214
1851820 214
1851830 213
1851840 213
1851850 213
1851860 213
1851870 212
1851880 211
1851890 211
1851900 211
1851910 210
1851920 210
1851930 210
1851940 209
1851950 209
1851960 209
1851970 209
1851980 209
1851990 208
1852000 208
1852010 208
1852020 208
1852030 208
1852040 208
1852050 208
1852060 207
1852070 207
1852080 207
1852090 207
1852100 207
1852110 207
1852120 207
1852130 207
1852140 206
1852150 207
1852160 207
1852170 207
1852180 207
1852190 207
1852200 207
1852210 207
1852220 207
1852230 207
1852240 207
1852250 207
1852260 208
1852270 208
1852280 208
1852290 208
1852300 209
1852310 209
1852320 210
1852330 210
1852340 210
1852350 210
1852360 210
1852370 210
1852380 210
1852390 210
1852400 210
1852410 210
1852420 210
1852430 210
1852440 210
1852450 210
1852460 210
1852470 210
1852480 210
1852490 210
1852500 210
1852510 210
1852520 210
1852530 210
1852540 210
1852550 210
1852560 210
1852570 210
1852580 210
1852590 209
1852600 209
1852610 209
1852620 209
1852630 209
1852640 210
1852650 210
1852660 211
1852670 211
1852680 211
1852690 211
1852700 212
1852710 212
1852720 212
1852730 212
1852740 212
1852750 212
1852760 212
1852770 212
1852780 212
1852790 212
1852800 211
1852810 211
1852820 211
1852830 211
1852840 211
1852850 211
1852860 211
1852870 211
1852880 212
1852890 212
1852900 212
1852910 212
1852920 212
1852930 212
1852940 212
1852950 212
1852960 212
1852970 212
1852980 212
1852990 212
1853000 212
1853010 212
1853020 213
1853030 213
1853040 213
1853050 213
1853060 213
1853070 213
1853080 213
1853090 213
1853100 213
1853110 213
1853120 213
1853130 213
1853140 213
1853150 213
1853160 212
1853170 212
1853180 212
1853190 211
1853200 211
1853210 211
1853220 211
1853230 211
1853240 210
1853250 210
1853260 208
1853270 208
1853280 208
1853290 209
1853300 209
1853310 209
1853320 209
1853330 209
1853340 209
1853350 210
1853360 210
1853370 211
1853380 211
1853390 211
1853400 211
1853410 210
1853420 210
1853430 210
1853440 209
1853450 208
1853460 208
1853470 207
1853480 206
1853490 206
1853500 205
1853510 205
1853520 205
1853530 204
1853540 203
1853550 203
1853560 203
1853570 202
1853580 202
1853590 201
1853600 200
1853610 200
1853620 199
1853630 198
1853640 198
1853650 197
1853660 196
1853670 196
1853680 195
1853690 195
1853700 195
1853710 194
1853720 193
1853730 193
1853740 192
1853750 192
1853760 192
1853770 191
1853780 191
1853790 191
1853800 191
1853810 191
1853820 191
1853830 191
1853840 191
1853850 191
1853860 191
1853870 191
1853880 191
1853890 191
1853900 191
1853910 189
1853920 191
1853930 191
1853940 191
1853950 191
1853960 191
1853970 192
1853980 193
1853990 193
1854000 194
1854010 195
1854020 195
1854030 196
1854040 197
1854050 197
1854060 199
1854070 200
1854080 201
1854090 202
1854100 204
1854110 204
1854120 205
1854130 206
1854140 206
1854150 207
1854160 207
1854170 207
1854180 208
1854190 208
1854200 208
1854210 207
1854220 207
1854230 207
1854240 206
1854250 206
1854260 206
1854270 205
1854280 204
1854290 204
1854300 203
1854310 201
1854320 201
1854330 200
1854340 199
1854350 199
1854360 198
1854370 197
1854380 197
1854390 196
1854400 195
1854410 195
1854420 194
1854430 194
1854440 194
1854450 194
1854460 193
1854470 193
1854480 193
1854490 193
1854500 193
1854510 193
1854520 194
1854530 194
1854540 195
1854550 196
1854560 196
1854570 197
1854580 197
1854590 199
1854600 198
1854610 198
1854620 198
1854630 198
1854640 198
1854650 198
1854660 198
1854670 198
1854680 198
1854690 198
1854700 198
1854710 199
1854720 199
1854730 199
1854740 199
1854750 200
1854760 200
1854770 200
1854780 200
1854790 202
1854800 202
1854810 202
1854820 202
1854830 202
1854840 202
1854850 202
1854860 202
1854870 203
1854880 203
1854890 203
1854900 203
1854910 203
1854920 204
1854930 204
1854940 204
1854950 205
1854960 205
1854970 205
1854980 205
1854990 205
1855000 205
1855010 205
1855020 205
1855030 205
1855040 205
1855050 206
1855060 206
1855070 206
1855080 206
1855090 206
1855100 207
1855110 208
1855120 208
1855130 208
1855140 209
1855150 209
1855160 210
1855170 211
1855180 211
1855190 213
1855200 214
1855210 214
1855220 215
1855230 216
1855240 216
1855250 217
1855260 217
1855270 218
1855280 219
1855290 219
1855300 220
1855310 220
1855320 220
1855330 220
1855340 220
1855350 220
1855360 221
1855370 220
1855380 220
1855390 220
1855400 220
1855410 220
1855420 220
1855430 219
1855440 219
1855450 218
1855460 217
1855470 217
1855480 217
1855490 215
1855500 215
1855510 215
1855520 214
1855530 214
1855540 213
1855550 212
1855560 212
1855570 212
1855580 212
1855590 212
1855600 212
1855610 213
1855620 213
1855630 213
1855640 214
1855650 214
1855660 215
1855670 216
1855680 216
1855690 216
1855700 217
1855710 217
1855720 217
1855730 218
1855740 218
1855750 218
1855760 219
1855770 219
1855780 220
1855790 220
1855800 220
1855810 221
1855820 222
1855830 222
1855840 223
1855850 224
1855860 224
1855870 224
1855880 225
1855890 225
1855900 225
1855910 226
1855920 226
1855930 226
1855940 226
1855950 226
1855960 226
1855970 226
1855980 226
1855990 227
1856000 227
1856010 227
1856020 227
1856030 227
1856040 227
1856050 227
1856060 227
1856070 227
1856080 227
1856090 227
1856100 227
1856110 226
1856120 226
1856130 226
1856140 225
1856150 225
1856160 225
1856170 224
1856180 224
1856190 223
1856200 223
1856210 223
1856220 222
1856230 222
1856240 222
1856250 221
1856260 221
1856270 221
1856280 221
1856290 220
1856300 220
1856310 220
1856320 220
1856330 220
1856340 219
1856350 219
1856360 219
1856370 218
1856380 218
1856390 218
1856400 217
1856410 216
1856420 216
1856430 215
1856440 215
1856450 215
1856460 214
1856470 213
1856480 213
1856490 212
1856500 211
1856510 211
1856520 210
1856530 209
1856540 209
1856550 208
1856560 207
1856570 207
1856580 207
1856590 206
1856600 206
1856610 205
1856620 205
1856630 204
1856640 204
1856650 204
1856660 203
1856670 202
1856680 202
1856690 201
1856700 200
1856710 200
1856720 200
1856730 199
1856740 199
1856750 198
1856760 198
1856770 198
1856780 197
1856790 196
1856800 196
1856810 196
1856820 195
1856830 195
1856840 195
1856850 194
1856860 194
1856870 194
1856880 193
1856890 193
1856900 192
1856910 192
1856920 192
1856930 191
1856940 190
1856950 190
1856960 190
1856970 190
1856980 190
1856990 189
1857000 189
1857010 189
1857020 189
1857030 187
1857040 187
1857050 187
1857060 186
1857070 186
1857080 186
1857090 186
1857100 186
1857110 185
1857120 185
1857130 185
1857140 184
1857150 184
1857160 184
1857170 184
1857180 184
1857190 184
1857200 183
1857210 183
1857220 183
1857230 183
1857240 183
1857250 183
1857260 183
1857270 183
1857280 182
1857290 183
1857300 183
1857310 183
1857320 183
1857330 183
1857340 184
1857350 184
1857360 184
1857370 185
1857380 186
1857390 186
1857400 186
1857410 187
1857420 187
1857430 188
1857440 188
1857450 188
1857460 188
1857470 188
1857480 188
1857490 188
1857500 188
1857510 188
1857520 187
1857530 187
1857540 187
1857550 186
1857560 185
1857570 185
1857580 185
1857590 185
1857600 184
1857610 184
1857620 184
1857630 184
1857640 184
1857650 184
1857660 184
1857670 184
1857680 184
1857690 184
1857700 184
1857710 184
1857720 184
1857730 184
1857740 184
1857750 184
1857760 184
1857770 184
1857780 184
1857790 184
1857800 184
1857810 184
1857820 185
1857830 185
1857840 185
1857850 185
1857860 186
1857870 186
1857880 186
1857890 187
1857900 187
1857910 187
1857920 187
1857930 187
1857940 187
1857950 187
1857960 187
1857970 186
1857980 186
1857990 186
1858000 186
1858010 186
1858020 186
1858030 185
1858040 185
1858050 185
1858060 184
1858070 184
1858080 184
1858090 183
1858100 183
1858110 183
1858120 183
1858130 183
1858140 182
1858150 182
1858160 182
1858170 182
1858180 181
1858190 181
1858200 181
1858210 181
1858220 181
1858230 180
1858240 180
1858250 180
1858260 180
1858270 180
1858280 180
1858290 180
1858300 180
1858310 180
1858320 180
1858330 180
1858340 180
1858350 180
1858360 180
1858370 180
1858380 180
1858390 180
1858400 180
1858410 180
1858420 180
1858430 180
1858440 180
1858450 180
1858460 180
1858470 180
1858480 180
1858490 180
1858500 180
1858510 180
1858520 180
1858530 180
1858540 180
1858550 180
1858560 180
1858570 180
1858580 180
1858590 181
1858600 181
1858610 181
1858620 181
1858630 181
1858640 181
1858650 182
1858660 182
1858670 181
1858680 181
1858690 181
1858700 181
1858710 181
1858720 181
1858730 181
1858740 181
1858750 181
1858760 181
1858770 182
1858780 182
1858790 182
1858800 182
1858810 182
1858820 182
1858830 182
1858840 182
1858850 183
1858860 183
1858870 183
1858880 183
1858890 184
1858900 184
1858910 184
1858920 184
1858930 184
1858940 185
1858950 185
1858960 185
1858970 185
1858980 185
1858990 186
1859000 186
1859010 186
1859020 186
1859030 186
1859040 186
1859050 186
1859060 186
1859070 186
1859080 186
1859090 186
1859100 186
1859110 186
1859120 186
1859130 186
1859140 186
1859150 187
1859160 187
1859170 187
1859180 187
1859190 188
1859200 188
1859210 189
1859220 190
1859230 190
1859240 191
1859250 193
1859260 193
1859270 193
1859280 194
1859290 194
1859300 195
1859310 195
1859320 196
1859330 196
1859340 197
1859350 198
1859360 198
1859370 198
1859380 199
1859390 199
1859400 199
1859410 199
1859420 200
1859430 200
1859440 200
1859450 200
1859460 200
1859470 201
1859480 201
1859490 201
1859500 201
1859510 202
1859520 202
1859530 202
1859540 203
1859550 203
1859560 203
1859570 204
1859580 204
1859590 205
1859600 205
1859610 205
1859620 206
1859630 206
1859640 206
1859650 207
1859660 207
1859670 207
1859680 208
1859690 209
1859700 209
1859710 210
1859720 210
1859730 210
1859740 211
1859750 211
1859760 211
1859770 212
1859780 214
1859790 214
1859800 214
1859810 215
1859820 215
1859830 216
1859840 217
1859850 217
1859860 218
1859870 219
1859880 219
1859890 219
1859900 220
1859910 220
1859920 220
1859930 220
1859940 220
1859950 221
1859960 221
1859970 221
1859980 221
1859990 221
