1840000 242
1840010 242
1840020 242
1840030 242
1840040 242
1840050 241
1840060 240
1840070 240
1840080 240
1840090 239
1840100 239
1840110 238
1840120 237
1840130 237
1840140 237
1840150 237
1840160 236
1840170 235
1840180 235
1840190 234
1840200 234
1840210 234
1840220 235
1840230 235
1840240 235
1840250 235
1840260 234
1840270 234
1840280 233
1840290 233
1840300 233
1840310 233
1840320 233
1840330 233
1840340 231
1840350 231
1840360 231
1840370 231
1840380 231
1840390 231
1840400 231
1840410 231
1840420 231
1840430 231
1840440 231
1840450 231
1840460 230
1840470 228
1840480 228
1840490 227
1840500 226
1840510 226
1840520 226
1840530 226
1840540 226
1840550 226
1840560 226
1840570 226
1840580 226
1840590 226
1840600 226
1840610 226
1840620 226
1840630 226
1840640 225
1840650 226
1840660 226
1840670 226
1840680 226
1840690 226
1840700 225
1840710 225
1840720 225
1840730 226
1840740 226
1840750 226
1840760 226
1840770 226
1840780 226
1840790 227
1840800 228
1840810 228
1840820 229
1840830 229
1840840 229
1840850 230
1840860 230
1840870 230
1840880 231
1840890 231
1840900 231
1840910 231
1840920 231
1840930 231
1840940 231
1840950 231
1840960 232
1840970 233
1840980 233
1840990 233
1841000 233
1841010 233
1841020 233
1841030 233
1841040 233
1841050 233
1841060 233
1841070 233
1841080 233
1841090 233
1841100 233
1841110 232
1841120 232
1841130 232
1841140 231
1841150 231
1841160 231
1841170 231
1841180 231
1841190 231
1841200 231
1841210 232
1841220 232
1841230 232
1841240 233
1841250 233
1841260 235
1841270 236
1841280 236
1841290 238
1841300 240
1841310 240
1841320 241
1841330 243
1841340 243
1841350 245
1841360 246
1841370 246
1841380 247
1841390 248
1841400 248
1841410 248
1841420 249
1841430 249
1841440 251
1841450 252
1841460 252
1841470 253
1841480 253
1841490 253
1841500 253
1841510 253
1841520 254
1841530 254
1841540 254
1841550 254
1841560 254
1841570 254
1841580 255
1841590 255
1841600 255
1841610 256
1841620 257
1841630 257
1841640 257
1841650 258
1841660 258
1841670 258
1841680 257
1841690 257
1841700 257
1841710 257
1841720 257
1841730 256
1841740 256
1841750 256
1841760 256
1841770 256
1841780 256
1841790 256
1841800 256
1841810 258
1841820 258
1841830 258
1841840 258
1841850 258
1841860 258
1841870 258
1841880 258
1841890 258
1841900 258
1841910 259
1841920 260
1841930 260
1841940 261
1841950 262
1841960 262
1841970 264
1841980 266
1841990 266
1842000 268
1842010 269
1842020 269
1842030 270
1842040 271
1842050 271
1842060 271
1842070 272
1842080 272
1842090 272
1842100 272
1842110 272
1842120 272
1842130 272
1842140 272
1842150 272
1842160 272
1842170 271
1842180 271
1842190 271
1842200 270
1842210 270
1842220 270
1842230 269
1842240 268
1842250 268
1842260 268
1842270 267
1842280 267
1842290 266
1842300 266
1842310 266
1842320 265
1842330 265
1842340 265
1842350 264
1842360 263
1842370 263
1842380 263
1842390 262
1842400 262
1842410 262
1842420 261
1842430 261
1842440 261
1842450 260
1842460 260
1842470 260
1842480 260
1842490 260
1842500 259
1842510 259
1842520 259
1842530 258
1842540 257
1842550 257
1842560 256
1842570 256
1842580 256
1842590 255
1842600 255
1842610 255
1842620 255
1842630 255
1842640 255
1842650 254
1842660 254
1842670 254
1842680 253
1842690 253
1842700 253
1842710 252
1842720 251
1842730 251
1842740 250
1842750 249
1842760 249
1842770 249
1842780 248
1842790 248
1842800 247
1842810 246
1842820 246
1842830 245
1842840 245
1842850 244
1842860 243
1842870 243
1842880 242
1842890 241
1842900 241
1842910 240
1842920 239
1842930 239
1842940 238
1842950 238
1842960 238
1842970 237
1842980 236
1842990 236
1843000 236
1843010 235
1843020 235
1843030 235
1843040 234
1843050 234
1843060 234
1843070 233
1843080 233
1843090 232
1843100 231
1843110 231
1843120 231
1843130 230
1843140 230
1843150 229
1843160 228
1843170 228
1843180 228
1843190 227
1843200 227
1843210 227
1843220 226
1843230 226
1843240 226
1843250 225
1843260 225
1843270 225
1843280 225
1843290 225
1843300 225
1843310 225
1843320 225
1843330 224
1843340 224
1843350 224
1843360 224
1843370 225
1843380 225
1843390 225
1843400 224
1843410 224
1843420 224
1843430 224
1843440 224
1843450 224
1843460 224
1843470 224
1843480 224
1843490 224
1843500 224
1843510 224
1843520 224
1843530 225
1843540 226
1843550 226
1843560 226
1843570 227
1843580 227
1843590 228
1843600 229
1843610 229
1843620 230
1843630 235
1843640 235
1843650 236
1843660 238
1843670 238
1843680 239
1843690 241
1843700 241
1843710 242
1843720 244
1843730 244
1843740 246
1843750 247
1843760 247
1843770 249
1843780 250
1843790 250
1843800 252
1843810 253
1843820 253
1843830 255
1843840 257
1843850 257
1843860 258
1843870 259
1843880 259
1843890 260
1843900 261
1843910 261
1843920 262
1843930 263
1843940 263
1843950 263
1843960 264
1843970 264
1843980 264
1843990 265
1844000 265
1844010 265
1844020 266
1844030 266
1844040 265
1844050 264
1844060 264
1844070 263
1844080 263
1844090 263
1844100 263
1844110 262
1844120 262
1844130 262
1844140 262
1844150 262
1844160 262
1844170 262
1844180 262
1844190 263
1844200 263
1844210 262
1844220 262
1844230 262
1844240 263
1844250 264
1844260 264
1844270 266
1844280 267
1844290 267
1844300 269
1844310 270
1844320 270
1844330 269
1844340 269
1844350 269
1844360 270
1844370 270
1844380 270
1844390 270
1844400 270
1844410 270
1844420 269
1844430 269
1844440 269
1844450 268
1844460 267
1844470 267
1844480 267
1844490 266
1844500 266
1844510 265
1844520 264
1844530 264
1844540 263
1844550 263
1844560 263
1844570 262
1844580 262
1844590 262
1844600 263
1844610 264
1844620 264
1844630 265
1844640 266
1844650 266
1844660 268
1844670 269
1844680 269
1844690 271
1844700 273
1844710 273
1844720 274
1844730 276
1844740 276
1844750 277
1844760 278
1844770 278
1844780 278
1844790 279
1844800 279
1844810 280
1844820 280
1844830 280
1844840 280
1844850 280
1844860 280
1844870 280
1844880 280
1844890 280
1844900 280
1844910 280
1844920 280
1844930 280
1844940 280
1844950 281
1844960 281
1844970 281
1844980 282
1844990 283
1845000 283
1845010 283
1845020 284
1845030 284
1845040 284
1845050 284
1845060 284
1845070 285
1845080 287
1845090 287
1845100 287
1845110 288
1845120 288
1845130 288
1845140 288
1845150 288
1845160 287
1845170 287
1845180 287
1845190 287
1845200 287
1845210 287
1845220 287
1845230 286
1845240 286
1845250 286
1845260 286
1845270 286
1845280 286
1845290 286
1845300 286
1845310 286
1845320 285
1845330 285
1845340 285
1845350 285
1845360 285
1845370 284
1845380 284
1845390 284
1845400 284
1845410 283
1845420 283
1845430 283
1845440 282
1845450 282
1845460 282
1845470 282
1845480 282
1845490 281
1845500 281
1845510 281
1845520 280
1845530 280
1845540 280
1845550 279
1845560 279
1845570 278
1845580 278
1845590 278
1845600 277
1845610 277
1845620 277
1845630 276
1845640 276
1845650 276
1845660 275
1845670 274
1845680 274
1845690 274
1845700 273
1845710 273
1845720 272
1845730 272
1845740 272
1845750 272
1845760 271
1845770 271
1845780 271
1845790 270
1845800 270
1845810 268
1845820 268
1845830 268
1845840 266
1845850 265
1845860 265
1845870 264
1845880 264
1845890 264
1845900 263
1845910 261
1845920 261
1845930 260
1845940 259
1845950 259
1845960 259
1845970 259
1845980 259
1845990 258
1846000 257
1846010 257
1846020 256
1846030 256
1846040 256
1846050 255
1846060 254
1846070 254
1846080 252
1846090 251
1846100 251
1846110 250
1846120 248
1846130 248
1846140 247
1846150 246
1846160 246
1846170 245
1846180 244
1846190 244
1846200 244
1846210 244
1846220 244
1846230 245
1846240 245
1846250 245
1846260 245
1846270 245
1846280 246
1846290 246
1846300 246
1846310 247
1846320 248
1846330 248
1846340 250
1846350 251
1846360 251
1846370 252
1846380 253
1846390 253
1846400 254
1846410 255
1846420 255
1846430 256
1846440 257
1846450 257
1846460 258
1846470 259
1846480 259
1846490 260
1846500 261
1846510 261
1846520 261
1846530 263
1846540 263
1846550 263
1846560 264
1846570 264
1846580 265
1846590 265
1846600 265
1846610 266
1846620 267
1846630 267
1846640 268
1846650 268
1846660 268
1846670 267
1846680 267
1846690 267
1846700 267
1846710 266
1846720 266
1846730 266
1846740 265
1846750 265
1846760 265
1846770 265
1846780 265
1846790 264
1846800 263
1846810 263
1846820 263
1846830 262
1846840 262
1846850 261
1846860 260
1846870 260
1846880 259
1846890 259
1846900 258
1846910 257
1846920 257
1846930 257
1846940 256
1846950 256
1846960 255
1846970 254
1846980 254
1846990 254
1847000 254
1847010 254
1847020 253
1847030 253
1847040 253
1847050 253
1847060 252
1847070 252
1847080 251
1847090 250
1847100 250
1847110 249
1847120 249
1847130 249
1847140 248
1847150 247
1847160 247
1847170 246
1847180 246
1847190 246
1847200 246
1847210 245
1847220 245
1847230 245
1847240 245
1847250 244
1847260 243
1847270 243
1847280 243
1847290 243
1847300 243
1847310 243
1847320 242
1847330 242
1847340 242
1847350 241
1847360 240
1847370 240
1847380 239
1847390 238
1847400 238
1847410 236
1847420 235
1847430 235
1847440 233
1847450 231
1847460 231
1847470 230
1847480 228
1847490 228
1847500 226
1847510 225
1847520 225
1847530 224
1847540 222
1847550 222
1847560 221
1847570 221
1847580 220
1847590 219
1847600 219
1847610 218
1847620 218
1847630 218
1847640 218
1847650 218
1847660 218
1847670 217
1847680 217
1847690 217
1847700 217
1847710 218
1847720 218
1847730 218
1847740 219
1847750 219
1847760 218
1847770 218
1847780 218
1847790 217
1847800 217
1847810 217
1847820 216
1847830 215
1847840 215
1847850 214
1847860 213
1847870 213
1847880 213
1847890 213
1847900 213
1847910 212
1847920 212
1847930 212
1847940 212
1847950 212
1847960 212
1847970 212
1847980 212
1847990 212
1848000 212
1848010 212
1848020 212
1848030 212
1848040 211
1848050 211
1848060 211
1848070 212
1848080 212
1848090 212
1848100 211
1848110 211
1848120 212
1848130 212
1848140 212
1848150 212
1848160 212
1848170 212
1848180 213
1848190 215
1848200 215
1848210 219
1848220 220
1848230 220
1848240 222
1848250 222
1848260 224
1848270 225
1848280 225
1848290 225
1848300 226
1848310 226
1848320 226
1848330 229
1848340 229
1848350 230
1848360 230
1848370 230
1848380 231
1848390 233
1848400 233
1848410 234
1848420 234
1848430 234
1848440 234
1848450 235
1848460 235
1848470 235
1848480 236
1848490 236
1848500 237
1848510 239
1848520 239
1848530 241
1848540 243
1848550 243
1848560 245
1848570 247
1848580 247
1848590 248
1848600 249
1848610 249
1848620 250
1848630 251
1848640 251
1848650 253
1848660 254
1848670 254
1848680 255
1848690 256
1848700 256
1848710 257
1848720 259
1848730 259
1848740 259
1848750 260
1848760 260
1848770 260
1848780 261
1848790 261
1848800 261
1848810 262
1848820 262
1848830 262
1848840 262
1848850 262
1848860 263
1848870 264
1848880 264
1848890 265
1848900 265
1848910 265
1848920 266
1848930 266
1848940 267
1848950 268
1848960 268
1848970 269
1848980 270
1848990 270
1849000 270
1849010 271
1849020 271
1849030 271
1849040 271
1849050 272
1849060 272
1849070 272
1849080 272
1849090 272
1849100 272
1849110 272
1849120 272
1849130 272
1849140 272
1849150 271
1849160 271
1849170 271
1849180 271
1849190 270
1849200 270
1849210 270
1849220 270
1849230 270
1849240 269
1849250 269
1849260 269
1849270 268
1849280 267
1849290 267
1849300 267
1849310 266
1849320 266
1849330 266
1849340 265
1849350 265
1849360 265
1849370 265
1849380 265
1849390 264
1849400 264
1849410 264
1849420 263
1849430 263
1849440 263
1849450 263
1849460 262
1849470 262
1849480 261
1849490 261
1849500 261
1849510 260
1849520 260
1849530 260
1849540 259
1849550 259
1849560 259
1849570 258
1849580 258
1849590 257
1849600 257
1849610 257
1849620 256
1849630 255
1849640 255
1849650 254
1849660 253
1849670 253
1849680 253
1849690 252
1849700 252
1849710 251
1849720 251
1849730 251
1849740 250
1849750 249
1849760 249
1849770 248
1849780 248
1849790 248
1849800 247
1849810 246
1849820 246
1849830 245
1849840 244
1849850 244
1849860 244
1849870 243
1849880 243
1849890 243
1849900 243
1849910 243
1849920 243
1849930 243
1849940 243
1849950 243
1849960 244
1849970 244
1849980 245
1849990 245
1850000 245
1850010 247
1850020 248
1850030 248
1850040 249
1850050 250
1850060 250
1850070 251
1850080 252
1850090 252
1850100 253
1850110 253
1850120 254
1850130 255
1850140 256
1850150 256
1850160 256
1850170 257
1850180 257
1850190 257
1850200 258
1850210 258
1850220 258
1850230 259
1850240 259
1850250 259
1850260 259
1850270 260
1850280 261
1850290 261
1850300 261
1850310 262
1850320 262
1850330 263
1850340 263
1850350 263
1850360 264
1850370 265
1850380 265
1850390 265
1850400 266
1850410 266
1850420 266
1850430 267
1850440 267
1850450 267
1850460 267
1850470 267
1850480 268
1850490 267
1850500 267
1850510 268
1850520 268
1850530 268
1850540 268
1850550 267
1850560 267
1850570 267
1850580 267
1850590 267
1850600 267
1850610 266
1850620 266
1850630 265
1850640 265
1850650 265
1850660 264
1850670 264
1850680 264
1850690 264
1850700 263
1850710 263
1850720 263
1850730 264
1850740 264
1850750 264
1850760 264
1850770 264
1850780 264
1850790 264
1850800 264
1850810 264
1850820 264
1850830 264
1850840 264
1850850 264
1850860 264
1850870 264
1850880 263
1850890 263
1850900 263
1850910 263
1850920 263
1850930 262
1850940 262
1850950 262
1850960 261
1850970 261
1850980 261
1850990 260
1851000 260
1851010 260
1851020 259
1851030 259
1851040 258
1851050 258
1851060 258
1851070 257
1851080 256
1851090 256
1851100 255
1851110 254
1851120 254
1851130 253
1851140 253
1851150 253
1851160 252
1851170 251
1851180 251
1851190 251
1851200 249
1851210 249
1851220 248
1851230 248
1851240 248
1851250 247
1851260 246
1851270 246
1851280 245
1851290 244
1851300 244
1851310 243
1851320 243
1851330 243
1851340 243
1851350 243
1851360 243
1851370 244
1851380 244
1851390 244
1851400 245
1851410 245
1851420 245
1851430 245
1851440 245
1851450 245
1851460 245
1851470 245
1851480 245
1851490 244
1851500 244
1851510 244
1851520 243
1851530 243
1851540 243
1851550 243
1851560 242
1851570 242
1851580 241
1851590 241
1851600 241
1851610 240
1851620 240
1851630 239
1851640 238
1851650 238
1851660 237
1851670 236
1851680 236
1851690 235
1851700 234
1851710 234
1851720 233
1851730 232
1851740 232
1851750 231
1851760 230
1851770 230
1851780 229
1851790 228
1851800 228
1851810 227
1851820 226
1851830 226
1851840 225
1851850 224
1851860 224
1851870 223
1851880 222
1851890 222
1851900 221
1851910 220
1851920 220
1851930 220
1851940 219
1851950 219
1851960 218
1851970 218
1851980 218
1851990 217
1852000 217
1852010 217
1852020 217
1852030 216
1852040 216
1852050 216
1852060 216
1852070 216
1852080 216
1852090 217
1852100 217
1852110 218
1852120 218
1852130 218
1852140 219
1852150 220
1852160 220
1852170 221
1852180 222
1852190 222
1852200 225
1852210 226
1852220 226
1852230 229
1852240 230
1852250 230
1852260 232
1852270 232
1852280 233
1852290 235
1852300 235
1852310 236
1852320 237
1852330 237
1852340 238
1852350 239
1852360 239
1852370 239
1852380 239
1852390 239
1852400 239
1852410 238
1852420 238
1852430 238
1852440 237
1852450 237
1852460 236
1852470 235
1852480 235
1852490 233
1852500 232
1852510 232
1852520 231
1852530 230
1852540 230
1852550 229
1852560 229
1852570 229
1852580 228
1852590 227
1852600 227
1852610 225
1852620 224
1852630 224
1852640 224
1852650 223
1852660 223
1852670 222
1852680 221
1852690 221
1852700 220
1852710 219
1852720 219
1852730 219
1852740 218
1852750 218
1852760 217
1852770 216
1852780 216
1852790 216
1852800 215
1852810 215
1852820 215
1852830 214
1852840 214
1852850 214
1852860 214
1852870 214
1852880 213
1852890 213
1852900 213
1852910 214
1852920 214
1852930 214
1852940 214
1852950 214
1852960 215
1852970 215
1852980 215
1852990 215
1853000 215
1853010 215
1853020 215
1853030 214
1853040 214
1853050 214
1853060 214
1853070 214
1853080 213
1853090 213
1853100 213
1853110 213
1853120 212
1853130 212
1853140 212
1853150 212
1853160 212
1853170 212
1853180 211
1853190 211
1853200 211
1853210 211
1853220 211
1853230 211
1853240 210
1853250 210
1853260 210
1853270 209
1853280 209
1853290 209
1853300 208
1853310 208
1853320 208
1853330 207
1853340 207
1853350 207
1853360 206
1853370 206
1853380 205
1853390 204
1853400 204
1853410 204
1853420 203
1853430 203
1853440 203
1853450 202
1853460 202
1853470 201
1853480 201
1853490 201
1853500 200
1853510 199
1853520 199
1853530 199
1853540 198
1853550 198
1853560 197
1853570 197
1853580 197
1853590 196
1853600 196
1853610 196
1853620 195
1853630 195
1853640 194
1853650 194
1853660 194
1853670 194
1853680 194
1853690 194
1853700 193
1853710 193
1853720 193
1853730 193
1853740 193
1853750 193
1853760 193
1853770 192
1853780 192
1853790 193
1853800 193
1853810 193
1853820 193
1853830 194
1853840 194
1853850 195
1853860 196
1853870 196
1853880 197
1853890 198
1853900 198
1853910 203
1853920 206
1853930 206
1853940 206
1853950 207
1853960 207
1853970 208
1853980 209
1853990 209
1854000 211
1854010 213
1854020 213
1854030 215
1854040 217
1854050 217
1854060 219
1854070 221
1854080 221
1854090 223
1854100 225
1854110 225
1854120 227
1854130 228
1854140 228
1854150 229
1854160 230
1854170 230
1854180 230
1854190 230
1854200 230
1854210 230
1854220 229
1854230 229
1854240 228
1854250 227
1854260 227
1854270 225
1854280 225
1854290 223
1854300 220
1854310 220
1854320 218
1854330 216
1854340 216
1854350 215
1854360 214
1854370 214
1854380 215
1854390 215
1854400 215
1854410 214
1854420 215
1854430 215
1854440 215
1854450 216
1854460 216
1854470 217
1854480 218
1854490 218
1854500 219
1854510 219
1854520 219
1854530 219
1854540 219
1854550 219
1854560 219
1854570 219
1854580 219
1854590 219
1854600 218
1854610 218
1854620 218
1854630 218
1854640 218
1854650 217
1854660 217
1854670 217
1854680 217
1854690 217
1854700 217
1854710 216
1854720 216
1854730 216
1854740 216
1854750 215
1854760 215
1854770 215
1854780 214
1854790 214
1854800 214
1854810 212
1854820 212
1854830 211
1854840 211
1854850 211
1854860 211
1854870 211
1854880 211
1854890 211
1854900 211
1854910 211
1854920 211
1854930 211
1854940 211
1854950 211
1854960 211
1854970 212
1854980 212
1854990 212
1855000 213
1855010 213
1855020 213
1855030 214
1855040 215
1855050 215
1855060 216
1855070 218
1855080 218
1855090 220
1855100 221
1855110 221
1855120 222
1855130 223
1855140 223
1855150 224
1855160 226
1855170 226
1855180 228
1855190 229
1855200 229
1855210 230
1855220 231
1855230 231
1855240 231
1855250 230
1855260 230
1855270 230
1855280 230
1855290 230
1855300 229
1855310 228
1855320 228
1855330 228
1855340 227
1855350 227
1855360 226
1855370 226
1855380 226
1855390 225
1855400 224
1855410 224
1855420 223
1855430 222
1855440 223
1855450 222
1855460 221
1855470 221
1855480 221
1855490 220
1855500 220
1855510 219
1855520 218
1855530 218
1855540 218
1855550 217
1855560 217
1855570 217
1855580 216
1855590 216
1855600 216
1855610 216
1855620 216
1855630 215
1855640 215
1855650 215
1855660 214
1855670 214
1855680 214
1855690 213
1855700 213
1855710 212
1855720 211
1855730 211
1855740 211
1855750 211
1855760 211
1855770 212
1855780 212
1855790 211
1855800 212
1855810 213
1855820 213
1855830 213
1855840 213
1855850 213
1855860 213
1855870 213
1855880 213
1855890 213
1855900 213
1855910 213
1855920 213
1855930 212
1855940 212
1855950 212
1855960 212
1855970 212
1855980 212
1855990 212
1856000 212
1856010 212
1856020 211
1856030 211
1856040 211
1856050 211
1856060 211
1856070 210
1856080 210
1856090 210
1856100 209
1856110 208
1856120 208
1856130 208
1856140 207
1856150 207
1856160 207
1856170 206
1856180 206
1856190 206
1856200 205
1856210 205
1856220 204
1856230 203
1856240 203
1856250 202
1856260 201
1856270 201
1856280 200
1856290 200
1856300 200
1856310 199
1856320 199
1856330 199
1856340 198
1856350 198
1856360 199
1856370 199
1856380 199
1856390 200
1856400 200
1856410 200
1856420 200
1856430 200
1856440 200
1856450 200
1856460 199
1856470 199
1856480 199
1856490 197
1856500 197
1856510 197
1856520 196
1856530 196
1856540 196
1856550 195
1856560 195
1856570 195
1856580 195
1856590 195
1856600 195
1856610 195
1856620 195
1856630 195
1856640 195
1856650 195
1856660 195
1856670 194
1856680 194
1856690 194
1856700 193
1856710 193
1856720 193
1856730 192
1856740 192
1856750 192
1856760 191
1856770 191
1856780 190
1856790 190
1856800 190
1856810 189
1856820 189
1856830 189
1856840 188
1856850 188
1856860 188
1856870 188
1856880 188
1856890 188
1856900 187
1856910 187
1856920 187
1856930 187
1856940 187
1856950 187
1856960 187
1856970 187
1856980 187
1856990 188
1857000 188
1857010 189
1857020 190
1857030 190
1857040 191
1857050 191
1857060 191
1857070 192
1857080 192
1857090 192
1857100 193
1857110 193
1857120 193
1857130 194
1857140 194
1857150 194
1857160 194
1857170 195
1857180 195
1857190 195
1857200 195
1857210 195
1857220 195
1857230 195
1857240 195
1857250 196
1857260 196
1857270 196
1857280 196
1857290 196
1857300 196
1857310 196
1857320 196
1857330 196
1857340 196
1857350 196
1857360 196
1857370 196
1857380 196
1857390 196
1857400 196
1857410 197
1857420 197
1857430 197
1857440 196
1857450 196
1857460 196
1857470 196
1857480 196
1857490 196
1857500 196
1857510 196
1857520 195
1857530 195
1857540 195
1857550 195
1857560 195
1857570 195
1857580 195
1857590 195
1857600 195
1857610 195
1857620 195
1857630 195
1857640 195
1857650 195
1857660 194
1857670 194
1857680 194
1857690 193
1857700 193
1857710 193
1857720 192
1857730 192
1857740 192
1857750 192
1857760 192
1857770 192
1857780 192
1857790 192
1857800 192
1857810 192
1857820 192
1857830 192
1857840 193
1857850 193
1857860 193
1857870 193
1857880 193
1857890 193
1857900 193
1857910 193
1857920 193
1857930 193
1857940 192
1857950 192
1857960 192
1857970 192
1857980 192
1857990 191
1858000 191
1858010 191
1858020 191
1858030 190
1858040 190
1858050 190
1858060 190
1858070 190
1858080 189
1858090 189
1858100 189
1858110 188
1858120 188
1858130 188
1858140 189
1858150 189
1858160 189
1858170 190
1858180 191
1858190 191
1858200 192
1858210 193
1858220 193
1858230 194
1858240 194
1858250 195
1858260 195
1858270 196
1858280 196
1858290 196
1858300 196
1858310 196
1858320 196
1858330 196
1858340 197
1858350 197
1858360 197
1858370 197
1858380 197
1858390 197
1858400 197
1858410 197
1858420 197
1858430 197
1858440 197
1858450 197
1858460 197
1858470 198
1858480 198
1858490 198
1858500 198
1858510 198
1858520 198
1858530 199
1858540 199
1858550 199
1858560 199
1858570 199
1858580 200
1858590 200
1858600 201
1858610 201
1858620 202
1858630 202
1858640 202
1858650 203
1858660 203
1858670 204
1858680 204
1858690 204
1858700 205
1858710 205
1858720 205
1858730 205
1858740 206
1858750 206
1858760 206
1858770 207
1858780 207
1858790 207
1858800 208
1858810 208
1858820 208
1858830 208
1858840 208
1858850 208
1858860 208
1858870 208
1858880 208
1858890 207
1858900 207
1858910 207
1858920 207
1858930 207
1858940 207
1858950 207
1858960 207
1858970 207
1858980 207
1858990 207
1859000 208
1859010 208
1859020 208
1859030 209
1859040 209
1859050 210
1859060 210
1859070 210
1859080 211
1859090 211
1859100 211
1859110 211
1859120 211
1859130 211
1859140 211
1859150 211
1859160 211
1859170 211
1859180 211
1859190 211
1859200 211
1859210 211
1859220 211
1859230 212
1859240 212
1859250 212
1859260 213
1859270 214
1859280 214
1859290 214
1859300 215
1859310 215
1859320 216
1859330 217
1859340 217
1859350 218
1859360 218
1859370 218
1859380 219
1859390 220
1859400 220
1859410 220
1859420 220
1859430 220
1859440 221
1859450 221
1859460 221
1859470 222
1859480 222
1859490 222
1859500 223
1859510 223
1859520 223
1859530 223
1859540 224
1859550 224
1859560 224
1859570 224
1859580 224
1859590 224
1859600 224
1859610 224
1859620 224
1859630 224
1859640 224
1859650 224
1859660 224
1859670 224
1859680 223
1859690 223
1859700 223
1859710 223
1859720 223
1859730 222
1859740 222
1859750 222
1859760 222
1859770 221
1859780 221
1859790 221
1859800 221
1859810 221
1859820 221
1859830 220
1859840 220
1859850 220
1859860 219
1859870 219
1859880 219
1859890 219
1859900 219
1859910 218
1859920 218
1859930 218
1859940 217
1859950 217
1859960 217
1859970 216
1859980 215
1859990 215
