1840000 263
1840010 263
1840020 264
1840030 265
1840040 265
1840050 266
1840060 267
1840070 267
1840080 268
1840090 269
1840100 269
1840110 270
1840120 271
1840130 271
1840140 272
1840150 273
1840160 273
1840170 273
1840180 274
1840190 274
1840200 275
1840210 276
1840220 276
1840230 276
1840240 277
1840250 277
1840260 278
1840270 279
1840280 279
1840290 280
1840300 282
1840310 282
1840320 283
1840330 284
1840340 284
1840350 285
1840360 285
1840370 286
1840380 287
1840390 287
1840400 287
1840410 288
1840420 288
1840430 289
1840440 289
1840450 289
1840460 290
1840470 290
1840480 290
1840490 290
1840500 290
1840510 290
1840520 290
1840530 290
1840540 290
1840550 290
1840560 290
1840570 290
1840580 290
1840590 290
1840600 290
1840610 289
1840620 289
1840630 289
1840640 288
1840650 288
1840660 288
1840670 287
1840680 286
1840690 286
1840700 285
1840710 284
1840720 284
1840730 284
1840740 282
1840750 282
1840760 281
1840770 280
1840780 280
1840790 279
1840800 279
1840810 279
1840820 278
1840830 277
1840840 277
1840850 276
1840860 275
1840870 275
1840880 274
1840890 273
1840900 273
1840910 271
1840920 270
1840930 270
1840940 270
1840950 269
1840960 269
1840970 268
1840980 267
1840990 267
1841000 266
1841010 265
1841020 265
1841030 264
1841040 264
1841050 264
1841060 263
1841070 263
1841080 263
1841090 262
1841100 261
1841110 261
1841120 260
1841130 260
1841140 260
1841150 259
1841160 259
1841170 259
1841180 258
1841190 258
1841200 257
1841210 256
1841220 256
1841230 256
1841240 255
1841250 255
1841260 254
1841270 254
1841280 254
1841290 253
1841300 252
1841310 252
1841320 251
1841330 250
1841340 250
1841350 250
1841360 249
1841370 249
1841380 248
1841390 246
1841400 246
1841410 245
1841420 244
1841430 244
1841440 243
1841450 242
1841460 242
1841470 242
1841480 241
1841490 241
1841500 241
1841510 240
1841520 240
1841530 240
1841540 239
1841550 239
1841560 239
1841570 239
1841580 239
1841590 240
1841600 241
1841610 241
1841620 241
1841630 242
1841640 242
1841650 243
1841660 243
1841670 243
1841680 244
1841690 244
1841700 244
1841710 243
1841720 243
1841730 243
1841740 243
1841750 243
1841760 243
1841770 243
1841780 243
1841790 244
1841800 245
1841810 245
1841820 245
1841830 246
1841840 246
1841850 247
1841860 248
1841870 248
1841880 248
1841890 249
1841900 249
1841910 249
1841920 250
1841930 250
1841940 251
1841950 252
1841960 252
1841970 253
1841980 253
1841990 253
1842000 254
1842010 254
1842020 254
1842030 255
1842040 256
1842050 256
1842060 256
1842070 257
1842080 257
1842090 257
1842100 258
1842110 258
1842120 258
1842130 259
1842140 259
1842150 260
1842160 260
1842170 260
1842180 261
1842190 262
1842200 263
1842210 263
1842220 264
1842230 264
1842240 264
1842250 265
1842260 265
1842270 265
1842280 266
1842290 266
1842300 267
1842310 267
1842320 267
1842330 268
1842340 268
1842350 268
1842360 269
1842370 269
1842380 269
1842390 270
1842400 270
1842410 270
1842420 271
1842430 271
1842440 271
1842450 271
1842460 271
1842470 271
1842480 271
1842490 271
1842500 270
1842510 270
1842520 270
1842530 269
1842540 269
1842550 269
1842560 269
1842570 269
1842580 269
1842590 268
1842600 266
1842610 266
1842620 265
1842630 264
1842640 264
1842650 263
1842660 262
1842670 262
1842680 261
1842690 261
1842700 261
1842710 261
1842720 262
1842730 262
1842740 262
1842750 262
1842760 262
1842770 263
1842780 263
1842790 263
1842800 264
1842810 265
1842820 265
1842830 265
1842840 264
1842850 264
1842860 264
1842870 263
1842880 263
1842890 262
1842900 261
1842910 261
1842920 260
1842930 259
1842940 259
1842950 258
1842960 257
1842970 257
1842980 255
1842990 255
1843000 255
1843010 254
1843020 254
1843030 254
1843040 254
1843050 254
1843060 254
1843070 254
1843080 254
1843090 254
1843100 253
1843110 253
1843120 253
1843130 253
1843140 253
1843150 253
1843160 253
1843170 253
1843180 254
1843190 254
1843200 254
1843210 254
1843220 254
1843230 254
1843240 254
1843250 254
1843260 254
1843270 253
1843280 253
1843290 253
1843300 253
1843310 252
1843320 252
1843330 252
1843340 251
1843350 251
1843360 250
1843370 249
1843380 249
1843390 248
1843400 247
1843410 247
1843420 246
1843430 245
1843440 245
1843450 244
1843460 243
1843470 243
1843480 242
1843490 241
1843500 241
1843510 240
1843520 239
1843530 239
1843540 238
1843550 237
1843560 237
1843570 236
1843580 235
1843590 235
1843600 234
1843610 233
1843620 233
1843630 233
1843640 233
1843650 233
1843660 233
1843670 234
1843680 234
1843690 235
1843700 235
1843710 235
1843720 236
1843730 236
1843740 236
1843750 237
1843760 237
1843770 237
1843780 237
1843790 237
1843800 237
1843810 237
1843820 237
1843830 237
1843840 237
1843850 237
1843860 236
1843870 236
1843880 236
1843890 236
1843900 235
1843910 235
1843920 235
1843930 234
1843940 234
1843950 234
1843960 234
1843970 234
1843980 234
1843990 233
1844000 233
1844010 232
1844020 233
1844030 233
1844040 232
1844050 232
1844060 232
1844070 232
1844080 232
1844090 232
1844100 232
1844110 232
1844120 232
1844130 232
1844140 232
1844150 232
1844160 231
1844170 231
1844180 231
1844190 231
1844200 231
1844210 231
1844220 231
1844230 230
1844240 230
1844250 230
1844260 230
1844270 230
1844280 231
1844290 232
1844300 232
1844310 234
1844320 235
1844330 235
1844340 236
1844350 237
1844360 237
1844370 239
1844380 238
1844390 240
1844400 243
1844410 243
1844420 245
1844430 247
1844440 247
1844450 249
1844460 251
1844470 251
1844480 253
1844490 255
1844500 255
1844510 257
1844520 258
1844530 258
1844540 259
1844550 260
1844560 260
1844570 261
1844580 262
1844590 262
1844600 262
1844610 263
1844620 263
1844630 264
1844640 265
1844650 265
1844660 267
1844670 268
1844680 268
1844690 270
1844700 270
1844710 270
1844720 271
1844730 273
1844740 273
1844750 275
1844760 276
1844770 276
1844780 278
1844790 280
1844800 280
1844810 281
1844820 281
1844830 281
1844840 282
1844850 282
1844860 282
1844870 283
1844880 283
1844890 283
1844900 283
1844910 283
1844920 283
1844930 282
1844940 282
1844950 282
1844960 281
1844970 281
1844980 281
1844990 280
1845000 280
1845010 280
1845020 280
1845030 280
1845040 279
1845050 279
1845060 279
1845070 278
1845080 278
1845090 278
1845100 278
1845110 276
1845120 276
1845130 276
1845140 276
1845150 276
1845160 276
1845170 276
1845180 276
1845190 276
1845200 276
1845210 276
1845220 276
1845230 276
1845240 276
1845250 276
1845260 276
1845270 276
1845280 275
1845290 275
1845300 275
1845310 275
1845320 274
1845330 274
1845340 274
1845350 274
1845360 274
1845370 273
1845380 273
1845390 273
1845400 273
1845410 272
1845420 272
1845430 272
1845440 271
1845450 271
1845460 270
1845470 270
1845480 270
1845490 269
1845500 268
1845510 268
1845520 267
1845530 266
1845540 266
1845550 265
1845560 264
1845570 264
1845580 263
1845590 262
1845600 262
1845610 261
1845620 260
1845630 260
1845640 259
1845650 258
1845660 258
1845670 257
1845680 256
1845690 256
1845700 255
1845710 255
1845720 255
1845730 253
1845740 253
1845750 253
1845760 253
1845770 253
1845780 254
1845790 255
1845800 255
1845810 256
1845820 257
1845830 255
1845840 256
1845850 256
1845860 256
1845870 256
1845880 257
1845890 257
1845900 257
1845910 257
1845920 257
1845930 257
1845940 257
1845950 257
1845960 258
1845970 258
1845980 258
1845990 258
1846000 258
1846010 258
1846020 258
1846030 258
1846040 258
1846050 257
1846060 257
1846070 257
1846080 256
1846090 255
1846100 255
1846110 254
1846120 253
1846130 253
1846140 251
1846150 250
1846160 250
1846170 248
1846180 246
1846190 246
1846200 244
1846210 242
1846220 242
1846230 241
1846240 240
1846250 240
1846260 238
1846270 238
1846280 238
1846290 237
1846300 236
1846310 236
1846320 235
1846330 234
1846340 234
1846350 232
1846360 232
1846370 231
1846380 230
1846390 230
1846400 230
1846410 230
1846420 230
1846430 229
1846440 229
1846450 229
1846460 229
1846470 230
1846480 230
1846490 230
1846500 231
1846510 231
1846520 231
1846530 232
1846540 232
1846550 235
1846560 235
1846570 235
1846580 235
1846590 235
1846600 235
1846610 235
1846620 236
1846630 236
1846640 236
1846650 236
1846660 236
1846670 236
1846680 236
1846690 236
1846700 236
1846710 236
1846720 236
1846730 236
1846740 236
1846750 236
1846760 236
1846770 235
1846780 235
1846790 235
1846800 235
1846810 235
1846820 236
1846830 236
1846840 236
1846850 237
1846860 237
1846870 237
1846880 236
1846890 236
1846900 236
1846910 237
1846920 237
1846930 237
1846940 236
1846950 236
1846960 236
1846970 236
1846980 236
1846990 236
1847000 236
1847010 236
1847020 236
1847030 236
1847040 236
1847050 237
1847060 237
1847070 237
1847080 238
1847090 238
1847100 238
1847110 238
1847120 238
1847130 238
1847140 237
1847150 236
1847160 236
1847170 234
1847180 232
1847190 232
1847200 230
1847210 229
1847220 229
1847230 228
1847240 227
1847250 227
1847260 226
1847270 226
1847280 226
1847290 225
1847300 225
1847310 225
1847320 224
1847330 223
1847340 223
1847350 223
1847360 222
1847370 222
1847380 221
1847390 221
1847400 221
1847410 220
1847420 220
1847430 220
1847440 219
1847450 219
1847460 219
1847470 219
1847480 219
1847490 219
1847500 219
1847510 218
1847520 218
1847530 218
1847540 218
1847550 218
1847560 218
1847570 218
1847580 218
1847590 218
1847600 218
1847610 218
1847620 218
1847630 218
1847640 218
1847650 218
1847660 219
1847670 219
1847680 219
1847690 219
1847700 219
1847710 219
1847720 219
1847730 219
1847740 220
1847750 220
1847760 220
1847770 222
1847780 222
1847790 222
1847800 223
1847810 223
1847820 225
1847830 228
1847840 228
1847850 231
1847860 233
1847870 233
1847880 236
1847890 238
1847900 238
1847910 240
1847920 241
1847930 241
1847940 243
1847950 245
1847960 245
1847970 247
1847980 249
1847990 248
1848000 250
1848010 251
1848020 251
1848030 252
1848040 253
1848050 253
1848060 254
1848070 255
1848080 255
1848090 255
1848100 256
1848110 256
1848120 257
1848130 257
1848140 257
1848150 258
1848160 259
1848170 259
1848180 260
1848190 261
1848200 261
1848210 262
1848220 262
1848230 262
1848240 263
1848250 264
1848260 264
1848270 264
1848280 264
1848290 264
1848300 265
1848310 265
1848320 265
1848330 265
1848340 265
1848350 265
1848360 265
1848370 265
1848380 265
1848390 265
1848400 265
1848410 266
1848420 266
1848430 266
1848440 266
1848450 267
1848460 267
1848470 267
1848480 268
1848490 268
1848500 268
1848510 269
1848520 269
1848530 269
1848540 270
1848550 270
1848560 270
1848570 271
1848580 271
1848590 272
1848600 273
1848610 273
1848620 274
1848630 274
1848640 274
1848650 275
1848660 276
1848670 276
1848680 276
1848690 277
1848700 277
1848710 276
1848720 276
1848730 276
1848740 277
1848750 277
1848760 277
1848770 277
1848780 278
1848790 278
1848800 278
1848810 278
1848820 278
1848830 279
1848840 279
1848850 279
1848860 279
1848870 280
1848880 280
1848890 280
1848900 280
1848910 280
1848920 281
1848930 281
1848940 281
1848950 281
1848960 282
1848970 282
1848980 282
1848990 282
1849000 282
1849010 282
1849020 282
1849030 282
1849040 283
1849050 283
1849060 283
1849070 283
1849080 283
1849090 283
1849100 283
1849110 283
1849120 282
1849130 282
1849140 282
1849150 282
1849160 282
1849170 282
1849180 282
1849190 282
1849200 282
1849210 282
1849220 281
1849230 281
1849240 281
1849250 281
1849260 281
1849270 280
1849280 280
1849290 280
1849300 280
1849310 279
1849320 279
1849330 279
1849340 278
1849350 278
1849360 277
1849370 277
1849380 277
1849390 276
1849400 275
1849410 275
1849420 274
1849430 273
1849440 273
1849450 272
1849460 272
1849470 272
1849480 270
1849490 270
1849500 270
1849510 269
1849520 269
1849530 269
1849540 268
1849550 268
1849560 268
1849570 268
1849580 268
1849590 268
1849600 268
1849610 267
1849620 267
1849630 267
1849640 266
1849650 266
1849660 266
1849670 266
1849680 265
1849690 265
1849700 265
1849710 265
1849720 264
1849730 264
1849740 264
1849750 263
1849760 263
1849770 262
1849780 262
1849790 262
1849800 261
1849810 261
1849820 261
1849830 262
1849840 263
1849850 263
1849860 263
1849870 264
1849880 264
1849890 265
1849900 265
1849910 265
1849920 266
1849930 267
1849940 267
1849950 267
1849960 268
1849970 268
1849980 269
1849990 270
1850000 270
1850010 270
1850020 271
1850030 271
1850040 272
1850050 273
1850060 273
1850070 273
1850080 274
1850090 274
1850100 275
1850110 275
1850120 275
1850130 276
1850140 276
1850150 276
1850160 276
1850170 277
1850180 277
1850190 277
1850200 277
1850210 277
1850220 278
1850230 278
1850240 278
1850250 278
1850260 278
1850270 278
1850280 278
1850290 278
1850300 278
1850310 278
1850320 278
1850330 278
1850340 278
1850350 278
1850360 278
1850370 278
1850380 278
1850390 278
1850400 277
1850410 277
1850420 277
1850430 277
1850440 277
1850450 277
1850460 277
1850470 277
1850480 276
1850490 276
1850500 276
1850510 276
1850520 276
1850530 276
1850540 275
1850550 275
1850560 275
1850570 275
1850580 274
1850590 274
1850600 274
1850610 273
1850620 273
1850630 273
1850640 272
1850650 272
1850660 272
1850670 271
1850680 271
1850690 271
1850700 271
1850710 271
1850720 271
1850730 270
1850740 270
1850750 270
1850760 270
1850770 270
1850780 269
1850790 269
1850800 269
1850810 269
1850820 269
1850830 269
1850840 269
1850850 269
1850860 270
1850870 269
1850880 269
1850890 269
1850900 269
1850910 269
1850920 269
1850930 268
1850940 268
1850950 268
1850960 268
1850970 268
1850980 268
1850990 267
1851000 267
1851010 267
1851020 267
1851030 267
1851040 267
1851050 267
1851060 267
1851070 267
1851080 267
1851090 267
1851100 267
1851110 267
1851120 267
1851130 267
1851140 267
1851150 267
1851160 267
1851170 267
1851180 267
1851190 267
1851200 266
1851210 267
1851220 267
1851230 267
1851240 267
1851250 267
1851260 267
1851270 267
1851280 267
1851290 267
1851300 267
1851310 268
1851320 268
1851330 268
1851340 268
1851350 268
1851360 268
1851370 267
1851380 267
1851390 267
1851400 267
1851410 267
1851420 267
1851430 267
1851440 267
1851450 267
1851460 266
1851470 266
1851480 266
1851490 266
1851500 265
1851510 265
1851520 265
1851530 264
1851540 264
1851550 264
1851560 263
1851570 262
1851580 261
1851590 260
1851600 260
1851610 259
1851620 258
1851630 258
1851640 258
1851650 258
1851660 257
1851670 256
1851680 256
1851690 256
1851700 255
1851710 255
1851720 255
1851730 254
1851740 254
1851750 254
1851760 253
1851770 253
1851780 253
1851790 253
1851800 253
1851810 252
1851820 252
1851830 252
1851840 251
1851850 250
1851860 250
1851870 249
1851880 248
1851890 248
1851900 247
1851910 246
1851920 246
1851930 244
1851940 243
1851950 243
1851960 242
1851970 240
1851980 240
1851990 239
1852000 238
1852010 238
1852020 237
1852030 236
1852040 236
1852050 235
1852060 234
1852070 234
1852080 234
1852090 233
1852100 233
1852110 232
1852120 232
1852130 232
1852140 232
1852150 232
1852160 232
1852170 232
1852180 233
1852190 233
1852200 233
1852210 234
1852220 234
1852230 235
1852240 235
1852250 235
1852260 235
1852270 235
1852280 234
1852290 234
1852300 233
1852310 233
1852320 233
1852330 233
1852340 232
1852350 231
1852360 231
1852370 231
1852380 231
1852390 231
1852400 230
1852410 230
1852420 230
1852430 230
1852440 229
1852450 229
1852460 229
1852470 229
1852480 229
1852490 229
1852500 228
1852510 228
1852520 228
1852530 228
1852540 228
1852550 227
1852560 227
1852570 227
1852580 226
1852590 226
1852600 226
1852610 225
1852620 225
1852630 225
1852640 224
1852650 223
1852660 223
1852670 222
1852680 221
1852690 221
1852700 221
1852710 220
1852720 220
1852730 219
1852740 218
1852750 218
1852760 217
1852770 216
1852780 216
1852790 215
1852800 215
1852810 215
1852820 214
1852830 213
1852840 213
1852850 213
1852860 212
1852870 212
1852880 212
1852890 211
1852900 211
1852910 211
1852920 210
1852930 210
1852940 209
1852950 209
1852960 209
1852970 208
1852980 208
1852990 207
1853000 207
1853010 207
1853020 206
1853030 206
1853040 206
1853050 205
1853060 205
1853070 205
1853080 205
1853090 205
1853100 205
1853110 204
1853120 204
1853130 204
1853140 204
1853150 204
1853160 204
1853170 204
1853180 204
1853190 204
1853200 207
1853210 207
1853220 207
1853230 203
1853240 202
1853250 202
1853260 202
1853270 201
1853280 201
1853290 201
1853300 201
1853310 201
1853320 200
1853330 200
1853340 200
1853350 200
1853360 199
1853370 199
1853380 199
1853390 198
1853400 198
1853410 198
1853420 198
1853430 198
1853440 198
1853450 198
1853460 198
1853470 198
1853480 198
1853490 198
1853500 198
1853510 198
1853520 198
1853530 198
1853540 198
1853550 198
1853560 198
1853570 198
1853580 198
1853590 197
1853600 197
1853610 197
1853620 197
1853630 197
1853640 197
1853650 197
1853660 197
1853670 197
1853680 197
1853690 197
1853700 196
1853710 197
1853720 197
1853730 197
1853740 197
1853750 197
1853760 197
1853770 197
1853780 197
1853790 197
1853800 197
1853810 197
1853820 197
1853830 197
1853840 197
1853850 198
1853860 199
1853870 199
1853880 201
1853890 202
1853900 202
1853910 203
1853920 205
1853930 205
1853940 207
1853950 209
1853960 209
1853970 212
1853980 215
1853990 215
1854000 217
1854010 219
1854020 219
1854030 223
1854040 227
1854050 227
1854060 230
1854070 234
1854080 234
1854090 238
1854100 239
1854110 239
1854120 240
1854130 241
1854140 241
1854150 243
1854160 244
1854170 244
1854180 245
1854190 246
1854200 246
1854210 247
1854220 248
1854230 248
1854240 249
1854250 250
1854260 250
1854270 251
1854280 252
1854290 252
1854300 253
1854310 253
1854320 253
1854330 254
1854340 254
1854350 254
1854360 255
1854370 255
1854380 255
1854390 255
1854400 255
1854410 255
1854420 255
1854430 255
1854440 255
1854450 254
1854460 254
1854470 254
1854480 253
1854490 253
1854500 253
1854510 253
1854520 253
1854530 252
1854540 252
1854550 252
1854560 252
1854570 252
1854580 252
1854590 252
1854600 252
1854610 252
1854620 252
1854630 251
1854640 251
1854650 251
1854660 251
1854670 251
1854680 251
1854690 251
1854700 251
1854710 251
1854720 250
1854730 250
1854740 250
1854750 250
1854760 248
1854770 248
1854780 248
1854790 248
1854800 247
1854810 247
1854820 247
1854830 246
1854840 246
1854850 246
1854860 245
1854870 245
1854880 245
1854890 244
1854900 243
1854910 243
1854920 242
1854930 241
1854940 241
1854950 239
1854960 239
1854970 238
1854980 237
1854990 237
1855000 236
1855010 235
1855020 235
1855030 234
1855040 232
1855050 232
1855060 231
1855070 230
1855080 230
1855090 229
1855100 228
1855110 227
1855120 226
1855130 225
1855140 225
1855150 225
1855160 224
1855170 224
1855180 224
1855190 223
1855200 223
1855210 223
1855220 223
1855230 223
1855240 223
1855250 223
1855260 223
1855270 223
1855280 223
1855290 223
1855300 223
1855310 223
1855320 223
1855330 223
1855340 223
1855350 223
1855360 224
1855370 224
1855380 224
1855390 225
1855400 226
1855410 226
1855420 226
1855430 227
1855440 227
1855450 227
1855460 227
1855470 227
1855480 227
1855490 228
1855500 228
1855510 228
1855520 228
1855530 228
1855540 228
1855550 228
1855560 228
1855570 228
1855580 227
1855590 227
1855600 227
1855610 227
1855620 227
1855630 227
1855640 227
1855650 226
1855660 226
1855670 226
1855680 226
1855690 226
1855700 226
1855710 227
1855720 227
1855730 227
1855740 227
1855750 226
1855760 226
1855770 226
1855780 226
1855790 226
1855800 225
1855810 225
1855820 225
1855830 224
1855840 224
1855850 224
1855860 223
1855870 223
1855880 223
1855890 223
1855900 222
1855910 222
1855920 222
1855930 221
1855940 221
1855950 221
1855960 220
1855970 220
1855980 219
1855990 219
1856000 219
1856010 218
1856020 218
1856030 218
1856040 217
1856050 216
1856060 216
1856070 216
1856080 215
1856090 215
1856100 214
1856110 214
1856120 214
1856130 213
1856140 212
1856150 212
1856160 212
1856170 211
1856180 211
1856190 210
1856200 209
1856210 209
1856220 209
1856230 208
1856240 208
1856250 208
1856260 207
1856270 207
1856280 207
1856290 207
1856300 206
1856310 206
1856320 206
1856330 205
1856340 204
1856350 204
1856360 203
1856370 203
1856380 203
1856390 202
1856400 201
1856410 201
1856420 200
1856430 200
1856440 200
1856450 199
1856460 198
1856470 198
1856480 197
1856490 197
1856500 197
1856510 196
1856520 196
1856530 196
1856540 196
1856550 196
1856560 196
1856570 197
1856580 197
1856590 197
1856600 197
1856610 198
1856620 198
1856630 198
1856640 199
1856650 199
1856660 200
1856670 201
1856680 201
1856690 202
1856700 203
1856710 203
1856720 204
1856730 204
1856740 204
1856750 205
1856760 206
1856770 206
1856780 207
1856790 208
1856800 208
1856810 209
1856820 210
1856830 210
1856840 210
1856850 210
1856860 210
1856870 211
1856880 211
1856890 211
1856900 211
1856910 211
1856920 211
1856930 212
1856940 212
1856950 212
1856960 212
1856970 212
1856980 212
1856990 212
1857000 212
1857010 213
1857020 213
1857030 213
1857040 213
1857050 214
1857060 214
1857070 214
1857080 214
1857090 214
1857100 214
1857110 214
1857120 214
1857130 214
1857140 214
1857150 214
1857160 214
1857170 213
1857180 213
1857190 213
1857200 213
1857210 213
1857220 214
1857230 214
1857240 214
1857250 215
1857260 215
1857270 215
1857280 215
1857290 216
1857300 216
1857310 216
1857320 217
1857330 217
1857340 217
1857350 218
1857360 218
1857370 218
1857380 219
1857390 219
1857400 219
1857410 220
1857420 220
1857430 220
1857440 220
1857450 220
1857460 221
1857470 221
1857480 221
1857490 221
1857500 221
1857510 221
1857520 222
1857530 222
1857540 222
1857550 222
1857560 222
1857570 223
1857580 223
1857590 223
1857600 223
1857610 223
1857620 223
1857630 223
1857640 223
1857650 223
1857660 223
1857670 223
1857680 223
1857690 223
1857700 222
1857710 222
1857720 222
1857730 222
1857740 222
1857750 222
1857760 222
1857770 222
1857780 222
1857790 221
1857800 221
1857810 221
1857820 221
1857830 221
1857840 221
1857850 221
1857860 221
1857870 221
1857880 221
1857890 221
1857900 221
1857910 220
1857920 221
1857930 221
1857940 220
1857950 220
1857960 220
1857970 219
1857980 219
1857990 218
1858000 218
1858010 218
1858020 217
1858030 217
1858040 217
1858050 216
1858060 215
1858070 215
1858080 215
1858090 217
1858100 217
1858110 217
1858120 213
1858130 213
1858140 213
1858150 214
1858160 214
1858170 215
1858180 216
1858190 216
1858200 217
1858210 217
1858220 217
1858230 217
1858240 217
1858250 218
1858260 218
1858270 218
1858280 219
1858290 219
1858300 219
1858310 219
1858320 220
1858330 220
1858340 220
1858350 220
1858360 220
1858370 221
1858380 221
1858390 221
1858400 221
1858410 221
1858420 221
1858430 221
1858440 222
1858450 222
1858460 222
1858470 222
1858480 222
1858490 222
1858500 222
1858510 222
1858520 222
1858530 221
1858540 221
1858550 221
1858560 221
1858570 221
1858580 222
1858590 222
1858600 222
1858610 222
1858620 222
1858630 222
1858640 222
1858650 221
1858660 221
1858670 221
1858680 221
1858690 221
1858700 221
1858710 220
1858720 220
1858730 220
1858740 220
1858750 220
1858760 219
1858770 218
1858780 218
1858790 218
1858800 217
1858810 217
1858820 216
1858830 215
1858840 215
1858850 214
1858860 213
1858870 213
1858880 213
1858890 212
1858900 212
1858910 211
1858920 211
1858930 209
1858940 208
1858950 208
1858960 208
1858970 206
1858980 206
1858990 206
1859000 205
1859010 205
1859020 205
1859030 204
1859040 204
1859050 204
1859060 203
1859070 203
1859080 203
1859090 203
1859100 203
1859110 203
1859120 203
1859130 203
1859140 203
1859150 203
1859160 203
1859170 203
1859180 203
1859190 203
1859200 203
1859210 203
1859220 203
1859230 203
1859240 203
1859250 203
1859260 203
1859270 203
1859280 203
1859290 204
1859300 204
1859310 204
1859320 204
1859330 204
1859340 204
1859350 204
1859360 204
1859370 204
1859380 204
1859390 204
1859400 204
1859410 204
1859420 204
1859430 204
1859440 205
1859450 205
1859460 205
1859470 205
1859480 204
1859490 204
1859500 204
1859510 204
1859520 204
1859530 204
1859540 204
1859550 204
1859560 204
1859570 204
1859580 204
1859590 204
1859600 204
1859610 204
1859620 204
1859630 204
1859640 204
1859650 204
1859660 204
1859670 204
1859680 204
1859690 204
1859700 204
1859710 204
1859720 204
1859730 205
1859740 205
1859750 205
1859760 205
1859770 205
1859780 205
1859790 205
1859800 206
1859810 206
1859820 206
1859830 206
1859840 206
1859850 206
1859860 206
1859870 206
1859880 207
1859890 207
1859900 207
1859910 207
1859920 207
1859930 207
1859940 207
1859950 207
1859960 207
1859970 207
1859980 207
1859990 207
