1840000 268
1840010 269
1840020 269
1840030 271
1840040 271
1840050 272
1840060 273
1840070 273
1840080 275
1840090 276
1840100 276
1840110 278
1840120 279
1840130 279
1840140 280
1840150 281
1840160 281
1840170 283
1840180 285
1840190 285
1840200 287
1840210 289
1840220 289
1840230 291
1840240 292
1840250 292
1840260 293
1840270 295
1840280 295
1840290 295
1840300 295
1840310 295
1840320 296
1840330 296
1840340 296
1840350 296
1840360 296
1840370 296
1840380 296
1840390 296
1840400 296
1840410 296
1840420 296
1840430 296
1840440 296
1840450 296
1840460 296
1840470 296
1840480 296
1840490 296
1840500 295
1840510 295
1840520 295
1840530 295
1840540 294
1840550 294
1840560 294
1840570 293
1840580 293
1840590 293
1840600 292
1840610 292
1840620 292
1840630 291
1840640 291
1840650 290
1840660 290
1840670 290
1840680 289
1840690 289
1840700 288
1840710 288
1840720 288
1840730 287
1840740 286
1840750 286
1840760 285
1840770 285
1840780 285
1840790 284
1840800 283
1840810 283
1840820 283
1840830 282
1840840 282
1840850 281
1840860 280
1840870 280
1840880 280
1840890 279
1840900 279
1840910 278
1840920 278
1840930 278
1840940 277
1840950 276
1840960 276
1840970 275
1840980 275
1840990 275
1841000 274
1841010 273
1841020 273
1841030 272
1841040 271
1841050 271
1841060 271
1841070 270
1841080 270
1841090 269
1841100 268
1841110 268
1841120 267
1841130 267
1841140 267
1841150 266
1841160 265
1841170 265
1841180 265
1841190 264
1841200 264
1841210 263
1841220 262
1841230 262
1841240 262
1841250 261
1841260 261
1841270 260
1841280 259
1841290 259
1841300 258
1841310 257
1841320 257
1841330 256
1841340 256
1841350 255
1841360 254
1841370 254
1841380 253
1841390 252
1841400 252
1841410 251
1841420 250
1841430 250
1841440 250
1841450 249
1841460 249
1841470 249
1841480 248
1841490 248
1841500 248
1841510 248
1841520 248
1841530 248
1841540 247
1841550 247
1841560 247
1841570 247
1841580 247
1841590 247
1841600 247
1841610 247
1841620 247
1841630 248
1841640 248
1841650 249
1841660 250
1841670 250
1841680 251
1841690 252
1841700 252
1841710 253
1841720 253
1841730 253
1841740 253
1841750 253
1841760 253
1841770 254
1841780 254
1841790 254
1841800 256
1841810 257
1841820 257
1841830 258
1841840 260
1841850 260
1841860 261
1841870 262
1841880 260
1841890 260
1841900 261
1841910 261
1841920 261
1841930 262
1841940 262
1841950 262
1841960 262
1841970 262
1841980 262
1841990 263
1842000 263
1842010 263
1842020 263
1842030 264
1842040 265
1842050 265
1842060 265
1842070 266
1842080 266
1842090 268
1842100 269
1842110 269
1842120 270
1842130 271
1842140 271
1842150 271
1842160 271
1842170 271
1842180 272
1842190 272
1842200 272
1842210 273
1842220 273
1842230 273
1842240 274
1842250 274
1842260 274
1842270 275
1842280 276
1842290 276
1842300 277
1842310 278
1842320 278
1842330 279
1842340 280
1842350 280
1842360 281
1842370 282
1842380 282
1842390 283
1842400 284
1842410 284
1842420 285
1842430 286
1842440 286
1842450 287
1842460 288
1842470 288
1842480 289
1842490 289
1842500 289
1842510 290
1842520 290
1842530 290
1842540 290
1842550 291
1842560 291
1842570 291
1842580 290
1842590 290
1842600 290
1842610 289
1842620 289
1842630 289
1842640 288
1842650 288
1842660 287
1842670 287
1842680 287
1842690 286
1842700 286
1842710 285
1842720 284
1842730 284
1842740 282
1842750 280
1842760 280
1842770 278
1842780 277
1842790 277
1842800 277
1842810 276
1842820 276
1842830 275
1842840 274
1842850 274
1842860 274
1842870 273
1842880 273
1842890 273
1842900 272
1842910 272
1842920 271
1842930 269
1842940 269
1842950 267
1842960 266
1842970 266
1842980 265
1842990 264
1843000 264
1843010 263
1843020 262
1843030 262
1843040 261
1843050 260
1843060 260
1843070 257
1843080 255
1843090 255
1843100 257
1843110 258
1843120 258
1843130 258
1843140 259
1843150 259
1843160 259
1843170 260
1843180 260
1843190 260
1843200 260
1843210 260
1843220 260
1843230 260
1843240 260
1843250 260
1843260 261
1843270 261
1843280 261
1843290 262
1843300 262
1843310 262
1843320 262
1843330 262
1843340 264
1843350 264
1843360 264
1843370 264
1843380 264
1843390 264
1843400 265
1843410 265
1843420 265
1843430 266
1843440 266
1843450 266
1843460 266
1843470 266
1843480 267
1843490 267
1843500 267
1843510 268
1843520 268
1843530 268
1843540 269
1843550 269
1843560 269
1843570 270
1843580 270
1843590 270
1843600 271
1843610 271
1843620 271
1843630 271
1843640 272
1843650 272
1843660 272
1843670 271
1843680 271
1843690 271
1843700 270
1843710 270
1843720 269
1843730 269
1843740 269
1843750 268
1843760 267
1843770 267
1843780 266
1843790 265
1843800 265
1843810 264
1843820 263
1843830 263
1843840 262
1843850 260
1843860 260
1843870 259
1843880 258
1843890 258
1843900 257
1843910 256
1843920 256
1843930 255
1843940 253
1843950 253
1843960 252
1843970 252
1843980 251
1843990 250
1844000 250
1844010 248
1844020 247
1844030 247
1844040 246
1844050 245
1844060 245
1844070 243
1844080 242
1844090 242
1844100 241
1844110 240
1844120 240
1844130 239
1844140 238
1844150 238
1844160 237
1844170 236
1844180 236
1844190 235
1844200 235
1844210 235
1844220 234
1844230 234
1844240 234
1844250 235
1844260 236
1844270 236
1844280 237
1844290 239
1844300 239
1844310 241
1844320 244
1844330 244
1844340 246
1844350 247
1844360 247
1844370 248
1844380 248
1844390 248
1844400 249
1844410 251
1844420 251
1844430 254
1844440 256
1844450 256
1844460 259
1844470 260
1844480 260
1844490 262
1844500 263
1844510 263
1844520 264
1844530 265
1844540 265
1844550 266
1844560 267
1844570 267
1844580 267
1844590 268
1844600 268
1844610 268
1844620 266
1844630 266
1844640 265
1844650 265
1844660 264
1844670 263
1844680 263
1844690 263
1844700 262
1844710 262
1844720 260
1844730 259
1844740 259
1844750 259
1844760 260
1844770 260
1844780 262
1844790 263
1844800 263
1844810 265
1844820 266
1844830 266
1844840 266
1844850 267
1844860 267
1844870 270
1844880 272
1844890 272
1844900 274
1844910 273
1844920 273
1844930 272
1844940 272
1844950 272
1844960 272
1844970 273
1844980 273
1844990 274
1845000 275
1845010 275
1845020 277
1845030 279
1845040 279
1845050 280
1845060 282
1845070 282
1845080 284
1845090 285
1845100 285
1845110 285
1845120 286
1845130 286
1845140 287
1845150 287
1845160 287
1845170 288
1845180 287
1845190 287
1845200 287
1845210 287
1845220 287
1845230 286
1845240 286
1845250 286
1845260 286
1845270 285
1845280 285
1845290 284
1845300 284
1845310 284
1845320 282
1845330 282
1845340 282
1845350 281
1845360 281
1845370 280
1845380 279
1845390 279
1845400 278
1845410 277
1845420 277
1845430 276
1845440 275
1845450 275
1845460 274
1845470 274
1845480 274
1845490 274
1845500 273
1845510 273
1845520 272
1845530 271
1845540 271
1845550 271
1845560 270
1845570 270
1845580 270
1845590 269
1845600 269
1845610 269
1845620 268
1845630 268
1845640 268
1845650 267
1845660 267
1845670 266
1845680 266
1845690 266
1845700 265
1845710 264
1845720 264
1845730 264
1845740 264
1845750 264
1845760 263
1845770 263
1845780 263
1845790 262
1845800 262
1845810 262
1845820 261
1845830 260
1845840 260
1845850 260
1845860 259
1845870 259
1845880 257
1845890 257
1845900 257
1845910 256
1845920 256
1845930 256
1845940 255
1845950 255
1845960 253
1845970 253
1845980 253
1845990 252
1846000 250
1846010 250
1846020 249
1846030 248
1846040 248
1846050 247
1846060 246
1846070 246
1846080 246
1846090 247
1846100 247
1846110 248
1846120 249
1846130 249
1846140 251
1846150 252
1846160 252
1846170 254
1846180 255
1846190 255
1846200 256
1846210 256
1846220 256
1846230 258
1846240 260
1846250 260
1846260 260
1846270 260
1846280 260
1846290 260
1846300 262
1846310 262
1846320 263
1846330 264
1846340 264
1846350 265
1846360 266
1846370 266
1846380 267
1846390 267
1846400 267
1846410 268
1846420 269
1846430 269
1846440 271
1846450 273
1846460 273
1846470 274
1846480 274
1846490 274
1846500 274
1846510 274
1846520 274
1846530 275
1846540 275
1846550 275
1846560 275
1846570 275
1846580 275
1846590 275
1846600 275
1846610 275
1846620 275
1846630 275
1846640 274
1846650 274
1846660 274
1846670 274
1846680 273
1846690 273
1846700 273
1846710 273
1846720 273
1846730 272
1846740 272
1846750 272
1846760 271
1846770 271
1846780 271
1846790 271
1846800 270
1846810 270
1846820 269
1846830 269
1846840 269
1846850 268
1846860 267
1846870 267
1846880 266
1846890 265
1846900 265
1846910 264
1846920 263
1846930 263
1846940 262
1846950 261
1846960 261
1846970 260
1846980 260
1846990 260
1847000 259
1847010 259
1847020 259
1847030 258
1847040 257
1847050 257
1847060 257
1847070 256
1847080 256
1847090 255
1847100 254
1847110 254
1847120 253
1847130 252
1847140 252
1847150 251
1847160 250
1847170 250
1847180 249
1847190 248
1847200 248
1847210 247
1847220 246
1847230 246
1847240 244
1847250 244
1847260 243
1847270 242
1847280 242
1847290 241
1847300 240
1847310 240
1847320 238
1847330 236
1847340 236
1847350 235
1847360 233
1847370 233
1847380 231
1847390 230
1847400 230
1847410 228
1847420 227
1847430 227
1847440 226
1847450 225
1847460 225
1847470 225
1847480 224
1847490 224
1847500 224
1847510 224
1847520 224
1847530 223
1847540 224
1847550 224
1847560 225
1847570 227
1847580 227
1847590 230
1847600 233
1847610 233
1847620 235
1847630 238
1847640 238
1847650 240
1847660 241
1847670 241
1847680 243
1847690 245
1847700 245
1847710 246
1847720 247
1847730 247
1847740 247
1847750 248
1847760 248
1847770 248
1847780 248
1847790 248
1847800 248
1847810 248
1847820 248
1847830 248
1847840 248
1847850 248
1847860 248
1847870 247
1847880 247
1847890 247
1847900 246
1847910 246
1847920 245
1847930 245
1847940 244
1847950 243
1847960 243
1847970 242
1847980 241
1847990 241
1848000 240
1848010 238
1848020 238
1848030 237
1848040 236
1848050 236
1848060 233
1848070 232
1848080 232
1848090 232
1848100 231
1848110 231
1848120 231
1848130 231
1848140 231
1848150 231
1848160 231
1848170 231
1848180 232
1848190 233
1848200 233
1848210 235
1848220 237
1848230 237
1848240 238
1848250 240
1848260 240
1848270 242
1848280 243
1848290 243
1848300 244
1848310 245
1848320 245
1848330 246
1848340 247
1848350 247
1848360 248
1848370 249
1848380 249
1848390 250
1848400 249
1848410 249
1848420 250
1848430 251
1848440 251
1848450 252
1848460 253
1848470 253
1848480 254
1848490 255
1848500 255
1848510 255
1848520 255
1848530 255
1848540 255
1848550 256
1848560 256
1848570 256
1848580 256
1848590 258
1848600 259
1848610 259
1848620 260
1848630 260
1848640 260
1848650 261
1848660 262
1848670 262
1848680 263
1848690 264
1848700 264
1848710 264
1848720 265
1848730 265
1848740 265
1848750 265
1848760 264
1848770 264
1848780 264
1848790 264
1848800 265
1848810 265
1848820 265
1848830 265
1848840 266
1848850 266
1848860 267
1848870 267
1848880 267
1848890 268
1848900 268
1848910 268
1848920 269
1848930 269
1848940 269
1848950 270
1848960 271
1848970 271
1848980 272
1848990 273
1849000 273
1849010 274
1849020 276
1849030 276
1849040 277
1849050 278
1849060 278
1849070 280
1849080 281
1849090 281
1849100 282
1849110 283
1849120 283
1849130 283
1849140 283
1849150 283
1849160 282
1849170 282
1849180 282
1849190 282
1849200 282
1849210 282
1849220 282
1849230 282
1849240 282
1849250 282
1849260 282
1849270 281
1849280 281
1849290 281
1849300 280
1849310 280
1849320 280
1849330 280
1849340 280
1849350 280
1849360 280
1849370 280
1849380 280
1849390 280
1849400 279
1849410 279
1849420 279
1849430 278
1849440 278
1849450 277
1849460 277
1849470 277
1849480 275
1849490 274
1849500 274
1849510 274
1849520 275
1849530 275
1849540 275
1849550 275
1849560 275
1849570 276
1849580 275
1849590 275
1849600 275
1849610 275
1849620 275
1849630 274
1849640 274
1849650 274
1849660 274
1849670 274
1849680 274
1849690 273
1849700 273
1849710 273
1849720 273
1849730 272
1849740 272
1849750 272
1849760 271
1849770 271
1849780 271
1849790 271
1849800 271
1849810 270
1849820 269
1849830 269
1849840 268
1849850 267
1849860 267
1849870 266
1849880 266
1849890 265
1849900 264
1849910 264
1849920 262
1849930 261
1849940 261
1849950 260
1849960 258
1849970 258
1849980 257
1849990 255
1850000 255
1850010 254
1850020 253
1850030 253
1850040 252
1850050 251
1850060 251
1850070 250
1850080 249
1850090 249
1850100 248
1850110 248
1850120 248
1850130 247
1850140 246
1850150 246
1850160 246
1850170 245
1850180 245
1850190 244
1850200 245
1850210 245
1850220 245
1850230 246
1850240 246
1850250 246
1850260 247
1850270 247
1850280 248
1850290 249
1850300 249
1850310 249
1850320 250
1850330 250
1850340 251
1850350 251
1850360 251
1850370 252
1850380 253
1850390 253
1850400 254
1850410 255
1850420 255
1850430 255
1850440 255
1850450 255
1850460 255
1850470 256
1850480 256
1850490 257
1850500 258
1850510 258
1850520 258
1850530 258
1850540 258
1850550 257
1850560 257
1850570 256
1850580 255
1850590 255
1850600 255
1850610 256
1850620 256
1850630 256
1850640 256
1850650 256
1850660 257
1850670 258
1850680 258
1850690 260
1850700 261
1850710 261
1850720 262
1850730 263
1850740 263
1850750 263
1850760 264
1850770 264
1850780 265
1850790 265
1850800 265
1850810 265
1850820 265
1850830 265
1850840 265
1850850 265
1850860 265
1850870 265
1850880 265
1850890 265
1850900 265
1850910 263
1850920 263
1850930 263
1850940 263
1850950 263
1850960 263
1850970 263
1850980 263
1850990 262
1851000 261
1851010 261
1851020 261
1851030 260
1851040 260
1851050 259
1851060 258
1851070 258
1851080 257
1851090 255
1851100 255
1851110 254
1851120 253
1851130 253
1851140 253
1851150 253
1851160 253
1851170 253
1851180 253
1851190 253
1851200 254
1851210 254
1851220 254
1851230 254
1851240 254
1851250 254
1851260 252
1851270 252
1851280 251
1851290 251
1851300 251
1851310 251
1851320 251
1851330 251
1851340 251
1851350 251
1851360 251
1851370 251
1851380 251
1851390 251
1851400 251
1851410 251
1851420 251
1851430 251
1851440 251
1851450 251
1851460 251
1851470 252
1851480 252
1851490 252
1851500 252
1851510 252
1851520 253
1851530 253
1851540 253
1851550 253
1851560 254
1851570 254
1851580 254
1851590 254
1851600 254
1851610 255
1851620 255
1851630 255
1851640 255
1851650 255
1851660 255
1851670 255
1851680 254
1851690 254
1851700 254
1851710 254
1851720 254
1851730 254
1851740 254
1851750 254
1851760 254
1851770 253
1851780 253
1851790 253
1851800 253
1851810 253
1851820 253
1851830 252
1851840 252
1851850 252
1851860 252
1851870 252
1851880 251
1851890 251
1851900 251
1851910 251
1851920 251
1851930 250
1851940 250
1851950 250
1851960 250
1851970 249
1851980 248
1851990 248
1852000 247
1852010 247
1852020 246
1852030 245
1852040 245
1852050 245
1852060 245
1852070 245
1852080 245
1852090 244
1852100 244
1852110 244
1852120 243
1852130 243
1852140 243
1852150 243
1852160 243
1852170 242
1852180 242
1852190 242
1852200 242
1852210 242
1852220 242
1852230 241
1852240 241
1852250 241
1852260 241
1852270 241
1852280 241
1852290 241
1852300 240
1852310 240
1852320 240
1852330 239
1852340 239
1852350 239
1852360 239
1852370 239
1852380 238
1852390 238
1852400 238
1852410 237
1852420 237
1852430 237
1852440 236
1852450 236
1852460 236
1852470 235
1852480 234
1852490 234
1852500 234
1852510 234
1852520 233
1852530 233
1852540 233
1852550 232
1852560 231
1852570 231
1852580 231
1852590 230
1852600 230
1852610 229
1852620 229
1852630 229
1852640 228
1852650 227
1852660 227
1852670 227
1852680 226
1852690 226
1852700 225
1852710 225
1852720 225
1852730 224
1852740 224
1852750 224
1852760 223
1852770 223
1852780 223
1852790 222
1852800 222
1852810 222
1852820 221
1852830 220
1852840 220
1852850 220
1852860 219
1852870 219
1852880 218
1852890 217
1852900 217
1852910 217
1852920 216
1852930 216
1852940 215
1852950 215
1852960 215
1852970 214
1852980 213
1852990 213
1853000 213
1853010 212
1853020 212
1853030 211
1853040 210
1853050 210
1853060 210
1853070 210
1853080 210
1853090 209
1853100 209
1853110 209
1853120 207
1853130 207
1853140 207
1853150 206
1853160 206
1853170 206
1853180 205
1853190 205
1853200 205
1853210 205
1853220 205
1853230 204
1853240 204
1853250 204
1853260 204
1853270 203
1853280 203
1853290 203
1853300 203
1853310 203
1853320 202
1853330 202
1853340 202
1853350 201
1853360 201
1853370 201
1853380 200
1853390 200
1853400 200
1853410 200
1853420 200
1853430 200
1853440 201
1853450 201
1853460 201
1853470 199
1853480 201
1853490 201
1853500 201
1853510 201
1853520 201
1853530 201
1853540 201
1853550 201
1853560 201
1853570 201
1853580 201
1853590 201
1853600 201
1853610 201
1853620 201
1853630 201
1853640 201
1853650 202
1853660 202
1853670 202
1853680 202
1853690 203
1853700 203
1853710 203
1853720 204
1853730 204
1853740 204
1853750 206
1853760 206
1853770 206
1853780 206
1853790 206
1853800 207
1853810 207
1853820 207
1853830 208
1853840 208
1853850 210
1853860 211
1853870 211
1853880 213
1853890 214
1853900 214
1853910 216
1853920 218
1853930 218
1853940 220
1853950 222
1853960 222
1853970 225
1853980 229
1853990 229
1854000 231
1854010 233
1854020 233
1854030 235
1854040 236
1854050 236
1854060 237
1854070 237
1854080 237
1854090 238
1854100 240
1854110 240
1854120 241
1854130 242
1854140 242
1854150 243
1854160 244
1854170 244
1854180 245
1854190 245
1854200 245
1854210 246
1854220 246
1854230 246
1854240 247
1854250 248
1854260 248
1854270 248
1854280 249
1854290 249
1854300 249
1854310 248
1854320 248
1854330 248
1854340 247
1854350 247
1854360 247
1854370 246
1854380 246
1854390 246
1854400 245
1854410 245
1854420 244
1854430 244
1854440 244
1854450 243
1854460 242
1854470 241
1854480 240
1854490 240
1854500 239
1854510 238
1854520 238
1854530 237
1854540 236
1854550 236
1854560 235
1854570 234
1854580 234
1854590 232
1854600 231
1854610 231
1854620 230
1854630 229
1854640 229
1854650 229
1854660 228
1854670 228
1854680 227
1854690 226
1854700 226
1854710 225
1854720 224
1854730 224
1854740 223
1854750 223
1854760 223
1854770 222
1854780 221
1854790 221
1854800 221
1854810 221
1854820 221
1854830 221
1854840 221
1854850 221
1854860 221
1854870 221
1854880 221
1854890 222
1854900 222
1854910 222
1854920 223
1854930 223
1854940 223
1854950 224
1854960 224
1854970 224
1854980 225
1854990 225
1855000 225
1855010 226
1855020 226
1855030 226
1855040 226
1855050 227
1855060 227
1855070 227
1855080 226
1855090 226
1855100 227
1855110 227
1855120 227
1855130 227
1855140 227
1855150 227
1855160 228
1855170 228
1855180 228
1855190 228
1855200 228
1855210 227
1855220 227
1855230 227
1855240 226
1855250 225
1855260 225
1855270 225
1855280 224
1855290 224
1855300 223
1855310 222
1855320 222
1855330 221
1855340 220
1855350 220
1855360 219
1855370 218
1855380 218
1855390 217
1855400 217
1855410 217
1855420 216
1855430 215
1855440 215
1855450 214
1855460 214
1855470 214
1855480 213
1855490 212
1855500 212
1855510 212
1855520 212
1855530 212
1855540 212
1855550 212
1855560 212
1855570 213
1855580 213
1855590 213
1855600 213
1855610 214
1855620 214
1855630 214
1855640 215
1855650 215
1855660 215
1855670 215
1855680 215
1855690 216
1855700 216
1855710 216
1855720 216
1855730 216
1855740 216
1855750 216
1855760 216
1855770 216
1855780 216
1855790 216
1855800 216
1855810 216
1855820 216
1855830 215
1855840 215
1855850 215
1855860 215
1855870 216
1855880 216
1855890 216
1855900 215
1855910 215
1855920 215
1855930 215
1855940 215
1855950 215
1855960 214
1855970 214
1855980 214
1855990 213
1856000 213
1856010 213
1856020 213
1856030 213
1856040 213
1856050 213
1856060 213
1856070 212
1856080 213
1856090 213
1856100 213
1856110 213
1856120 213
1856130 212
1856140 212
1856150 212
1856160 212
1856170 211
1856180 211
1856190 211
1856200 210
1856210 210
1856220 211
1856230 211
1856240 211
1856250 212
1856260 212
1856270 212
1856280 212
1856290 212
1856300 212
1856310 212
1856320 212
1856330 212
1856340 212
1856350 212
1856360 212
1856370 211
1856380 210
1856390 210
1856400 209
1856410 209
1856420 209
1856430 208
1856440 208
1856450 207
1856460 206
1856470 206
1856480 205
1856490 204
1856500 204
1856510 204
1856520 203
1856530 203
1856540 202
1856550 202
1856560 202
1856570 202
1856580 202
1856590 202
1856600 201
1856610 202
1856620 202
1856630 202
1856640 202
1856650 202
1856660 203
1856670 203
1856680 203
1856690 204
1856700 205
1856710 205
1856720 206
1856730 207
1856740 207
1856750 208
1856760 209
1856770 209
1856780 210
1856790 211
1856800 211
1856810 212
1856820 213
1856830 213
1856840 214
1856850 216
1856860 216
1856870 217
1856880 218
1856890 218
1856900 219
1856910 220
1856920 219
1856930 220
1856940 221
1856950 221
1856960 222
1856970 223
1856980 223
1856990 224
1857000 224
1857010 224
1857020 225
1857030 226
1857040 226
1857050 226
1857060 226
1857070 227
1857080 227
1857090 227
1857100 228
1857110 228
1857120 228
1857130 229
1857140 229
1857150 229
1857160 229
1857170 230
1857180 230
1857190 230
1857200 230
1857210 230
1857220 230
1857230 230
1857240 230
1857250 230
1857260 230
1857270 230
1857280 230
1857290 230
1857300 230
1857310 230
1857320 230
1857330 230
1857340 230
1857350 230
1857360 230
1857370 230
1857380 230
1857390 230
1857400 230
1857410 230
1857420 230
1857430 230
1857440 230
1857450 230
1857460 230
1857470 230
1857480 230
1857490 229
1857500 229
1857510 229
1857520 229
1857530 229
1857540 229
1857550 228
1857560 228
1857570 228
1857580 228
1857590 228
1857600 228
1857610 228
1857620 226
1857630 226
1857640 226
1857650 226
1857660 226
1857670 225
1857680 225
1857690 225
1857700 225
1857710 225
1857720 224
1857730 224
1857740 224
1857750 224
1857760 223
1857770 223
1857780 223
1857790 222
1857800 222
1857810 222
1857820 221
1857830 221
1857840 221
1857850 220
1857860 220
1857870 220
1857880 219
1857890 219
1857900 219
1857910 218
1857920 218
1857930 218
1857940 217
1857950 217
1857960 217
1857970 215
1857980 215
1857990 215
1858000 214
1858010 214
1858020 214
1858030 214
1858040 214
1858050 213
1858060 213
1858070 213
1858080 213
1858090 213
1858100 213
1858110 213
1858120 212
1858130 212
1858140 212
1858150 212
1858160 212
1858170 211
1858180 211
1858190 211
1858200 211
1858210 210
1858220 210
1858230 210
1858240 210
1858250 210
1858260 209
1858270 209
1858280 209
1858290 209
1858300 208
1858310 208
1858320 208
1858330 208
1858340 208
1858350 207
1858360 207
1858370 207
1858380 207
1858390 207
1858400 207
1858410 207
1858420 207
1858430 207
1858440 208
1858450 208
1858460 208
1858470 206
1858480 206
1858490 206
1858500 206
1858510 206
1858520 206
1858530 206
1858540 206
1858550 206
1858560 206
1858570 206
1858580 206
1858590 206
1858600 206
1858610 205
1858620 205
1858630 205
1858640 205
1858650 205
1858660 205
1858670 205
1858680 205
1858690 205
1858700 204
1858710 204
1858720 204
1858730 204
1858740 203
1858750 203
1858760 203
1858770 203
1858780 203
1858790 203
1858800 203
1858810 203
1858820 202
1858830 202
1858840 202
1858850 202
1858860 202
1858870 202
1858880 202
1858890 201
1858900 201
1858910 201
1858920 201
1858930 201
1858940 201
1858950 200
1858960 200
1858970 200
1858980 200
1858990 200
1859000 200
1859010 200
1859020 199
1859030 199
1859040 199
1859050 198
1859060 198
1859070 198
1859080 198
1859090 198
1859100 198
1859110 197
1859120 196
1859130 196
1859140 196
1859150 196
1859160 196
1859170 196
1859180 197
1859190 197
1859200 197
1859210 197
1859220 197
1859230 197
1859240 197
1859250 197
1859260 197
1859270 197
1859280 197
1859290 197
1859300 197
1859310 197
1859320 197
1859330 197
1859340 197
1859350 197
1859360 198
1859370 197
1859380 198
1859390 198
1859400 198
1859410 198
1859420 198
1859430 198
1859440 199
1859450 199
1859460 199
1859470 199
1859480 200
1859490 200
1859500 200
1859510 200
1859520 200
1859530 200
1859540 200
1859550 200
1859560 201
1859570 201
1859580 201
1859590 201
1859600 201
1859610 201
1859620 201
1859630 201
1859640 201
1859650 201
1859660 201
1859670 201
1859680 202
1859690 202
1859700 202
1859710 202
1859720 202
1859730 202
1859740 201
1859750 201
1859760 201
1859770 201
1859780 201
1859790 201
1859800 201
1859810 201
1859820 201
1859830 201
1859840 201
1859850 201
1859860 201
1859870 201
1859880 201
1859890 201
1859900 201
1859910 201
1859920 201
1859930 201
1859940 200
1859950 200
1859960 200
1859970 200
1859980 200
1859990 200
