1840000 314
1840010 314
1840020 314
1840030 313
1840040 313
1840050 313
1840060 312
1840070 311
1840080 311
1840090 311
1840100 310
1840110 310
1840120 309
1840130 308
1840140 308
1840150 306
1840160 305
1840170 305
1840180 304
1840190 302
1840200 302
1840210 301
1840220 300
1840230 300
1840240 299
1840250 298
1840260 298
1840270 296
1840280 295
1840290 295
1840300 294
1840310 293
1840320 293
1840330 292
1840340 291
1840350 291
1840360 290
1840370 290
1840380 289
1840390 288
1840400 288
1840410 288
1840420 287
1840430 287
1840440 286
1840450 285
1840460 285
1840470 284
1840480 283
1840490 283
1840500 282
1840510 281
1840520 281
1840530 281
1840540 280
1840550 280
1840560 279
1840570 278
1840580 278
1840590 277
1840600 276
1840610 276
1840620 276
1840630 275
1840640 275
1840650 275
1840660 275
1840670 275
1840680 275
1840690 274
1840700 274
1840710 274
1840720 274
1840730 274
1840740 274
1840750 274
1840760 274
1840770 275
1840780 276
1840790 276
1840800 277
1840810 277
1840820 277
1840830 279
1840840 280
1840850 280
1840860 282
1840870 283
1840880 283
1840890 285
1840900 286
1840910 286
1840920 288
1840930 290
1840940 290
1840950 291
1840960 292
1840970 292
1840980 293
1840990 293
1841000 297
1841010 301
1841020 301
1841030 304
1841040 307
1841050 307
1841060 309
1841070 310
1841080 310
1841090 311
1841100 311
1841110 311
1841120 312
1841130 312
1841140 312
1841150 313
1841160 314
1841170 314
1841180 314
1841190 315
1841200 315
1841210 316
1841220 317
1841230 317
1841240 318
1841250 319
1841260 319
1841270 320
1841280 320
1841290 320
1841300 321
1841310 321
1841320 321
1841330 322
1841340 322
1841350 322
1841360 323
1841370 325
1841380 325
1841390 325
1841400 326
1841410 326
1841420 326
1841430 327
1841440 327
1841450 327
1841460 326
1841470 326
1841480 326
1841490 326
1841500 326
1841510 325
1841520 324
1841530 324
1841540 323
1841550 322
1841560 322
1841570 322
1841580 321
1841590 321
1841600 321
1841610 320
1841620 320
1841630 319
1841640 319
1841650 318
1841660 317
1841670 317
1841680 316
1841690 315
1841700 315
1841710 314
1841720 313
1841730 312
1841740 311
1841750 310
1841760 310
1841770 308
1841780 307
1841790 307
1841800 306
1841810 304
1841820 304
1841830 303
1841840 301
1841850 301
1841860 300
1841870 298
1841880 298
1841890 297
1841900 295
1841910 295
1841920 294
1841930 293
1841940 293
1841950 292
1841960 291
1841970 291
1841980 290
1841990 289
1842000 289
1842010 288
1842020 287
1842030 287
1842040 287
1842050 286
1842060 286
1842070 286
1842080 285
1842090 285
1842100 286
1842110 286
1842120 286
1842130 286
1842140 286
1842150 286
1842160 286
1842170 287
1842180 287
1842190 287
1842200 288
1842210 288
1842220 288
1842230 289
1842240 289
1842250 289
1842260 290
1842270 290
1842280 291
1842290 291
1842300 291
1842310 292
1842320 292
1842330 292
1842340 293
1842350 293
1842360 293
1842370 294
1842380 294
1842390 294
1842400 294
1842410 294
1842420 294
1842430 294
1842440 294
1842450 294
1842460 293
1842470 295
1842480 295
1842490 294
1842500 294
1842510 294
1842520 295
1842530 295
1842540 295
1842550 295
1842560 295
1842570 295
1842580 294
1842590 294
1842600 294
1842610 294
1842620 294
1842630 294
1842640 294
1842650 294
1842660 295
1842670 296
1842680 296
1842690 297
1842700 299
1842710 299
1842720 300
1842730 301
1842740 301
1842750 301
1842760 302
1842770 302
1842780 302
1842790 303
1842800 303
1842810 303
1842820 304
1842830 305
1842840 305
1842850 305
1842860 305
1842870 305
1842880 305
1842890 305
1842900 304
1842910 304
1842920 304
1842930 303
1842940 303
1842950 302
1842960 301
1842970 301
1842980 300
1842990 299
1843000 299
1843010 298
1843020 298
1843030 298
1843040 298
1843050 299
1843060 299
1843070 301
1843080 302
1843090 302
1843100 303
1843110 304
1843120 304
1843130 304
1843140 304
1843150 304
1843160 304
1843170 304
1843180 304
1843190 305
1843200 305
1843210 305
1843220 304
1843230 304
1843240 304
1843250 303
1843260 303
1843270 303
1843280 302
1843290 302
1843300 302
1843310 302
1843320 302
1843330 302
1843340 302
1843350 302
1843360 302
1843370 302
1843380 301
1843390 301
1843400 301
1843410 301
1843420 301
1843430 300
1843440 299
1843450 299
1843460 299
1843470 298
1843480 298
1843490 298
1843500 297
1843510 297
1843520 296
1843530 295
1843540 295
1843550 295
1843560 294
1843570 293
1843580 292
1843590 292
1843600 291
1843610 291
1843620 291
1843630 290
1843640 289
1843650 289
1843660 288
1843670 287
1843680 287
1843690 286
1843700 284
1843710 284
1843720 283
1843730 282
1843740 282
1843750 281
1843760 279
1843770 279
1843780 278
1843790 276
1843800 276
1843810 275
1843820 274
1843830 274
1843840 272
1843850 270
1843860 270
1843870 269
1843880 267
1843890 267
1843900 265
1843910 264
1843920 263
1843930 262
1843940 260
1843950 260
1843960 259
1843970 258
1843980 258
1843990 256
1844000 255
1844010 255
1844020 253
1844030 252
1844040 252
1844050 251
1844060 251
1844070 251
1844080 252
1844090 255
1844100 255
1844110 257
1844120 259
1844130 259
1844140 261
1844150 263
1844160 263
1844170 265
1844180 266
1844190 266
1844200 267
1844210 267
1844220 268
1844230 269
1844240 269
1844250 269
1844260 269
1844270 269
1844280 269
1844290 271
1844300 271
1844310 270
1844320 270
1844330 270
1844340 269
1844350 268
1844360 268
1844370 267
1844380 267
1844390 267
1844400 266
1844410 265
1844420 265
1844430 265
1844440 265
1844450 265
1844460 265
1844470 265
1844480 265
1844490 266
1844500 266
1844510 266
1844520 266
1844530 265
1844540 265
1844550 265
1844560 264
1844570 264
1844580 263
1844590 263
1844600 263
1844610 263
1844620 262
1844630 262
1844640 262
1844650 264
1844660 264
1844670 263
1844680 263
1844690 263
1844700 263
1844710 263
1844720 263
1844730 263
1844740 263
1844750 263
1844760 263
1844770 263
1844780 263
1844790 264
1844800 265
1844810 265
1844820 266
1844830 267
1844840 267
1844850 269
1844860 269
1844870 270
1844880 270
1844890 270
1844900 271
1844910 272
1844920 272
1844930 273
1844940 274
1844950 274
1844960 275
1844970 276
1844980 276
1844990 277
1845000 278
1845010 277
1845020 277
1845030 278
1845040 278
1845050 279
1845060 280
1845070 280
1845080 280
1845090 281
1845100 281
1845110 282
1845120 283
1845130 283
1845140 285
1845150 286
1845160 286
1845170 286
1845180 287
1845190 287
1845200 288
1845210 288
1845220 288
1845230 288
1845240 289
1845250 289
1845260 289
1845270 289
1845280 289
1845290 290
1845300 290
1845310 290
1845320 290
1845330 291
1845340 291
1845350 291
1845360 292
1845370 292
1845380 292
1845390 293
1845400 293
1845410 293
1845420 293
1845430 293
1845440 293
1845450 294
1845460 294
1845470 294
1845480 294
1845490 294
1845500 294
1845510 294
1845520 294
1845530 295
1845540 295
1845550 295
1845560 295
1845570 295
1845580 295
1845590 295
1845600 295
1845610 295
1845620 295
1845630 295
1845640 294
1845650 294
1845660 294
1845670 293
1845680 292
1845690 292
1845700 291
1845710 291
1845720 291
1845730 290
1845740 289
1845750 289
1845760 288
1845770 288
1845780 288
1845790 286
1845800 285
1845810 285
1845820 284
1845830 283
1845840 283
1845850 282
1845860 281
1845870 281
1845880 281
1845890 280
1845900 280
1845910 279
1845920 278
1845930 278
1845940 277
1845950 275
1845960 275
1845970 274
1845980 273
1845990 273
1846000 272
1846010 271
1846020 271
1846030 269
1846040 268
1846050 268
1846060 267
1846070 266
1846080 266
1846090 265
1846100 264
1846110 264
1846120 263
1846130 263
1846140 262
1846150 261
1846160 261
1846170 260
1846180 259
1846190 259
1846200 258
1846210 257
1846220 257
1846230 256
1846240 256
1846250 256
1846260 256
1846270 255
1846280 255
1846290 255
1846300 256
1846310 256
1846320 257
1846330 258
1846340 258
1846350 259
1846360 260
1846370 260
1846380 260
1846390 260
1846400 260
1846410 260
1846420 260
1846430 260
1846440 260
1846450 260
1846460 261
1846470 261
1846480 262
1846490 262
1846500 262
1846510 261
1846520 261
1846530 261
1846540 261
1846550 261
1846560 261
1846570 261
1846580 261
1846590 261
1846600 260
1846610 260
1846620 260
1846630 260
1846640 260
1846650 260
1846660 260
1846670 260
1846680 260
1846690 259
1846700 259
1846710 258
1846720 258
1846730 258
1846740 258
1846750 258
1846760 258
1846770 258
1846780 258
1846790 257
1846800 257
1846810 257
1846820 258
1846830 258
1846840 258
1846850 258
1846860 258
1846870 258
1846880 258
1846890 258
1846900 258
1846910 258
1846920 257
1846930 257
1846940 258
1846950 258
1846960 258
1846970 258
1846980 258
1846990 258
1847000 259
1847010 258
1847020 258
1847030 258
1847040 258
1847050 258
1847060 258
1847070 258
1847080 258
1847090 258
1847100 259
1847110 259
1847120 259
1847130 259
1847140 259
1847150 259
1847160 260
1847170 260
1847180 261
1847190 261
1847200 261
1847210 261
1847220 261
1847230 261
1847240 262
1847250 262
1847260 262
1847270 262
1847280 263
1847290 263
1847300 264
1847310 265
1847320 265
1847330 267
1847340 268
1847350 268
1847360 268
1847370 268
1847380 268
1847390 268
1847400 268
1847410 268
1847420 268
1847430 268
1847440 268
1847450 269
1847460 269
1847470 270
1847480 272
1847490 272
1847500 273
1847510 274
1847520 274
1847530 275
1847540 275
1847550 275
1847560 275
1847570 274
1847580 274
1847590 273
1847600 273
1847610 273
1847620 272
1847630 271
1847640 271
1847650 270
1847660 269
1847670 269
1847680 268
1847690 267
1847700 267
1847710 266
1847720 265
1847730 265
1847740 264
1847750 264
1847760 264
1847770 263
1847780 263
1847790 263
1847800 262
1847810 261
1847820 261
1847830 261
1847840 260
1847850 260
1847860 259
1847870 258
1847880 258
1847890 258
1847900 256
1847910 256
1847920 256
1847930 255
1847940 255
1847950 254
1847960 252
1847970 252
1847980 251
1847990 250
1848000 250
1848010 249
1848020 248
1848030 248
1848040 247
1848050 247
1848060 245
1848070 242
1848080 242
1848090 241
1848100 242
1848110 242
1848120 245
1848130 247
1848140 247
1848150 248
1848160 249
1848170 249
1848180 251
1848190 252
1848200 252
1848210 254
1848220 255
1848230 255
1848240 257
1848250 259
1848260 258
1848270 259
1848280 259
1848290 259
1848300 259
1848310 259
1848320 259
1848330 259
1848340 259
1848350 259
1848360 259
1848370 259
1848380 259
1848390 259
1848400 259
1848410 259
1848420 260
1848430 260
1848440 260
1848450 260
1848460 261
1848470 261
1848480 261
1848490 261
1848500 261
1848510 261
1848520 261
1848530 261
1848540 261
1848550 260
1848560 260
1848570 260
1848580 260
1848590 260
1848600 259
1848610 259
1848620 259
1848630 258
1848640 257
1848650 257
1848660 257
1848670 257
1848680 256
1848690 255
1848700 255
1848710 255
1848720 254
1848730 254
1848740 253
1848750 252
1848760 252
1848770 251
1848780 250
1848790 250
1848800 248
1848810 247
1848820 247
1848830 246
1848840 245
1848850 245
1848860 244
1848870 243
1848880 243
1848890 242
1848900 241
1848910 241
1848920 240
1848930 239
1848940 239
1848950 238
1848960 238
1848970 238
1848980 240
1848990 241
1849000 241
1849010 242
1849020 244
1849030 244
1849040 245
1849050 247
1849060 247
1849070 248
1849080 249
1849090 249
1849100 250
1849110 251
1849120 251
1849130 251
1849140 252
1849150 252
1849160 252
1849170 253
1849180 253
1849190 254
1849200 255
1849210 255
1849220 257
1849230 258
1849240 258
1849250 258
1849260 259
1849270 259
1849280 260
1849290 261
1849300 261
1849310 262
1849320 262
1849330 264
1849340 265
1849350 265
1849360 266
1849370 268
1849380 268
1849390 269
1849400 270
1849410 270
1849420 271
1849430 272
1849440 272
1849450 273
1849460 273
1849470 273
1849480 273
1849490 274
1849500 274
1849510 275
1849520 275
1849530 275
1849540 275
1849550 275
1849560 275
1849570 275
1849580 275
1849590 275
1849600 275
1849610 275
1849620 275
1849630 274
1849640 274
1849650 274
1849660 274
1849670 274
1849680 274
1849690 273
1849700 272
1849710 272
1849720 272
1849730 272
1849740 272
1849750 272
1849760 271
1849770 271
1849780 271
1849790 271
1849800 271
1849810 270
1849820 270
1849830 270
1849840 270
1849850 270
1849860 270
1849870 270
1849880 270
1849890 270
1849900 269
1849910 268
1849920 268
1849930 268
1849940 267
1849950 267
1849960 267
1849970 267
1849980 266
1849990 266
1850000 266
1850010 266
1850020 266
1850030 266
1850040 266
1850050 267
1850060 267
1850070 267
1850080 267
1850090 267
1850100 267
1850110 268
1850120 268
1850130 268
1850140 268
1850150 268
1850160 269
1850170 269
1850180 269
1850190 269
1850200 269
1850210 269
1850220 270
1850230 270
1850240 270
1850250 270
1850260 270
1850270 270
1850280 270
1850290 269
1850300 269
1850310 269
1850320 269
1850330 269
1850340 268
1850350 268
1850360 268
1850370 267
1850380 266
1850390 266
1850400 265
1850410 264
1850420 264
1850430 264
1850440 263
1850450 263
1850460 263
1850470 262
1850480 262
1850490 262
1850500 262
1850510 262
1850520 262
1850530 262
1850540 262
1850550 261
1850560 261
1850570 261
1850580 261
1850590 261
1850600 262
1850610 262
1850620 262
1850630 263
1850640 263
1850650 263
1850660 264
1850670 264
1850680 264
1850690 265
1850700 265
1850710 265
1850720 266
1850730 266
1850740 266
1850750 267
1850760 269
1850770 269
1850780 269
1850790 269
1850800 269
1850810 270
1850820 270
1850830 270
1850840 270
1850850 270
1850860 270
1850870 270
1850880 270
1850890 270
1850900 271
1850910 271
1850920 271
1850930 271
1850940 271
1850950 271
1850960 271
1850970 271
1850980 271
1850990 271
1851000 271
1851010 271
1851020 271
1851030 271
1851040 271
1851050 270
1851060 270
1851070 270
1851080 269
1851090 269
1851100 269
1851110 268
1851120 269
1851130 269
1851140 268
1851150 268
1851160 268
1851170 267
1851180 267
1851190 267
1851200 267
1851210 267
1851220 267
1851230 267
1851240 267
1851250 267
1851260 267
1851270 267
1851280 268
1851290 269
1851300 269
1851310 269
1851320 270
1851330 270
1851340 271
1851350 272
1851360 272
1851370 272
1851380 271
1851390 271
1851400 270
1851410 269
1851420 269
1851430 268
1851440 267
1851450 267
1851460 267
1851470 266
1851480 266
1851490 265
1851500 264
1851510 264
1851520 262
1851530 261
1851540 261
1851550 260
1851560 259
1851570 259
1851580 259
1851590 258
1851600 258
1851610 258
1851620 258
1851630 258
1851640 258
1851650 258
1851660 258
1851670 259
1851680 259
1851690 259
1851700 260
1851710 261
1851720 261
1851730 261
1851740 260
1851750 260
1851760 259
1851770 257
1851780 257
1851790 257
1851800 256
1851810 256
1851820 256
1851830 255
1851840 255
1851850 255
1851860 255
1851870 256
1851880 256
1851890 256
1851900 256
1851910 256
1851920 256
1851930 257
1851940 257
1851950 257
1851960 258
1851970 258
1851980 258
1851990 259
1852000 259
1852010 259
1852020 260
1852030 260
1852040 260
1852050 261
1852060 261
1852070 261
1852080 262
1852090 262
1852100 262
1852110 262
1852120 262
1852130 262
1852140 263
1852150 263
1852160 263
1852170 263
1852180 263
1852190 263
1852200 263
1852210 264
1852220 264
1852230 264
1852240 264
1852250 264
1852260 264
1852270 264
1852280 264
1852290 265
1852300 265
1852310 265
1852320 265
1852330 266
1852340 266
1852350 266
1852360 266
1852370 266
1852380 266
1852390 267
1852400 267
1852410 267
1852420 267
1852430 267
1852440 267
1852450 267
1852460 267
1852470 267
1852480 267
1852490 267
1852500 266
1852510 266
1852520 266
1852530 265
1852540 265
1852550 264
1852560 263
1852570 263
1852580 262
1852590 260
1852600 260
1852610 259
1852620 257
1852630 257
1852640 256
1852650 255
1852660 255
1852670 253
1852680 252
1852690 252
1852700 250
1852710 249
1852720 249
1852730 247
1852740 246
1852750 246
1852760 245
1852770 243
1852780 243
1852790 242
1852800 241
1852810 241
1852820 240
1852830 239
1852840 239
1852850 238
1852860 237
1852870 237
1852880 236
1852890 235
1852900 235
1852910 234
1852920 233
1852930 233
1852940 233
1852950 232
1852960 232
1852970 231
1852980 230
1852990 230
1853000 229
1853010 228
1853020 228
1853030 228
1853040 227
1853050 227
1853060 227
1853070 226
1853080 226
1853090 226
1853100 225
1853110 225
1853120 225
1853130 225
1853140 224
1853150 223
1853160 223
1853170 222
1853180 221
1853190 221
1853200 221
1853210 221
1853220 221
1853230 222
1853240 223
1853250 224
1853260 225
1853270 224
1853280 224
1853290 224
1853300 226
1853310 226
1853320 229
1853330 229
1853340 229
1853350 228
1853360 228
1853370 228
1853380 226
1853390 225
1853400 225
1853410 224
1853420 222
1853430 222
1853440 220
1853450 219
1853460 219
1853470 217
1853480 216
1853490 216
1853500 216
1853510 216
1853520 216
1853530 218
1853540 219
1853550 219
1853560 220
1853570 225
1853580 225
1853590 228
1853600 229
1853610 230
1853620 231
1853630 233
1853640 233
1853650 234
1853660 234
1853670 234
1853680 235
1853690 235
1853700 235
1853710 235
1853720 235
1853730 235
1853740 235
1853750 235
1853760 235
1853770 235
1853780 235
1853790 235
1853800 236
1853810 236
1853820 236
1853830 237
1853840 237
1853850 238
1853860 238
1853870 238
1853880 239
1853890 239
1853900 239
1853910 239
1853920 240
1853930 240
1853940 240
1853950 240
1853960 240
1853970 240
1853980 241
1853990 241
1854000 241
1854010 242
1854020 242
1854030 242
1854040 242
1854050 242
1854060 241
1854070 241
1854080 241
1854090 241
1854100 240
1854110 240
1854120 239
1854130 238
1854140 238
1854150 237
1854160 236
1854170 236
1854180 235
1854190 234
1854200 234
1854210 234
1854220 234
1854230 234
1854240 234
1854250 234
1854260 234
1854270 233
1854280 233
1854290 233
1854300 233
1854310 232
1854320 232
1854330 231
1854340 231
1854350 231
1854360 231
1854370 231
1854380 231
1854390 230
1854400 230
1854410 230
1854420 230
1854430 230
1854440 229
1854450 229
1854460 229
1854470 228
1854480 228
1854490 228
1854500 227
1854510 227
1854520 227
1854530 226
1854540 225
1854550 225
1854560 225
1854570 225
1854580 225
1854590 225
1854600 225
1854610 225
1854620 225
1854630 226
1854640 226
1854650 227
1854660 228
1854670 228
1854680 228
1854690 229
1854700 229
1854710 229
1854720 230
1854730 230
1854740 230
1854750 230
1854760 230
1854770 230
1854780 231
1854790 231
1854800 231
1854810 231
1854820 231
1854830 231
1854840 231
1854850 231
1854860 231
1854870 231
1854880 231
1854890 231
1854900 230
1854910 230
1854920 230
1854930 230
1854940 230
1854950 230
1854960 230
1854970 230
1854980 230
1854990 230
1855000 230
1855010 230
1855020 229
1855030 229
1855040 229
1855050 229
1855060 229
1855070 229
1855080 229
1855090 229
1855100 229
1855110 229
1855120 228
1855130 228
1855140 228
1855150 228
1855160 228
1855170 228
1855180 227
1855190 227
1855200 227
1855210 227
1855220 227
1855230 227
1855240 226
1855250 226
1855260 226
1855270 226
1855280 226
1855290 226
1855300 225
1855310 225
1855320 225
1855330 225
1855340 225
1855350 225
1855360 224
1855370 223
1855380 223
1855390 223
1855400 223
1855410 223
1855420 223
1855430 222
1855440 222
1855450 222
1855460 222
1855470 222
1855480 222
1855490 221
1855500 221
1855510 221
1855520 221
1855530 221
1855540 220
1855550 220
1855560 220
1855570 220
1855580 220
1855590 220
1855600 220
1855610 219
1855620 219
1855630 219
1855640 219
1855650 219
1855660 219
1855670 219
1855680 219
1855690 219
1855700 219
1855710 219
1855720 219
1855730 218
1855740 218
1855750 218
1855760 218
1855770 218
1855780 218
1855790 218
1855800 218
1855810 217
1855820 217
1855830 217
1855840 217
1855850 217
1855860 217
1855870 217
1855880 217
1855890 216
1855900 216
1855910 216
1855920 216
1855930 215
1855940 215
1855950 215
1855960 215
1855970 215
1855980 215
1855990 215
1856000 215
1856010 214
1856020 214
1856030 214
1856040 214
1856050 214
1856060 214
1856070 214
1856080 213
1856090 213
1856100 213
1856110 213
1856120 213
1856130 213
1856140 213
1856150 213
1856160 213
1856170 213
1856180 213
1856190 212
1856200 212
1856210 212
1856220 212
1856230 212
1856240 212
1856250 212
1856260 211
1856270 211
1856280 211
1856290 211
1856300 211
1856310 211
1856320 211
1856330 211
1856340 211
1856350 211
1856360 210
1856370 210
1856380 210
1856390 210
1856400 210
1856410 210
1856420 210
1856430 209
1856440 209
1856450 209
1856460 209
1856470 209
1856480 209
1856490 209
1856500 209
1856510 208
1856520 208
1856530 208
1856540 208
1856550 208
1856560 208
1856570 207
1856580 207
1856590 207
1856600 207
1856610 207
1856620 207
1856630 206
1856640 206
1856650 206
1856660 206
1856670 206
1856680 206
1856690 205
1856700 205
1856710 205
1856720 205
1856730 204
1856740 204
1856750 204
1856760 204
1856770 204
1856780 203
1856790 203
1856800 203
1856810 202
1856820 202
1856830 202
1856840 202
1856850 202
1856860 202
1856870 201
1856880 201
1856890 201
1856900 201
1856910 201
1856920 201
1856930 200
1856940 200
1856950 200
1856960 200
1856970 200
1856980 200
1856990 200
1857000 200
1857010 199
1857020 199
1857030 199
1857040 199
1857050 198
1857060 198
1857070 198
1857080 198
1857090 198
1857100 197
1857110 197
1857120 197
1857130 196
1857140 196
1857150 196
1857160 196
1857170 196
1857180 196
1857190 195
1857200 195
1857210 195
1857220 195
1857230 195
1857240 195
1857250 194
1857260 194
1857270 194
1857280 194
1857290 194
1857300 194
1857310 194
1857320 193
1857330 193
1857340 193
1857350 193
1857360 193
1857370 193
1857380 193
1857390 193
1857400 192
1857410 192
1857420 192
1857430 192
1857440 192
1857450 192
1857460 191
1857470 191
1857480 191
1857490 191
1857500 190
1857510 190
1857520 190
1857530 190
1857540 190
1857550 190
1857560 190
1857570 190
1857580 189
1857590 189
1857600 189
1857610 189
1857620 189
1857630 189
1857640 189
1857650 189
1857660 189
1857670 189
1857680 189
1857690 189
1857700 189
1857710 189
1857720 189
1857730 188
1857740 188
1857750 188
1857760 188
1857770 188
1857780 189
1857790 189
1857800 189
1857810 189
1857820 189
1857830 189
1857840 189
1857850 189
1857860 189
1857870 189
1857880 189
1857890 189
1857900 189
1857910 189
1857920 189
1857930 189
1857940 189
1857950 189
1857960 189
1857970 190
1857980 190
1857990 190
1858000 190
1858010 190
1858020 190
1858030 190
1858040 190
1858050 190
1858060 190
1858070 190
1858080 190
1858090 190
1858100 190
1858110 190
1858120 190
1858130 190
1858140 190
1858150 191
1858160 191
1858170 191
1858180 191
1858190 191
1858200 191
1858210 191
1858220 191
1858230 191
1858240 191
1858250 191
1858260 191
1858270 191
1858280 192
1858290 192
1858300 192
1858310 192
1858320 192
1858330 192
1858340 192
1858350 192
1858360 192
1858370 192
1858380 193
1858390 193
1858400 193
1858410 193
1858420 193
1858430 193
1858440 194
1858450 194
1858460 194
1858470 194
1858480 194
1858490 195
1858500 195
1858510 195
1858520 196
1858530 197
1858540 197
1858550 197
1858560 198
1858570 198
1858580 198
1858590 199
1858600 199
1858610 199
1858620 199
1858630 199
1858640 200
1858650 200
1858660 200
1858670 200
1858680 200
1858690 200
1858700 200
1858710 200
1858720 200
1858730 199
1858740 199
1858750 199
1858760 198
1858770 198
1858780 198
1858790 197
1858800 197
1858810 197
1858820 197
1858830 196
1858840 196
1858850 196
1858860 196
1858870 196
1858880 195
1858890 195
1858900 195
1858910 195
1858920 195
1858930 194
1858940 194
1858950 194
1858960 194
1858970 194
1858980 194
1858990 194
1859000 193
1859010 193
1859020 193
1859030 193
1859040 193
1859050 193
1859060 193
1859070 193
1859080 193
1859090 192
1859100 192
1859110 192
1859120 192
1859130 192
1859140 192
1859150 191
1859160 191
1859170 191
1859180 190
1859190 190
1859200 190
1859210 190
1859220 190
1859230 189
1859240 189
1859250 189
1859260 188
1859270 188
1859280 188
1859290 188
1859300 188
1859310 188
1859320 188
1859330 187
1859340 187
1859350 187
1859360 187
1859370 187
1859380 187
1859390 187
1859400 187
1859410 187
1859420 186
1859430 186
1859440 186
1859450 186
1859460 186
1859470 186
1859480 186
1859490 186
1859500 186
1859510 186
1859520 186
1859530 186
1859540 186
1859550 186
1859560 186
1859570 186
1859580 186
1859590 186
1859600 186
1859610 186
1859620 186
1859630 186
1859640 186
1859650 186
1859660 186
1859670 186
1859680 186
1859690 186
1859700 185
1859710 185
1859720 185
1859730 185
1859740 185
1859750 185
1859760 185
1859770 185
1859780 185
1859790 185
1859800 185
1859810 185
1859820 185
1859830 185
1859840 185
1859850 185
1859860 185
1859870 185
1859880 185
1859890 185
1859900 185
1859910 184
1859920 184
1859930 185
1859940 184
1859950 184
1859960 184
1859970 184
1859980 184
1859990 184
