1840000 313
1840010 313
1840020 312
1840030 311
1840040 311
1840050 310
1840060 309
1840070 309
1840080 307
1840090 306
1840100 306
1840110 305
1840120 304
1840130 304
1840140 303
1840150 302
1840160 302
1840170 300
1840180 300
1840190 300
1840200 299
1840210 298
1840220 298
1840230 297
1840240 296
1840250 296
1840260 295
1840270 295
1840280 295
1840290 294
1840300 293
1840310 293
1840320 292
1840330 291
1840340 291
1840350 290
1840360 289
1840370 289
1840380 288
1840390 288
1840400 288
1840410 287
1840420 287
1840430 286
1840440 285
1840450 285
1840460 285
1840470 284
1840480 284
1840490 283
1840500 282
1840510 282
1840520 282
1840530 281
1840540 281
1840550 280
1840560 279
1840570 279
1840580 278
1840590 278
1840600 278
1840610 277
1840620 277
1840630 277
1840640 277
1840650 276
1840660 276
1840670 276
1840680 276
1840690 276
1840700 276
1840710 276
1840720 276
1840730 276
1840740 276
1840750 276
1840760 276
1840770 276
1840780 276
1840790 276
1840800 275
1840810 275
1840820 275
1840830 275
1840840 275
1840850 276
1840860 277
1840870 277
1840880 279
1840890 281
1840900 281
1840910 284
1840920 287
1840930 287
1840940 290
1840950 292
1840960 292
1840970 295
1840980 298
1840990 298
1841000 302
1841010 305
1841020 305
1841030 309
1841040 312
1841050 312
1841060 314
1841070 314
1841080 316
1841090 317
1841100 317
1841110 318
1841120 318
1841130 318
1841140 319
1841150 319
1841160 319
1841170 319
1841180 320
1841190 320
1841200 321
1841210 322
1841220 322
1841230 322
1841240 323
1841250 323
1841260 324
1841270 325
1841280 325
1841290 326
1841300 327
1841310 327
1841320 328
1841330 328
1841340 328
1841350 329
1841360 329
1841370 329
1841380 329
1841390 329
1841400 329
1841410 328
1841420 328
1841430 328
1841440 327
1841450 326
1841460 326
1841470 325
1841480 324
1841490 324
1841500 324
1841510 323
1841520 323
1841530 322
1841540 321
1841550 321
1841560 320
1841570 319
1841580 319
1841590 317
1841600 316
1841610 316
1841620 315
1841630 314
1841640 314
1841650 312
1841660 311
1841670 311
1841680 310
1841690 309
1841700 309
1841710 307
1841720 307
1841730 305
1841740 304
1841750 304
1841760 303
1841770 301
1841780 301
1841790 300
1841800 298
1841810 298
1841820 297
1841830 296
1841840 296
1841850 294
1841860 293
1841870 293
1841880 292
1841890 291
1841900 291
1841910 291
1841920 291
1841930 291
1841940 291
1841950 291
1841960 291
1841970 291
1841980 291
1841990 291
1842000 292
1842010 293
1842020 293
1842030 294
1842040 295
1842050 295
1842060 295
1842070 296
1842080 296
1842090 296
1842100 296
1842110 296
1842120 296
1842130 296
1842140 296
1842150 296
1842160 297
1842170 297
1842180 298
1842190 298
1842200 298
1842210 299
1842220 299
1842230 299
1842240 299
1842250 301
1842260 301
1842270 302
1842280 302
1842290 302
1842300 302
1842310 302
1842320 302
1842330 302
1842340 302
1842350 303
1842360 304
1842370 305
1842380 306
1842390 306
1842400 306
1842410 306
1842420 307
1842430 307
1842440 307
1842450 307
1842460 307
1842470 307
1842480 308
1842490 308
1842500 308
1842510 308
1842520 308
1842530 308
1842540 308
1842550 308
1842560 308
1842570 308
1842580 308
1842590 308
1842600 308
1842610 308
1842620 308
1842630 309
1842640 309
1842650 309
1842660 310
1842670 310
1842680 310
1842690 311
1842700 311
1842710 312
1842720 312
1842730 312
1842740 314
1842750 314
1842760 314
1842770 315
1842780 314
1842790 314
1842800 314
1842810 314
1842820 314
1842830 313
1842840 313
1842850 313
1842860 312
1842870 312
1842880 312
1842890 311
1842900 310
1842910 310
1842920 310
1842930 309
1842940 309
1842950 309
1842960 308
1842970 308
1842980 307
1842990 307
1843000 307
1843010 307
1843020 307
1843030 308
1843040 308
1843050 308
1843060 308
1843070 308
1843080 308
1843090 308
1843100 307
1843110 307
1843120 307
1843130 306
1843140 306
1843150 306
1843160 306
1843170 306
1843180 305
1843190 305
1843200 305
1843210 304
1843220 304
1843230 304
1843240 304
1843250 303
1843260 303
1843270 303
1843280 302
1843290 302
1843300 302
1843310 301
1843320 301
1843330 301
1843340 300
1843350 300
1843360 299
1843370 298
1843380 298
1843390 297
1843400 297
1843410 297
1843420 296
1843430 295
1843440 295
1843450 294
1843460 293
1843470 292
1843480 291
1843490 290
1843500 290
1843510 289
1843520 288
1843530 288
1843540 287
1843550 286
1843560 286
1843570 285
1843580 284
1843590 284
1843600 284
1843610 283
1843620 283
1843630 283
1843640 283
1843650 282
1843660 281
1843670 281
1843680 280
1843690 280
1843700 280
1843710 279
1843720 278
1843730 278
1843740 277
1843750 275
1843760 275
1843770 274
1843780 273
1843790 273
1843800 271
1843810 270
1843820 270
1843830 268
1843840 266
1843850 266
1843860 265
1843870 264
1843880 264
1843890 262
1843900 261
1843910 261
1843920 260
1843930 259
1843940 259
1843950 258
1843960 257
1843970 257
1843980 256
1843990 255
1844000 255
1844010 254
1844020 252
1844030 252
1844040 252
1844050 253
1844060 253
1844070 256
1844080 258
1844090 258
1844100 262
1844110 265
1844120 265
1844130 267
1844140 269
1844150 269
1844160 270
1844170 271
1844180 271
1844190 273
1844200 274
1844210 274
1844220 275
1844230 276
1844240 276
1844250 276
1844260 276
1844270 276
1844280 276
1844290 276
1844300 277
1844310 277
1844320 277
1844330 277
1844340 276
1844350 276
1844360 276
1844370 276
1844380 276
1844390 276
1844400 276
1844410 276
1844420 275
1844430 276
1844440 276
1844450 276
1844460 276
1844470 276
1844480 276
1844490 276
1844500 276
1844510 277
1844520 276
1844530 276
1844540 276
1844550 276
1844560 277
1844570 277
1844580 277
1844590 277
1844600 277
1844610 276
1844620 276
1844630 276
1844640 275
1844650 275
1844660 275
1844670 275
1844680 275
1844690 275
1844700 275
1844710 275
1844720 275
1844730 274
1844740 274
1844750 273
1844760 273
1844770 273
1844780 272
1844790 271
1844800 271
1844810 271
1844820 270
1844830 270
1844840 270
1844850 270
1844860 270
1844870 271
1844880 273
1844890 273
1844900 274
1844910 274
1844920 276
1844930 276
1844940 276
1844950 277
1844960 277
1844970 277
1844980 278
1844990 278
1845000 278
1845010 278
1845020 279
1845030 279
1845040 280
1845050 281
1845060 281
1845070 281
1845080 282
1845090 282
1845100 283
1845110 284
1845120 284
1845130 285
1845140 285
1845150 285
1845160 286
1845170 287
1845180 287
1845190 288
1845200 289
1845210 289
1845220 289
1845230 290
1845240 290
1845250 291
1845260 291
1845270 291
1845280 293
1845290 293
1845300 293
1845310 294
1845320 294
1845330 294
1845340 295
1845350 295
1845360 295
1845370 296
1845380 296
1845390 296
1845400 297
1845410 298
1845420 298
1845430 298
1845440 298
1845450 298
1845460 298
1845470 298
1845480 298
1845490 298
1845500 298
1845510 298
1845520 298
1845530 298
1845540 298
1845550 298
1845560 298
1845570 298
1845580 297
1845590 297
1845600 297
1845610 296
1845620 296
1845630 295
1845640 294
1845650 294
1845660 294
1845670 293
1845680 293
1845690 293
1845700 292
1845710 292
1845720 291
1845730 290
1845740 290
1845750 288
1845760 286
1845770 286
1845780 285
1845790 284
1845800 284
1845810 283
1845820 282
1845830 282
1845840 281
1845850 280
1845860 280
1845870 279
1845880 278
1845890 278
1845900 277
1845910 276
1845920 276
1845930 275
1845940 274
1845950 274
1845960 272
1845970 272
1845980 272
1845990 271
1846000 268
1846010 268
1846020 267
1846030 266
1846040 266
1846050 265
1846060 264
1846070 264
1846080 263
1846090 262
1846100 262
1846110 261
1846120 260
1846130 260
1846140 260
1846150 259
1846160 259
1846170 259
1846180 259
1846190 259
1846200 260
1846210 260
1846220 260
1846230 261
1846240 261
1846250 262
1846260 262
1846270 262
1846280 263
1846290 265
1846300 265
1846310 266
1846320 267
1846330 267
1846340 267
1846350 268
1846360 268
1846370 269
1846380 268
1846390 268
1846400 268
1846410 268
1846420 268
1846430 268
1846440 267
1846450 267
1846460 266
1846470 265
1846480 265
1846490 265
1846500 264
1846510 264
1846520 264
1846530 264
1846540 264
1846550 264
1846560 265
1846570 265
1846580 265
1846590 264
1846600 264
1846610 264
1846620 264
1846630 264
1846640 264
1846650 264
1846660 264
1846670 264
1846680 264
1846690 264
1846700 264
1846710 265
1846720 265
1846730 265
1846740 264
1846750 264
1846760 263
1846770 263
1846780 263
1846790 264
1846800 264
1846810 264
1846820 264
1846830 264
1846840 265
1846850 265
1846860 265
1846870 265
1846880 265
1846890 265
1846900 265
1846910 265
1846920 265
1846930 264
1846940 263
1846950 263
1846960 263
1846970 263
1846980 263
1846990 264
1847000 265
1847010 265
1847020 265
1847030 265
1847040 265
1847050 265
1847060 265
1847070 265
1847080 265
1847090 266
1847100 266
1847110 266
1847120 266
1847130 266
1847140 267
1847150 267
1847160 267
1847170 267
1847180 268
1847190 268
1847200 268
1847210 269
1847220 269
1847230 269
1847240 271
1847250 271
1847260 271
1847270 272
1847280 272
1847290 272
1847300 272
1847310 272
1847320 272
1847330 273
1847340 273
1847350 274
1847360 275
1847370 275
1847380 276
1847390 277
1847400 277
1847410 277
1847420 278
1847430 278
1847440 278
1847450 278
1847460 278
1847470 278
1847480 278
1847490 278
1847500 278
1847510 278
1847520 277
1847530 277
1847540 277
1847550 276
1847560 275
1847570 275
1847580 274
1847590 273
1847600 273
1847610 272
1847620 270
1847630 270
1847640 269
1847650 268
1847660 268
1847670 267
1847680 266
1847690 266
1847700 265
1847710 264
1847720 264
1847730 262
1847740 261
1847750 261
1847760 261
1847770 260
1847780 260
1847790 259
1847800 258
1847810 258
1847820 256
1847830 256
1847840 256
1847850 255
1847860 253
1847870 253
1847880 252
1847890 249
1847900 249
1847910 249
1847920 247
1847930 247
1847940 245
1847950 244
1847960 244
1847970 243
1847980 243
1847990 243
1848000 242
1848010 241
1848020 241
1848030 241
1848040 240
1848050 240
1848060 240
1848070 239
1848080 239
1848090 238
1848100 238
1848110 238
1848120 241
1848130 241
1848140 243
1848150 245
1848160 245
1848170 244
1848180 245
1848190 245
1848200 246
1848210 247
1848220 247
1848230 248
1848240 248
1848250 248
1848260 247
1848270 247
1848280 247
1848290 247
1848300 246
1848310 246
1848320 246
1848330 246
1848340 246
1848350 247
1848360 247
1848370 247
1848380 248
1848390 249
1848400 249
1848410 249
1848420 250
1848430 250
1848440 251
1848450 252
1848460 252
1848470 253
1848480 254
1848490 254
1848500 255
1848510 256
1848520 256
1848530 256
1848540 256
1848550 256
1848560 256
1848570 256
1848580 256
1848590 256
1848600 256
1848610 256
1848620 255
1848630 255
1848640 255
1848650 255
1848660 254
1848670 254
1848680 254
1848690 253
1848700 253
1848710 252
1848720 252
1848730 251
1848740 250
1848750 250
1848760 249
1848770 248
1848780 248
1848790 247
1848800 246
1848810 246
1848820 245
1848830 244
1848840 244
1848850 242
1848860 241
1848870 241
1848880 241
1848890 239
1848900 239
1848910 238
1848920 237
1848930 237
1848940 236
1848950 236
1848960 236
1848970 236
1848980 236
1848990 236
1849000 238
1849010 241
1849020 241
1849030 243
1849040 245
1849050 245
1849060 247
1849070 247
1849080 247
1849090 248
1849100 249
1849110 249
1849120 249
1849130 250
1849140 250
1849150 251
1849160 252
1849170 252
1849180 253
1849190 254
1849200 254
1849210 256
1849220 257
1849230 257
1849240 258
1849250 259
1849260 259
1849270 260
1849280 261
1849290 261
1849300 262
1849310 264
1849320 264
1849330 265
1849340 266
1849350 266
1849360 266
1849370 266
1849380 267
1849390 267
1849400 267
1849410 267
1849420 267
1849430 267
1849440 268
1849450 268
1849460 268
1849470 268
1849480 269
1849490 269
1849500 269
1849510 270
1849520 270
1849530 270
1849540 270
1849550 270
1849560 271
1849570 271
1849580 271
1849590 271
1849600 270
1849610 270
1849620 270
1849630 270
1849640 270
1849650 269
1849660 269
1849670 269
1849680 269
1849690 269
1849700 269
1849710 269
1849720 269
1849730 269
1849740 269
1849750 269
1849760 269
1849770 268
1849780 268
1849790 268
1849800 268
1849810 268
1849820 268
1849830 268
1849840 268
1849850 268
1849860 268
1849870 268
1849880 268
1849890 268
1849900 268
1849910 268
1849920 268
1849930 268
1849940 268
1849950 268
1849960 269
1849970 269
1849980 269
1849990 270
1850000 270
1850010 270
1850020 270
1850030 271
1850040 271
1850050 271
1850060 272
1850070 272
1850080 272
1850090 272
1850100 273
1850110 273
1850120 273
1850130 273
1850140 273
1850150 274
1850160 274
1850170 274
1850180 275
1850190 275
1850200 275
1850210 275
1850220 275
1850230 275
1850240 276
1850250 276
1850260 276
1850270 276
1850280 276
1850290 276
1850300 276
1850310 276
1850320 277
1850330 276
1850340 276
1850350 276
1850360 276
1850370 275
1850380 275
1850390 274
1850400 273
1850410 273
1850420 273
1850430 272
1850440 272
1850450 271
1850460 271
1850470 271
1850480 270
1850490 270
1850500 270
1850510 270
1850520 270
1850530 270
1850540 270
1850550 270
1850560 270
1850570 271
1850580 271
1850590 271
1850600 272
1850610 272
1850620 272
1850630 273
1850640 273
1850650 273
1850660 274
1850670 275
1850680 275
1850690 275
1850700 275
1850710 276
1850720 276
1850730 276
1850740 276
1850750 276
1850760 276
1850770 276
1850780 276
1850790 276
1850800 276
1850810 276
1850820 276
1850830 276
1850840 276
1850850 276
1850860 276
1850870 276
1850880 276
1850890 276
1850900 275
1850910 275
1850920 275
1850930 275
1850940 275
1850950 275
1850960 275
1850970 275
1850980 275
1850990 275
1851000 275
1851010 275
1851020 275
1851030 275
1851040 275
1851050 275
1851060 275
1851070 275
1851080 275
1851090 275
1851100 274
1851110 274
1851120 274
1851130 274
1851140 274
1851150 274
1851160 274
1851170 274
1851180 274
1851190 274
1851200 274
1851210 274
1851220 274
1851230 274
1851240 274
1851250 274
1851260 274
1851270 274
1851280 274
1851290 274
1851300 274
1851310 273
1851320 273
1851330 273
1851340 272
1851350 272
1851360 271
1851370 270
1851380 270
1851390 269
1851400 268
1851410 268
1851420 267
1851430 266
1851440 266
1851450 265
1851460 264
1851470 264
1851480 263
1851490 262
1851500 262
1851510 260
1851520 258
1851530 258
1851540 257
1851550 256
1851560 256
1851570 254
1851580 253
1851590 253
1851600 251
1851610 249
1851620 249
1851630 248
1851640 246
1851650 246
1851660 245
1851670 244
1851680 244
1851690 243
1851700 243
1851710 243
1851720 243
1851730 243
1851740 241
1851750 241
1851760 241
1851770 241
1851780 242
1851790 242
1851800 242
1851810 243
1851820 243
1851830 243
1851840 244
1851850 245
1851860 245
1851870 245
1851880 245
1851890 245
1851900 246
1851910 246
1851920 247
1851930 248
1851940 248
1851950 249
1851960 250
1851970 250
1851980 250
1851990 251
1852000 251
1852010 252
1852020 252
1852030 252
1852040 253
1852050 254
1852060 254
1852070 255
1852080 256
1852090 256
1852100 256
1852110 257
1852120 257
1852130 258
1852140 259
1852150 259
1852160 260
1852170 261
1852180 261
1852190 261
1852200 262
1852210 262
1852220 263
1852230 263
1852240 263
1852250 264
1852260 264
1852270 264
1852280 265
1852290 265
1852300 265
1852310 265
1852320 266
1852330 266
1852340 266
1852350 266
1852360 266
1852370 266
1852380 266
1852390 266
1852400 266
1852410 266
1852420 266
1852430 266
1852440 266
1852450 265
1852460 265
1852470 265
1852480 265
1852490 264
1852500 264
1852510 264
1852520 264
1852530 263
1852540 263
1852550 262
1852560 262
1852570 262
1852580 261
1852590 261
1852600 260
1852610 260
1852620 260
1852630 259
1852640 258
1852650 258
1852660 257
1852670 256
1852680 256
1852690 256
1852700 255
1852710 255
1852720 254
1852730 254
1852740 254
1852750 253
1852760 253
1852770 253
1852780 252
1852790 251
1852800 251
1852810 251
1852820 250
1852830 250
1852840 249
1852850 248
1852860 248
1852870 246
1852880 245
1852890 245
1852900 244
1852910 243
1852920 243
1852930 241
1852940 239
1852950 239
1852960 238
1852970 237
1852980 237
1852990 236
1853000 235
1853010 235
1853020 234
1853030 233
1853040 233
1853050 232
1853060 231
1853070 231
1853080 230
1853090 229
1853100 229
1853110 228
1853120 227
1853130 227
1853140 227
1853150 228
1853160 229
1853170 230
1853180 230
1853190 230
1853200 228
1853210 228
1853220 227
1853230 228
1853240 228
1853250 232
1853260 235
1853270 235
1853280 236
1853290 236
1853300 236
1853310 236
1853320 235
1853330 235
1853340 234
1853350 233
1853360 233
1853370 231
1853380 230
1853390 230
1853400 229
1853410 227
1853420 227
1853430 224
1853440 221
1853450 221
1853460 220
1853470 219
1853480 219
1853490 218
1853500 217
1853510 217
1853520 218
1853530 220
1853540 220
1853550 220
1853560 222
1853570 222
1853580 224
1853590 224
1853600 224
1853610 225
1853620 225
1853630 225
1853640 225
1853650 225
1853660 225
1853670 225
1853680 224
1853690 224
1853700 224
1853710 223
1853720 223
1853730 223
1853740 223
1853750 223
1853760 224
1853770 225
1853780 225
1853790 226
1853800 227
1853810 227
1853820 227
1853830 227
1853840 229
1853850 230
1853860 230
1853870 230
1853880 231
1853890 231
1853900 232
1853910 233
1853920 233
1853930 234
1853940 235
1853950 235
1853960 236
1853970 237
1853980 237
1853990 238
1854000 239
1854010 239
1854020 239
1854030 240
1854040 240
1854050 240
1854060 239
1854070 239
1854080 238
1854090 237
1854100 237
1854110 236
1854120 234
1854130 234
1854140 233
1854150 232
1854160 232
1854170 231
1854180 231
1854190 231
1854200 230
1854210 229
1854220 229
1854230 228
1854240 228
1854250 228
1854260 228
1854270 227
1854280 227
1854290 227
1854300 227
1854310 227
1854320 227
1854330 227
1854340 227
1854350 227
1854360 227
1854370 227
1854380 228
1854390 228
1854400 228
1854410 227
1854420 227
1854430 227
1854440 227
1854450 227
1854460 227
1854470 226
1854480 226
1854490 226
1854500 226
1854510 226
1854520 225
1854530 225
1854540 225
1854550 224
1854560 224
1854570 224
1854580 223
1854590 223
1854600 223
1854610 223
1854620 224
1854630 224
1854640 225
1854650 226
1854660 226
1854670 227
1854680 227
1854690 227
1854700 228
1854710 228
1854720 228
1854730 228
1854740 228
1854750 228
1854760 228
1854770 228
1854780 228
1854790 229
1854800 229
1854810 229
1854820 229
1854830 229
1854840 229
1854850 229
1854860 229
1854870 229
1854880 229
1854890 229
1854900 229
1854910 229
1854920 228
1854930 228
1854940 228
1854950 227
1854960 227
1854970 227
1854980 227
1854990 227
1855000 226
1855010 226
1855020 226
1855030 226
1855040 226
1855050 226
1855060 225
1855070 225
1855080 225
1855090 225
1855100 225
1855110 225
1855120 225
1855130 225
1855140 224
1855150 224
1855160 224
1855170 224
1855180 224
1855190 224
1855200 224
1855210 223
1855220 223
1855230 223
1855240 223
1855250 223
1855260 223
1855270 223
1855280 222
1855290 222
1855300 222
1855310 222
1855320 222
1855330 222
1855340 222
1855350 221
1855360 221
1855370 221
1855380 221
1855390 221
1855400 221
1855410 220
1855420 220
1855430 220
1855440 220
1855450 219
1855460 219
1855470 219
1855480 219
1855490 219
1855500 219
1855510 219
1855520 219
1855530 219
1855540 219
1855550 219
1855560 219
1855570 218
1855580 218
1855590 218
1855600 218
1855610 218
1855620 218
1855630 217
1855640 217
1855650 217
1855660 217
1855670 217
1855680 217
1855690 216
1855700 216
1855710 216
1855720 216
1855730 216
1855740 216
1855750 216
1855760 216
1855770 215
1855780 215
1855790 215
1855800 215
1855810 215
1855820 215
1855830 215
1855840 215
1855850 214
1855860 214
1855870 214
1855880 214
1855890 214
1855900 214
1855910 214
1855920 213
1855930 213
1855940 213
1855950 213
1855960 213
1855970 213
1855980 213
1855990 212
1856000 212
1856010 212
1856020 212
1856030 212
1856040 212
1856050 212
1856060 212
1856070 212
1856080 212
1856090 211
1856100 211
1856110 211
1856120 211
1856130 211
1856140 211
1856150 211
1856160 211
1856170 211
1856180 211
1856190 210
1856200 210
1856210 210
1856220 210
1856230 210
1856240 210
1856250 210
1856260 210
1856270 210
1856280 209
1856290 209
1856300 209
1856310 209
1856320 209
1856330 209
1856340 208
1856350 208
1856360 208
1856370 208
1856380 208
1856390 208
1856400 208
1856410 207
1856420 207
1856430 207
1856440 207
1856450 207
1856460 207
1856470 206
1856480 206
1856490 206
1856500 206
1856510 206
1856520 206
1856530 205
1856540 205
1856550 205
1856560 205
1856570 204
1856580 204
1856590 204
1856600 204
1856610 204
1856620 203
1856630 203
1856640 203
1856650 203
1856660 203
1856670 203
1856680 202
1856690 202
1856700 202
1856710 202
1856720 201
1856730 201
1856740 201
1856750 201
1856760 201
1856770 201
1856780 201
1856790 201
1856800 200
1856810 200
1856820 200
1856830 200
1856840 200
1856850 200
1856860 200
1856870 200
1856880 200
1856890 199
1856900 199
1856910 199
1856920 199
1856930 198
1856940 198
1856950 198
1856960 198
1856970 198
1856980 197
1856990 197
1857000 197
1857010 197
1857020 197
1857030 196
1857040 196
1857050 196
1857060 196
1857070 196
1857080 196
1857090 195
1857100 195
1857110 195
1857120 195
1857130 195
1857140 195
1857150 195
1857160 194
1857170 194
1857180 194
1857190 194
1857200 194
1857210 194
1857220 194
1857230 194
1857240 193
1857250 193
1857260 193
1857270 193
1857280 193
1857290 193
1857300 193
1857310 192
1857320 192
1857330 192
1857340 192
1857350 192
1857360 192
1857370 191
1857380 191
1857390 191
1857400 191
1857410 191
1857420 191
1857430 191
1857440 191
1857450 190
1857460 190
1857470 190
1857480 190
1857490 190
1857500 190
1857510 189
1857520 189
1857530 189
1857540 189
1857550 189
1857560 189
1857570 189
1857580 189
1857590 189
1857600 189
1857610 189
1857620 189
1857630 189
1857640 189
1857650 189
1857660 189
1857670 189
1857680 189
1857690 190
1857700 190
1857710 190
1857720 190
1857730 190
1857740 190
1857750 190
1857760 190
1857770 190
1857780 191
1857790 191
1857800 191
1857810 191
1857820 191
1857830 191
1857840 191
1857850 191
1857860 192
1857870 192
1857880 192
1857890 192
1857900 192
1857910 192
1857920 192
1857930 193
1857940 193
1857950 193
1857960 193
1857970 193
1857980 193
1857990 193
1858000 193
1858010 193
1858020 193
1858030 193
1858040 193
1858050 193
1858060 193
1858070 193
1858080 193
1858090 193
1858100 193
1858110 193
1858120 193
1858130 193
1858140 193
1858150 193
1858160 193
1858170 193
1858180 193
1858190 194
1858200 194
1858210 194
1858220 194
1858230 194
1858240 194
1858250 194
1858260 194
1858270 194
1858280 194
1858290 194
1858300 194
1858310 194
1858320 194
1858330 195
1858340 195
1858350 195
1858360 195
1858370 195
1858380 195
1858390 195
1858400 196
1858410 196
1858420 196
1858430 196
1858440 197
1858450 197
1858460 198
1858470 198
1858480 198
1858490 199
1858500 199
1858510 199
1858520 199
1858530 199
1858540 200
1858550 200
1858560 200
1858570 200
1858580 200
1858590 200
1858600 200
1858610 200
1858620 200
1858630 200
1858640 199
1858650 199
1858660 199
1858670 199
1858680 199
1858690 198
1858700 198
1858710 198
1858720 198
1858730 197
1858740 197
1858750 197
1858760 197
1858770 197
1858780 196
1858790 196
1858800 196
1858810 196
1858820 196
1858830 196
1858840 195
1858850 195
1858860 195
1858870 195
1858880 195
1858890 195
1858900 194
1858910 194
1858920 194
1858930 194
1858940 194
1858950 194
1858960 194
1858970 194
1858980 194
1858990 194
1859000 194
1859010 193
1859020 193
1859030 193
1859040 193
1859050 192
1859060 192
1859070 192
1859080 191
1859090 191
1859100 191
1859110 190
1859120 190
1859130 190
1859140 189
1859150 189
1859160 189
1859170 189
1859180 189
1859190 189
1859200 189
1859210 189
1859220 189
1859230 188
1859240 188
1859250 188
1859260 188
1859270 188
1859280 188
1859290 188
1859300 188
1859310 188
1859320 188
1859330 188
1859340 187
1859350 187
1859360 187
1859370 187
1859380 187
1859390 187
1859400 187
1859410 186
1859420 186
1859430 186
1859440 186
1859450 186
1859460 186
1859470 186
1859480 186
1859490 185
1859500 185
1859510 185
1859520 185
1859530 185
1859540 185
1859550 185
1859560 185
1859570 185
1859580 185
1859590 185
1859600 185
1859610 185
1859620 185
1859630 185
1859640 185
1859650 185
1859660 185
1859670 185
1859680 185
1859690 185
1859700 185
1859710 185
1859720 185
1859730 185
1859740 185
1859750 185
1859760 185
1859770 185
1859780 185
1859790 185
1859800 185
1859810 185
1859820 185
1859830 185
1859840 185
1859850 185
1859860 185
1859870 185
1859880 185
1859890 185
1859900 184
1859910 184
1859920 184
1859930 184
1859940 184
1859950 184
1859960 184
1859970 184
1859980 184
1859990 184
