1840000 314
1840010 313
1840020 313
1840030 312
1840040 312
1840050 312
1840060 311
1840070 311
1840080 310
1840090 308
1840100 308
1840110 307
1840120 306
1840130 306
1840140 305
1840150 304
1840160 304
1840170 303
1840180 302
1840190 302
1840200 300
1840210 299
1840220 299
1840230 298
1840240 297
1840250 297
1840260 296
1840270 295
1840280 295
1840290 294
1840300 293
1840310 293
1840320 292
1840330 291
1840340 291
1840350 290
1840360 290
1840370 290
1840380 289
1840390 288
1840400 288
1840410 287
1840420 287
1840430 287
1840440 286
1840450 285
1840460 285
1840470 284
1840480 284
1840490 284
1840500 283
1840510 282
1840520 282
1840530 281
1840540 280
1840550 280
1840560 279
1840570 278
1840580 278
1840590 277
1840600 277
1840610 277
1840620 277
1840630 276
1840640 276
1840650 276
1840660 276
1840670 276
1840680 276
1840690 276
1840700 275
1840710 275
1840720 275
1840730 275
1840740 275
1840750 275
1840760 275
1840770 275
1840780 275
1840790 275
1840800 275
1840810 275
1840820 275
1840830 276
1840840 276
1840850 277
1840860 278
1840870 278
1840880 280
1840890 282
1840900 282
1840910 284
1840920 287
1840930 287
1840940 290
1840950 293
1840960 293
1840970 296
1840980 300
1840990 300
1841000 304
1841010 307
1841020 308
1841030 310
1841040 312
1841050 312
1841060 313
1841070 314
1841080 314
1841090 315
1841100 316
1841110 316
1841120 316
1841130 316
1841140 316
1841150 316
1841160 317
1841170 317
1841180 317
1841190 318
1841200 318
1841210 319
1841220 320
1841230 320
1841240 321
1841250 322
1841260 322
1841270 322
1841280 323
1841290 323
1841300 324
1841310 324
1841320 324
1841330 325
1841340 325
1841350 326
1841360 326
1841370 326
1841380 328
1841390 328
1841400 328
1841410 328
1841420 327
1841430 327
1841440 327
1841450 327
1841460 327
1841470 326
1841480 325
1841490 325
1841500 325
1841510 324
1841520 324
1841530 323
1841540 322
1841550 322
1841560 321
1841570 320
1841580 320
1841590 320
1841600 319
1841610 319
1841620 318
1841630 317
1841640 317
1841650 315
1841660 314
1841670 314
1841680 313
1841690 312
1841700 312
1841710 311
1841720 309
1841730 309
1841740 308
1841750 306
1841760 306
1841770 304
1841780 302
1841790 302
1841800 301
1841810 300
1841820 300
1841830 298
1841840 297
1841850 297
1841860 295
1841870 294
1841880 294
1841890 293
1841900 292
1841910 292
1841920 291
1841930 290
1841940 290
1841950 289
1841960 289
1841970 289
1841980 289
1841990 289
1842000 289
1842010 289
1842020 289
1842030 289
1842040 289
1842050 289
1842060 289
1842070 289
1842080 289
1842090 289
1842100 289
1842110 289
1842120 291
1842130 291
1842140 291
1842150 292
1842160 294
1842170 294
1842180 294
1842190 295
1842200 295
1842210 296
1842220 297
1842230 297
1842240 297
1842250 296
1842260 296
1842270 297
1842280 298
1842290 298
1842300 299
1842310 300
1842320 300
1842330 300
1842340 300
1842350 300
1842360 301
1842370 301
1842380 301
1842390 301
1842400 301
1842410 301
1842420 301
1842430 301
1842440 301
1842450 301
1842460 301
1842470 301
1842480 303
1842490 303
1842500 303
1842510 304
1842520 303
1842530 303
1842540 303
1842550 303
1842560 303
1842570 303
1842580 302
1842590 302
1842600 302
1842610 302
1842620 302
1842630 302
1842640 302
1842650 303
1842660 303
1842670 303
1842680 304
1842690 305
1842700 305
1842710 306
1842720 307
1842730 307
1842740 308
1842750 308
1842760 308
1842770 309
1842780 309
1842790 309
1842800 309
1842810 309
1842820 309
1842830 309
1842840 309
1842850 310
1842860 310
1842870 310
1842880 310
1842890 309
1842900 309
1842910 309
1842920 307
1842930 306
1842940 306
1842950 305
1842960 305
1842970 305
1842980 304
1842990 303
1843000 303
1843010 303
1843020 304
1843030 304
1843040 306
1843050 306
1843060 306
1843070 307
1843080 308
1843090 308
1843100 308
1843110 308
1843120 308
1843130 307
1843140 307
1843150 307
1843160 307
1843170 306
1843180 306
1843190 306
1843200 305
1843210 305
1843220 305
1843230 304
1843240 304
1843250 304
1843260 304
1843270 304
1843280 304
1843290 304
1843300 303
1843310 303
1843320 303
1843330 303
1843340 302
1843350 302
1843360 301
1843370 301
1843380 301
1843390 300
1843400 299
1843410 299
1843420 299
1843430 298
1843440 298
1843450 297
1843460 296
1843470 296
1843480 295
1843490 295
1843500 295
1843510 294
1843520 293
1843530 293
1843540 292
1843550 291
1843560 291
1843570 289
1843580 288
1843590 288
1843600 288
1843610 287
1843620 287
1843630 286
1843640 285
1843650 285
1843660 284
1843670 283
1843680 283
1843690 282
1843700 281
1843710 281
1843720 280
1843730 279
1843740 279
1843750 278
1843760 276
1843770 276
1843780 275
1843790 274
1843800 274
1843810 272
1843820 271
1843830 271
1843840 269
1843850 267
1843860 267
1843870 266
1843880 266
1843890 264
1843900 263
1843910 263
1843920 262
1843930 260
1843940 260
1843950 259
1843960 258
1843970 258
1843980 256
1843990 255
1844000 255
1844010 254
1844020 253
1844030 253
1844040 251
1844050 252
1844060 252
1844070 253
1844080 256
1844090 256
1844100 259
1844110 263
1844120 263
1844130 265
1844140 267
1844150 267
1844160 268
1844170 269
1844180 269
1844190 270
1844200 271
1844210 271
1844220 272
1844230 272
1844240 272
1844250 273
1844260 273
1844270 273
1844280 273
1844290 273
1844300 274
1844310 274
1844320 273
1844330 273
1844340 273
1844350 273
1844360 273
1844370 272
1844380 272
1844390 272
1844400 272
1844410 271
1844420 271
1844430 272
1844440 272
1844450 272
1844460 272
1844470 272
1844480 272
1844490 273
1844500 273
1844510 273
1844520 273
1844530 273
1844540 272
1844550 272
1844560 272
1844570 272
1844580 271
1844590 271
1844600 271
1844610 271
1844620 271
1844630 271
1844640 270
1844650 270
1844660 271
1844670 271
1844680 271
1844690 271
1844700 271
1844710 271
1844720 271
1844730 271
1844740 271
1844750 270
1844760 270
1844770 270
1844780 269
1844790 268
1844800 268
1844810 268
1844820 267
1844830 267
1844840 268
1844850 268
1844860 268
1844870 269
1844880 270
1844890 270
1844900 271
1844910 271
1844920 271
1844930 272
1844940 272
1844950 272
1844960 273
1844970 274
1844980 274
1844990 275
1845000 275
1845010 275
1845020 276
1845030 277
1845040 277
1845050 278
1845060 279
1845070 279
1845080 279
1845090 280
1845100 280
1845110 281
1845120 282
1845130 282
1845140 283
1845150 284
1845160 284
1845170 285
1845180 285
1845190 286
1845200 286
1845210 286
1845220 287
1845230 288
1845240 288
1845250 289
1845260 289
1845270 289
1845280 290
1845290 291
1845300 291
1845310 291
1845320 292
1845330 292
1845340 292
1845350 293
1845360 293
1845370 293
1845380 294
1845390 294
1845400 295
1845410 295
1845420 295
1845430 296
1845440 296
1845450 296
1845460 296
1845470 297
1845480 297
1845490 297
1845500 297
1845510 297
1845520 297
1845530 297
1845540 297
1845550 297
1845560 297
1845570 297
1845580 296
1845590 296
1845600 296
1845610 296
1845620 296
1845630 296
1845640 295
1845650 295
1845660 295
1845670 294
1845680 293
1845690 293
1845700 292
1845710 292
1845720 292
1845730 291
1845740 290
1845750 290
1845760 289
1845770 288
1845780 288
1845790 286
1845800 286
1845810 285
1845820 284
1845830 284
1845840 283
1845850 282
1845860 282
1845870 281
1845880 280
1845890 280
1845900 279
1845910 278
1845920 278
1845930 277
1845940 276
1845950 276
1845960 275
1845970 274
1845980 274
1845990 272
1846000 271
1846010 271
1846020 270
1846030 268
1846040 268
1846050 267
1846060 266
1846070 266
1846080 265
1846090 264
1846100 264
1846110 263
1846120 262
1846130 262
1846140 261
1846150 260
1846160 260
1846170 259
1846180 258
1846190 258
1846200 257
1846210 257
1846220 257
1846230 257
1846240 257
1846250 257
1846260 257
1846270 258
1846280 258
1846290 260
1846300 261
1846310 261
1846320 263
1846330 264
1846340 264
1846350 264
1846360 265
1846370 265
1846380 265
1846390 265
1846400 265
1846410 264
1846420 264
1846430 264
1846440 264
1846450 264
1846460 264
1846470 264
1846480 264
1846490 263
1846500 264
1846510 264
1846520 264
1846530 264
1846540 264
1846550 264
1846560 264
1846570 264
1846580 264
1846590 264
1846600 264
1846610 264
1846620 263
1846630 263
1846640 262
1846650 261
1846660 261
1846670 261
1846680 261
1846690 261
1846700 260
1846710 260
1846720 260
1846730 260
1846740 261
1846750 261
1846760 261
1846770 260
1846780 260
1846790 260
1846800 259
1846810 259
1846820 259
1846830 260
1846840 260
1846850 260
1846860 260
1846870 260
1846880 260
1846890 260
1846900 260
1846910 260
1846920 260
1846930 260
1846940 260
1846950 261
1846960 261
1846970 261
1846980 261
1846990 261
1847000 261
1847010 261
1847020 261
1847030 261
1847040 262
1847050 262
1847060 262
1847070 263
1847080 263
1847090 263
1847100 263
1847110 263
1847120 264
1847130 264
1847140 264
1847150 264
1847160 264
1847170 264
1847180 263
1847190 264
1847200 265
1847210 265
1847220 265
1847230 266
1847240 267
1847250 267
1847260 268
1847270 269
1847280 269
1847290 269
1847300 269
1847310 269
1847320 269
1847330 269
1847340 269
1847350 269
1847360 269
1847370 269
1847380 270
1847390 272
1847400 272
1847410 273
1847420 274
1847430 274
1847440 275
1847450 276
1847460 276
1847470 276
1847480 277
1847490 277
1847500 276
1847510 276
1847520 276
1847530 276
1847540 275
1847550 276
1847560 275
1847570 274
1847580 274
1847590 273
1847600 272
1847610 272
1847620 271
1847630 270
1847640 270
1847650 269
1847660 268
1847670 268
1847680 266
1847690 265
1847700 265
1847710 264
1847720 264
1847730 263
1847740 263
1847750 263
1847760 262
1847770 261
1847780 261
1847790 261
1847800 260
1847810 260
1847820 259
1847830 258
1847840 258
1847850 257
1847860 256
1847870 256
1847880 254
1847890 254
1847900 254
1847910 251
1847920 251
1847930 251
1847940 250
1847950 249
1847960 249
1847970 248
1847980 247
1847990 247
1848000 246
1848010 245
1848020 245
1848030 244
1848040 243
1848050 243
1848060 242
1848070 241
1848080 241
1848090 239
1848100 240
1848110 240
1848120 242
1848130 244
1848140 244
1848150 246
1848160 248
1848170 248
1848180 249
1848190 251
1848200 251
1848210 252
1848220 253
1848230 253
1848240 254
1848250 254
1848260 254
1848270 253
1848280 252
1848290 252
1848300 252
1848310 252
1848320 252
1848330 252
1848340 252
1848350 252
1848360 252
1848370 252
1848380 252
1848390 252
1848400 252
1848410 253
1848420 253
1848430 253
1848440 254
1848450 255
1848460 255
1848470 256
1848480 257
1848490 257
1848500 257
1848510 258
1848520 258
1848530 258
1848540 258
1848550 258
1848560 258
1848570 258
1848580 258
1848590 258
1848600 258
1848610 258
1848620 257
1848630 256
1848640 256
1848650 256
1848660 255
1848670 255
1848680 255
1848690 254
1848700 254
1848710 253
1848720 252
1848730 252
1848740 251
1848750 250
1848760 250
1848770 249
1848780 248
1848790 248
1848800 247
1848810 246
1848820 246
1848830 245
1848840 243
1848850 243
1848860 243
1848870 242
1848880 242
1848890 241
1848900 239
1848910 239
1848920 238
1848930 237
1848940 237
1848950 237
1848960 237
1848970 237
1848980 239
1848990 238
1849000 240
1849010 242
1849020 242
1849030 244
1849040 245
1849050 245
1849060 247
1849070 248
1849080 248
1849090 249
1849100 250
1849110 250
1849120 251
1849130 251
1849140 251
1849150 252
1849160 252
1849170 252
1849180 253
1849190 254
1849200 254
1849210 255
1849220 256
1849230 256
1849240 258
1849250 259
1849260 259
1849270 259
1849280 261
1849290 261
1849300 262
1849310 263
1849320 263
1849330 264
1849340 266
1849350 266
1849360 267
1849370 268
1849380 268
1849390 269
1849400 270
1849410 270
1849420 270
1849430 271
1849440 271
1849450 271
1849460 271
1849470 271
1849480 272
1849490 272
1849500 272
1849510 272
1849520 273
1849530 273
1849540 273
1849550 273
1849560 273
1849570 273
1849580 273
1849590 273
1849600 273
1849610 272
1849620 272
1849630 272
1849640 272
1849650 272
1849660 272
1849670 272
1849680 272
1849690 271
1849700 271
1849710 271
1849720 270
1849730 270
1849740 270
1849750 270
1849760 270
1849770 270
1849780 270
1849790 270
1849800 269
1849810 269
1849820 269
1849830 269
1849840 269
1849850 269
1849860 268
1849870 268
1849880 268
1849890 268
1849900 268
1849910 268
1849920 268
1849930 268
1849940 268
1849950 269
1849960 269
1849970 269
1849980 269
1849990 269
1850000 269
1850010 269
1850020 270
1850030 270
1850040 270
1850050 270
1850060 270
1850070 270
1850080 270
1850090 270
1850100 271
1850110 271
1850120 271
1850130 271
1850140 271
1850150 271
1850160 271
1850170 272
1850180 272
1850190 272
1850200 273
1850210 273
1850220 273
1850230 273
1850240 273
1850250 274
1850260 274
1850270 274
1850280 274
1850290 274
1850300 274
1850310 274
1850320 274
1850330 273
1850340 273
1850350 273
1850360 272
1850370 271
1850380 271
1850390 270
1850400 269
1850410 269
1850420 269
1850430 268
1850440 268
1850450 267
1850460 267
1850470 267
1850480 266
1850490 266
1850500 266
1850510 266
1850520 266
1850530 266
1850540 266
1850550 266
1850560 266
1850570 266
1850580 266
1850590 266
1850600 267
1850610 267
1850620 267
1850630 268
1850640 269
1850650 269
1850660 269
1850670 270
1850680 270
1850690 270
1850700 271
1850710 271
1850720 271
1850730 272
1850740 272
1850750 272
1850760 273
1850770 273
1850780 274
1850790 274
1850800 274
1850810 274
1850820 274
1850830 274
1850840 274
1850850 274
1850860 274
1850870 274
1850880 274
1850890 274
1850900 274
1850910 274
1850920 274
1850930 274
1850940 274
1850950 274
1850960 274
1850970 274
1850980 273
1850990 273
1851000 273
1851010 273
1851020 273
1851030 273
1851040 273
1851050 273
1851060 273
1851070 273
1851080 273
1851090 273
1851100 272
1851110 272
1851120 272
1851130 272
1851140 273
1851150 273
1851160 272
1851170 272
1851180 272
1851190 271
1851200 271
1851210 271
1851220 272
1851230 271
1851240 271
1851250 272
1851260 273
1851270 273
1851280 274
1851290 274
1851300 274
1851310 274
1851320 274
1851330 274
1851340 273
1851350 272
1851360 272
1851370 271
1851380 269
1851390 269
1851400 268
1851410 267
1851420 267
1851430 267
1851440 266
1851450 266
1851460 265
1851470 265
1851480 265
1851490 263
1851500 261
1851510 261
1851520 260
1851530 258
1851540 258
1851550 257
1851560 257
1851570 256
1851580 255
1851590 255
1851600 253
1851610 252
1851620 252
1851630 250
1851640 249
1851650 249
1851660 249
1851670 249
1851680 249
1851690 249
1851700 249
1851710 249
1851720 250
1851730 250
1851740 250
1851750 249
1851760 249
1851770 249
1851780 250
1851790 250
1851800 250
1851810 251
1851820 251
1851830 251
1851840 252
1851850 251
1851860 251
1851870 251
1851880 251
1851890 251
1851900 252
1851910 252
1851920 252
1851930 253
1851940 253
1851950 253
1851960 254
1851970 254
1851980 254
1851990 254
1852000 255
1852010 255
1852020 255
1852030 256
1852040 256
1852050 257
1852060 258
1852070 258
1852080 259
1852090 260
1852100 260
1852110 260
1852120 261
1852130 261
1852140 261
1852150 262
1852160 262
1852170 262
1852180 262
1852190 262
1852200 262
1852210 262
1852220 263
1852230 263
1852240 263
1852250 264
1852260 264
1852270 264
1852280 264
1852290 265
1852300 265
1852310 265
1852320 265
1852330 265
1852340 266
1852350 266
1852360 266
1852370 266
1852380 267
1852390 267
1852400 267
1852410 267
1852420 267
1852430 267
1852440 267
1852450 267
1852460 267
1852470 266
1852480 266
1852490 266
1852500 266
1852510 266
1852520 265
1852530 265
1852540 265
1852550 264
1852560 263
1852570 263
1852580 262
1852590 261
1852600 261
1852610 260
1852620 259
1852630 259
1852640 258
1852650 257
1852660 257
1852670 256
1852680 255
1852690 255
1852700 254
1852710 253
1852720 253
1852730 252
1852740 251
1852750 251
1852760 250
1852770 249
1852780 249
1852790 248
1852800 247
1852810 247
1852820 246
1852830 246
1852840 244
1852850 243
1852860 243
1852870 241
1852880 240
1852890 240
1852900 239
1852910 239
1852920 239
1852930 237
1852940 236
1852950 236
1852960 235
1852970 234
1852980 234
1852990 233
1853000 232
1853010 232
1853020 231
1853030 230
1853040 230
1853050 229
1853060 228
1853070 228
1853080 227
1853090 226
1853100 226
1853110 225
1853120 225
1853130 225
1853140 224
1853150 224
1853160 224
1853170 225
1853180 225
1853190 225
1853200 226
1853210 226
1853220 226
1853230 227
1853240 226
1853250 226
1853260 225
1853270 229
1853280 229
1853290 233
1853300 233
1853310 233
1853320 233
1853330 232
1853340 232
1853350 231
1853360 230
1853370 230
1853380 228
1853390 228
1853400 228
1853410 226
1853420 223
1853430 223
1853440 221
1853450 221
1853460 220
1853470 219
1853480 219
1853490 217
1853500 217
1853510 217
1853520 217
1853530 220
1853540 220
1853550 221
1853560 226
1853570 226
1853580 229
1853590 230
1853600 230
1853610 231
1853620 231
1853630 231
1853640 232
1853650 232
1853660 232
1853670 232
1853680 232
1853690 232
1853700 231
1853710 231
1853720 231
1853730 230
1853740 230
1853750 230
1853760 230
1853770 231
1853780 231
1853790 231
1853800 232
1853810 232
1853820 233
1853830 234
1853840 234
1853850 235
1853860 235
1853870 235
1853880 236
1853890 236
1853900 236
1853910 237
1853920 237
1853930 237
1853940 238
1853950 238
1853960 238
1853970 239
1853980 239
1853990 239
1854000 240
1854010 240
1854020 240
1854030 240
1854040 240
1854050 240
1854060 241
1854070 240
1854080 240
1854090 239
1854100 239
1854110 238
1854120 236
1854130 236
1854140 235
1854150 234
1854160 234
1854170 233
1854180 232
1854190 232
1854200 231
1854210 230
1854220 230
1854230 230
1854240 229
1854250 229
1854260 229
1854270 229
1854280 229
1854290 230
1854300 230
1854310 230
1854320 230
1854330 229
1854340 229
1854350 229
1854360 229
1854370 229
1854380 229
1854390 229
1854400 229
1854410 229
1854420 228
1854430 228
1854440 228
1854450 228
1854460 228
1854470 227
1854480 227
1854490 227
1854500 227
1854510 226
1854520 226
1854530 226
1854540 225
1854550 225
1854560 224
1854570 224
1854580 224
1854590 224
1854600 224
1854610 224
1854620 225
1854630 225
1854640 225
1854650 226
1854660 227
1854670 227
1854680 228
1854690 228
1854700 228
1854710 229
1854720 229
1854730 229
1854740 229
1854750 229
1854760 229
1854770 229
1854780 229
1854790 230
1854800 230
1854810 230
1854820 230
1854830 230
1854840 230
1854850 230
1854860 230
1854870 230
1854880 230
1854890 230
1854900 230
1854910 230
1854920 230
1854930 230
1854940 230
1854950 230
1854960 230
1854970 229
1854980 229
1854990 229
1855000 229
1855010 228
1855020 228
1855030 228
1855040 227
1855050 227
1855060 227
1855070 227
1855080 227
1855090 226
1855100 226
1855110 226
1855120 226
1855130 226
1855140 226
1855150 225
1855160 225
1855170 225
1855180 225
1855190 225
1855200 225
1855210 225
1855220 224
1855230 224
1855240 224
1855250 224
1855260 224
1855270 224
1855280 224
1855290 224
1855300 224
1855310 223
1855320 223
1855330 223
1855340 223
1855350 223
1855360 222
1855370 222
1855380 222
1855390 221
1855400 221
1855410 221
1855420 221
1855430 221
1855440 221
1855450 220
1855460 220
1855470 220
1855480 220
1855490 220
1855500 220
1855510 220
1855520 220
1855530 220
1855540 220
1855550 220
1855560 219
1855570 219
1855580 219
1855590 219
1855600 219
1855610 219
1855620 218
1855630 218
1855640 218
1855650 218
1855660 218
1855670 218
1855680 217
1855690 217
1855700 217
1855710 217
1855720 217
1855730 217
1855740 217
1855750 217
1855760 217
1855770 217
1855780 217
1855790 217
1855800 216
1855810 216
1855820 216
1855830 216
1855840 216
1855850 216
1855860 215
1855870 215
1855880 215
1855890 215
1855900 215
1855910 215
1855920 214
1855930 214
1855940 214
1855950 214
1855960 214
1855970 214
1855980 213
1855990 213
1856000 213
1856010 213
1856020 213
1856030 213
1856040 213
1856050 213
1856060 213
1856070 213
1856080 213
1856090 212
1856100 212
1856110 212
1856120 212
1856130 212
1856140 212
1856150 212
1856160 212
1856170 212
1856180 211
1856190 211
1856200 211
1856210 211
1856220 211
1856230 211
1856240 211
1856250 211
1856260 211
1856270 210
1856280 210
1856290 210
1856300 210
1856310 210
1856320 210
1856330 210
1856340 210
1856350 210
1856360 209
1856370 209
1856380 209
1856390 209
1856400 209
1856410 209
1856420 209
1856430 209
1856440 209
1856450 208
1856460 208
1856470 208
1856480 208
1856490 207
1856500 207
1856510 207
1856520 207
1856530 207
1856540 206
1856550 206
1856560 206
1856570 206
1856580 205
1856590 205
1856600 205
1856610 205
1856620 205
1856630 205
1856640 205
1856650 204
1856660 204
1856670 204
1856680 203
1856690 203
1856700 203
1856710 203
1856720 203
1856730 203
1856740 202
1856750 202
1856760 202
1856770 202
1856780 202
1856790 202
1856800 201
1856810 201
1856820 201
1856830 201
1856840 201
1856850 201
1856860 200
1856870 200
1856880 200
1856890 200
1856900 200
1856910 200
1856920 200
1856930 199
1856940 199
1856950 199
1856960 199
1856970 199
1856980 199
1856990 198
1857000 198
1857010 198
1857020 198
1857030 198
1857040 197
1857050 197
1857060 197
1857070 196
1857080 196
1857090 196
1857100 196
1857110 196
1857120 196
1857130 196
1857140 195
1857150 195
1857160 195
1857170 195
1857180 195
1857190 195
1857200 194
1857210 194
1857220 194
1857230 194
1857240 194
1857250 194
1857260 194
1857270 193
1857280 193
1857290 193
1857300 193
1857310 193
1857320 193
1857330 193
1857340 192
1857350 192
1857360 192
1857370 192
1857380 192
1857390 192
1857400 192
1857410 192
1857420 191
1857430 191
1857440 191
1857450 191
1857460 191
1857470 191
1857480 191
1857490 190
1857500 190
1857510 190
1857520 190
1857530 190
1857540 190
1857550 189
1857560 189
1857570 189
1857580 189
1857590 189
1857600 189
1857610 189
1857620 189
1857630 189
1857640 189
1857650 189
1857660 189
1857670 189
1857680 189
1857690 189
1857700 189
1857710 189
1857720 189
1857730 189
1857740 189
1857750 189
1857760 189
1857770 189
1857780 189
1857790 189
1857800 189
1857810 190
1857820 190
1857830 190
1857840 190
1857850 190
1857860 190
1857870 191
1857880 191
1857890 191
1857900 191
1857910 191
1857920 191
1857930 191
1857940 191
1857950 191
1857960 191
1857970 191
1857980 192
1857990 192
1858000 192
1858010 192
1858020 192
1858030 192
1858040 192
1858050 192
1858060 192
1858070 192
1858080 192
1858090 192
1858100 192
1858110 192
1858120 192
1858130 192
1858140 192
1858150 192
1858160 192
1858170 192
1858180 192
1858190 192
1858200 192
1858210 192
1858220 192
1858230 192
1858240 192
1858250 193
1858260 193
1858270 193
1858280 193
1858290 193
1858300 193
1858310 193
1858320 193
1858330 193
1858340 194
1858350 194
1858360 194
1858370 194
1858380 194
1858390 194
1858400 194
1858410 195
1858420 195
1858430 195
1858440 196
1858450 196
1858460 196
1858470 196
1858480 196
1858490 197
1858500 197
1858510 197
1858520 198
1858530 198
1858540 198
1858550 199
1858560 199
1858570 199
1858580 200
1858590 200
1858600 200
1858610 200
1858620 200
1858630 200
1858640 200
1858650 200
1858660 200
1858670 200
1858680 200
1858690 199
1858700 199
1858710 199
1858720 198
1858730 198
1858740 198
1858750 198
1858760 197
1858770 197
1858780 197
1858790 197
1858800 197
1858810 196
1858820 196
1858830 196
1858840 196
1858850 195
1858860 195
1858870 195
1858880 195
1858890 195
1858900 195
1858910 195
1858920 195
1858930 194
1858940 194
1858950 194
1858960 194
1858970 194
1858980 194
1858990 193
1859000 193
1859010 193
1859020 193
1859030 193
1859040 193
1859050 193
1859060 192
1859070 192
1859080 192
1859090 192
1859100 192
1859110 191
1859120 191
1859130 191
1859140 190
1859150 190
1859160 190
1859170 190
1859180 190
1859190 189
1859200 189
1859210 189
1859220 189
1859230 189
1859240 189
1859250 188
1859260 188
1859270 188
1859280 188
1859290 188
1859300 188
1859310 188
1859320 187
1859330 187
1859340 187
1859350 187
1859360 187
1859370 187
1859380 187
1859390 187
1859400 186
1859410 186
1859420 186
1859430 186
1859440 186
1859450 186
1859460 186
1859470 186
1859480 186
1859490 185
1859500 185
1859510 185
1859520 185
1859530 185
1859540 185
1859550 185
1859560 185
1859570 185
1859580 185
1859590 185
1859600 185
1859610 185
1859620 185
1859630 185
1859640 186
1859650 186
1859660 186
1859670 186
1859680 185
1859690 185
1859700 185
1859710 185
1859720 185
1859730 185
1859740 185
1859750 185
1859760 185
1859770 185
1859780 185
1859790 185
1859800 185
1859810 185
1859820 185
1859830 185
1859840 185
1859850 185
1859860 185
1859870 185
1859880 185
1859890 185
1859900 184
1859910 184
1859920 184
1859930 185
1859940 184
1859950 184
1859960 185
1859970 185
1859980 185
1859990 184
