1840000 301
1840010 301
1840020 301
1840030 300
1840040 300
1840050 300
1840060 300
1840070 300
1840080 300
1840090 300
1840100 302
1840110 302
1840120 304
1840130 306
1840140 306
1840150 308
1840160 309
1840170 309
1840180 311
1840190 311
1840200 312
1840210 313
1840220 313
1840230 315
1840240 316
1840250 316
1840260 317
1840270 318
1840280 318
1840290 319
1840300 319
1840310 319
1840320 319
1840330 318
1840340 318
1840350 318
1840360 317
1840370 317
1840380 316
1840390 316
1840400 316
1840410 315
1840420 314
1840430 314
1840440 313
1840450 312
1840460 312
1840470 311
1840480 310
1840490 310
1840500 309
1840510 308
1840520 308
1840530 307
1840540 306
1840550 306
1840560 305
1840570 303
1840580 303
1840590 302
1840600 301
1840610 301
1840620 299
1840630 298
1840640 298
1840650 297
1840660 296
1840670 296
1840680 296
1840690 295
1840700 295
1840710 297
1840720 298
1840730 298
1840740 299
1840750 300
1840760 300
1840770 299
1840780 299
1840790 299
1840800 299
1840810 299
1840820 298
1840830 298
1840840 298
1840850 297
1840860 297
1840870 297
1840880 296
1840890 296
1840900 296
1840910 295
1840920 294
1840930 294
1840940 294
1840950 293
1840960 293
1840970 293
1840980 292
1840990 292
1841000 292
1841010 294
1841020 294
1841030 295
1841040 296
1841050 296
1841060 297
1841070 298
1841080 299
1841090 300
1841100 301
1841110 301
1841120 303
1841130 306
1841140 306
1841150 308
1841160 309
1841170 309
1841180 310
1841190 312
1841200 312
1841210 313
1841220 315
1841230 315
1841240 317
1841250 319
1841260 319
1841270 320
1841280 321
1841290 321
1841300 323
1841310 324
1841320 324
1841330 325
1841340 326
1841350 326
1841360 327
1841370 329
1841380 329
1841390 331
1841400 333
1841410 333
1841420 336
1841430 336
1841440 336
1841450 336
1841460 336
1841470 337
1841480 337
1841490 337
1841500 338
1841510 338
1841520 338
1841530 338
1841540 339
1841550 339
1841560 339
1841570 339
1841580 339
1841590 339
1841600 340
1841610 340
1841620 340
1841630 340
1841640 340
1841650 341
1841660 341
1841670 341
1841680 341
1841690 341
1841700 341
1841710 341
1841720 341
1841730 341
1841740 341
1841750 342
1841760 342
1841770 342
1841780 342
1841790 342
1841800 342
1841810 343
1841820 343
1841830 343
1841840 343
1841850 343
1841860 343
1841870 343
1841880 343
1841890 343
1841900 343
1841910 343
1841920 343
1841930 343
1841940 343
1841950 343
1841960 343
1841970 343
1841980 342
1841990 342
1842000 342
1842010 342
1842020 342
1842030 342
1842040 342
1842050 341
1842060 341
1842070 341
1842080 341
1842090 341
1842100 341
1842110 341
1842120 341
1842130 341
1842140 341
1842150 340
1842160 340
1842170 340
1842180 339
1842190 339
1842200 339
1842210 339
1842220 339
1842230 339
1842240 338
1842250 337
1842260 337
1842270 337
1842280 337
1842290 337
1842300 336
1842310 336
1842320 336
1842330 335
1842340 335
1842350 335
1842360 335
1842370 334
1842380 334
1842390 334
1842400 334
1842410 334
1842420 333
1842430 333
1842440 333
1842450 332
1842460 332
1842470 332
1842480 331
1842490 331
1842500 331
1842510 330
1842520 330
1842530 330
1842540 328
1842550 327
1842560 327
1842570 327
1842580 326
1842590 326
1842600 326
1842610 325
1842620 325
1842630 325
1842640 324
1842650 324
1842660 324
1842670 323
1842680 323
1842690 323
1842700 322
1842710 322
1842720 321
1842730 321
1842740 321
1842750 320
1842760 320
1842770 320
1842780 319
1842790 319
1842800 319
1842810 318
1842820 318
1842830 317
1842840 316
1842850 316
1842860 315
1842870 314
1842880 314
1842890 313
1842900 312
1842910 311
1842920 310
1842930 309
1842940 309
1842950 308
1842960 308
1842970 308
1842980 307
1842990 307
1843000 307
1843010 306
1843020 305
1843030 305
1843040 304
1843050 303
1843060 303
1843070 302
1843080 301
1843090 301
1843100 300
1843110 299
1843120 299
1843130 297
1843140 296
1843150 296
1843160 295
1843170 294
1843180 294
1843190 293
1843200 292
1843210 292
1843220 292
1843230 293
1843240 293
1843250 293
1843260 293
1843270 292
1843280 291
1843290 291
1843300 291
1843310 290
1843320 290
1843330 290
1843340 290
1843350 290
1843360 289
1843370 288
1843380 288
1843390 288
1843400 287
1843410 287
1843420 286
1843430 285
1843440 285
1843450 284
1843460 283
1843470 283
1843480 282
1843490 281
1843500 281
1843510 280
1843520 279
1843530 279
1843540 278
1843550 277
1843560 277
1843570 276
1843580 275
1843590 275
1843600 274
1843610 273
1843620 273
1843630 272
1843640 270
1843650 270
1843660 269
1843670 269
1843680 269
1843690 268
1843700 267
1843710 267
1843720 266
1843730 265
1843740 265
1843750 264
1843760 264
1843770 264
1843780 264
1843790 263
1843800 263
1843810 262
1843820 262
1843830 262
1843840 262
1843850 261
1843860 261
1843870 261
1843880 262
1843890 262
1843900 262
1843910 262
1843920 262
1843930 262
1843940 262
1843950 262
1843960 262
1843970 262
1843980 262
1843990 263
1844000 265
1844010 267
1844020 268
1844030 268
1844040 270
1844050 272
1844060 272
1844070 274
1844080 276
1844090 276
1844100 277
1844110 278
1844120 278
1844130 278
1844140 279
1844150 279
1844160 280
1844170 280
1844180 280
1844190 280
1844200 279
1844210 279
1844220 279
1844230 278
1844240 278
1844250 278
1844260 277
1844270 277
1844280 276
1844290 276
1844300 276
1844310 275
1844320 275
1844330 275
1844340 275
1844350 275
1844360 276
1844370 276
1844380 277
1844390 277
1844400 278
1844410 279
1844420 279
1844430 280
1844440 280
1844450 280
1844460 281
1844470 281
1844480 281
1844490 282
1844500 283
1844510 283
1844520 284
1844530 285
1844540 285
1844550 285
1844560 286
1844570 286
1844580 287
1844590 288
1844600 288
1844610 289
1844620 289
1844630 290
1844640 291
1844650 291
1844660 292
1844670 293
1844680 293
1844690 294
1844700 295
1844710 295
1844720 296
1844730 298
1844740 298
1844750 298
1844760 298
1844770 298
1844780 299
1844790 300
1844800 300
1844810 301
1844820 302
1844830 302
1844840 302
1844850 303
1844860 303
1844870 304
1844880 304
1844890 304
1844900 305
1844910 305
1844920 305
1844930 305
1844940 305
1844950 305
1844960 305
1844970 305
1844980 305
1844990 304
1845000 303
1845010 303
1845020 302
1845030 301
1845040 301
1845050 301
1845060 301
1845070 301
1845080 301
1845090 301
1845100 301
1845110 301
1845120 300
1845130 300
1845140 300
1845150 299
1845160 299
1845170 298
1845180 296
1845190 296
1845200 295
1845210 294
1845220 294
1845230 292
1845240 291
1845250 291
1845260 291
1845270 291
1845280 291
1845290 291
1845300 291
1845310 290
1845320 289
1845330 289
1845340 289
1845350 289
1845360 289
1845370 289
1845380 290
1845390 290
1845400 289
1845410 289
1845420 289
1845430 289
1845440 288
1845450 288
1845460 287
1845470 286
1845480 286
1845490 284
1845500 283
1845510 283
1845520 283
1845530 282
1845540 282
1845550 281
1845560 281
1845570 281
1845580 280
1845590 279
1845600 279
1845610 278
1845620 278
1845630 278
1845640 278
1845650 279
1845660 279
1845670 280
1845680 281
1845690 281
1845700 282
1845710 282
1845720 282
1845730 282
1845740 282
1845750 282
1845760 283
1845770 284
1845780 284
1845790 284
1845800 285
1845810 286
1845820 287
1845830 288
1845840 288
1845850 288
1845860 288
1845870 288
1845880 289
1845890 289
1845900 289
1845910 289
1845920 289
1845930 290
1845940 291
1845950 291
1845960 293
1845970 295
1845980 295
1845990 297
1846000 299
1846010 299
1846020 301
1846030 302
1846040 302
1846050 302
1846060 303
1846070 303
1846080 303
1846090 304
1846100 304
1846110 304
1846120 304
1846130 304
1846140 303
1846150 303
1846160 303
1846170 302
1846180 301
1846190 301
1846200 300
1846210 299
1846220 299
1846230 298
1846240 296
1846250 296
1846260 295
1846270 294
1846280 294
1846290 293
1846300 293
1846310 293
1846320 292
1846330 292
1846340 292
1846350 291
1846360 291
1846370 291
1846380 290
1846390 290
1846400 290
1846410 289
1846420 289
1846430 289
1846440 288
1846450 287
1846460 287
1846470 287
1846480 286
1846490 286
1846500 285
1846510 285
1846520 285
1846530 284
1846540 284
1846550 283
1846560 283
1846570 283
1846580 283
1846590 282
1846600 282
1846610 282
1846620 282
1846630 282
1846640 281
1846650 280
1846660 280
1846670 280
1846680 279
1846690 279
1846700 279
1846710 278
1846720 278
1846730 278
1846740 277
1846750 277
1846760 277
1846770 276
1846780 276
1846790 276
1846800 275
1846810 275
1846820 275
1846830 274
1846840 274
1846850 274
1846860 273
1846870 273
1846880 273
1846890 273
1846900 272
1846910 271
1846920 271
1846930 271
1846940 270
1846950 270
1846960 270
1846970 269
1846980 269
1846990 269
1847000 269
1847010 269
1847020 269
1847030 268
1847040 268
1847050 268
1847060 267
1847070 266
1847080 266
1847090 266
1847100 265
1847110 265
1847120 265
1847130 265
1847140 265
1847150 264
1847160 264
1847170 264
1847180 264
1847190 264
1847200 264
1847210 263
1847220 263
1847230 263
1847240 263
1847250 263
1847260 262
1847270 261
1847280 261
1847290 260
1847300 260
1847310 260
1847320 260
1847330 260
1847340 260
1847350 260
1847360 259
1847370 259
1847380 259
1847390 258
1847400 258
1847410 258
1847420 257
1847430 257
1847440 257
1847450 257
1847460 257
1847470 256
1847480 257
1847490 257
1847500 257
1847510 257
1847520 257
1847530 257
1847540 257
1847550 257
1847560 256
1847570 256
1847580 256
1847590 256
1847600 256
1847610 256
1847620 254
1847630 254
1847640 254
1847650 253
1847660 253
1847670 253
1847680 253
1847690 253
1847700 253
1847710 252
1847720 252
1847730 252
1847740 252
1847750 251
1847760 251
1847770 251
1847780 251
1847790 251
1847800 250
1847810 250
1847820 250
1847830 250
1847840 250
1847850 249
1847860 249
1847870 249
1847880 248
1847890 247
1847900 247
1847910 247
1847920 246
1847930 246
1847940 245
1847950 244
1847960 244
1847970 243
1847980 241
1847990 241
1848000 241
1848010 241
1848020 241
1848030 241
1848040 241
1848050 241
1848060 240
1848070 240
1848080 240
1848090 240
1848100 239
1848110 239
1848120 238
1848130 237
1848140 237
1848150 236
1848160 235
1848170 235
1848180 234
1848190 233
1848200 233
1848210 231
1848220 231
1848230 231
1848240 230
1848250 229
1848260 229
1848270 228
1848280 227
1848290 227
1848300 227
1848310 226
1848320 226
1848330 225
1848340 225
1848350 225
1848360 224
1848370 224
1848380 224
1848390 224
1848400 224
1848410 224
1848420 223
1848430 223
1848440 223
1848450 224
1848460 224
1848470 224
1848480 224
1848490 224
1848500 225
1848510 226
1848520 226
1848530 227
1848540 229
1848550 229
1848560 230
1848570 231
1848580 231
1848590 230
1848600 229
1848610 229
1848620 229
1848630 228
1848640 228
1848650 227
1848660 226
1848670 226
1848680 226
1848690 226
1848700 224
1848710 225
1848720 226
1848730 226
1848740 229
1848750 231
1848760 231
1848770 233
1848780 233
1848790 233
1848800 234
1848810 234
1848820 234
1848830 233
1848840 233
1848850 233
1848860 232
1848870 230
1848880 230
1848890 229
1848900 227
1848910 227
1848920 226
1848930 225
1848940 225
1848950 224
1848960 223
1848970 223
1848980 222
1848990 222
1849000 222
1849010 222
1849020 222
1849030 222
1849040 222
1849050 222
1849060 221
1849070 221
1849080 221
1849090 222
1849100 222
1849110 222
1849120 223
1849130 225
1849140 225
1849150 227
1849160 228
1849170 228
1849180 231
1849190 233
1849200 233
1849210 234
1849220 235
1849230 235
1849240 236
1849250 236
1849260 236
1849270 236
1849280 236
1849290 236
1849300 236
1849310 237
1849320 237
1849330 238
1849340 239
1849350 239
1849360 240
1849370 242
1849380 242
1849390 243
1849400 244
1849410 245
1849420 246
1849430 248
1849440 248
1849450 249
1849460 251
1849470 251
1849480 253
1849490 255
1849500 255
1849510 257
1849520 259
1849530 259
1849540 261
1849550 262
1849560 262
1849570 264
1849580 265
1849590 265
1849600 266
1849610 267
1849620 267
1849630 268
1849640 269
1849650 269
1849660 269
1849670 269
1849680 270
1849690 271
1849700 271
1849710 272
1849720 272
1849730 272
1849740 273
1849750 274
1849760 274
1849770 274
1849780 275
1849790 275
1849800 276
1849810 276
1849820 276
1849830 276
1849840 276
1849850 276
1849860 276
1849870 276
1849880 276
1849890 276
1849900 275
1849910 275
1849920 275
1849930 274
1849940 274
1849950 273
1849960 272
1849970 272
1849980 272
1849990 271
1850000 271
1850010 271
1850020 270
1850030 270
1850040 269
1850050 269
1850060 269
1850070 268
1850080 267
1850090 267
1850100 267
1850110 267
1850120 267
1850130 265
1850140 265
1850150 265
1850160 265
1850170 265
1850180 265
1850190 264
1850200 264
1850210 264
1850220 264
1850230 263
1850240 263
1850250 263
1850260 263
1850270 263
1850280 262
1850290 262
1850300 262
1850310 261
1850320 261
1850330 260
1850340 260
1850350 260
1850360 259
1850370 259
1850380 259
1850390 258
1850400 257
1850410 257
1850420 257
1850430 256
1850440 256
1850450 256
1850460 256
1850470 256
1850480 255
1850490 254
1850500 254
1850510 253
1850520 253
1850530 253
1850540 252
1850550 251
1850560 251
1850570 251
1850580 249
1850590 249
1850600 248
1850610 248
1850620 248
1850630 247
1850640 248
1850650 248
1850660 248
1850670 249
1850680 249
1850690 249
1850700 249
1850710 249
1850720 249
1850730 249
1850740 249
1850750 249
1850760 248
1850770 248
1850780 248
1850790 248
1850800 248
1850810 247
1850820 247
1850830 247
1850840 245
1850850 244
1850860 244
1850870 242
1850880 240
1850890 240
1850900 238
1850910 237
1850920 237
1850930 236
1850940 236
1850950 234
1850960 233
1850970 233
1850980 232
1850990 232
1851000 232
1851010 233
1851020 234
1851030 234
1851040 235
1851050 237
1851060 237
1851070 239
1851080 240
1851090 240
1851100 241
1851110 242
1851120 242
1851130 242
1851140 242
1851150 242
1851160 242
1851170 242
1851180 242
1851190 243
1851200 240
1851210 240
1851220 240
1851230 240
1851240 240
1851250 241
1851260 242
1851270 242
1851280 243
1851290 243
1851300 243
1851310 244
1851320 244
1851330 244
1851340 244
1851350 244
1851360 244
1851370 244
1851380 245
1851390 245
1851400 245
1851410 245
1851420 245
1851430 245
1851440 245
1851450 245
1851460 245
1851470 245
1851480 245
1851490 245
1851500 244
1851510 244
1851520 244
1851530 244
1851540 244
1851550 243
1851560 243
1851570 242
1851580 242
1851590 242
1851600 242
1851610 241
1851620 241
1851630 241
1851640 240
1851650 240
1851660 239
1851670 238
1851680 238
1851690 237
1851700 235
1851710 235
1851720 234
1851730 232
1851740 232
1851750 231
1851760 229
1851770 229
1851780 227
1851790 225
1851800 225
1851810 224
1851820 223
1851830 223
1851840 222
1851850 221
1851860 221
1851870 221
1851880 220
1851890 220
1851900 220
1851910 220
1851920 220
1851930 220
1851940 221
1851950 221
1851960 222
1851970 224
1851980 224
1851990 226
1852000 229
1852010 229
1852020 232
1852030 235
1852040 235
1852050 238
1852060 239
1852070 239
1852080 240
1852090 241
1852100 241
1852110 241
1852120 240
1852130 240
1852140 240
1852150 239
1852160 239
1852170 239
1852180 238
1852190 238
1852200 237
1852210 237
1852220 237
1852230 236
1852240 236
1852250 236
1852260 236
1852270 235
1852280 235
1852290 235
1852300 235
1852310 235
1852320 235
1852330 235
1852340 235
1852350 236
1852360 236
1852370 235
1852380 236
1852390 236
1852400 237
1852410 237
1852420 237
1852430 237
1852440 238
1852450 238
1852460 239
1852470 239
1852480 239
1852490 240
1852500 241
1852510 241
1852520 242
1852530 242
1852540 242
1852550 243
1852560 244
1852570 244
1852580 244
1852590 245
1852600 245
1852610 246
1852620 247
1852630 247
1852640 247
1852650 248
1852660 248
1852670 248
1852680 249
1852690 249
1852700 249
1852710 249
1852720 249
1852730 250
1852740 250
1852750 250
1852760 251
1852770 251
1852780 251
1852790 251
1852800 251
1852810 251
1852820 252
1852830 252
1852840 252
1852850 252
1852860 252
1852870 252
1852880 252
1852890 252
1852900 251
1852910 251
1852920 251
1852930 251
1852940 251
1852950 251
1852960 250
1852970 250
1852980 249
1852990 249
1853000 249
1853010 249
1853020 248
1853030 248
1853040 248
1853050 247
1853060 246
1853070 246
1853080 246
1853090 245
1853100 245
1853110 245
1853120 244
1853130 244
1853140 244
1853150 243
1853160 243
1853170 243
1853180 242
1853190 242
1853200 242
1853210 241
1853220 241
1853230 240
1853240 240
1853250 240
1853260 239
1853270 239
1853280 239
1853290 238
1853300 238
1853310 238
1853320 237
1853330 236
1853340 236
1853350 236
1853360 235
1853370 235
1853380 235
1853390 234
1853400 234
1853410 234
1853420 233
1853430 233
1853440 233
1853450 233
1853460 232
1853470 230
1853480 230
1853490 231
1853500 232
1853510 232
1853520 232
1853530 232
1853540 232
1853550 231
1853560 231
1853570 231
1853580 231
1853590 230
1853600 230
1853610 230
1853620 229
1853630 229
1853640 229
1853650 229
1853660 229
1853670 228
1853680 228
1853690 227
1853700 227
1853710 227
1853720 227
1853730 226
1853740 226
1853750 226
1853760 226
1853770 226
1853780 226
1853790 225
1853800 225
1853810 225
1853820 225
1853830 224
1853840 224
1853850 224
1853860 224
1853870 224
1853880 223
1853890 223
1853900 223
1853910 223
1853920 222
1853930 222
1853940 222
1853950 222
1853960 222
1853970 222
1853980 221
1853990 221
1854000 221
1854010 221
1854020 221
1854030 221
1854040 220
1854050 220
1854060 220
1854070 220
1854080 220
1854090 220
1854100 220
1854110 220
1854120 220
1854130 220
1854140 219
1854150 219
1854160 219
1854170 219
1854180 219
1854190 219
1854200 218
1854210 218
1854220 218
1854230 218
1854240 218
1854250 218
1854260 218
1854270 218
1854280 218
1854290 217
1854300 217
1854310 217
1854320 217
1854330 217
1854340 217
1854350 217
1854360 217
1854370 217
1854380 216
1854390 216
1854400 216
1854410 216
1854420 216
1854430 216
1854440 215
1854450 215
1854460 215
1854470 215
1854480 214
1854490 214
1854500 214
1854510 214
1854520 214
1854530 214
1854540 213
1854550 213
1854560 213
1854570 212
1854580 212
1854590 211
1854600 210
1854610 210
1854620 210
1854630 210
1854640 210
1854650 210
1854660 211
1854670 211
1854680 212
1854690 213
1854700 213
1854710 213
1854720 213
1854730 214
1854740 214
1854750 214
1854760 214
1854770 214
1854780 214
1854790 214
1854800 214
1854810 214
1854820 214
1854830 214
1854840 214
1854850 214
1854860 214
1854870 214
1854880 214
1854890 214
1854900 214
1854910 214
1854920 213
1854930 213
1854940 213
1854950 213
1854960 213
1854970 213
1854980 213
1854990 213
1855000 213
1855010 213
1855020 213
1855030 212
1855040 212
1855050 212
1855060 212
1855070 212
1855080 212
1855090 211
1855100 211
1855110 211
1855120 210
1855130 210
1855140 210
1855150 210
1855160 210
1855170 210
1855180 210
1855190 209
1855200 209
1855210 209
1855220 209
1855230 209
1855240 209
1855250 208
1855260 208
1855270 208
1855280 208
1855290 208
1855300 208
1855310 208
1855320 208
1855330 208
1855340 208
1855350 207
1855360 207
1855370 207
1855380 207
1855390 207
1855400 207
1855410 206
1855420 206
1855430 206
1855440 206
1855450 205
1855460 205
1855470 205
1855480 204
1855490 204
1855500 204
1855510 204
1855520 204
1855530 204
1855540 204
1855550 204
1855560 203
1855570 203
1855580 203
1855590 203
1855600 202
1855610 202
1855620 202
1855630 202
1855640 202
1855650 201
1855660 201
1855670 201
1855680 201
1855690 201
1855700 201
1855710 200
1855720 200
1855730 200
1855740 200
1855750 200
1855760 200
1855770 200
1855780 199
1855790 199
1855800 199
1855810 199
1855820 199
1855830 199
1855840 198
1855850 198
1855860 198
1855870 198
1855880 198
1855890 198
1855900 198
1855910 198
1855920 198
1855930 197
1855940 197
1855950 197
1855960 197
1855970 197
1855980 197
1855990 197
1856000 197
1856010 197
1856020 197
1856030 197
1856040 197
1856050 197
1856060 196
1856070 196
1856080 196
1856090 196
1856100 196
1856110 196
1856120 196
1856130 196
1856140 196
1856150 196
1856160 195
1856170 195
1856180 195
1856190 195
1856200 195
1856210 195
1856220 195
1856230 195
1856240 195
1856250 195
1856260 195
1856270 195
1856280 195
1856290 195
1856300 194
1856310 194
1856320 194
1856330 194
1856340 194
1856350 194
1856360 194
1856370 194
1856380 194
1856390 194
1856400 194
1856410 194
1856420 194
1856430 194
1856440 194
1856450 193
1856460 193
1856470 193
1856480 193
1856490 193
1856500 193
1856510 193
1856520 193
1856530 193
1856540 193
1856550 193
1856560 193
1856570 193
1856580 194
1856590 194
1856600 194
1856610 194
1856620 194
1856630 194
1856640 194
1856650 194
1856660 194
1856670 194
1856680 194
1856690 194
1856700 194
1856710 194
1856720 194
1856730 194
1856740 194
1856750 195
1856760 195
1856770 195
1856780 195
1856790 195
1856800 195
1856810 195
1856820 195
1856830 195
1856840 195
1856850 195
1856860 195
1856870 196
1856880 196
1856890 196
1856900 196
1856910 196
1856920 196
1856930 196
1856940 196
1856950 196
1856960 196
1856970 196
1856980 196
1856990 196
1857000 196
1857010 196
1857020 196
1857030 196
1857040 196
1857050 196
1857060 196
1857070 196
1857080 197
1857090 197
1857100 197
1857110 197
1857120 197
1857130 197
1857140 197
1857150 197
1857160 197
1857170 197
1857180 197
1857190 197
1857200 198
1857210 198
1857220 198
1857230 198
1857240 198
1857250 199
1857260 199
1857270 199
1857280 199
1857290 199
1857300 199
1857310 199
1857320 199
1857330 199
1857340 199
1857350 199
1857360 200
1857370 200
1857380 200
1857390 200
1857400 201
1857410 201
1857420 201
1857430 201
1857440 201
1857450 202
1857460 202
1857470 202
1857480 202
1857490 202
1857500 202
1857510 202
1857520 202
1857530 202
1857540 202
1857550 202
1857560 203
1857570 202
1857580 202
1857590 202
1857600 202
1857610 202
1857620 202
1857630 202
1857640 202
1857650 202
1857660 201
1857670 201
1857680 201
1857690 201
1857700 201
1857710 201
1857720 201
1857730 201
1857740 201
1857750 200
1857760 200
1857770 200
1857780 200
1857790 200
1857800 200
1857810 200
1857820 200
1857830 200
1857840 200
1857850 200
1857860 199
1857870 199
1857880 199
1857890 199
1857900 199
1857910 199
1857920 199
1857930 198
1857940 198
1857950 198
1857960 198
1857970 198
1857980 198
1857990 198
1858000 198
1858010 198
1858020 198
1858030 198
1858040 197
1858050 197
1858060 197
1858070 197
1858080 197
1858090 197
1858100 197
1858110 197
1858120 197
1858130 196
1858140 196
1858150 196
1858160 196
1858170 196
1858180 196
1858190 196
1858200 196
1858210 196
1858220 196
1858230 196
1858240 196
1858250 196
1858260 195
1858270 195
1858280 195
1858290 195
1858300 195
1858310 194
1858320 194
1858330 194
1858340 194
1858350 194
1858360 194
1858370 194
1858380 194
1858390 194
1858400 194
1858410 194
1858420 194
1858430 194
1858440 194
1858450 194
1858460 194
1858470 194
1858480 194
1858490 194
1858500 194
1858510 194
1858520 194
1858530 194
1858540 193
1858550 193
1858560 193
1858570 193
1858580 193
1858590 193
1858600 192
1858610 192
1858620 192
1858630 191
1858640 191
1858650 191
1858660 191
1858670 190
1858680 190
1858690 190
1858700 190
1858710 190
1858720 189
1858730 189
1858740 189
1858750 189
1858760 189
1858770 189
1858780 188
1858790 188
1858800 188
1858810 188
1858820 188
1858830 188
1858840 187
1858850 187
1858860 187
1858870 187
1858880 187
1858890 187
1858900 187
1858910 187
1858920 187
1858930 187
1858940 187
1858950 187
1858960 187
1858970 187
1858980 187
1858990 187
1859000 187
1859010 187
1859020 187
1859030 187
1859040 187
1859050 187
1859060 187
1859070 187
1859080 187
1859090 187
1859100 187
1859110 187
1859120 187
1859130 187
1859140 187
1859150 187
1859160 187
1859170 187
1859180 187
1859190 187
1859200 188
1859210 188
1859220 188
1859230 187
1859240 187
1859250 187
1859260 187
1859270 187
1859280 187
1859290 187
1859300 187
1859310 186
1859320 186
1859330 186
1859340 186
1859350 186
1859360 186
1859370 186
1859380 186
1859390 186
1859400 185
1859410 185
1859420 185
1859430 185
1859440 185
1859450 185
1859460 185
1859470 185
1859480 185
1859490 185
1859500 185
1859510 185
1859520 185
1859530 185
1859540 185
1859550 185
1859560 185
1859570 185
1859580 184
1859590 184
1859600 184
1859610 184
1859620 184
1859630 184
1859640 184
1859650 184
1859660 184
1859670 184
1859680 183
1859690 183
1859700 183
1859710 183
1859720 183
1859730 183
1859740 183
1859750 183
1859760 183
1859770 183
1859780 183
1859790 183
1859800 183
1859810 183
1859820 182
1859830 182
1859840 182
1859850 182
1859860 182
1859870 182
1859880 182
1859890 182
1859900 182
1859910 182
1859920 182
1859930 182
1859940 182
1859950 182
1859960 182
1859970 182
1859980 182
1859990 182
