1840000 348
1840010 348
1840020 349
1840030 350
1840040 350
1840050 351
1840060 352
1840070 352
1840080 352
1840090 353
1840100 353
1840110 353
1840120 354
1840130 354
1840140 355
1840150 356
1840160 356
1840170 357
1840180 357
1840190 357
1840200 358
1840210 357
1840220 357
1840230 357
1840240 357
1840250 357
1840260 357
1840270 357
1840280 357
1840290 357
1840300 357
1840310 357
1840320 357
1840330 357
1840340 357
1840350 356
1840360 356
1840370 356
1840380 356
1840390 356
1840400 356
1840410 356
1840420 356
1840430 355
1840440 354
1840450 354
1840460 354
1840470 353
1840480 353
1840490 353
1840500 353
1840510 352
1840520 352
1840530 352
1840540 352
1840550 352
1840560 352
1840570 351
1840580 351
1840590 351
1840600 351
1840610 351
1840620 351
1840630 350
1840640 350
1840650 350
1840660 350
1840670 349
1840680 349
1840690 349
1840700 349
1840710 349
1840720 349
1840730 349
1840740 348
1840750 348
1840760 348
1840770 348
1840780 348
1840790 348
1840800 346
1840810 346
1840820 346
1840830 345
1840840 345
1840850 345
1840860 345
1840870 345
1840880 344
1840890 344
1840900 344
1840910 343
1840920 342
1840930 342
1840940 342
1840950 342
1840960 342
1840970 342
1840980 342
1840990 342
1841000 342
1841010 343
1841020 343
1841030 344
1841040 345
1841050 345
1841060 346
1841070 347
1841080 347
1841090 348
1841100 349
1841110 349
1841120 350
1841130 351
1841140 351
1841150 351
1841160 352
1841170 352
1841180 352
1841190 352
1841200 352
1841210 352
1841220 352
1841230 352
1841240 352
1841250 352
1841260 352
1841270 352
1841280 352
1841290 352
1841300 352
1841310 352
1841320 351
1841330 351
1841340 351
1841350 351
1841360 350
1841370 350
1841380 350
1841390 349
1841400 349
1841410 348
1841420 346
1841430 346
1841440 345
1841450 344
1841460 344
1841470 342
1841480 340
1841490 340
1841500 338
1841510 337
1841520 337
1841530 335
1841540 334
1841550 334
1841560 333
1841570 332
1841580 332
1841590 333
1841600 333
1841610 333
1841620 334
1841630 335
1841640 335
1841650 336
1841660 337
1841670 337
1841680 338
1841690 339
1841700 339
1841710 339
1841720 340
1841730 340
1841740 339
1841750 339
1841760 339
1841770 339
1841780 338
1841790 338
1841800 338
1841810 337
1841820 337
1841830 337
1841840 337
1841850 337
1841860 336
1841870 336
1841880 336
1841890 335
1841900 336
1841910 335
1841920 335
1841930 335
1841940 334
1841950 334
1841960 334
1841970 333
1841980 333
1841990 333
1842000 332
1842010 332
1842020 332
1842030 331
1842040 331
1842050 331
1842060 330
1842070 330
1842080 330
1842090 329
1842100 328
1842110 328
1842120 327
1842130 326
1842140 326
1842150 325
1842160 324
1842170 324
1842180 322
1842190 321
1842200 321
1842210 319
1842220 317
1842230 317
1842240 315
1842250 313
1842260 313
1842270 312
1842280 311
1842290 311
1842300 310
1842310 310
1842320 310
1842330 309
1842340 308
1842350 308
1842360 307
1842370 305
1842380 305
1842390 304
1842400 302
1842410 302
1842420 301
1842430 300
1842440 300
1842450 299
1842460 298
1842470 298
1842480 297
1842490 297
1842500 297
1842510 298
1842520 298
1842530 301
1842540 303
1842550 303
1842560 305
1842570 307
1842580 307
1842590 308
1842600 308
1842610 308
1842620 308
1842630 309
1842640 309
1842650 309
1842660 309
1842670 309
1842680 309
1842690 308
1842700 308
1842710 308
1842720 308
1842730 308
1842740 308
1842750 308
1842760 308
1842770 308
1842780 307
1842790 307
1842800 307
1842810 306
1842820 306
1842830 306
1842840 306
1842850 306
1842860 305
1842870 305
1842880 305
1842890 304
1842900 304
1842910 304
1842920 304
1842930 304
1842940 304
1842950 303
1842960 303
1842970 303
1842980 302
1842990 301
1843000 301
1843010 300
1843020 299
1843030 299
1843040 298
1843050 297
1843060 297
1843070 296
1843080 295
1843090 295
1843100 294
1843110 293
1843120 293
1843130 292
1843140 291
1843150 291
1843160 290
1843170 290
1843180 290
1843190 289
1843200 289
1843210 289
1843220 288
1843230 288
1843240 287
1843250 287
1843260 287
1843270 286
1843280 285
1843290 285
1843300 284
1843310 283
1843320 283
1843330 282
1843340 281
1843350 282
1843360 282
1843370 282
1843380 282
1843390 281
1843400 281
1843410 281
1843420 280
1843430 280
1843440 280
1843450 280
1843460 280
1843470 280
1843480 280
1843490 280
1843500 280
1843510 280
1843520 280
1843530 280
1843540 282
1843550 283
1843560 283
1843570 283
1843580 284
1843590 284
1843600 284
1843610 285
1843620 285
1843630 286
1843640 287
1843650 287
1843660 287
1843670 287
1843680 287
1843690 288
1843700 288
1843710 288
1843720 288
1843730 288
1843740 288
1843750 288
1843760 289
1843770 289
1843780 289
1843790 289
1843800 289
1843810 290
1843820 290
1843830 290
1843840 290
1843850 290
1843860 290
1843870 291
1843880 291
1843890 291
1843900 292
1843910 292
1843920 292
1843930 292
1843940 292
1843950 293
1843960 293
1843970 293
1843980 293
1843990 293
1844000 293
1844010 294
1844020 295
1844030 295
1844040 295
1844050 296
1844060 296
1844070 297
1844080 299
1844090 299
1844100 299
1844110 300
1844120 300
1844130 300
1844140 301
1844150 301
1844160 301
1844170 301
1844180 301
1844190 301
1844200 302
1844210 302
1844220 302
1844230 303
1844240 303
1844250 303
1844260 302
1844270 302
1844280 302
1844290 302
1844300 302
1844310 301
1844320 301
1844330 301
1844340 300
1844350 300
1844360 300
1844370 300
1844380 300
1844390 300
1844400 299
1844410 299
1844420 299
1844430 299
1844440 299
1844450 300
1844460 299
1844470 299
1844480 298
1844490 297
1844500 297
1844510 297
1844520 296
1844530 296
1844540 295
1844550 294
1844560 294
1844570 293
1844580 292
1844590 292
1844600 291
1844610 290
1844620 290
1844630 289
1844640 288
1844650 288
1844660 287
1844670 286
1844680 286
1844690 284
1844700 283
1844710 283
1844720 282
1844730 281
1844740 281
1844750 280
1844760 279
1844770 279
1844780 278
1844790 277
1844800 277
1844810 277
1844820 276
1844830 276
1844840 276
1844850 275
1844860 275
1844870 274
1844880 274
1844890 274
1844900 273
1844910 273
1844920 273
1844930 273
1844940 273
1844950 273
1844960 273
1844970 275
1844980 275
1844990 277
1845000 278
1845010 278
1845020 279
1845030 279
1845040 282
1845050 283
1845060 283
1845070 282
1845080 281
1845090 281
1845100 281
1845110 280
1845120 280
1845130 281
1845140 283
1845150 283
1845160 285
1845170 287
1845180 287
1845190 289
1845200 290
1845210 290
1845220 291
1845230 292
1845240 292
1845250 292
1845260 292
1845270 292
1845280 291
1845290 290
1845300 290
1845310 289
1845320 288
1845330 288
1845340 286
1845350 285
1845360 285
1845370 284
1845380 283
1845390 283
1845400 283
1845410 283
1845420 283
1845430 284
1845440 285
1845450 285
1845460 285
1845470 286
1845480 286
1845490 286
1845500 287
1845510 287
1845520 287
1845530 286
1845540 286
1845550 285
1845560 285
1845570 285
1845580 284
1845590 282
1845600 282
1845610 281
1845620 280
1845630 280
1845640 279
1845650 279
1845660 279
1845670 279
1845680 279
1845690 279
1845700 280
1845710 280
1845720 282
1845730 284
1845740 284
1845750 285
1845760 286
1845770 286
1845780 287
1845790 288
1845800 288
1845810 288
1845820 288
1845830 288
1845840 288
1845850 287
1845860 287
1845870 287
1845880 287
1845890 287
1845900 286
1845910 286
1845920 286
1845930 286
1845940 285
1845950 285
1845960 285
1845970 285
1845980 285
1845990 285
1846000 284
1846010 284
1846020 283
1846030 282
1846040 282
1846050 281
1846060 280
1846070 280
1846080 279
1846090 278
1846100 278
1846110 277
1846120 276
1846130 276
1846140 275
1846150 274
1846160 274
1846170 274
1846180 274
1846190 274
1846200 275
1846210 276
1846220 276
1846230 277
1846240 277
1846250 277
1846260 278
1846270 278
1846280 278
1846290 279
1846300 279
1846310 279
1846320 280
1846330 280
1846340 280
1846350 280
1846360 280
1846370 280
1846380 280
1846390 280
1846400 280
1846410 280
1846420 280
1846430 280
1846440 280
1846450 280
1846460 280
1846470 280
1846480 280
1846490 280
1846500 281
1846510 281
1846520 281
1846530 281
1846540 281
1846550 281
1846560 281
1846570 281
1846580 281
1846590 281
1846600 281
1846610 281
1846620 281
1846630 281
1846640 282
1846650 282
1846660 282
1846670 282
1846680 282
1846690 282
1846700 282
1846710 282
1846720 282
1846730 283
1846740 283
1846750 283
1846760 283
1846770 283
1846780 283
1846790 283
1846800 284
1846810 284
1846820 284
1846830 284
1846840 284
1846850 284
1846860 285
1846870 285
1846880 285
1846890 285
1846900 285
1846910 285
1846920 285
1846930 285
1846940 285
1846950 285
1846960 285
1846970 285
1846980 286
1846990 287
1847000 287
1847010 287
1847020 287
1847030 287
1847040 287
1847050 287
1847060 287
1847070 287
1847080 287
1847090 287
1847100 287
1847110 287
1847120 287
1847130 287
1847140 287
1847150 287
1847160 287
1847170 286
1847180 286
1847190 286
1847200 285
1847210 285
1847220 285
1847230 284
1847240 284
1847250 284
1847260 283
1847270 283
1847280 283
1847290 283
1847300 283
1847310 283
1847320 282
1847330 282
1847340 283
1847350 282
1847360 282
1847370 282
1847380 281
1847390 281
1847400 281
1847410 281
1847420 280
1847430 280
1847440 280
1847450 279
1847460 279
1847470 279
1847480 279
1847490 279
1847500 279
1847510 278
1847520 278
1847530 278
1847540 278
1847550 278
1847560 277
1847570 277
1847580 277
1847590 277
1847600 277
1847610 276
1847620 276
1847630 276
1847640 276
1847650 276
1847660 276
1847670 275
1847680 275
1847690 275
1847700 276
1847710 275
1847720 275
1847730 275
1847740 275
1847750 275
1847760 274
1847770 274
1847780 274
1847790 274
1847800 274
1847810 274
1847820 273
1847830 273
1847840 273
1847850 273
1847860 272
1847870 272
1847880 272
1847890 271
1847900 271
1847910 271
1847920 271
1847930 271
1847940 270
1847950 270
1847960 270
1847970 269
1847980 269
1847990 269
1848000 268
1848010 268
1848020 268
1848030 267
1848040 266
1848050 266
1848060 266
1848070 266
1848080 266
1848090 265
1848100 265
1848110 265
1848120 265
1848130 264
1848140 264
1848150 264
1848160 264
1848170 263
1848180 262
1848190 262
1848200 261
1848210 261
1848220 261
1848230 261
1848240 260
1848250 260
1848260 259
1848270 258
1848280 258
1848290 257
1848300 256
1848310 256
1848320 255
1848330 254
1848340 254
1848350 253
1848360 252
1848370 252
1848380 250
1848390 250
1848400 250
1848410 249
1848420 247
1848430 247
1848440 247
1848450 247
1848460 247
1848470 247
1848480 246
1848490 246
1848500 246
1848510 245
1848520 245
1848530 245
1848540 244
1848550 244
1848560 244
1848570 244
1848580 244
1848590 243
1848600 243
1848610 243
1848620 242
1848630 242
1848640 242
1848650 241
1848660 241
1848670 241
1848680 240
1848690 239
1848700 239
1848710 238
1848720 237
1848730 237
1848740 236
1848750 235
1848760 235
1848770 233
1848780 233
1848790 232
1848800 231
1848810 231
1848820 230
1848830 228
1848840 228
1848850 227
1848860 226
1848870 226
1848880 225
1848890 224
1848900 224
1848910 223
1848920 222
1848930 222
1848940 220
1848950 219
1848960 219
1848970 218
1848980 217
1848990 217
1849000 216
1849010 215
1849020 215
1849030 214
1849040 214
1849050 214
1849060 214
1849070 214
1849080 214
1849090 214
1849100 215
1849110 215
1849120 215
1849130 214
1849140 214
1849150 214
1849160 215
1849170 215
1849180 216
1849190 218
1849200 218
1849210 219
1849220 221
1849230 221
1849240 223
1849250 224
1849260 224
1849270 226
1849280 229
1849290 229
1849300 232
1849310 233
1849320 233
1849330 236
1849340 237
1849350 237
1849360 239
1849370 239
1849380 239
1849390 240
1849400 240
1849410 240
1849420 240
1849430 240
1849440 241
1849450 242
1849460 242
1849470 243
1849480 243
1849490 242
1849500 242
1849510 243
1849520 243
1849530 243
1849540 243
1849550 243
1849560 243
1849570 243
1849580 243
1849590 242
1849600 242
1849610 242
1849620 241
1849630 241
1849640 241
1849650 240
1849660 240
1849670 240
1849680 240
1849690 240
1849700 240
1849710 241
1849720 241
1849730 241
1849740 241
1849750 241
1849760 241
1849770 241
1849780 240
1849790 240
1849800 240
1849810 239
1849820 239
1849830 239
1849840 238
1849850 237
1849860 236
1849870 236
1849880 236
1849890 235
1849900 235
1849910 235
1849920 235
1849930 234
1849940 234
1849950 234
1849960 234
1849970 234
1849980 233
1849990 233
1850000 233
1850010 232
1850020 231
1850030 231
1850040 230
1850050 230
1850060 228
1850070 227
1850080 227
1850090 226
1850100 224
1850110 224
1850120 222
1850130 221
1850140 221
1850150 220
1850160 218
1850170 218
1850180 217
1850190 216
1850200 216
1850210 215
1850220 215
1850230 215
1850240 215
1850250 215
1850260 215
1850270 215
1850280 216
1850290 216
1850300 216
1850310 218
1850320 218
1850330 220
1850340 222
1850350 222
1850360 225
1850370 226
1850380 226
1850390 228
1850400 229
1850410 229
1850420 230
1850430 230
1850440 230
1850450 231
1850460 231
1850470 231
1850480 231
1850490 232
1850500 232
1850510 232
1850520 233
1850530 233
1850540 234
1850550 235
1850560 235
1850570 235
1850580 236
1850590 236
1850600 237
1850610 238
1850620 238
1850630 238
1850640 239
1850650 239
1850660 239
1850670 239
1850680 240
1850690 240
1850700 240
1850710 240
1850720 240
1850730 240
1850740 240
1850750 240
1850760 240
1850770 240
1850780 240
1850790 240
1850800 240
1850810 239
1850820 239
1850830 239
1850840 238
1850850 238
1850860 237
1850870 236
1850880 236
1850890 235
1850900 234
1850910 234
1850920 233
1850930 232
1850940 232
1850950 230
1850960 229
1850970 229
1850980 228
1850990 227
1851000 227
1851010 225
1851020 224
1851030 224
1851040 222
1851050 220
1851060 220
1851070 219
1851080 217
1851090 217
1851100 216
1851110 215
1851120 215
1851130 214
1851140 214
1851150 214
1851160 213
1851170 213
1851180 213
1851190 213
1851200 213
1851210 213
1851220 213
1851230 211
1851240 211
1851250 211
1851260 211
1851270 211
1851280 210
1851290 210
1851300 210
1851310 210
1851320 210
1851330 210
1851340 210
1851350 210
1851360 212
1851370 215
1851380 215
1851390 216
1851400 218
1851410 218
1851420 220
1851430 221
1851440 221
1851450 223
1851460 224
1851470 224
1851480 225
1851490 225
1851500 225
1851510 226
1851520 226
1851530 226
1851540 226
1851550 225
1851560 225
1851570 225
1851580 225
1851590 225
1851600 224
1851610 223
1851620 223
1851630 222
1851640 220
1851650 220
1851660 218
1851670 217
1851680 217
1851690 215
1851700 213
1851710 213
1851720 211
1851730 210
1851740 210
1851750 210
1851760 209
1851770 209
1851780 208
1851790 208
1851800 208
1851810 208
1851820 208
1851830 208
1851840 207
1851850 207
1851860 207
1851870 208
1851880 208
1851890 208
1851900 208
1851910 208
1851920 208
1851930 210
1851940 210
1851950 212
1851960 215
1851970 215
1851980 219
1851990 222
1852000 222
1852010 225
1852020 226
1852030 226
1852040 227
1852050 228
1852060 228
1852070 228
1852080 228
1852090 228
1852100 227
1852110 227
1852120 227
1852130 227
1852140 228
1852150 228
1852160 227
1852170 227
1852180 227
1852190 226
1852200 226
1852210 226
1852220 225
1852230 224
1852240 224
1852250 222
1852260 221
1852270 221
1852280 221
1852290 220
1852300 220
1852310 219
1852320 219
1852330 219
1852340 217
1852350 217
1852360 217
1852370 218
1852380 219
1852390 219
1852400 220
1852410 221
1852420 221
1852430 222
1852440 222
1852450 222
1852460 223
1852470 223
1852480 223
1852490 223
1852500 224
1852510 224
1852520 224
1852530 224
1852540 224
1852550 224
1852560 224
1852570 223
1852580 224
1852590 224
1852600 223
1852610 222
1852620 222
1852630 222
1852640 222
1852650 222
1852660 221
1852670 221
1852680 221
1852690 221
1852700 221
1852710 221
1852720 221
1852730 221
1852740 221
1852750 221
1852760 221
1852770 221
1852780 220
1852790 221
1852800 221
1852810 220
1852820 220
1852830 220
1852840 220
1852850 220
1852860 220
1852870 220
1852880 220
1852890 220
1852900 220
1852910 220
1852920 220
1852930 220
1852940 220
1852950 220
1852960 220
1852970 220
1852980 220
1852990 220
1853000 220
1853010 220
1853020 220
1853030 220
1853040 220
1853050 219
1853060 219
1853070 219
1853080 219
1853090 219
1853100 219
1853110 219
1853120 219
1853130 219
1853140 219
1853150 219
1853160 218
1853170 218
1853180 218
1853190 218
1853200 218
1853210 218
1853220 218
1853230 218
1853240 218
1853250 217
1853260 217
1853270 217
1853280 217
1853290 217
1853300 217
1853310 216
1853320 216
1853330 216
1853340 216
1853350 215
1853360 215
1853370 215
1853380 215
1853390 215
1853400 215
1853410 214
1853420 214
1853430 214
1853440 214
1853450 214
1853460 213
1853470 213
1853480 213
1853490 213
1853500 213
1853510 213
1853520 213
1853530 212
1853540 212
1853550 212
1853560 212
1853570 212
1853580 212
1853590 211
1853600 211
1853610 211
1853620 211
1853630 211
1853640 211
1853650 210
1853660 210
1853670 210
1853680 210
1853690 210
1853700 210
1853710 209
1853720 209
1853730 209
1853740 208
1853750 208
1853760 208
1853770 208
1853780 208
1853790 207
1853800 207
1853810 207
1853820 207
1853830 207
1853840 207
1853850 207
1853860 207
1853870 206
1853880 206
1853890 206
1853900 206
1853910 206
1853920 206
1853930 206
1853940 205
1853950 205
1853960 205
1853970 205
1853980 205
1853990 205
1854000 205
1854010 205
1854020 204
1854030 204
1854040 204
1854050 204
1854060 204
1854070 204
1854080 204
1854090 203
1854100 203
1854110 203
1854120 203
1854130 203
1854140 203
1854150 203
1854160 203
1854170 202
1854180 202
1854190 202
1854200 203
1854210 203
1854220 203
1854230 203
1854240 202
1854250 202
1854260 202
1854270 202
1854280 202
1854290 202
1854300 202
1854310 202
1854320 202
1854330 202
1854340 202
1854350 202
1854360 202
1854370 202
1854380 202
1854390 202
1854400 202
1854410 202
1854420 202
1854430 202
1854440 202
1854450 202
1854460 202
1854470 202
1854480 202
1854490 202
1854500 202
1854510 202
1854520 202
1854530 202
1854540 202
1854550 201
1854560 202
1854570 202
1854580 201
1854590 201
1854600 201
1854610 201
1854620 201
1854630 201
1854640 201
1854650 201
1854660 201
1854670 201
1854680 201
1854690 201
1854700 201
1854710 201
1854720 201
1854730 201
1854740 201
1854750 201
1854760 201
1854770 201
1854780 201
1854790 201
1854800 201
1854810 201
1854820 201
1854830 201
1854840 201
1854850 201
1854860 201
1854870 201
1854880 201
1854890 200
1854900 200
1854910 200
1854920 200
1854930 200
1854940 200
1854950 200
1854960 200
1854970 200
1854980 200
1854990 200
1855000 200
1855010 200
1855020 200
1855030 200
1855040 200
1855050 200
1855060 200
1855070 200
1855080 200
1855090 200
1855100 200
1855110 200
1855120 200
1855130 200
1855140 200
1855150 201
1855160 201
1855170 201
1855180 201
1855190 201
1855200 201
1855210 201
1855220 201
1855230 201
1855240 201
1855250 201
1855260 201
1855270 201
1855280 201
1855290 202
1855300 202
1855310 202
1855320 202
1855330 202
1855340 202
1855350 202
1855360 202
1855370 202
1855380 202
1855390 202
1855400 202
1855410 202
1855420 203
1855430 203
1855440 203
1855450 203
1855460 203
1855470 203
1855480 203
1855490 203
1855500 203
1855510 203
1855520 203
1855530 204
1855540 204
1855550 204
1855560 204
1855570 204
1855580 204
1855590 204
1855600 204
1855610 204
1855620 204
1855630 204
1855640 204
1855650 204
1855660 204
1855670 204
1855680 204
1855690 204
1855700 204
1855710 204
1855720 204
1855730 204
1855740 204
1855750 204
1855760 204
1855770 204
1855780 204
1855790 204
1855800 205
1855810 205
1855820 205
1855830 205
1855840 205
1855850 205
1855860 205
1855870 205
1855880 205
1855890 205
1855900 205
1855910 205
1855920 205
1855930 205
1855940 206
1855950 206
1855960 206
1855970 206
1855980 206
1855990 206
1856000 206
1856010 206
1856020 206
1856030 206
1856040 206
1856050 206
1856060 207
1856070 207
1856080 207
1856090 207
1856100 207
1856110 207
1856120 207
1856130 207
1856140 207
1856150 207
1856160 207
1856170 207
1856180 208
1856190 208
1856200 208
1856210 208
1856220 208
1856230 208
1856240 209
1856250 209
1856260 209
1856270 210
1856280 210
1856290 210
1856300 209
1856310 209
1856320 209
1856330 209
1856340 209
1856350 209
1856360 208
1856370 208
1856380 208
1856390 208
1856400 208
1856410 208
1856420 207
1856430 207
1856440 207
1856450 207
1856460 207
1856470 206
1856480 206
1856490 206
1856500 206
1856510 205
1856520 205
1856530 205
1856540 204
1856550 204
1856560 204
1856570 204
1856580 204
1856590 203
1856600 203
1856610 203
1856620 203
1856630 203
1856640 203
1856650 202
1856660 202
1856670 202
1856680 202
1856690 202
1856700 202
1856710 202
1856720 201
1856730 201
1856740 201
1856750 201
1856760 201
1856770 200
1856780 200
1856790 200
1856800 200
1856810 199
1856820 199
1856830 199
1856840 199
1856850 199
1856860 199
1856870 199
1856880 199
1856890 198
1856900 198
1856910 198
1856920 198
1856930 198
1856940 197
1856950 197
1856960 197
1856970 197
1856980 197
1856990 197
1857000 197
1857010 196
1857020 196
1857030 196
1857040 196
1857050 196
1857060 196
1857070 196
1857080 196
1857090 196
1857100 196
1857110 196
1857120 195
1857130 195
1857140 195
1857150 195
1857160 195
1857170 195
1857180 194
1857190 194
1857200 194
1857210 194
1857220 194
1857230 194
1857240 194
1857250 193
1857260 193
1857270 193
1857280 193
1857290 193
1857300 193
1857310 193
1857320 193
1857330 193
1857340 193
1857350 193
1857360 193
1857370 193
1857380 193
1857390 193
1857400 193
1857410 193
1857420 192
1857430 192
1857440 192
1857450 192
1857460 192
1857470 192
1857480 192
1857490 192
1857500 192
1857510 192
1857520 192
1857530 192
1857540 192
1857550 192
1857560 192
1857570 191
1857580 191
1857590 191
1857600 191
1857610 191
1857620 191
1857630 191
1857640 190
1857650 190
1857660 190
1857670 190
1857680 190
1857690 190
1857700 190
1857710 190
1857720 190
1857730 190
1857740 189
1857750 189
1857760 189
1857770 189
1857780 189
1857790 189
1857800 189
1857810 188
1857820 188
1857830 188
1857840 188
1857850 188
1857860 188
1857870 188
1857880 188
1857890 188
1857900 188
1857910 188
1857920 188
1857930 188
1857940 188
1857950 188
1857960 187
1857970 187
1857980 187
1857990 187
1858000 187
1858010 187
1858020 187
1858030 187
1858040 187
1858050 187
1858060 187
1858070 187
1858080 187
1858090 187
1858100 187
1858110 187
1858120 187
1858130 186
1858140 186
1858150 186
1858160 186
1858170 186
1858180 186
1858190 186
1858200 186
1858210 186
1858220 186
1858230 186
1858240 186
1858250 186
1858260 186
1858270 186
1858280 185
1858290 185
1858300 185
1858310 185
1858320 185
1858330 185
1858340 185
1858350 185
1858360 185
1858370 185
1858380 185
1858390 185
1858400 185
1858410 185
1858420 185
1858430 185
1858440 185
1858450 185
1858460 185
1858470 185
1858480 185
1858490 185
1858500 185
1858510 184
1858520 184
1858530 184
1858540 184
1858550 184
1858560 184
1858570 184
1858580 184
1858590 184
1858600 184
1858610 184
1858620 184
1858630 184
1858640 184
1858650 184
1858660 184
1858670 184
1858680 184
1858690 184
1858700 184
1858710 184
1858720 184
1858730 184
1858740 184
1858750 184
1858760 184
1858770 184
1858780 184
1858790 184
1858800 183
1858810 183
1858820 183
1858830 183
1858840 183
1858850 183
1858860 184
1858870 184
1858880 184
1858890 184
1858900 184
1858910 184
1858920 184
1858930 183
1858940 183
1858950 184
1858960 184
1858970 184
1858980 183
1858990 183
1859000 183
1859010 183
1859020 184
1859030 184
1859040 183
1859050 184
1859060 184
1859070 184
1859080 184
1859090 184
1859100 184
1859110 184
1859120 184
1859130 184
1859140 184
1859150 184
1859160 184
1859170 184
1859180 184
1859190 184
1859200 184
1859210 184
1859220 184
1859230 184
1859240 184
1859250 184
1859260 184
1859270 184
1859280 184
1859290 184
1859300 184
1859310 184
1859320 184
1859330 184
1859340 184
1859350 184
1859360 184
1859370 184
1859380 184
1859390 183
1859400 183
1859410 183
1859420 183
1859430 183
1859440 183
1859450 183
1859460 183
1859470 183
1859480 183
1859490 183
1859500 183
1859510 183
1859520 183
1859530 183
1859540 183
1859550 182
1859560 182
1859570 182
1859580 182
1859590 182
1859600 182
1859610 182
1859620 182
1859630 182
1859640 181
1859650 181
1859660 181
1859670 181
1859680 181
1859690 181
1859700 181
1859710 181
1859720 181
1859730 181
1859740 181
1859750 181
1859760 181
1859770 181
1859780 181
1859790 181
1859800 181
1859810 180
1859820 180
1859830 180
1859840 180
1859850 180
1859860 180
1859870 180
1859880 180
1859890 180
1859900 180
1859910 180
1859920 180
1859930 180
1859940 180
1859950 180
1859960 180
1859970 180
1859980 180
1859990 180
