1840000 322
1840010 324
1840020 327
1840030 327
1840040 329
1840050 332
1840060 332
1840070 335
1840080 337
1840090 337
1840100 339
1840110 342
1840120 342
1840130 344
1840140 346
1840150 346
1840160 348
1840170 350
1840180 350
1840190 351
1840200 351
1840210 352
1840220 353
1840230 353
1840240 352
1840250 352
1840260 352
1840270 352
1840280 351
1840290 351
1840300 351
1840310 350
1840320 350
1840330 350
1840340 349
1840350 349
1840360 348
1840370 347
1840380 347
1840390 345
1840400 344
1840410 344
1840420 342
1840430 341
1840440 341
1840450 340
1840460 339
1840470 339
1840480 338
1840490 335
1840500 335
1840510 335
1840520 335
1840530 335
1840540 336
1840550 336
1840560 336
1840570 335
1840580 335
1840590 335
1840600 334
1840610 334
1840620 334
1840630 333
1840640 333
1840650 333
1840660 334
1840670 334
1840680 334
1840690 333
1840700 332
1840710 332
1840720 331
1840730 330
1840740 330
1840750 330
1840760 331
1840770 331
1840780 331
1840790 331
1840800 331
1840810 330
1840820 330
1840830 329
1840840 328
1840850 326
1840860 327
1840870 329
1840880 329
1840890 332
1840900 334
1840910 334
1840920 336
1840930 337
1840940 337
1840950 339
1840960 340
1840970 340
1840980 342
1840990 343
1841000 343
1841010 344
1841020 344
1841030 344
1841040 345
1841050 345
1841060 345
1841070 345
1841080 345
1841090 345
1841100 345
1841110 345
1841120 345
1841130 345
1841140 345
1841150 345
1841160 344
1841170 344
1841180 344
1841190 343
1841200 342
1841210 342
1841220 339
1841230 338
1841240 338
1841250 338
1841260 338
1841270 338
1841280 337
1841290 337
1841300 337
1841310 337
1841320 337
1841330 337
1841340 336
1841350 336
1841360 336
1841370 335
1841380 333
1841390 333
1841400 333
1841410 331
1841420 331
1841430 330
1841440 330
1841450 329
1841460 328
1841470 328
1841480 327
1841490 326
1841500 326
1841510 325
1841520 323
1841530 323
1841540 322
1841550 320
1841560 320
1841570 321
1841580 323
1841590 322
1841600 324
1841610 326
1841620 326
1841630 327
1841640 328
1841650 328
1841660 328
1841670 329
1841680 329
1841690 329
1841700 330
1841710 330
1841720 330
1841730 331
1841740 331
1841750 331
1841760 331
1841770 331
1841780 331
1841790 331
1841800 331
1841810 331
1841820 331
1841830 331
1841840 330
1841850 330
1841860 330
1841870 330
1841880 330
1841890 330
1841900 330
1841910 329
1841920 329
1841930 329
1841940 329
1841950 328
1841960 328
1841970 328
1841980 328
1841990 328
1842000 328
1842010 328
1842020 329
1842030 329
1842040 329
1842050 329
1842060 329
1842070 329
1842080 329
1842090 329
1842100 329
1842110 329
1842120 329
1842130 329
1842140 329
1842150 329
1842160 329
1842170 329
1842180 329
1842190 329
1842200 329
1842210 329
1842220 329
1842230 329
1842240 329
1842250 328
1842260 328
1842270 328
1842280 327
1842290 327
1842300 327
1842310 326
1842320 326
1842330 326
1842340 325
1842350 324
1842360 324
1842370 323
1842380 322
1842390 322
1842400 320
1842410 319
1842420 319
1842430 318
1842440 317
1842450 317
1842460 316
1842470 316
1842480 316
1842490 315
1842500 315
1842510 315
1842520 315
1842530 315
1842540 315
1842550 315
1842560 314
1842570 314
1842580 313
1842590 313
1842600 313
1842610 313
1842620 313
1842630 313
1842640 313
1842650 313
1842660 313
1842670 313
1842680 312
1842690 312
1842700 311
1842710 311
1842720 311
1842730 311
1842740 311
1842750 310
1842760 310
1842770 310
1842780 310
1842790 309
1842800 309
1842810 309
1842820 309
1842830 309
1842840 308
1842850 308
1842860 308
1842870 307
1842880 307
1842890 307
1842900 307
1842910 306
1842920 306
1842930 306
1842940 305
1842950 305
1842960 305
1842970 305
1842980 305
1842990 304
1843000 304
1843010 304
1843020 304
1843030 304
1843040 304
1843050 304
1843060 303
1843070 303
1843080 303
1843090 303
1843100 303
1843110 302
1843120 302
1843130 302
1843140 301
1843150 301
1843160 301
1843170 301
1843180 300
1843190 300
1843200 300
1843210 299
1843220 299
1843230 298
1843240 297
1843250 297
1843260 296
1843270 296
1843280 296
1843290 296
1843300 295
1843310 295
1843320 295
1843330 295
1843340 295
1843350 295
1843360 295
1843370 295
1843380 294
1843390 294
1843400 294
1843410 296
1843420 296
1843430 296
1843440 297
1843450 297
1843460 297
1843470 297
1843480 297
1843490 297
1843500 297
1843510 297
1843520 296
1843530 295
1843540 295
1843550 295
1843560 296
1843570 296
1843580 296
1843590 295
1843600 295
1843610 294
1843620 293
1843630 293
1843640 292
1843650 291
1843660 291
1843670 290
1843680 290
1843690 290
1843700 290
1843710 290
1843720 290
1843730 291
1843740 292
1843750 292
1843760 293
1843770 293
1843780 293
1843790 294
1843800 295
1843810 295
1843820 296
1843830 297
1843840 297
1843850 297
1843860 298
1843870 298
1843880 298
1843890 299
1843900 299
1843910 300
1843920 301
1843930 301
1843940 301
1843950 301
1843960 302
1843970 302
1843980 302
1843990 303
1844000 304
1844010 304
1844020 305
1844030 306
1844040 306
1844050 306
1844060 307
1844070 307
1844080 307
1844090 308
1844100 308
1844110 308
1844120 308
1844130 308
1844140 309
1844150 308
1844160 308
1844170 308
1844180 308
1844190 308
1844200 308
1844210 307
1844220 307
1844230 307
1844240 306
1844250 306
1844260 306
1844270 305
1844280 305
1844290 305
1844300 304
1844310 304
1844320 303
1844330 301
1844340 301
1844350 300
1844360 298
1844370 298
1844380 296
1844390 294
1844400 294
1844410 292
1844420 290
1844430 290
1844440 289
1844450 287
1844460 287
1844470 286
1844480 286
1844490 286
1844500 285
1844510 285
1844520 285
1844530 284
1844540 283
1844550 283
1844560 282
1844570 282
1844580 281
1844590 281
1844600 281
1844610 282
1844620 283
1844630 283
1844640 284
1844650 285
1844660 285
1844670 285
1844680 285
1844690 285
1844700 284
1844710 283
1844720 283
1844730 283
1844740 282
1844750 282
1844760 282
1844770 281
1844780 281
1844790 280
1844800 279
1844810 279
1844820 278
1844830 277
1844840 277
1844850 276
1844860 276
1844870 276
1844880 275
1844890 275
1844900 275
1844910 274
1844920 274
1844930 274
1844940 273
1844950 272
1844960 272
1844970 271
1844980 270
1844990 270
1845000 269
1845010 267
1845020 267
1845030 266
1845040 265
1845050 265
1845060 264
1845070 263
1845080 263
1845090 264
1845100 265
1845110 265
1845120 267
1845130 268
1845140 268
1845150 270
1845160 272
1845170 272
1845180 273
1845190 273
1845200 273
1845210 272
1845220 272
1845230 270
1845240 269
1845250 269
1845260 269
1845270 268
1845280 268
1845290 268
1845300 268
1845310 268
1845320 269
1845330 270
1845340 270
1845350 272
1845360 274
1845370 274
1845380 275
1845390 276
1845400 276
1845410 277
1845420 277
1845430 277
1845440 277
1845450 277
1845460 277
1845470 276
1845480 275
1845490 275
1845500 273
1845510 272
1845520 272
1845530 271
1845540 270
1845550 270
1845560 269
1845570 268
1845580 268
1845590 267
1845600 269
1845610 269
1845620 271
1845630 273
1845640 273
1845650 275
1845660 277
1845670 277
1845680 278
1845690 278
1845700 278
1845710 279
1845720 279
1845730 279
1845740 279
1845750 280
1845760 280
1845770 280
1845780 280
1845790 280
1845800 279
1845810 279
1845820 279
1845830 278
1845840 278
1845850 277
1845860 276
1845870 276
1845880 275
1845890 274
1845900 274
1845910 274
1845920 273
1845930 273
1845940 273
1845950 271
1845960 271
1845970 271
1845980 271
1845990 271
1846000 270
1846010 269
1846020 269
1846030 268
1846040 267
1846050 267
1846060 266
1846070 265
1846080 265
1846090 263
1846100 263
1846110 263
1846120 263
1846130 263
1846140 263
1846150 263
1846160 264
1846170 264
1846180 265
1846190 265
1846200 265
1846210 265
1846220 266
1846230 266
1846240 267
1846250 268
1846260 268
1846270 269
1846280 270
1846290 270
1846300 271
1846310 271
1846320 271
1846330 271
1846340 272
1846350 272
1846360 272
1846370 272
1846380 272
1846390 271
1846400 271
1846410 271
1846420 270
1846430 270
1846440 270
1846450 271
1846460 271
1846470 271
1846480 271
1846490 271
1846500 272
1846510 272
1846520 272
1846530 271
1846540 271
1846550 271
1846560 271
1846570 272
1846580 272
1846590 273
1846600 274
1846610 274
1846620 275
1846630 276
1846640 276
1846650 277
1846660 279
1846670 279
1846680 280
1846690 281
1846700 281
1846710 282
1846720 283
1846730 283
1846740 284
1846750 285
1846760 285
1846770 286
1846780 286
1846790 286
1846800 287
1846810 288
1846820 288
1846830 289
1846840 290
1846850 290
1846860 291
1846870 291
1846880 291
1846890 292
1846900 292
1846910 292
1846920 292
1846930 292
1846940 292
1846950 293
1846960 292
1846970 292
1846980 292
1846990 292
1847000 292
1847010 292
1847020 291
1847030 291
1847040 291
1847050 290
1847060 290
1847070 290
1847080 290
1847090 290
1847100 289
1847110 289
1847120 289
1847130 289
1847140 289
1847150 288
1847160 287
1847170 287
1847180 287
1847190 286
1847200 286
1847210 286
1847220 285
1847230 285
1847240 285
1847250 284
1847260 284
1847270 283
1847280 283
1847290 283
1847300 282
1847310 281
1847320 281
1847330 281
1847340 280
1847350 280
1847360 280
1847370 280
1847380 280
1847390 279
1847400 278
1847410 278
1847420 278
1847430 277
1847440 277
1847450 276
1847460 276
1847470 276
1847480 275
1847490 275
1847500 275
1847510 274
1847520 274
1847530 274
1847540 273
1847550 273
1847560 273
1847570 272
1847580 272
1847590 272
1847600 272
1847610 271
1847620 271
1847630 271
1847640 270
1847650 270
1847660 270
1847670 270
1847680 270
1847690 269
1847700 269
1847710 269
1847720 268
1847730 268
1847740 268
1847750 267
1847760 267
1847770 266
1847780 266
1847790 266
1847800 265
1847810 265
1847820 265
1847830 265
1847840 264
1847850 264
1847860 264
1847870 264
1847880 264
1847890 263
1847900 263
1847910 263
1847920 263
1847930 262
1847940 262
1847950 262
1847960 261
1847970 261
1847980 261
1847990 260
1848000 260
1848010 259
1848020 258
1848030 258
1848040 257
1848050 256
1848060 256
1848070 256
1848080 255
1848090 255
1848100 254
1848110 250
1848120 250
1848130 249
1848140 248
1848150 248
1848160 247
1848170 246
1848180 246
1848190 246
1848200 245
1848210 245
1848220 244
1848230 243
1848240 243
1848250 242
1848260 241
1848270 241
1848280 240
1848290 239
1848300 239
1848310 238
1848320 238
1848330 238
1848340 237
1848350 237
1848360 236
1848370 235
1848380 235
1848390 234
1848400 233
1848410 233
1848420 232
1848430 232
1848440 232
1848450 232
1848460 232
1848470 231
1848480 231
1848490 231
1848500 231
1848510 232
1848520 233
1848530 233
1848540 235
1848550 236
1848560 236
1848570 236
1848580 237
1848590 237
1848600 237
1848610 236
1848620 236
1848630 236
1848640 236
1848650 236
1848660 235
1848670 235
1848680 235
1848690 234
1848700 233
1848710 233
1848720 232
1848730 229
1848740 229
1848750 226
1848760 225
1848770 225
1848780 224
1848790 224
1848800 224
1848810 224
1848820 224
1848830 222
1848840 223
1848850 222
1848860 222
1848870 222
1848880 221
1848890 221
1848900 220
1848910 219
1848920 219
1848930 218
1848940 218
1848950 217
1848960 217
1848970 217
1848980 216
1848990 215
1849000 215
1849010 215
1849020 214
1849030 214
1849040 214
1849050 214
1849060 214
1849070 213
1849080 213
1849090 213
1849100 213
1849110 213
1849120 213
1849130 213
1849140 213
1849150 213
1849160 213
1849170 213
1849180 213
1849190 213
1849200 213
1849210 213
1849220 213
1849230 213
1849240 213
1849250 213
1849260 213
1849270 213
1849280 213
1849290 213
1849300 213
1849310 212
1849320 212
1849330 212
1849340 213
1849350 213
1849360 213
1849370 213
1849380 213
1849390 213
1849400 214
1849410 215
1849420 215
1849430 216
1849440 218
1849450 218
1849460 221
1849470 223
1849480 223
1849490 225
1849500 226
1849510 226
1849520 227
1849530 227
1849540 227
1849550 225
1849560 225
1849570 225
1849580 224
1849590 224
1849600 224
1849610 223
1849620 223
1849630 223
1849640 223
1849650 223
1849660 224
1849670 224
1849680 224
1849690 225
1849700 225
1849710 225
1849720 226
1849730 226
1849740 226
1849750 225
1849760 225
1849770 225
1849780 224
1849790 223
1849800 223
1849810 223
1849820 222
1849830 222
1849840 222
1849850 222
1849860 222
1849870 222
1849880 222
1849890 222
1849900 223
1849910 222
1849920 222
1849930 223
1849940 223
1849950 223
1849960 223
1849970 222
1849980 222
1849990 222
1850000 221
1850010 221
1850020 220
1850030 220
1850040 220
1850050 219
1850060 219
1850070 219
1850080 217
1850090 216
1850100 216
1850110 215
1850120 214
1850130 214
1850140 213
1850150 212
1850160 212
1850170 212
1850180 212
1850190 212
1850200 212
1850210 212
1850220 212
1850230 212
1850240 212
1850250 212
1850260 213
1850270 213
1850280 214
1850290 216
1850300 216
1850310 218
1850320 219
1850330 219
1850340 220
1850350 220
1850360 220
1850370 221
1850380 221
1850390 221
1850400 220
1850410 220
1850420 220
1850430 220
1850440 220
1850450 220
1850460 220
1850470 221
1850480 221
1850490 222
1850500 223
1850510 223
1850520 224
1850530 227
1850540 227
1850550 228
1850560 229
1850570 229
1850580 230
1850590 231
1850600 231
1850610 232
1850620 232
1850630 232
1850640 232
1850650 233
1850660 233
1850670 233
1850680 233
1850690 233
1850700 233
1850710 233
1850720 233
1850730 233
1850740 233
1850750 233
1850760 233
1850770 233
1850780 233
1850790 233
1850800 233
1850810 233
1850820 232
1850830 232
1850840 232
1850850 232
1850860 232
1850870 232
1850880 231
1850890 231
1850900 231
1850910 230
1850920 230
1850930 230
1850940 229
1850950 229
1850960 229
1850970 228
1850980 227
1850990 226
1851000 225
1851010 225
1851020 224
1851030 223
1851040 223
1851050 222
1851060 221
1851070 221
1851080 219
1851090 218
1851100 218
1851110 217
1851120 215
1851130 215
1851140 214
1851150 213
1851160 213
1851170 212
1851180 211
1851190 211
1851200 211
1851210 210
1851220 210
1851230 209
1851240 209
1851250 209
1851260 209
1851270 209
1851280 209
1851290 209
1851300 209
1851310 209
1851320 209
1851330 209
1851340 209
1851350 209
1851360 209
1851370 209
1851380 209
1851390 209
1851400 209
1851410 210
1851420 210
1851430 211
1851440 212
1851450 212
1851460 212
1851470 215
1851480 215
1851490 216
1851500 216
1851510 216
1851520 216
1851530 216
1851540 216
1851550 215
1851560 214
1851570 214
1851580 212
1851590 211
1851600 211
1851610 211
1851620 210
1851630 210
1851640 209
1851650 207
1851660 207
1851670 206
1851680 205
1851690 204
1851700 204
1851710 204
1851720 204
1851730 205
1851740 204
1851750 204
1851760 203
1851770 202
1851780 202
1851790 202
1851800 203
1851810 203
1851820 202
1851830 202
1851840 202
1851850 202
1851860 203
1851870 203
1851880 205
1851890 208
1851900 208
1851910 209
1851920 210
1851930 210
1851940 212
1851950 213
1851960 213
1851970 215
1851980 216
1851990 216
1852000 218
1852010 219
1852020 219
1852030 221
1852040 221
1852050 223
1852060 222
1852070 222
1852080 221
1852090 221
1852100 221
1852110 221
1852120 221
1852130 221
1852140 221
1852150 220
1852160 220
1852170 220
1852180 219
1852190 219
1852200 219
1852210 218
1852220 218
1852230 218
1852240 217
1852250 217
1852260 217
1852270 217
1852280 217
1852290 216
1852300 216
1852310 216
1852320 215
1852330 215
1852340 215
1852350 215
1852360 215
1852370 215
1852380 214
1852390 214
1852400 214
1852410 213
1852420 213
1852430 213
1852440 213
1852450 213
1852460 213
1852470 213
1852480 213
1852490 213
1852500 213
1852510 214
1852520 214
1852530 214
1852540 214
1852550 214
1852560 215
1852570 215
1852580 215
1852590 215
1852600 215
1852610 215
1852620 216
1852630 216
1852640 216
1852650 216
1852660 216
1852670 216
1852680 217
1852690 217
1852700 217
1852710 217
1852720 217
1852730 217
1852740 217
1852750 217
1852760 217
1852770 217
1852780 217
1852790 217
1852800 217
1852810 217
1852820 218
1852830 218
1852840 218
1852850 218
1852860 218
1852870 218
1852880 218
1852890 218
1852900 218
1852910 218
1852920 218
1852930 218
1852940 217
1852950 217
1852960 217
1852970 217
1852980 218
1852990 218
1853000 217
1853010 217
1853020 217
1853030 217
1853040 216
1853050 216
1853060 216
1853070 216
1853080 216
1853090 216
1853100 215
1853110 215
1853120 215
1853130 215
1853140 215
1853150 215
1853160 215
1853170 215
1853180 215
1853190 214
1853200 214
1853210 214
1853220 214
1853230 214
1853240 214
1853250 214
1853260 214
1853270 213
1853280 213
1853290 213
1853300 213
1853310 213
1853320 213
1853330 213
1853340 213
1853350 212
1853360 212
1853370 212
1853380 212
1853390 212
1853400 212
1853410 212
1853420 211
1853430 211
1853440 211
1853450 211
1853460 211
1853470 210
1853480 210
1853490 210
1853500 210
1853510 210
1853520 210
1853530 210
1853540 210
1853550 210
1853560 209
1853570 210
1853580 210
1853590 210
1853600 209
1853610 209
1853620 208
1853630 208
1853640 208
1853650 208
1853660 208
1853670 208
1853680 207
1853690 207
1853700 207
1853710 207
1853720 207
1853730 207
1853740 207
1853750 206
1853760 206
1853770 206
1853780 206
1853790 206
1853800 206
1853810 205
1853820 205
1853830 205
1853840 205
1853850 205
1853860 205
1853870 205
1853880 205
1853890 205
1853900 205
1853910 205
1853920 205
1853930 205
1853940 205
1853950 205
1853960 205
1853970 205
1853980 204
1853990 204
1854000 204
1854010 204
1854020 204
1854030 204
1854040 204
1854050 204
1854060 204
1854070 204
1854080 204
1854090 204
1854100 204
1854110 204
1854120 204
1854130 204
1854140 204
1854150 204
1854160 204
1854170 204
1854180 204
1854190 204
1854200 204
1854210 204
1854220 204
1854230 204
1854240 204
1854250 204
1854260 204
1854270 204
1854280 204
1854290 204
1854300 204
1854310 204
1854320 204
1854330 204
1854340 204
1854350 204
1854360 204
1854370 204
1854380 204
1854390 204
1854400 204
1854410 204
1854420 204
1854430 204
1854440 204
1854450 205
1854460 205
1854470 205
1854480 205
1854490 205
1854500 205
1854510 205
1854520 205
1854530 205
1854540 205
1854550 205
1854560 205
1854570 205
1854580 205
1854590 205
1854600 205
1854610 205
1854620 205
1854630 205
1854640 205
1854650 205
1854660 205
1854670 205
1854680 205
1854690 205
1854700 205
1854710 205
1854720 205
1854730 205
1854740 205
1854750 205
1854760 205
1854770 205
1854780 205
1854790 205
1854800 205
1854810 204
1854820 204
1854830 204
1854840 204
1854850 204
1854860 205
1854870 205
1854880 205
1854890 205
1854900 205
1854910 205
1854920 206
1854930 206
1854940 206
1854950 206
1854960 206
1854970 206
1854980 206
1854990 206
1855000 206
1855010 206
1855020 207
1855030 207
1855040 207
1855050 207
1855060 207
1855070 207
1855080 208
1855090 208
1855100 208
1855110 208
1855120 208
1855130 209
1855140 209
1855150 209
1855160 209
1855170 209
1855180 210
1855190 210
1855200 210
1855210 210
1855220 210
1855230 211
1855240 211
1855250 211
1855260 211
1855270 211
1855280 211
1855290 211
1855300 211
1855310 211
1855320 211
1855330 211
1855340 211
1855350 211
1855360 211
1855370 211
1855380 211
1855390 211
1855400 211
1855410 211
1855420 211
1855430 212
1855440 212
1855450 212
1855460 212
1855470 212
1855480 212
1855490 212
1855500 212
1855510 212
1855520 212
1855530 212
1855540 212
1855550 212
1855560 212
1855570 212
1855580 211
1855590 211
1855600 211
1855610 211
1855620 211
1855630 211
1855640 211
1855650 211
1855660 211
1855670 211
1855680 211
1855690 211
1855700 211
1855710 211
1855720 211
1855730 211
1855740 211
1855750 211
1855760 211
1855770 211
1855780 211
1855790 211
1855800 210
1855810 210
1855820 210
1855830 210
1855840 210
1855850 210
1855860 210
1855870 210
1855880 210
1855890 210
1855900 210
1855910 210
1855920 210
1855930 210
1855940 209
1855950 209
1855960 209
1855970 209
1855980 209
1855990 209
1856000 209
1856010 208
1856020 208
1856030 208
1856040 208
1856050 207
1856060 207
1856070 207
1856080 207
1856090 207
1856100 207
1856110 206
1856120 206
1856130 206
1856140 206
1856150 206
1856160 205
1856170 205
1856180 205
1856190 205
1856200 204
1856210 204
1856220 204
1856230 204
1856240 204
1856250 204
1856260 204
1856270 204
1856280 204
1856290 203
1856300 203
1856310 203
1856320 202
1856330 202
1856340 202
1856350 202
1856360 202
1856370 202
1856380 202
1856390 202
1856400 201
1856410 201
1856420 201
1856430 201
1856440 201
1856450 201
1856460 200
1856470 200
1856480 200
1856490 200
1856500 200
1856510 200
1856520 200
1856530 200
1856540 199
1856550 199
1856560 199
1856570 199
1856580 198
1856590 198
1856600 198
1856610 198
1856620 198
1856630 198
1856640 197
1856650 197
1856660 197
1856670 197
1856680 197
1856690 197
1856700 197
1856710 197
1856720 196
1856730 196
1856740 196
1856750 196
1856760 196
1856770 196
1856780 195
1856790 195
1856800 195
1856810 195
1856820 195
1856830 195
1856840 195
1856850 195
1856860 195
1856870 195
1856880 195
1856890 195
1856900 195
1856910 195
1856920 195
1856930 194
1856940 194
1856950 194
1856960 194
1856970 193
1856980 193
1856990 193
1857000 193
1857010 193
1857020 193
1857030 193
1857040 192
1857050 192
1857060 192
1857070 192
1857080 192
1857090 192
1857100 192
1857110 192
1857120 192
1857130 192
1857140 192
1857150 192
1857160 192
1857170 192
1857180 192
1857190 191
1857200 191
1857210 191
1857220 191
1857230 191
1857240 191
1857250 191
1857260 190
1857270 190
1857280 190
1857290 190
1857300 190
1857310 190
1857320 190
1857330 190
1857340 190
1857350 189
1857360 189
1857370 189
1857380 189
1857390 189
1857400 189
1857410 189
1857420 189
1857430 189
1857440 189
1857450 189
1857460 189
1857470 189
1857480 189
1857490 189
1857500 189
1857510 189
1857520 189
1857530 189
1857540 189
1857550 188
1857560 188
1857570 188
1857580 188
1857590 188
1857600 188
1857610 188
1857620 188
1857630 188
1857640 188
1857650 188
1857660 188
1857670 188
1857680 188
1857690 187
1857700 187
1857710 187
1857720 187
1857730 187
1857740 187
1857750 187
1857760 187
1857770 187
1857780 187
1857790 187
1857800 187
1857810 187
1857820 187
1857830 187
1857840 187
1857850 187
1857860 187
1857870 186
1857880 186
1857890 186
1857900 186
1857910 186
1857920 186
1857930 186
1857940 186
1857950 186
1857960 186
1857970 186
1857980 186
1857990 186
1858000 186
1858010 186
1858020 186
1858030 186
1858040 186
1858050 186
1858060 186
1858070 186
1858080 186
1858090 186
1858100 186
1858110 186
1858120 186
1858130 186
1858140 186
1858150 186
1858160 186
1858170 186
1858180 186
1858190 186
1858200 186
1858210 186
1858220 186
1858230 186
1858240 186
1858250 186
1858260 186
1858270 186
1858280 186
1858290 186
1858300 186
1858310 185
1858320 186
1858330 186
1858340 185
1858350 185
1858360 185
1858370 185
1858380 185
1858390 185
1858400 185
1858410 185
1858420 185
1858430 185
1858440 185
1858450 185
1858460 185
1858470 185
1858480 185
1858490 185
1858500 185
1858510 185
1858520 185
1858530 185
1858540 185
1858550 185
1858560 185
1858570 185
1858580 185
1858590 185
1858600 185
1858610 185
1858620 185
1858630 185
1858640 185
1858650 185
1858660 185
1858670 185
1858680 185
1858690 185
1858700 185
1858710 185
1858720 185
1858730 185
1858740 185
1858750 185
1858760 185
1858770 185
1858780 185
1858790 185
1858800 185
1858810 185
1858820 185
1858830 184
1858840 184
1858850 184
1858860 184
1858870 184
1858880 184
1858890 184
1858900 184
1858910 184
1858920 184
1858930 184
1858940 183
1858950 183
1858960 183
1858970 183
1858980 183
1858990 183
1859000 183
1859010 183
1859020 183
1859030 183
1859040 183
1859050 183
1859060 182
1859070 182
1859080 182
1859090 182
1859100 182
1859110 182
1859120 182
1859130 182
1859140 182
1859150 182
1859160 182
1859170 181
1859180 181
1859190 181
1859200 181
1859210 181
1859220 181
1859230 182
1859240 182
1859250 182
1859260 182
1859270 183
1859280 183
1859290 183
1859300 183
1859310 183
1859320 183
1859330 183
1859340 183
1859350 183
1859360 184
1859370 184
1859380 184
1859390 184
1859400 184
1859410 184
1859420 183
1859430 183
1859440 183
1859450 183
1859460 183
1859470 183
1859480 183
1859490 183
1859500 183
1859510 183
1859520 183
1859530 183
1859540 183
1859550 183
1859560 183
1859570 183
1859580 183
1859590 183
1859600 183
1859610 183
1859620 183
1859630 183
1859640 183
1859650 183
1859660 183
1859670 183
1859680 183
1859690 183
1859700 182
1859710 182
1859720 182
1859730 182
1859740 182
1859750 182
1859760 182
1859770 181
1859780 181
1859790 181
1859800 181
1859810 181
1859820 181
1859830 181
1859840 181
1859850 181
1859860 181
1859870 181
1859880 181
1859890 180
1859900 180
1859910 180
1859920 180
1859930 180
1859940 180
1859950 179
1859960 179
1859970 179
1859980 179
1859990 179
