1840000 322
1840010 322
1840020 323
1840030 323
1840040 323
1840050 324
1840060 324
1840070 324
1840080 324
1840090 324
1840100 324
1840110 325
1840120 325
1840130 325
1840140 325
1840150 325
1840160 325
1840170 325
1840180 325
1840190 325
1840200 326
1840210 326
1840220 326
1840230 326
1840240 325
1840250 325
1840260 325
1840270 324
1840280 324
1840290 324
1840300 324
1840310 324
1840320 324
1840330 323
1840340 323
1840350 323
1840360 323
1840370 323
1840380 323
1840390 322
1840400 322
1840410 322
1840420 320
1840430 320
1840440 318
1840450 316
1840460 316
1840470 314
1840480 312
1840490 312
1840500 311
1840510 309
1840520 309
1840530 307
1840540 304
1840550 304
1840560 301
1840570 299
1840580 299
1840590 296
1840600 294
1840610 294
1840620 293
1840630 293
1840640 293
1840650 295
1840660 295
1840670 298
1840680 301
1840690 301
1840700 304
1840710 306
1840720 306
1840730 307
1840740 306
1840750 306
1840760 305
1840770 304
1840780 304
1840790 302
1840800 300
1840810 300
1840820 299
1840830 297
1840840 297
1840850 296
1840860 294
1840870 294
1840880 292
1840890 291
1840900 291
1840910 290
1840920 289
1840930 289
1840940 288
1840950 289
1840960 289
1840970 291
1840980 294
1840990 294
1841000 296
1841010 299
1841020 299
1841030 301
1841040 303
1841050 303
1841060 304
1841070 305
1841080 305
1841090 304
1841100 303
1841110 303
1841120 303
1841130 302
1841140 302
1841150 302
1841160 302
1841170 302
1841180 302
1841190 301
1841200 301
1841210 302
1841220 302
1841230 302
1841240 302
1841250 302
1841260 303
1841270 304
1841280 304
1841290 306
1841300 307
1841310 307
1841320 308
1841330 308
1841340 308
1841350 309
1841360 310
1841370 310
1841380 311
1841390 313
1841400 313
1841410 314
1841420 315
1841430 315
1841440 316
1841450 317
1841460 318
1841470 319
1841480 320
1841490 320
1841500 321
1841510 322
1841520 322
1841530 323
1841540 323
1841550 323
1841560 324
1841570 325
1841580 325
1841590 325
1841600 326
1841610 326
1841620 326
1841630 326
1841640 326
1841650 327
1841660 327
1841670 327
1841680 327
1841690 327
1841700 327
1841710 327
1841720 327
1841730 327
1841740 326
1841750 326
1841760 326
1841770 326
1841780 326
1841790 326
1841800 325
1841810 325
1841820 325
1841830 324
1841840 323
1841850 323
1841860 323
1841870 323
1841880 322
1841890 322
1841900 322
1841910 321
1841920 320
1841930 320
1841940 320
1841950 319
1841960 319
1841970 319
1841980 319
1841990 319
1842000 318
1842010 318
1842020 318
1842030 318
1842040 318
1842050 318
1842060 318
1842070 318
1842080 318
1842090 318
1842100 317
1842110 317
1842120 317
1842130 317
1842140 317
1842150 316
1842160 316
1842170 316
1842180 316
1842190 315
1842200 315
1842210 314
1842220 314
1842230 314
1842240 314
1842250 313
1842260 313
1842270 313
1842280 312
1842290 312
1842300 312
1842310 311
1842320 311
1842330 311
1842340 311
1842350 311
1842360 311
1842370 310
1842380 310
1842390 310
1842400 310
1842410 310
1842420 310
1842430 309
1842440 309
1842450 309
1842460 309
1842470 309
1842480 308
1842490 308
1842500 308
1842510 307
1842520 307
1842530 306
1842540 306
1842550 306
1842560 306
1842570 305
1842580 305
1842590 305
1842600 304
1842610 304
1842620 304
1842630 303
1842640 303
1842650 303
1842660 302
1842670 302
1842680 301
1842690 301
1842700 301
1842710 300
1842720 299
1842730 299
1842740 299
1842750 298
1842760 298
1842770 298
1842780 297
1842790 297
1842800 297
1842810 296
1842820 296
1842830 295
1842840 294
1842850 294
1842860 293
1842870 292
1842880 292
1842890 291
1842900 290
1842910 290
1842920 289
1842930 288
1842940 288
1842950 286
1842960 285
1842970 285
1842980 284
1842990 283
1843000 283
1843010 282
1843020 281
1843030 281
1843040 280
1843050 279
1843060 279
1843070 279
1843080 279
1843090 277
1843100 276
1843110 276
1843120 275
1843130 274
1843140 274
1843150 273
1843160 272
1843170 272
1843180 271
1843190 270
1843200 270
1843210 269
1843220 268
1843230 268
1843240 267
1843250 266
1843260 266
1843270 266
1843280 265
1843290 265
1843300 264
1843310 264
1843320 264
1843330 263
1843340 262
1843350 262
1843360 261
1843370 260
1843380 260
1843390 259
1843400 258
1843410 258
1843420 258
1843430 258
1843440 258
1843450 258
1843460 258
1843470 258
1843480 258
1843490 259
1843500 259
1843510 260
1843520 261
1843530 261
1843540 262
1843550 264
1843560 264
1843570 265
1843580 267
1843590 267
1843600 269
1843610 270
1843620 270
1843630 271
1843640 273
1843650 272
1843660 275
1843670 278
1843680 278
1843690 279
1843700 279
1843710 279
1843720 279
1843730 279
1843740 278
1843750 276
1843760 276
1843770 275
1843780 275
1843790 275
1843800 274
1843810 272
1843820 272
1843830 271
1843840 270
1843850 270
1843860 269
1843870 268
1843880 268
1843890 268
1843900 268
1843910 268
1843920 269
1843930 269
1843940 269
1843950 270
1843960 271
1843970 271
1843980 272
1843990 273
1844000 273
1844010 274
1844020 275
1844030 275
1844040 276
1844050 277
1844060 277
1844070 279
1844080 280
1844090 280
1844100 281
1844110 282
1844120 282
1844130 283
1844140 284
1844150 284
1844160 285
1844170 286
1844180 286
1844190 287
1844200 288
1844210 288
1844220 289
1844230 290
1844240 290
1844250 290
1844260 291
1844270 291
1844280 292
1844290 293
1844300 293
1844310 294
1844320 294
1844330 295
1844340 296
1844350 296
1844360 296
1844370 297
1844380 297
1844390 298
1844400 298
1844410 298
1844420 299
1844430 299
1844440 299
1844450 299
1844460 299
1844470 299
1844480 299
1844490 299
1844500 299
1844510 299
1844520 298
1844530 298
1844540 298
1844550 299
1844560 299
1844570 297
1844580 297
1844590 297
1844600 295
1844610 294
1844620 294
1844630 293
1844640 292
1844650 292
1844660 292
1844670 292
1844680 292
1844690 291
1844700 291
1844710 291
1844720 291
1844730 292
1844740 291
1844750 291
1844760 292
1844770 292
1844780 292
1844790 292
1844800 292
1844810 291
1844820 291
1844830 291
1844840 291
1844850 290
1844860 290
1844870 290
1844880 290
1844890 290
1844900 289
1844910 289
1844920 289
1844930 289
1844940 289
1844950 288
1844960 288
1844970 288
1844980 288
1844990 287
1845000 287
1845010 287
1845020 287
1845030 287
1845040 287
1845050 286
1845060 286
1845070 286
1845080 285
1845090 285
1845100 284
1845110 283
1845120 283
1845130 282
1845140 282
1845150 282
1845160 281
1845170 280
1845180 280
1845190 280
1845200 279
1845210 279
1845220 279
1845230 278
1845240 278
1845250 277
1845260 276
1845270 276
1845280 276
1845290 275
1845300 275
1845310 275
1845320 274
1845330 274
1845340 274
1845350 274
1845360 274
1845370 274
1845380 274
1845390 274
1845400 274
1845410 274
1845420 274
1845430 274
1845440 274
1845450 274
1845460 274
1845470 272
1845480 272
1845490 272
1845500 272
1845510 272
1845520 272
1845530 271
1845540 271
1845550 270
1845560 270
1845570 270
1845580 269
1845590 269
1845600 269
1845610 268
1845620 268
1845630 267
1845640 267
1845650 267
1845660 266
1845670 265
1845680 265
1845690 264
1845700 263
1845710 263
1845720 262
1845730 262
1845740 262
1845750 261
1845760 260
1845770 260
1845780 259
1845790 258
1845800 258
1845810 257
1845820 257
1845830 256
1845840 255
1845850 255
1845860 255
1845870 254
1845880 252
1845890 252
1845900 251
1845910 250
1845920 250
1845930 249
1845940 248
1845950 248
1845960 247
1845970 246
1845980 246
1845990 245
1846000 244
1846010 244
1846020 243
1846030 242
1846040 242
1846050 241
1846060 240
1846070 240
1846080 239
1846090 238
1846100 238
1846110 238
1846120 239
1846130 239
1846140 239
1846150 240
1846160 240
1846170 243
1846180 243
1846190 245
1846200 248
1846210 248
1846220 251
1846230 253
1846240 253
1846250 255
1846260 256
1846270 256
1846280 257
1846290 258
1846300 258
1846310 259
1846320 259
1846330 259
1846340 258
1846350 258
1846360 258
1846370 257
1846380 257
1846390 257
1846400 256
1846410 256
1846420 256
1846430 257
1846440 258
1846450 258
1846460 259
1846470 260
1846480 260
1846490 260
1846500 261
1846510 261
1846520 261
1846530 262
1846540 262
1846550 262
1846560 262
1846570 262
1846580 262
1846590 263
1846600 263
1846610 262
1846620 262
1846630 262
1846640 262
1846650 263
1846660 263
1846670 263
1846680 263
1846690 263
1846700 263
1846710 264
1846720 264
1846730 264
1846740 264
1846750 264
1846760 264
1846770 264
1846780 264
1846790 264
1846800 264
1846810 264
1846820 263
1846830 263
1846840 263
1846850 262
1846860 262
1846870 262
1846880 261
1846890 261
1846900 261
1846910 260
1846920 260
1846930 259
1846940 259
1846950 259
1846960 259
1846970 258
1846980 258
1846990 258
1847000 258
1847010 258
1847020 257
1847030 258
1847040 258
1847050 258
1847060 258
1847070 258
1847080 258
1847090 258
1847100 258
1847110 257
1847120 257
1847130 257
1847140 258
1847150 258
1847160 258
1847170 258
1847180 258
1847190 258
1847200 259
1847210 259
1847220 259
1847230 259
1847240 259
1847250 259
1847260 259
1847270 257
1847280 257
1847290 257
1847300 257
1847310 257
1847320 257
1847330 256
1847340 256
1847350 256
1847360 256
1847370 256
1847380 255
1847390 255
1847400 255
1847410 254
1847420 254
1847430 254
1847440 254
1847450 254
1847460 254
1847470 253
1847480 253
1847490 253
1847500 253
1847510 253
1847520 253
1847530 253
1847540 253
1847550 253
1847560 253
1847570 253
1847580 253
1847590 253
1847600 253
1847610 253
1847620 253
1847630 252
1847640 252
1847650 252
1847660 252
1847670 252
1847680 252
1847690 252
1847700 252
1847710 252
1847720 252
1847730 252
1847740 252
1847750 252
1847760 252
1847770 251
1847780 251
1847790 251
1847800 251
1847810 251
1847820 251
1847830 251
1847840 251
1847850 251
1847860 250
1847870 250
1847880 250
1847890 249
1847900 249
1847910 249
1847920 249
1847930 249
1847940 249
1847950 249
1847960 249
1847970 249
1847980 249
1847990 247
1848000 247
1848010 247
1848020 247
1848030 246
1848040 246
1848050 246
1848060 246
1848070 246
1848080 246
1848090 245
1848100 245
1848110 245
1848120 245
1848130 245
1848140 245
1848150 245
1848160 245
1848170 244
1848180 244
1848190 244
1848200 243
1848210 243
1848220 243
1848230 242
1848240 241
1848250 241
1848260 241
1848270 240
1848280 240
1848290 239
1848300 238
1848310 238
1848320 237
1848330 236
1848340 236
1848350 234
1848360 233
1848370 233
1848380 233
1848390 232
1848400 232
1848410 230
1848420 230
1848430 230
1848440 229
1848450 228
1848460 228
1848470 227
1848480 226
1848490 226
1848500 225
1848510 225
1848520 225
1848530 224
1848540 224
1848550 224
1848560 223
1848570 222
1848580 222
1848590 222
1848600 222
1848610 222
1848620 221
1848630 221
1848640 221
1848650 220
1848660 220
1848670 220
1848680 220
1848690 220
1848700 220
1848710 219
1848720 219
1848730 219
1848740 219
1848750 219
1848760 219
1848770 218
1848780 218
1848790 218
1848800 218
1848810 218
1848820 218
1848830 218
1848840 218
1848850 218
1848860 218
1848870 218
1848880 217
1848890 217
1848900 217
1848910 217
1848920 217
1848930 217
1848940 217
1848950 216
1848960 216
1848970 216
1848980 216
1848990 216
1849000 216
1849010 216
1849020 216
1849030 216
1849040 216
1849050 216
1849060 216
1849070 216
1849080 216
1849090 216
1849100 216
1849110 216
1849120 216
1849130 216
1849140 216
1849150 216
1849160 216
1849170 216
1849180 216
1849190 216
1849200 216
1849210 216
1849220 217
1849230 217
1849240 217
1849250 217
1849260 217
1849270 218
1849280 218
1849290 219
1849300 220
1849310 220
1849320 221
1849330 222
1849340 222
1849350 223
1849360 224
1849370 224
1849380 226
1849390 227
1849400 227
1849410 228
1849420 229
1849430 230
1849440 231
1849450 231
1849460 231
1849470 232
1849480 232
1849490 232
1849500 232
1849510 232
1849520 232
1849530 232
1849540 232
1849550 232
1849560 231
1849570 231
1849580 231
1849590 231
1849600 231
1849610 231
1849620 230
1849630 230
1849640 230
1849650 230
1849660 229
1849670 229
1849680 229
1849690 228
1849700 228
1849710 228
1849720 228
1849730 228
1849740 228
1849750 228
1849760 228
1849770 227
1849780 227
1849790 227
1849800 227
1849810 226
1849820 226
1849830 226
1849840 226
1849850 226
1849860 225
1849870 225
1849880 225
1849890 224
1849900 224
1849910 224
1849920 224
1849930 224
1849940 223
1849950 223
1849960 223
1849970 223
1849980 222
1849990 222
1850000 222
1850010 221
1850020 221
1850030 221
1850040 220
1850050 220
1850060 220
1850070 220
1850080 220
1850090 220
1850100 219
1850110 219
1850120 219
1850130 219
1850140 219
1850150 218
1850160 218
1850170 218
1850180 218
1850190 218
1850200 218
1850210 218
1850220 217
1850230 217
1850240 217
1850250 217
1850260 217
1850270 217
1850280 216
1850290 216
1850300 216
1850310 216
1850320 216
1850330 216
1850340 216
1850350 216
1850360 215
1850370 215
1850380 215
1850390 215
1850400 215
1850410 215
1850420 215
1850430 214
1850440 214
1850450 214
1850460 214
1850470 214
1850480 214
1850490 214
1850500 213
1850510 213
1850520 213
1850530 213
1850540 213
1850550 213
1850560 213
1850570 213
1850580 213
1850590 213
1850600 212
1850610 212
1850620 212
1850630 212
1850640 212
1850650 212
1850660 212
1850670 212
1850680 212
1850690 211
1850700 211
1850710 211
1850720 211
1850730 211
1850740 211
1850750 210
1850760 210
1850770 210
1850780 210
1850790 210
1850800 210
1850810 209
1850820 209
1850830 209
1850840 209
1850850 209
1850860 208
1850870 207
1850880 207
1850890 207
1850900 207
1850910 207
1850920 207
1850930 206
1850940 206
1850950 206
1850960 206
1850970 206
1850980 205
1850990 205
1851000 205
1851010 205
1851020 205
1851030 205
1851040 204
1851050 204
1851060 204
1851070 203
1851080 203
1851090 203
1851100 202
1851110 202
1851120 202
1851130 201
1851140 201
1851150 200
1851160 200
1851170 200
1851180 200
1851190 200
1851200 200
1851210 199
1851220 198
1851230 198
1851240 198
1851250 197
1851260 197
1851270 197
1851280 197
1851290 197
1851300 197
1851310 197
1851320 197
1851330 196
1851340 196
1851350 196
1851360 196
1851370 196
1851380 196
1851390 196
1851400 196
1851410 196
1851420 196
1851430 197
1851440 197
1851450 197
1851460 199
1851470 199
1851480 200
1851490 202
1851500 202
1851510 202
1851520 203
1851530 203
1851540 203
1851550 204
1851560 204
1851570 203
1851580 203
1851590 203
1851600 204
1851610 204
1851620 204
1851630 204
1851640 204
1851650 204
1851660 204
1851670 204
1851680 204
1851690 204
1851700 204
1851710 204
1851720 204
1851730 204
1851740 204
1851750 204
1851760 204
1851770 204
1851780 204
1851790 204
1851800 203
1851810 203
1851820 203
1851830 203
1851840 203
1851850 203
1851860 203
1851870 203
1851880 203
1851890 203
1851900 203
1851910 203
1851920 202
1851930 202
1851940 202
1851950 202
1851960 201
1851970 201
1851980 201
1851990 201
1852000 201
1852010 201
1852020 201
1852030 201
1852040 201
1852050 201
1852060 201
1852070 201
1852080 201
1852090 201
1852100 201
1852110 201
1852120 201
1852130 200
1852140 200
1852150 200
1852160 200
1852170 200
1852180 200
1852190 200
1852200 200
1852210 200
1852220 200
1852230 200
1852240 200
1852250 200
1852260 200
1852270 200
1852280 199
1852290 199
1852300 199
1852310 199
1852320 199
1852330 199
1852340 199
1852350 199
1852360 199
1852370 199
1852380 199
1852390 199
1852400 199
1852410 199
1852420 198
1852430 198
1852440 198
1852450 198
1852460 198
1852470 198
1852480 198
1852490 198
1852500 198
1852510 198
1852520 198
1852530 198
1852540 198
1852550 198
1852560 198
1852570 198
1852580 197
1852590 197
1852600 197
1852610 197
1852620 197
1852630 197
1852640 197
1852650 197
1852660 197
1852670 197
1852680 197
1852690 197
1852700 197
1852710 197
1852720 197
1852730 197
1852740 197
1852750 198
1852760 198
1852770 198
1852780 198
1852790 198
1852800 198
1852810 198
1852820 198
1852830 198
1852840 198
1852850 198
1852860 198
1852870 198
1852880 198
1852890 198
1852900 198
1852910 198
1852920 198
1852930 198
1852940 198
1852950 198
1852960 198
1852970 198
1852980 198
1852990 198
1853000 198
1853010 198
1853020 198
1853030 198
1853040 198
1853050 198
1853060 198
1853070 197
1853080 197
1853090 197
1853100 197
1853110 197
1853120 197
1853130 197
1853140 197
1853150 197
1853160 196
1853170 196
1853180 196
1853190 196
1853200 196
1853210 196
1853220 196
1853230 196
1853240 196
1853250 196
1853260 196
1853270 196
1853280 196
1853290 195
1853300 195
1853310 195
1853320 195
1853330 195
1853340 195
1853350 195
1853360 195
1853370 195
1853380 195
1853390 195
1853400 195
1853410 195
1853420 195
1853430 195
1853440 195
1853450 195
1853460 195
1853470 196
1853480 196
1853490 196
1853500 196
1853510 196
1853520 196
1853530 196
1853540 196
1853550 195
1853560 195
1853570 195
1853580 195
1853590 195
1853600 195
1853610 195
1853620 195
1853630 196
1853640 196
1853650 196
1853660 196
1853670 196
1853680 196
1853690 195
1853700 195
1853710 195
1853720 194
1853730 194
1853740 194
1853750 194
1853760 194
1853770 194
1853780 194
1853790 194
1853800 194
1853810 193
1853820 193
1853830 193
1853840 193
1853850 193
1853860 193
1853870 193
1853880 193
1853890 193
1853900 193
1853910 193
1853920 193
1853930 193
1853940 193
1853950 193
1853960 192
1853970 192
1853980 192
1853990 192
1854000 192
1854010 192
1854020 192
1854030 191
1854040 191
1854050 191
1854060 191
1854070 191
1854080 191
1854090 191
1854100 191
1854110 190
1854120 190
1854130 190
1854140 190
1854150 190
1854160 190
1854170 190
1854180 190
1854190 190
1854200 190
1854210 190
1854220 190
1854230 190
1854240 190
1854250 190
1854260 190
1854270 190
1854280 190
1854290 190
1854300 190
1854310 190
1854320 190
1854330 190
1854340 189
1854350 189
1854360 189
1854370 189
1854380 189
1854390 189
1854400 189
1854410 189
1854420 189
1854430 188
1854440 188
1854450 188
1854460 188
1854470 188
1854480 188
1854490 187
1854500 187
1854510 187
1854520 187
1854530 187
1854540 187
1854550 187
1854560 187
1854570 187
1854580 187
1854590 186
1854600 186
1854610 187
1854620 187
1854630 187
1854640 187
1854650 186
1854660 186
1854670 186
1854680 185
1854690 185
1854700 185
1854710 185
1854720 185
1854730 186
1854740 186
1854750 186
1854760 186
1854770 186
1854780 186
1854790 186
1854800 186
1854810 186
1854820 186
1854830 186
1854840 186
1854850 186
1854860 186
1854870 186
1854880 186
1854890 186
1854900 186
1854910 186
1854920 186
1854930 186
1854940 186
1854950 186
1854960 186
1854970 186
1854980 186
1854990 186
1855000 186
1855010 186
1855020 186
1855030 186
1855040 186
1855050 186
1855060 186
1855070 186
1855080 186
1855090 186
1855100 186
1855110 186
1855120 185
1855130 185
1855140 185
1855150 185
1855160 185
1855170 185
1855180 185
1855190 185
1855200 185
1855210 185
1855220 185
1855230 185
1855240 185
1855250 185
1855260 185
1855270 185
1855280 185
1855290 185
1855300 185
1855310 185
1855320 185
1855330 185
1855340 185
1855350 185
1855360 185
1855370 185
1855380 185
1855390 185
1855400 185
1855410 185
1855420 185
1855430 185
1855440 185
1855450 185
1855460 185
1855470 185
1855480 185
1855490 185
1855500 185
1855510 185
1855520 185
1855530 185
1855540 185
1855550 185
1855560 185
1855570 185
1855580 185
1855590 186
1855600 186
1855610 186
1855620 186
1855630 186
1855640 186
1855650 185
1855660 185
1855670 185
1855680 185
1855690 185
1855700 185
1855710 185
1855720 185
1855730 185
1855740 185
1855750 185
1855760 185
1855770 185
1855780 185
1855790 185
1855800 185
1855810 185
1855820 185
1855830 185
1855840 185
1855850 185
1855860 185
1855870 185
1855880 185
1855890 185
1855900 185
1855910 184
1855920 184
1855930 184
1855940 184
1855950 184
1855960 184
1855970 184
1855980 184
1855990 184
1856000 184
1856010 184
1856020 184
1856030 183
1856040 183
1856050 183
1856060 183
1856070 183
1856080 183
1856090 183
1856100 183
1856110 183
1856120 184
1856130 184
1856140 183
1856150 183
1856160 183
1856170 183
1856180 184
1856190 184
1856200 184
1856210 184
1856220 184
1856230 184
1856240 185
1856250 185
1856260 185
1856270 185
1856280 185
1856290 185
1856300 185
1856310 185
1856320 186
1856330 186
1856340 186
1856350 186
1856360 186
1856370 186
1856380 186
1856390 186
1856400 186
1856410 186
1856420 186
1856430 186
1856440 186
1856450 186
1856460 186
1856470 186
1856480 186
1856490 186
1856500 186
1856510 186
1856520 186
1856530 186
1856540 186
1856550 186
1856560 186
1856570 186
1856580 186
1856590 186
1856600 186
1856610 185
1856620 185
1856630 185
1856640 185
1856650 185
1856660 185
1856670 185
1856680 185
1856690 185
1856700 185
1856710 186
1856720 186
1856730 186
1856740 186
1856750 186
1856760 186
1856770 186
1856780 186
1856790 187
1856800 186
1856810 186
1856820 186
1856830 186
1856840 186
1856850 186
1856860 186
1856870 186
1856880 186
1856890 186
1856900 186
1856910 186
1856920 186
1856930 186
1856940 186
1856950 186
1856960 186
1856970 186
1856980 186
1856990 186
1857000 186
1857010 186
1857020 186
1857030 186
1857040 185
1857050 185
1857060 185
1857070 185
1857080 185
1857090 184
1857100 184
1857110 184
1857120 184
1857130 184
1857140 184
1857150 184
1857160 184
1857170 184
1857180 184
1857190 184
1857200 184
1857210 183
1857220 183
1857230 183
1857240 183
1857250 183
1857260 183
1857270 183
1857280 183
1857290 183
1857300 182
1857310 182
1857320 182
1857330 182
1857340 182
1857350 182
1857360 182
1857370 182
1857380 182
1857390 182
1857400 182
1857410 182
1857420 182
1857430 182
1857440 182
1857450 182
1857460 182
1857470 183
1857480 183
1857490 183
1857500 183
1857510 183
1857520 183
1857530 183
1857540 183
1857550 183
1857560 182
1857570 182
1857580 182
1857590 182
1857600 182
1857610 182
1857620 182
1857630 182
1857640 182
1857650 182
1857660 182
1857670 182
1857680 182
1857690 181
1857700 181
1857710 181
1857720 181
1857730 181
1857740 181
1857750 181
1857760 181
1857770 181
1857780 181
1857790 181
1857800 181
1857810 181
1857820 181
1857830 181
1857840 181
1857850 181
1857860 181
1857870 181
1857880 181
1857890 181
1857900 181
1857910 181
1857920 180
1857930 180
1857940 180
1857950 180
1857960 180
1857970 180
1857980 180
1857990 180
1858000 180
1858010 180
1858020 180
1858030 180
1858040 180
1858050 180
1858060 180
1858070 180
1858080 180
1858090 180
1858100 180
1858110 180
1858120 180
1858130 180
1858140 180
1858150 180
1858160 180
1858170 180
1858180 180
1858190 180
1858200 180
1858210 180
1858220 180
1858230 180
1858240 180
1858250 180
1858260 180
1858270 180
1858280 180
1858290 180
1858300 180
1858310 180
1858320 180
1858330 180
1858340 180
1858350 180
1858360 180
1858370 180
1858380 180
1858390 180
1858400 180
1858410 180
1858420 180
1858430 180
1858440 180
1858450 180
1858460 180
1858470 180
1858480 179
1858490 179
1858500 179
1858510 179
1858520 179
1858530 179
1858540 179
1858550 179
1858560 179
1858570 179
1858580 179
1858590 179
1858600 179
1858610 179
1858620 179
1858630 179
1858640 179
1858650 179
1858660 179
1858670 179
1858680 179
1858690 179
1858700 179
1858710 179
1858720 179
1858730 179
1858740 179
1858750 179
1858760 179
1858770 179
1858780 179
1858790 179
1858800 179
1858810 179
1858820 179
1858830 179
1858840 179
1858850 179
1858860 179
1858870 179
1858880 179
1858890 179
1858900 179
1858910 179
1858920 179
1858930 179
1858940 179
1858950 179
1858960 179
1858970 178
1858980 179
1858990 179
1859000 179
1859010 179
1859020 179
1859030 179
1859040 179
1859050 179
1859060 179
1859070 179
1859080 179
1859090 178
1859100 178
1859110 178
1859120 178
1859130 178
1859140 178
1859150 178
1859160 178
1859170 178
1859180 178
1859190 178
1859200 178
1859210 178
1859220 178
1859230 178
1859240 178
1859250 178
1859260 178
1859270 178
1859280 178
1859290 178
1859300 178
1859310 178
1859320 178
1859330 178
1859340 178
1859350 178
1859360 178
1859370 178
1859380 178
1859390 178
1859400 180
1859410 180
1859420 182
1859430 179
1859440 179
1859450 178
1859460 178
1859470 178
1859480 177
1859490 177
1859500 177
1859510 178
1859520 178
1859530 178
1859540 178
1859550 178
1859560 178
1859570 178
1859580 178
1859590 178
1859600 178
1859610 178
1859620 178
1859630 177
1859640 177
1859650 177
1859660 177
1859670 178
1859680 178
1859690 177
1859700 177
1859710 178
1859720 178
1859730 178
1859740 178
1859750 178
1859760 178
1859770 178
1859780 178
1859790 178
1859800 179
1859810 179
1859820 179
1859830 179
1859840 179
1859850 179
1859860 179
1859870 179
1859880 179
1859890 179
1859900 179
1859910 179
1859920 180
1859930 180
1859940 180
1859950 179
1859960 179
1859970 179
1859980 179
1859990 179
