1840000 324
1840010 324
1840020 324
1840030 324
1840040 324
1840050 325
1840060 325
1840070 325
1840080 324
1840090 324
1840100 324
1840110 324
1840120 325
1840130 325
1840140 325
1840150 325
1840160 325
1840170 326
1840180 326
1840190 326
1840200 326
1840210 326
1840220 326
1840230 327
1840240 327
1840250 327
1840260 327
1840270 327
1840280 326
1840290 326
1840300 326
1840310 326
1840320 325
1840330 325
1840340 325
1840350 325
1840360 325
1840370 324
1840380 322
1840390 322
1840400 321
1840410 319
1840420 319
1840430 317
1840440 314
1840450 314
1840460 312
1840470 310
1840480 310
1840490 308
1840500 305
1840510 305
1840520 303
1840530 301
1840540 301
1840550 299
1840560 296
1840570 296
1840580 294
1840590 292
1840600 292
1840610 291
1840620 293
1840630 293
1840640 296
1840650 300
1840660 300
1840670 302
1840680 304
1840690 304
1840700 305
1840710 305
1840720 305
1840730 305
1840740 304
1840750 304
1840760 303
1840770 301
1840780 301
1840790 299
1840800 298
1840810 298
1840820 296
1840830 294
1840840 294
1840850 292
1840860 290
1840870 290
1840880 289
1840890 289
1840900 288
1840910 287
1840920 287
1840930 288
1840940 288
1840950 288
1840960 290
1840970 292
1840980 292
1840990 294
1841000 295
1841010 295
1841020 296
1841030 296
1841040 296
1841050 296
1841060 296
1841070 296
1841080 296
1841090 296
1841100 296
1841110 296
1841120 296
1841130 296
1841140 297
1841150 298
1841160 298
1841170 299
1841180 300
1841190 300
1841200 301
1841210 303
1841220 303
1841230 305
1841240 306
1841250 306
1841260 308
1841270 309
1841280 309
1841290 310
1841300 311
1841310 311
1841320 312
1841330 314
1841340 314
1841350 315
1841360 316
1841370 316
1841380 317
1841390 318
1841400 318
1841410 320
1841420 320
1841430 320
1841440 321
1841450 322
1841460 322
1841470 323
1841480 324
1841490 324
1841500 324
1841510 324
1841520 325
1841530 325
1841540 325
1841550 325
1841560 326
1841570 326
1841580 326
1841590 326
1841600 326
1841610 326
1841620 326
1841630 326
1841640 326
1841650 326
1841660 326
1841670 326
1841680 326
1841690 326
1841700 325
1841710 325
1841720 325
1841730 325
1841740 325
1841750 325
1841760 324
1841770 324
1841780 324
1841790 323
1841800 323
1841810 323
1841820 322
1841830 322
1841840 322
1841850 321
1841860 321
1841870 321
1841880 320
1841890 319
1841900 319
1841910 318
1841920 318
1841930 318
1841940 317
1841950 317
1841960 317
1841970 316
1841980 315
1841990 315
1842000 315
1842010 315
1842020 315
1842030 315
1842040 315
1842050 315
1842060 316
1842070 315
1842080 315
1842090 315
1842100 316
1842110 316
1842120 316
1842130 316
1842140 316
1842150 316
1842160 316
1842170 315
1842180 315
1842190 315
1842200 315
1842210 314
1842220 314
1842230 314
1842240 314
1842250 314
1842260 314
1842270 314
1842280 314
1842290 313
1842300 313
1842310 313
1842320 313
1842330 313
1842340 313
1842350 313
1842360 313
1842370 313
1842380 312
1842390 312
1842400 312
1842410 312
1842420 312
1842430 312
1842440 311
1842450 311
1842460 311
1842470 310
1842480 310
1842490 310
1842500 310
1842510 309
1842520 309
1842530 309
1842540 308
1842550 308
1842560 308
1842570 307
1842580 307
1842590 307
1842600 306
1842610 306
1842620 306
1842630 305
1842640 305
1842650 304
1842660 304
1842670 304
1842680 303
1842690 302
1842700 303
1842710 302
1842720 301
1842730 301
1842740 300
1842750 300
1842760 299
1842770 298
1842780 298
1842790 298
1842800 297
1842810 297
1842820 296
1842830 295
1842840 295
1842850 294
1842860 293
1842870 293
1842880 292
1842890 291
1842900 291
1842910 290
1842920 289
1842930 289
1842940 288
1842950 287
1842960 287
1842970 285
1842980 284
1842990 284
1843000 283
1843010 282
1843020 282
1843030 281
1843040 280
1843050 280
1843060 279
1843070 279
1843080 279
1843090 278
1843100 277
1843110 277
1843120 276
1843130 275
1843140 275
1843150 274
1843160 273
1843170 273
1843180 272
1843190 271
1843200 271
1843210 270
1843220 269
1843230 269
1843240 268
1843250 267
1843260 267
1843270 266
1843280 265
1843290 265
1843300 265
1843310 264
1843320 264
1843330 263
1843340 263
1843350 262
1843360 262
1843370 262
1843380 261
1843390 260
1843400 260
1843410 259
1843420 258
1843430 258
1843440 258
1843450 257
1843460 257
1843470 257
1843480 257
1843490 257
1843500 257
1843510 258
1843520 258
1843530 260
1843540 261
1843550 261
1843560 262
1843570 263
1843580 263
1843590 265
1843600 266
1843610 266
1843620 267
1843630 268
1843640 268
1843650 268
1843660 269
1843670 269
1843680 271
1843690 272
1843700 272
1843710 272
1843720 272
1843730 272
1843740 272
1843750 271
1843760 271
1843770 270
1843780 269
1843790 267
1843800 267
1843810 266
1843820 266
1843830 265
1843840 265
1843850 265
1843860 265
1843870 266
1843880 266
1843890 267
1843900 268
1843910 268
1843920 269
1843930 271
1843940 271
1843950 272
1843960 272
1843970 273
1843980 274
1843990 274
1844000 275
1844010 276
1844020 276
1844030 277
1844040 278
1844050 278
1844060 279
1844070 280
1844080 280
1844090 281
1844100 282
1844110 282
1844120 283
1844130 284
1844140 284
1844150 285
1844160 286
1844170 286
1844180 287
1844190 288
1844200 288
1844210 289
1844220 290
1844230 290
1844240 291
1844250 292
1844260 292
1844270 293
1844280 294
1844290 294
1844300 295
1844310 296
1844320 296
1844330 297
1844340 297
1844350 297
1844360 298
1844370 299
1844380 299
1844390 299
1844400 299
1844410 299
1844420 299
1844430 299
1844440 299
1844450 299
1844460 299
1844470 299
1844480 299
1844490 299
1844500 299
1844510 298
1844520 298
1844530 298
1844540 298
1844550 297
1844560 297
1844570 296
1844580 296
1844590 296
1844600 295
1844610 295
1844620 294
1844630 293
1844640 293
1844650 292
1844660 291
1844670 291
1844680 289
1844690 288
1844700 288
1844710 287
1844720 286
1844730 286
1844740 286
1844750 286
1844760 286
1844770 287
1844780 288
1844790 288
1844800 288
1844810 288
1844820 288
1844830 288
1844840 288
1844850 288
1844860 287
1844870 287
1844880 286
1844890 285
1844900 284
1844910 284
1844920 284
1844930 283
1844940 283
1844950 282
1844960 282
1844970 282
1844980 282
1844990 281
1845000 281
1845010 281
1845020 280
1845030 280
1845040 280
1845050 279
1845060 279
1845070 279
1845080 278
1845090 278
1845100 277
1845110 276
1845120 276
1845130 276
1845140 275
1845150 275
1845160 275
1845170 274
1845180 274
1845190 273
1845200 273
1845210 273
1845220 272
1845230 272
1845240 270
1845250 270
1845260 270
1845270 269
1845280 269
1845290 269
1845300 269
1845310 269
1845320 269
1845330 268
1845340 268
1845350 268
1845360 268
1845370 268
1845380 268
1845390 268
1845400 268
1845410 268
1845420 268
1845430 268
1845440 268
1845450 268
1845460 268
1845470 268
1845480 269
1845490 269
1845500 269
1845510 269
1845520 268
1845530 268
1845540 268
1845550 268
1845560 268
1845570 267
1845580 267
1845590 267
1845600 266
1845610 265
1845620 265
1845630 264
1845640 264
1845650 264
1845660 263
1845670 262
1845680 262
1845690 261
1845700 261
1845710 261
1845720 260
1845730 259
1845740 259
1845750 259
1845760 258
1845770 258
1845780 257
1845790 256
1845800 256
1845810 255
1845820 255
1845830 254
1845840 254
1845850 254
1845860 253
1845870 252
1845880 252
1845890 250
1845900 249
1845910 249
1845920 248
1845930 247
1845940 247
1845950 246
1845960 245
1845970 245
1845980 244
1845990 243
1846000 243
1846010 242
1846020 241
1846030 241
1846040 240
1846050 239
1846060 239
1846070 239
1846080 238
1846090 238
1846100 238
1846110 238
1846120 238
1846130 239
1846140 239
1846150 239
1846160 241
1846170 243
1846180 243
1846190 245
1846200 247
1846210 247
1846220 247
1846230 247
1846240 247
1846250 248
1846260 248
1846270 248
1846280 249
1846290 249
1846300 249
1846310 249
1846320 249
1846330 248
1846340 249
1846350 249
1846360 249
1846370 250
1846380 251
1846390 251
1846400 251
1846410 252
1846420 252
1846430 253
1846440 253
1846450 254
1846460 255
1846470 255
1846480 256
1846490 257
1846500 257
1846510 258
1846520 258
1846530 258
1846540 259
1846550 259
1846560 259
1846570 259
1846580 260
1846590 260
1846600 260
1846610 260
1846620 260
1846630 261
1846640 261
1846650 261
1846660 261
1846670 262
1846680 262
1846690 262
1846700 263
1846710 263
1846720 263
1846730 263
1846740 263
1846750 263
1846760 264
1846770 264
1846780 264
1846790 263
1846800 263
1846810 263
1846820 262
1846830 262
1846840 262
1846850 261
1846860 261
1846870 261
1846880 260
1846890 260
1846900 260
1846910 260
1846920 260
1846930 259
1846940 259
1846950 259
1846960 259
1846970 258
1846980 258
1846990 258
1847000 258
1847010 258
1847020 257
1847030 257
1847040 257
1847050 257
1847060 257
1847070 256
1847080 256
1847090 256
1847100 255
1847110 255
1847120 255
1847130 254
1847140 254
1847150 254
1847160 253
1847170 253
1847180 253
1847190 252
1847200 252
1847210 252
1847220 251
1847230 251
1847240 251
1847250 251
1847260 251
1847270 251
1847280 251
1847290 251
1847300 251
1847310 251
1847320 251
1847330 251
1847340 251
1847350 250
1847360 250
1847370 250
1847380 250
1847390 250
1847400 249
1847410 248
1847420 248
1847430 247
1847440 247
1847450 247
1847460 247
1847470 247
1847480 247
1847490 246
1847500 246
1847510 246
1847520 246
1847530 246
1847540 246
1847550 247
1847560 247
1847570 247
1847580 246
1847590 246
1847600 246
1847610 246
1847620 246
1847630 246
1847640 246
1847650 246
1847660 245
1847670 245
1847680 245
1847690 245
1847700 244
1847710 244
1847720 244
1847730 244
1847740 244
1847750 244
1847760 244
1847770 242
1847780 241
1847790 241
1847800 241
1847810 241
1847820 241
1847830 241
1847840 242
1847850 241
1847860 241
1847870 241
1847880 241
1847890 241
1847900 241
1847910 241
1847920 241
1847930 241
1847940 241
1847950 241
1847960 240
1847970 240
1847980 240
1847990 240
1848000 240
1848010 240
1848020 240
1848030 240
1848040 240
1848050 240
1848060 240
1848070 240
1848080 240
1848090 239
1848100 239
1848110 239
1848120 239
1848130 238
1848140 238
1848150 238
1848160 238
1848170 237
1848180 237
1848190 237
1848200 236
1848210 236
1848220 236
1848230 236
1848240 234
1848250 234
1848260 234
1848270 234
1848280 233
1848290 232
1848300 232
1848310 231
1848320 231
1848330 231
1848340 230
1848350 229
1848360 229
1848370 228
1848380 227
1848390 227
1848400 227
1848410 226
1848420 226
1848430 225
1848440 224
1848450 224
1848460 224
1848470 223
1848480 223
1848490 222
1848500 221
1848510 221
1848520 221
1848530 221
1848540 221
1848550 221
1848560 221
1848570 221
1848580 220
1848590 220
1848600 220
1848610 220
1848620 220
1848630 220
1848640 220
1848650 219
1848660 219
1848670 219
1848680 219
1848690 219
1848700 219
1848710 219
1848720 219
1848730 218
1848740 218
1848750 218
1848760 218
1848770 218
1848780 218
1848790 218
1848800 218
1848810 218
1848820 217
1848830 217
1848840 217
1848850 217
1848860 217
1848870 217
1848880 217
1848890 217
1848900 217
1848910 217
1848920 217
1848930 217
1848940 217
1848950 217
1848960 216
1848970 216
1848980 216
1848990 216
1849000 216
1849010 216
1849020 216
1849030 216
1849040 216
1849050 216
1849060 216
1849070 216
1849080 216
1849090 216
1849100 216
1849110 216
1849120 217
1849130 217
1849140 217
1849150 217
1849160 217
1849170 218
1849180 218
1849190 218
1849200 219
1849210 221
1849220 221
1849230 222
1849240 223
1849250 223
1849260 223
1849270 224
1849280 224
1849290 225
1849300 226
1849310 226
1849320 227
1849330 229
1849340 229
1849350 230
1849360 230
1849370 230
1849380 231
1849390 231
1849400 231
1849410 231
1849420 232
1849430 232
1849440 232
1849450 232
1849460 232
1849470 232
1849480 232
1849490 232
1849500 231
1849510 231
1849520 231
1849530 231
1849540 231
1849550 231
1849560 231
1849570 231
1849580 230
1849590 230
1849600 230
1849610 230
1849620 230
1849630 230
1849640 229
1849650 229
1849660 229
1849670 229
1849680 228
1849690 228
1849700 228
1849710 227
1849720 227
1849730 227
1849740 226
1849750 226
1849760 226
1849770 226
1849780 226
1849790 225
1849800 225
1849810 225
1849820 225
1849830 225
1849840 225
1849850 224
1849860 224
1849870 224
1849880 223
1849890 222
1849900 222
1849910 222
1849920 221
1849930 221
1849940 221
1849950 221
1849960 221
1849970 220
1849980 220
1849990 220
1850000 219
1850010 219
1850020 219
1850030 219
1850040 219
1850050 219
1850060 218
1850070 218
1850080 218
1850090 218
1850100 218
1850110 218
1850120 217
1850130 217
1850140 217
1850150 217
1850160 217
1850170 217
1850180 217
1850190 217
1850200 216
1850210 216
1850220 216
1850230 216
1850240 216
1850250 216
1850260 215
1850270 215
1850280 215
1850290 215
1850300 215
1850310 215
1850320 214
1850330 214
1850340 214
1850350 214
1850360 214
1850370 214
1850380 214
1850390 214
1850400 214
1850410 214
1850420 214
1850430 214
1850440 213
1850450 213
1850460 213
1850470 213
1850480 213
1850490 213
1850500 213
1850510 213
1850520 213
1850530 212
1850540 212
1850550 212
1850560 212
1850570 212
1850580 212
1850590 212
1850600 211
1850610 211
1850620 211
1850630 210
1850640 210
1850650 209
1850660 209
1850670 209
1850680 209
1850690 208
1850700 208
1850710 208
1850720 208
1850730 208
1850740 208
1850750 208
1850760 208
1850770 207
1850780 207
1850790 207
1850800 207
1850810 207
1850820 207
1850830 206
1850840 206
1850850 206
1850860 206
1850870 206
1850880 206
1850890 205
1850900 205
1850910 205
1850920 205
1850930 205
1850940 205
1850950 204
1850960 204
1850970 204
1850980 204
1850990 203
1851000 203
1851010 203
1851020 203
1851030 202
1851040 202
1851050 202
1851060 202
1851070 201
1851080 201
1851090 201
1851100 201
1851110 201
1851120 201
1851130 201
1851140 201
1851150 200
1851160 199
1851170 199
1851180 199
1851190 198
1851200 198
1851210 198
1851220 198
1851230 198
1851240 197
1851250 197
1851260 197
1851270 197
1851280 197
1851290 197
1851300 196
1851310 196
1851320 196
1851330 196
1851340 196
1851350 196
1851360 196
1851370 196
1851380 196
1851390 196
1851400 196
1851410 197
1851420 197
1851430 197
1851440 197
1851450 198
1851460 198
1851470 200
1851480 201
1851490 201
1851500 201
1851510 202
1851520 202
1851530 202
1851540 202
1851550 202
1851560 202
1851570 202
1851580 202
1851590 202
1851600 202
1851610 202
1851620 202
1851630 202
1851640 202
1851650 203
1851660 202
1851670 202
1851680 202
1851690 201
1851700 201
1851710 201
1851720 201
1851730 201
1851740 201
1851750 201
1851760 201
1851770 201
1851780 201
1851790 201
1851800 201
1851810 201
1851820 201
1851830 200
1851840 200
1851850 200
1851860 200
1851870 200
1851880 200
1851890 200
1851900 200
1851910 200
1851920 200
1851930 200
1851940 200
1851950 200
1851960 200
1851970 200
1851980 200
1851990 200
1852000 200
1852010 200
1852020 200
1852030 200
1852040 199
1852050 199
1852060 199
1852070 199
1852080 199
1852090 199
1852100 199
1852110 199
1852120 200
1852130 200
1852140 200
1852150 200
1852160 199
1852170 199
1852180 199
1852190 199
1852200 199
1852210 199
1852220 199
1852230 199
1852240 199
1852250 199
1852260 199
1852270 199
1852280 198
1852290 198
1852300 199
1852310 199
1852320 199
1852330 199
1852340 199
1852350 199
1852360 198
1852370 198
1852380 198
1852390 198
1852400 198
1852410 198
1852420 198
1852430 198
1852440 198
1852450 197
1852460 197
1852470 197
1852480 197
1852490 197
1852500 197
1852510 197
1852520 197
1852530 197
1852540 197
1852550 197
1852560 197
1852570 197
1852580 197
1852590 197
1852600 197
1852610 197
1852620 197
1852630 196
1852640 196
1852650 196
1852660 196
1852670 196
1852680 196
1852690 196
1852700 196
1852710 197
1852720 197
1852730 197
1852740 197
1852750 197
1852760 197
1852770 198
1852780 198
1852790 198
1852800 199
1852810 199
1852820 199
1852830 199
1852840 199
1852850 199
1852860 199
1852870 199
1852880 199
1852890 199
1852900 199
1852910 199
1852920 199
1852930 199
1852940 199
1852950 199
1852960 198
1852970 198
1852980 198
1852990 198
1853000 198
1853010 198
1853020 198
1853030 198
1853040 198
1853050 197
1853060 197
1853070 197
1853080 197
1853090 197
1853100 197
1853110 197
1853120 197
1853130 196
1853140 196
1853150 196
1853160 196
1853170 196
1853180 196
1853190 196
1853200 196
1853210 195
1853220 195
1853230 195
1853240 195
1853250 195
1853260 195
1853270 195
1853280 195
1853290 195
1853300 195
1853310 194
1853320 194
1853330 194
1853340 194
1853350 194
1853360 194
1853370 194
1853380 194
1853390 194
1853400 194
1853410 194
1853420 194
1853430 194
1853440 194
1853450 195
1853460 195
1853470 195
1853480 195
1853490 195
1853500 195
1853510 195
1853520 195
1853530 195
1853540 194
1853550 194
1853560 194
1853570 194
1853580 193
1853590 193
1853600 193
1853610 193
1853620 193
1853630 194
1853640 194
1853650 194
1853660 194
1853670 194
1853680 194
1853690 193
1853700 193
1853710 193
1853720 193
1853730 193
1853740 193
1853750 193
1853760 193
1853770 193
1853780 193
1853790 193
1853800 193
1853810 192
1853820 192
1853830 192
1853840 192
1853850 192
1853860 192
1853870 192
1853880 192
1853890 191
1853900 191
1853910 191
1853920 191
1853930 191
1853940 191
1853950 191
1853960 191
1853970 191
1853980 191
1853990 191
1854000 191
1854010 191
1854020 190
1854030 190
1854040 190
1854050 190
1854060 190
1854070 190
1854080 189
1854090 189
1854100 189
1854110 189
1854120 189
1854130 189
1854140 189
1854150 189
1854160 189
1854170 189
1854180 189
1854190 189
1854200 189
1854210 189
1854220 189
1854230 189
1854240 189
1854250 189
1854260 189
1854270 189
1854280 188
1854290 188
1854300 188
1854310 188
1854320 188
1854330 188
1854340 188
1854350 188
1854360 188
1854370 188
1854380 187
1854390 187
1854400 187
1854410 187
1854420 187
1854430 187
1854440 187
1854450 187
1854460 187
1854470 187
1854480 187
1854490 187
1854500 187
1854510 187
1854520 187
1854530 187
1854540 185
1854550 186
1854560 186
1854570 186
1854580 186
1854590 186
1854600 186
1854610 186
1854620 186
1854630 186
1854640 186
1854650 186
1854660 186
1854670 186
1854680 186
1854690 186
1854700 186
1854710 186
1854720 186
1854730 186
1854740 186
1854750 186
1854760 186
1854770 186
1854780 187
1854790 187
1854800 187
1854810 187
1854820 187
1854830 187
1854840 187
1854850 187
1854860 187
1854870 187
1854880 187
1854890 187
1854900 187
1854910 188
1854920 188
1854930 188
1854940 188
1854950 188
1854960 188
1854970 188
1854980 188
1854990 188
1855000 188
1855010 188
1855020 188
1855030 188
1855040 188
1855050 188
1855060 188
1855070 188
1855080 188
1855090 188
1855100 187
1855110 187
1855120 187
1855130 187
1855140 187
1855150 187
1855160 187
1855170 187
1855180 187
1855190 187
1855200 187
1855210 187
1855220 187
1855230 187
1855240 187
1855250 188
1855260 188
1855270 188
1855280 188
1855290 188
1855300 188
1855310 187
1855320 187
1855330 187
1855340 187
1855350 187
1855360 187
1855370 187
1855380 187
1855390 187
1855400 187
1855410 187
1855420 187
1855430 187
1855440 187
1855450 187
1855460 187
1855470 187
1855480 187
1855490 187
1855500 187
1855510 187
1855520 187
1855530 187
1855540 187
1855550 188
1855560 188
1855570 188
1855580 188
1855590 188
1855600 188
1855610 188
1855620 188
1855630 188
1855640 188
1855650 188
1855660 188
1855670 188
1855680 188
1855690 188
1855700 188
1855710 188
1855720 187
1855730 187
1855740 187
1855750 187
1855760 187
1855770 187
1855780 187
1855790 187
1855800 187
1855810 187
1855820 187
1855830 187
1855840 187
1855850 187
1855860 187
1855870 187
1855880 187
1855890 187
1855900 187
1855910 187
1855920 187
1855930 187
1855940 187
1855950 187
1855960 187
1855970 186
1855980 186
1855990 186
1856000 186
1856010 186
1856020 185
1856030 185
1856040 185
1856050 185
1856060 185
1856070 185
1856080 185
1856090 185
1856100 185
1856110 185
1856120 185
1856130 185
1856140 185
1856150 185
1856160 185
1856170 184
1856180 183
1856190 183
1856200 183
1856210 183
1856220 183
1856230 183
1856240 183
1856250 183
1856260 184
1856270 184
1856280 184
1856290 184
1856300 184
1856310 184
1856320 184
1856330 184
1856340 184
1856350 183
1856360 183
1856370 183
1856380 184
1856390 184
1856400 184
1856410 184
1856420 184
1856430 184
1856440 184
1856450 184
1856460 184
1856470 184
1856480 184
1856490 184
1856500 184
1856510 184
1856520 184
1856530 184
1856540 184
1856550 184
1856560 184
1856570 184
1856580 184
1856590 184
1856600 184
1856610 184
1856620 184
1856630 184
1856640 184
1856650 184
1856660 184
1856670 184
1856680 184
1856690 184
1856700 185
1856710 185
1856720 185
1856730 185
1856740 185
1856750 185
1856760 185
1856770 185
1856780 185
1856790 185
1856800 185
1856810 185
1856820 185
1856830 185
1856840 185
1856850 185
1856860 185
1856870 185
1856880 185
1856890 185
1856900 185
1856910 185
1856920 185
1856930 185
1856940 185
1856950 185
1856960 185
1856970 185
1856980 185
1856990 185
1857000 185
1857010 184
1857020 184
1857030 184
1857040 184
1857050 183
1857060 183
1857070 183
1857080 183
1857090 183
1857100 183
1857110 183
1857120 183
1857130 183
1857140 183
1857150 183
1857160 183
1857170 183
1857180 183
1857190 183
1857200 182
1857210 182
1857220 182
1857230 182
1857240 182
1857250 182
1857260 182
1857270 182
1857280 182
1857290 182
1857300 182
1857310 182
1857320 182
1857330 182
1857340 182
1857350 182
1857360 182
1857370 182
1857380 182
1857390 182
1857400 182
1857410 182
1857420 182
1857430 182
1857440 182
1857450 182
1857460 182
1857470 182
1857480 182
1857490 182
1857500 182
1857510 182
1857520 182
1857530 182
1857540 182
1857550 182
1857560 182
1857570 182
1857580 182
1857590 182
1857600 182
1857610 182
1857620 182
1857630 182
1857640 182
1857650 181
1857660 181
1857670 181
1857680 181
1857690 181
1857700 181
1857710 181
1857720 181
1857730 181
1857740 181
1857750 181
1857760 181
1857770 180
1857780 180
1857790 180
1857800 180
1857810 180
1857820 180
1857830 180
1857840 180
1857850 180
1857860 180
1857870 180
1857880 180
1857890 180
1857900 180
1857910 180
1857920 180
1857930 180
1857940 180
1857950 180
1857960 180
1857970 180
1857980 180
1857990 180
1858000 180
1858010 180
1858020 180
1858030 180
1858040 180
1858050 180
1858060 180
1858070 180
1858080 180
1858090 180
1858100 180
1858110 180
1858120 180
1858130 180
1858140 180
1858150 180
1858160 180
1858170 180
1858180 180
1858190 180
1858200 180
1858210 180
1858220 180
1858230 180
1858240 180
1858250 180
1858260 180
1858270 180
1858280 180
1858290 180
1858300 180
1858310 180
1858320 180
1858330 180
1858340 180
1858350 180
1858360 180
1858370 180
1858380 180
1858390 180
1858400 180
1858410 180
1858420 180
1858430 180
1858440 180
1858450 180
1858460 180
1858470 180
1858480 180
1858490 180
1858500 180
1858510 180
1858520 180
1858530 180
1858540 180
1858550 180
1858560 180
1858570 180
1858580 180
1858590 180
1858600 180
1858610 180
1858620 180
1858630 180
1858640 180
1858650 180
1858660 180
1858670 180
1858680 180
1858690 180
1858700 180
1858710 180
1858720 180
1858730 180
1858740 180
1858750 180
1858760 179
1858770 178
1858780 178
1858790 179
1858800 179
1858810 179
1858820 179
1858830 180
1858840 180
1858850 179
1858860 179
1858870 179
1858880 179
1858890 179
1858900 179
1858910 179
1858920 179
1858930 179
1858940 179
1858950 179
1858960 179
1858970 179
1858980 179
1858990 179
1859000 179
1859010 179
1859020 179
1859030 178
1859040 179
1859050 179
1859060 179
1859070 179
1859080 179
1859090 179
1859100 179
1859110 179
1859120 178
1859130 178
1859140 178
1859150 178
1859160 178
1859170 178
1859180 178
1859190 178
1859200 178
1859210 178
1859220 178
1859230 178
1859240 178
1859250 178
1859260 178
1859270 179
1859280 179
1859290 179
1859300 179
1859310 179
1859320 178
1859330 178
1859340 178
1859350 178
1859360 178
1859370 178
1859380 178
1859390 178
1859400 178
1859410 179
1859420 181
1859430 181
1859440 180
1859450 178
1859460 178
1859470 178
1859480 178
1859490 178
1859500 178
1859510 178
1859520 178
1859530 178
1859540 178
1859550 178
1859560 178
1859570 178
1859580 178
1859590 178
1859600 178
1859610 178
1859620 178
1859630 178
1859640 178
1859650 178
1859660 178
1859670 178
1859680 178
1859690 178
1859700 178
1859710 179
1859720 179
1859730 179
1859740 179
1859750 179
1859760 179
1859770 179
1859780 180
1859790 180
1859800 180
1859810 180
1859820 180
1859830 180
1859840 180
1859850 180
1859860 180
1859870 180
1859880 180
1859890 180
1859900 180
1859910 180
1859920 180
1859930 180
1859940 180
1859950 180
1859960 180
1859970 180
1859980 180
1859990 180
