1840000 283
1840010 283
1840020 282
1840030 282
1840040 282
1840050 281
1840060 281
1840070 281
1840080 281
1840090 281
1840100 280
1840110 280
1840120 280
1840130 279
1840140 279
1840150 279
1840160 278
1840170 278
1840180 278
1840190 277
1840200 277
1840210 277
1840220 277
1840230 276
1840240 276
1840250 276
1840260 275
1840270 275
1840280 275
1840290 275
1840300 275
1840310 275
1840320 274
1840330 274
1840340 274
1840350 273
1840360 273
1840370 273
1840380 273
1840390 273
1840400 273
1840410 273
1840420 273
1840430 273
1840440 272
1840450 272
1840460 272
1840470 272
1840480 272
1840490 272
1840500 273
1840510 273
1840520 274
1840530 276
1840540 276
1840550 277
1840560 278
1840570 278
1840580 279
1840590 280
1840600 280
1840610 281
1840620 281
1840630 283
1840640 284
1840650 284
1840660 286
1840670 287
1840680 287
1840690 290
1840700 291
1840710 291
1840720 293
1840730 296
1840740 296
1840750 298
1840760 301
1840770 301
1840780 303
1840790 305
1840800 305
1840810 306
1840820 308
1840830 308
1840840 308
1840850 309
1840860 309
1840870 310
1840880 310
1840890 310
1840900 311
1840910 311
1840920 311
1840930 311
1840940 311
1840950 311
1840960 311
1840970 312
1840980 312
1840990 312
1841000 312
1841010 312
1841020 313
1841030 313
1841040 313
1841050 313
1841060 313
1841070 313
1841080 312
1841090 312
1841100 312
1841110 312
1841120 312
1841130 312
1841140 312
1841150 312
1841160 312
1841170 312
1841180 311
1841190 311
1841200 311
1841210 311
1841220 311
1841230 310
1841240 310
1841250 310
1841260 310
1841270 310
1841280 309
1841290 309
1841300 309
1841310 308
1841320 308
1841330 308
1841340 307
1841350 306
1841360 306
1841370 306
1841380 305
1841390 305
1841400 304
1841410 303
1841420 303
1841430 302
1841440 301
1841450 301
1841460 300
1841470 299
1841480 299
1841490 298
1841500 296
1841510 296
1841520 295
1841530 294
1841540 294
1841550 293
1841560 291
1841570 291
1841580 290
1841590 290
1841600 290
1841610 289
1841620 288
1841630 288
1841640 287
1841650 287
1841660 287
1841670 286
1841680 286
1841690 286
1841700 285
1841710 285
1841720 285
1841730 284
1841740 284
1841750 284
1841760 284
1841770 283
1841780 283
1841790 283
1841800 283
1841810 283
1841820 282
1841830 282
1841840 282
1841850 282
1841860 282
1841870 282
1841880 282
1841890 282
1841900 282
1841910 282
1841920 282
1841930 282
1841940 282
1841950 282
1841960 283
1841970 284
1841980 284
1841990 285
1842000 287
1842010 287
1842020 289
1842030 291
1842040 291
1842050 293
1842060 294
1842070 294
1842080 296
1842090 297
1842100 297
1842110 297
1842120 298
1842130 298
1842140 298
1842150 299
1842160 298
1842170 299
1842180 299
1842190 299
1842200 299
1842210 299
1842220 299
1842230 299
1842240 299
1842250 299
1842260 299
1842270 299
1842280 299
1842290 298
1842300 298
1842310 298
1842320 297
1842330 297
1842340 297
1842350 296
1842360 295
1842370 295
1842380 295
1842390 294
1842400 294
1842410 293
1842420 293
1842430 292
1842440 291
1842450 291
1842460 290
1842470 289
1842480 289
1842490 288
1842500 287
1842510 287
1842520 286
1842530 285
1842540 285
1842550 284
1842560 283
1842570 283
1842580 282
1842590 281
1842600 281
1842610 280
1842620 278
1842630 278
1842640 277
1842650 276
1842660 276
1842670 275
1842680 274
1842690 274
1842700 274
1842710 273
1842720 273
1842730 272
1842740 272
1842750 272
1842760 271
1842770 271
1842780 271
1842790 270
1842800 271
1842810 271
1842820 271
1842830 271
1842840 271
1842850 271
1842860 271
1842870 271
1842880 271
1842890 270
1842900 270
1842910 270
1842920 270
1842930 270
1842940 270
1842950 270
1842960 270
1842970 270
1842980 269
1842990 269
1843000 269
1843010 269
1843020 269
1843030 269
1843040 269
1843050 268
1843060 268
1843070 268
1843080 267
1843090 267
1843100 267
1843110 266
1843120 265
1843130 265
1843140 264
1843150 264
1843160 264
1843170 263
1843180 262
1843190 262
1843200 262
1843210 261
1843220 261
1843230 260
1843240 259
1843250 260
1843260 259
1843270 259
1843280 259
1843290 258
1843300 257
1843310 257
1843320 256
1843330 255
1843340 255
1843350 254
1843360 252
1843370 252
1843380 251
1843390 250
1843400 250
1843410 249
1843420 248
1843430 248
1843440 247
1843450 246
1843460 246
1843470 245
1843480 244
1843490 244
1843500 244
1843510 244
1843520 244
1843530 243
1843540 243
1843550 243
1843560 243
1843570 243
1843580 243
1843590 243
1843600 243
1843610 243
1843620 243
1843630 243
1843640 243
1843650 244
1843660 244
1843670 245
1843680 247
1843690 247
1843700 248
1843710 249
1843720 249
1843730 251
1843740 252
1843750 252
1843760 253
1843770 254
1843780 254
1843790 255
1843800 256
1843810 256
1843820 257
1843830 259
1843840 259
1843850 260
1843860 261
1843870 261
1843880 263
1843890 264
1843900 264
1843910 265
1843920 267
1843930 267
1843940 268
1843950 270
1843960 270
1843970 271
1843980 273
1843990 273
1844000 273
1844010 274
1844020 274
1844030 274
1844040 275
1844050 275
1844060 277
1844070 278
1844080 278
1844090 280
1844100 281
1844110 281
1844120 282
1844130 282
1844140 282
1844150 283
1844160 283
1844170 283
1844180 283
1844190 283
1844200 283
1844210 283
1844220 282
1844230 282
1844240 282
1844250 282
1844260 282
1844270 282
1844280 282
1844290 282
1844300 283
1844310 283
1844320 283
1844330 283
1844340 282
1844350 282
1844360 282
1844370 282
1844380 282
1844390 282
1844400 282
1844410 282
1844420 282
1844430 282
1844440 283
1844450 283
1844460 283
1844470 283
1844480 283
1844490 283
1844500 283
1844510 283
1844520 283
1844530 283
1844540 283
1844550 283
1844560 283
1844570 283
1844580 283
1844590 282
1844600 282
1844610 282
1844620 282
1844630 282
1844640 282
1844650 282
1844660 281
1844670 281
1844680 280
1844690 279
1844700 279
1844710 277
1844720 276
1844730 276
1844740 275
1844750 275
1844760 275
1844770 276
1844780 277
1844790 277
1844800 278
1844810 279
1844820 279
1844830 279
1844840 279
1844850 279
1844860 279
1844870 279
1844880 278
1844890 278
1844900 278
1844910 278
1844920 278
1844930 278
1844940 278
1844950 277
1844960 277
1844970 277
1844980 276
1844990 276
1845000 276
1845010 275
1845020 275
1845030 275
1845040 274
1845050 274
1845060 274
1845070 272
1845080 272
1845090 272
1845100 271
1845110 271
1845120 271
1845130 271
1845140 271
1845150 271
1845160 271
1845170 271
1845180 272
1845190 272
1845200 272
1845210 272
1845220 272
1845230 272
1845240 272
1845250 272
1845260 272
1845270 272
1845280 272
1845290 272
1845300 272
1845310 272
1845320 272
1845330 271
1845340 271
1845350 271
1845360 271
1845370 271
1845380 271
1845390 271
1845400 271
1845410 271
1845420 271
1845430 270
1845440 270
1845450 270
1845460 270
1845470 270
1845480 270
1845490 270
1845500 270
1845510 269
1845520 269
1845530 269
1845540 269
1845550 269
1845560 268
1845570 268
1845580 268
1845590 267
1845600 267
1845610 267
1845620 266
1845630 266
1845640 266
1845650 265
1845660 264
1845670 264
1845680 263
1845690 262
1845700 262
1845710 261
1845720 260
1845730 260
1845740 259
1845750 259
1845760 259
1845770 258
1845780 257
1845790 258
1845800 257
1845810 257
1845820 257
1845830 256
1845840 256
1845850 256
1845860 256
1845870 255
1845880 255
1845890 255
1845900 255
1845910 255
1845920 254
1845930 254
1845940 254
1845950 253
1845960 253
1845970 253
1845980 252
1845990 252
1846000 252
1846010 251
1846020 250
1846030 250
1846040 249
1846050 249
1846060 248
1846070 248
1846080 248
1846090 247
1846100 246
1846110 246
1846120 245
1846130 245
1846140 245
1846150 244
1846160 243
1846170 243
1846180 243
1846190 242
1846200 242
1846210 242
1846220 241
1846230 241
1846240 241
1846250 240
1846260 240
1846270 240
1846280 240
1846290 240
1846300 239
1846310 239
1846320 239
1846330 238
1846340 238
1846350 238
1846360 237
1846370 236
1846380 236
1846390 235
1846400 235
1846410 235
1846420 234
1846430 234
1846440 234
1846450 233
1846460 233
1846470 233
1846480 232
1846490 232
1846500 232
1846510 231
1846520 231
1846530 231
1846540 231
1846550 231
1846560 231
1846570 230
1846580 229
1846590 229
1846600 229
1846610 228
1846620 228
1846630 227
1846640 226
1846650 226
1846660 226
1846670 226
1846680 225
1846690 223
1846700 223
1846710 223
1846720 223
1846730 223
1846740 223
1846750 223
1846760 223
1846770 223
1846780 223
1846790 223
1846800 223
1846810 224
1846820 224
1846830 224
1846840 225
1846850 225
1846860 227
1846870 228
1846880 227
1846890 230
1846900 233
1846910 233
1846920 235
1846930 238
1846940 238
1846950 240
1846960 243
1846970 243
1846980 245
1846990 246
1847000 246
1847010 247
1847020 247
1847030 247
1847040 247
1847050 248
1847060 248
1847070 247
1847080 247
1847090 247
1847100 247
1847110 246
1847120 246
1847130 246
1847140 246
1847150 246
1847160 245
1847170 245
1847180 245
1847190 245
1847200 245
1847210 245
1847220 244
1847230 244
1847240 243
1847250 243
1847260 243
1847270 244
1847280 245
1847290 245
1847300 246
1847310 247
1847320 247
1847330 248
1847340 249
1847350 249
1847360 250
1847370 251
1847380 251
1847390 252
1847400 252
1847410 252
1847420 252
1847430 252
1847440 252
1847450 252
1847460 252
1847470 252
1847480 251
1847490 251
1847500 251
1847510 251
1847520 250
1847530 250
1847540 250
1847550 249
1847560 249
1847570 249
1847580 249
1847590 249
1847600 248
1847610 248
1847620 248
1847630 247
1847640 246
1847650 246
1847660 246
1847670 245
1847680 245
1847690 243
1847700 242
1847710 242
1847720 241
1847730 240
1847740 240
1847750 239
1847760 238
1847770 238
1847780 237
1847790 236
1847800 236
1847810 235
1847820 235
1847830 235
1847840 233
1847850 233
1847860 233
1847870 232
1847880 232
1847890 231
1847900 230
1847910 230
1847920 229
1847930 229
1847940 229
1847950 229
1847960 231
1847970 231
1847980 232
1847990 233
1848000 233
1848010 232
1848020 232
1848030 232
1848040 231
1848050 229
1848060 229
1848070 229
1848080 227
1848090 227
1848100 225
1848110 224
1848120 224
1848130 222
1848140 220
1848150 220
1848160 219
1848170 219
1848180 219
1848190 220
1848200 221
1848210 221
1848220 221
1848230 222
1848240 222
1848250 222
1848260 222
1848270 222
1848280 222
1848290 221
1848300 221
1848310 221
1848320 223
1848330 223
1848340 223
1848350 222
1848360 222
1848370 222
1848380 222
1848390 222
1848400 221
1848410 221
1848420 221
1848430 220
1848440 220
1848450 220
1848460 220
1848470 220
1848480 219
1848490 219
1848500 219
1848510 218
1848520 218
1848530 218
1848540 217
1848550 217
1848560 217
1848570 216
1848580 216
1848590 216
1848600 215
1848610 214
1848620 214
1848630 213
1848640 212
1848650 212
1848660 212
1848670 212
1848680 213
1848690 213
1848700 214
1848710 214
1848720 214
1848730 215
1848740 215
1848750 215
1848760 215
1848770 215
1848780 214
1848790 214
1848800 214
1848810 214
1848820 214
1848830 214
1848840 213
1848850 213
1848860 213
1848870 213
1848880 212
1848890 212
1848900 211
1848910 211
1848920 211
1848930 210
1848940 210
1848950 210
1848960 209
1848970 208
1848980 208
1848990 207
1849000 206
1849010 206
1849020 206
1849030 205
1849040 206
1849050 206
1849060 205
1849070 205
1849080 205
1849090 205
1849100 205
1849110 205
1849120 205
1849130 205
1849140 205
1849150 205
1849160 204
1849170 204
1849180 204
1849190 204
1849200 204
1849210 204
1849220 204
1849230 204
1849240 204
1849250 203
1849260 203
1849270 203
1849280 203
1849290 203
1849300 203
1849310 203
1849320 202
1849330 202
1849340 202
1849350 202
1849360 202
1849370 201
1849380 201
1849390 201
1849400 201
1849410 201
1849420 201
1849430 200
1849440 200
1849450 200
1849460 200
1849470 200
1849480 200
1849490 200
1849500 200
1849510 200
1849520 199
1849530 199
1849540 199
1849550 199
1849560 199
1849570 199
1849580 199
1849590 199
1849600 199
1849610 199
1849620 199
1849630 199
1849640 198
1849650 198
1849660 198
1849670 198
1849680 198
1849690 198
1849700 198
1849710 198
1849720 198
1849730 198
1849740 198
1849750 198
1849760 197
1849770 197
1849780 197
1849790 197
1849800 197
1849810 197
1849820 197
1849830 197
1849840 197
1849850 197
1849860 197
1849870 197
1849880 196
1849890 196
1849900 196
1849910 196
1849920 196
1849930 196
1849940 196
1849950 196
1849960 196
1849970 196
1849980 196
1849990 196
1850000 196
1850010 196
1850020 196
1850030 195
1850040 195
1850050 195
1850060 195
1850070 195
1850080 195
1850090 195
1850100 195
1850110 195
1850120 195
1850130 195
1850140 195
1850150 195
1850160 195
1850170 195
1850180 195
1850190 195
1850200 195
1850210 195
1850220 195
1850230 194
1850240 194
1850250 194
1850260 194
1850270 194
1850280 194
1850290 194
1850300 194
1850310 194
1850320 194
1850330 194
1850340 194
1850350 194
1850360 194
1850370 194
1850380 194
1850390 194
1850400 194
1850410 194
1850420 194
1850430 194
1850440 194
1850450 194
1850460 194
1850470 193
1850480 193
1850490 193
1850500 193
1850510 193
1850520 193
1850530 193
1850540 193
1850550 193
1850560 193
1850570 193
1850580 193
1850590 193
1850600 193
1850610 193
1850620 193
1850630 193
1850640 193
1850650 193
1850660 193
1850670 193
1850680 193
1850690 193
1850700 193
1850710 193
1850720 193
1850730 193
1850740 193
1850750 193
1850760 193
1850770 193
1850780 193
1850790 193
1850800 193
1850810 193
1850820 193
1850830 193
1850840 193
1850850 193
1850860 193
1850870 193
1850880 193
1850890 193
1850900 193
1850910 193
1850920 193
1850930 193
1850940 193
1850950 193
1850960 192
1850970 192
1850980 192
1850990 192
1851000 192
1851010 192
1851020 192
1851030 192
1851040 192
1851050 192
1851060 192
1851070 192
1851080 192
1851090 192
1851100 192
1851110 192
1851120 192
1851130 192
1851140 192
1851150 192
1851160 192
1851170 192
1851180 192
1851190 192
1851200 192
1851210 192
1851220 192
1851230 192
1851240 192
1851250 192
1851260 192
1851270 192
1851280 192
1851290 193
1851300 194
1851310 194
1851320 193
1851330 192
1851340 192
1851350 192
1851360 192
1851370 192
1851380 193
1851390 192
1851400 192
1851410 192
1851420 192
1851430 192
1851440 192
1851450 192
1851460 192
1851470 192
1851480 192
1851490 192
1851500 192
1851510 192
1851520 192
1851530 192
1851540 192
1851550 192
1851560 192
1851570 192
1851580 192
1851590 192
1851600 192
1851610 192
1851620 191
1851630 191
1851640 191
1851650 191
1851660 191
1851670 191
1851680 191
1851690 191
1851700 191
1851710 192
1851720 192
1851730 192
1851740 191
1851750 191
1851760 192
1851770 191
1851780 191
1851790 191
1851800 191
1851810 191
1851820 191
1851830 191
1851840 191
1851850 191
1851860 191
1851870 191
1851880 191
1851890 191
1851900 191
1851910 191
1851920 191
1851930 191
1851940 190
1851950 190
1851960 190
1851970 190
1851980 190
1851990 190
1852000 190
1852010 190
1852020 190
1852030 190
1852040 190
1852050 190
1852060 190
1852070 190
1852080 190
1852090 190
1852100 190
1852110 190
1852120 190
1852130 190
1852140 190
1852150 190
1852160 190
1852170 190
1852180 190
1852190 190
1852200 190
1852210 190
1852220 190
1852230 190
1852240 190
1852250 190
1852260 191
1852270 190
1852280 190
1852290 190
1852300 190
1852310 190
1852320 190
1852330 190
1852340 190
1852350 190
1852360 190
1852370 190
1852380 190
1852390 190
1852400 190
1852410 190
1852420 190
1852430 190
1852440 190
1852450 189
1852460 189
1852470 190
1852480 189
1852490 189
1852500 189
1852510 189
1852520 189
1852530 189
1852540 189
1852550 189
1852560 189
1852570 189
1852580 189
1852590 189
1852600 189
1852610 189
1852620 189
1852630 189
1852640 189
1852650 189
1852660 189
1852670 189
1852680 189
1852690 189
1852700 189
1852710 189
1852720 189
1852730 189
1852740 189
1852750 189
1852760 189
1852770 190
1852780 190
1852790 190
1852800 190
1852810 190
1852820 190
1852830 190
1852840 190
1852850 190
1852860 190
1852870 190
1852880 190
1852890 190
1852900 190
1852910 190
1852920 190
1852930 190
1852940 190
1852950 190
1852960 190
1852970 190
1852980 190
1852990 190
1853000 191
1853010 191
1853020 191
1853030 191
1853040 191
1853050 191
1853060 191
1853070 191
1853080 191
1853090 191
1853100 191
1853110 191
1853120 191
1853130 192
1853140 192
1853150 192
1853160 192
1853170 192
1853180 192
1853190 193
1853200 193
1853210 193
1853220 193
1853230 193
1853240 193
1853250 194
1853260 194
1853270 194
1853280 194
1853290 194
1853300 194
1853310 194
1853320 194
1853330 195
1853340 195
1853350 195
1853360 195
1853370 195
1853380 195
1853390 195
1853400 195
1853410 196
1853420 196
1853430 196
1853440 196
1853450 196
1853460 196
1853470 197
1853480 197
1853490 197
1853500 197
1853510 197
1853520 197
1853530 198
1853540 198
1853550 198
1853560 198
1853570 199
1853580 199
1853590 199
1853600 200
1853610 200
1853620 200
1853630 201
1853640 201
1853650 202
1853660 202
1853670 203
1853680 203
1853690 204
1853700 204
1853710 205
1853720 205
1853730 205
1853740 206
1853750 206
1853760 206
1853770 207
1853780 207
1853790 207
1853800 207
1853810 207
1853820 207
1853830 207
1853840 207
1853850 207
1853860 207
1853870 207
1853880 207
1853890 207
1853900 207
1853910 207
1853920 206
1853930 206
1853940 206
1853950 206
1853960 206
1853970 206
1853980 205
1853990 205
1854000 205
1854010 205
1854020 205
1854030 205
1854040 204
1854050 204
1854060 204
1854070 204
1854080 204
1854090 204
1854100 203
1854110 203
1854120 203
1854130 203
1854140 203
1854150 203
1854160 202
1854170 202
1854180 202
1854190 202
1854200 202
1854210 201
1854220 201
1854230 201
1854240 201
1854250 200
1854260 200
1854270 200
1854280 200
1854290 200
1854300 200
1854310 199
1854320 199
1854330 199
1854340 199
1854350 199
1854360 199
1854370 198
1854380 199
1854390 198
1854400 198
1854410 198
1854420 198
1854430 198
1854440 198
1854450 197
1854460 197
1854470 197
1854480 197
1854490 197
1854500 197
1854510 197
1854520 197
1854530 197
1854540 196
1854550 196
1854560 196
1854570 196
1854580 196
1854590 196
1854600 195
1854610 195
1854620 195
1854630 195
1854640 195
1854650 195
1854660 195
1854670 195
1854680 195
1854690 195
1854700 195
1854710 194
1854720 194
1854730 194
1854740 194
1854750 194
1854760 194
1854770 194
1854780 194
1854790 194
1854800 194
1854810 194
1854820 194
1854830 194
1854840 193
1854850 193
1854860 193
1854870 193
1854880 193
1854890 193
1854900 192
1854910 192
1854920 192
1854930 192
1854940 192
1854950 192
1854960 191
1854970 191
1854980 191
1854990 191
1855000 191
1855010 191
1855020 191
1855030 191
1855040 190
1855050 190
1855060 190
1855070 189
1855080 188
1855090 188
1855100 188
1855110 188
1855120 187
1855130 187
1855140 187
1855150 187
1855160 187
1855170 187
1855180 187
1855190 187
1855200 187
1855210 186
1855220 186
1855230 186
1855240 186
1855250 186
1855260 186
1855270 186
1855280 185
1855290 185
1855300 185
1855310 185
1855320 185
1855330 185
1855340 185
1855350 185
1855360 185
1855370 185
1855380 185
1855390 186
1855400 185
1855410 185
1855420 185
1855430 185
1855440 185
1855450 185
1855460 185
1855470 185
1855480 185
1855490 185
1855500 185
1855510 185
1855520 184
1855530 184
1855540 185
1855550 185
1855560 185
1855570 185
1855580 184
1855590 184
1855600 184
1855610 185
1855620 185
1855630 185
1855640 184
1855650 184
1855660 184
1855670 184
1855680 184
1855690 184
1855700 184
1855710 184
1855720 185
1855730 185
1855740 185
1855750 186
1855760 186
1855770 185
1855780 184
1855790 186
1855800 185
1855810 184
1855820 184
1855830 185
1855840 185
1855850 185
1855860 185
1855870 185
1855880 185
1855890 185
1855900 185
1855910 185
1855920 185
1855930 185
1855940 185
1855950 186
1855960 185
1855970 185
1855980 185
1855990 185
1856000 185
1856010 185
1856020 186
1856030 186
1856040 186
1856050 187
1856060 187
1856070 187
1856080 188
1856090 188
1856100 189
1856110 189
1856120 189
1856130 189
1856140 189
1856150 189
1856160 189
1856170 189
1856180 189
1856190 190
1856200 190
1856210 190
1856220 190
1856230 190
1856240 190
1856250 190
1856260 190
1856270 190
1856280 190
1856290 190
1856300 190
1856310 190
1856320 190
1856330 190
1856340 190
1856350 190
1856360 190
1856370 190
1856380 190
1856390 190
1856400 190
1856410 190
1856420 190
1856430 189
1856440 189
1856450 189
1856460 189
1856470 189
1856480 189
1856490 189
1856500 189
1856510 189
1856520 188
1856530 188
1856540 188
1856550 188
1856560 188
1856570 188
1856580 188
1856590 188
1856600 187
1856610 187
1856620 187
1856630 187
1856640 187
1856650 187
1856660 187
1856670 187
1856680 187
1856690 187
1856700 187
1856710 187
1856720 187
1856730 187
1856740 187
1856750 187
1856760 187
1856770 187
1856780 187
1856790 187
1856800 187
1856810 187
1856820 187
1856830 187
1856840 187
1856850 187
1856860 187
1856870 187
1856880 187
1856890 187
1856900 187
1856910 187
1856920 187
1856930 187
1856940 187
1856950 187
1856960 187
1856970 187
1856980 187
1856990 187
1857000 187
1857010 188
1857020 188
1857030 188
1857040 188
1857050 188
1857060 188
1857070 188
1857080 188
1857090 188
1857100 188
1857110 188
1857120 188
1857130 189
1857140 189
1857150 189
1857160 189
1857170 189
1857180 189
1857190 189
1857200 189
1857210 189
1857220 190
1857230 190
1857240 190
1857250 190
1857260 190
1857270 190
1857280 190
1857290 190
1857300 190
1857310 190
1857320 191
1857330 191
1857340 191
1857350 191
1857360 191
1857370 191
1857380 191
1857390 191
1857400 191
1857410 192
1857420 192
1857430 191
1857440 192
1857450 192
1857460 192
1857470 192
1857480 192
1857490 192
1857500 192
1857510 192
1857520 192
1857530 192
1857540 192
1857550 193
1857560 193
1857570 193
1857580 193
1857590 193
1857600 193
1857610 192
1857620 192
1857630 192
1857640 191
1857650 191
1857660 190
1857670 189
1857680 189
1857690 188
1857700 188
1857710 188
1857720 188
1857730 188
1857740 188
1857750 189
1857760 190
1857770 190
1857780 191
1857790 193
1857800 193
1857810 194
1857820 195
1857830 195
1857840 197
1857850 199
1857860 199
1857870 200
1857880 200
1857890 200
1857900 201
1857910 202
1857920 202
1857930 202
1857940 202
1857950 202
1857960 202
1857970 202
1857980 202
1857990 201
1858000 201
1858010 201
1858020 201
1858030 201
1858040 201
1858050 201
1858060 201
1858070 201
1858080 201
1858090 201
1858100 201
1858110 201
1858120 201
1858130 201
1858140 201
1858150 201
1858160 201
1858170 201
1858180 201
1858190 201
1858200 201
1858210 201
1858220 201
1858230 202
1858240 202
1858250 202
1858260 202
1858270 202
1858280 202
1858290 202
1858300 202
1858310 202
1858320 202
1858330 202
1858340 202
1858350 202
1858360 202
1858370 203
1858380 203
1858390 203
1858400 203
1858410 203
1858420 203
1858430 202
1858440 202
1858450 202
1858460 202
1858470 202
1858480 202
1858490 203
1858500 203
1858510 203
1858520 204
1858530 204
1858540 204
1858550 205
1858560 205
1858570 205
1858580 205
1858590 205
1858600 206
1858610 206
1858620 206
1858630 206
1858640 206
1858650 207
1858660 207
1858670 207
1858680 207
1858690 207
1858700 207
1858710 207
1858720 207
1858730 207
1858740 207
1858750 207
1858760 208
1858770 208
1858780 207
1858790 207
1858800 207
1858810 207
1858820 207
1858830 207
1858840 207
1858850 207
1858860 207
1858870 207
1858880 207
1858890 207
1858900 207
1858910 207
1858920 207
1858930 207
1858940 207
1858950 207
1858960 207
1858970 207
1858980 207
1858990 208
1859000 208
1859010 208
1859020 208
1859030 208
1859040 208
1859050 208
1859060 208
1859070 208
1859080 208
1859090 208
1859100 208
1859110 209
1859120 209
1859130 209
1859140 209
1859150 209
1859160 209
1859170 209
1859180 209
1859190 209
1859200 209
1859210 210
1859220 210
1859230 210
1859240 210
1859250 210
1859260 210
1859270 210
1859280 210
1859290 210
1859300 210
1859310 210
1859320 210
1859330 210
1859340 210
1859350 210
1859360 210
1859370 210
1859380 210
1859390 210
1859400 210
1859410 210
1859420 210
1859430 209
1859440 209
1859450 209
1859460 209
1859470 209
1859480 209
1859490 209
1859500 209
1859510 209
1859520 209
1859530 209
1859540 209
1859550 209
1859560 209
1859570 209
1859580 209
1859590 209
1859600 209
1859610 209
1859620 210
1859630 210
1859640 210
1859650 210
1859660 210
1859670 210
1859680 210
1859690 210
1859700 211
1859710 211
1859720 211
1859730 211
1859740 211
1859750 211
1859760 212
1859770 212
1859780 212
1859790 212
1859800 212
1859810 212
1859820 213
1859830 213
1859840 213
1859850 213
1859860 213
1859870 213
1859880 213
1859890 213
1859900 213
1859910 213
1859920 213
1859930 213
1859940 213
1859950 213
1859960 213
1859970 213
1859980 213
1859990 213
