1840000 289
1840010 290
1840020 292
1840030 292
1840040 293
1840050 293
1840060 293
1840070 294
1840080 294
1840090 294
1840100 295
1840110 295
1840120 295
1840130 295
1840140 295
1840150 295
1840160 295
1840170 295
1840180 295
1840190 295
1840200 295
1840210 295
1840220 295
1840230 295
1840240 294
1840250 292
1840260 292
1840270 291
1840280 291
1840290 291
1840300 290
1840310 288
1840320 288
1840330 287
1840340 286
1840350 286
1840360 285
1840370 284
1840380 284
1840390 283
1840400 283
1840410 283
1840420 282
1840430 281
1840440 281
1840450 281
1840460 279
1840470 279
1840480 278
1840490 276
1840500 276
1840510 276
1840520 276
1840530 276
1840540 276
1840550 276
1840560 276
1840570 276
1840580 277
1840590 277
1840600 277
1840610 278
1840620 278
1840630 279
1840640 280
1840650 280
1840660 281
1840670 282
1840680 282
1840690 283
1840700 284
1840710 284
1840720 285
1840730 285
1840740 288
1840750 289
1840760 289
1840770 291
1840780 292
1840790 292
1840800 294
1840810 295
1840820 295
1840830 297
1840840 298
1840850 298
1840860 299
1840870 301
1840880 301
1840890 302
1840900 304
1840910 304
1840920 305
1840930 306
1840940 306
1840950 307
1840960 308
1840970 308
1840980 310
1840990 311
1841000 311
1841010 311
1841020 312
1841030 312
1841040 312
1841050 313
1841060 313
1841070 314
1841080 314
1841090 314
1841100 315
1841110 315
1841120 315
1841130 315
1841140 316
1841150 316
1841160 316
1841170 316
1841180 316
1841190 315
1841200 315
1841210 315
1841220 315
1841230 314
1841240 314
1841250 313
1841260 312
1841270 312
1841280 311
1841290 310
1841300 310
1841310 308
1841320 307
1841330 307
1841340 306
1841350 305
1841360 304
1841370 303
1841380 303
1841390 303
1841400 303
1841410 303
1841420 303
1841430 303
1841440 303
1841450 303
1841460 303
1841470 303
1841480 303
1841490 303
1841500 303
1841510 303
1841520 303
1841530 303
1841540 302
1841550 302
1841560 302
1841570 302
1841580 303
1841590 303
1841600 303
1841610 303
1841620 303
1841630 303
1841640 302
1841650 302
1841660 302
1841670 302
1841680 302
1841690 301
1841700 301
1841710 301
1841720 299
1841730 299
1841740 299
1841750 298
1841760 297
1841770 297
1841780 295
1841790 294
1841800 294
1841810 293
1841820 292
1841830 292
1841840 291
1841850 290
1841860 290
1841870 289
1841880 288
1841890 288
1841900 287
1841910 287
1841920 287
1841930 286
1841940 286
1841950 286
1841960 287
1841970 287
1841980 288
1841990 289
1842000 289
1842010 291
1842020 294
1842030 294
1842040 296
1842050 298
1842060 298
1842070 299
1842080 300
1842090 300
1842100 301
1842110 302
1842120 302
1842130 303
1842140 303
1842150 303
1842160 303
1842170 304
1842180 304
1842190 304
1842200 304
1842210 304
1842220 304
1842230 304
1842240 304
1842250 304
1842260 303
1842270 303
1842280 303
1842290 303
1842300 303
1842310 302
1842320 302
1842330 302
1842340 302
1842350 301
1842360 301
1842370 301
1842380 300
1842390 300
1842400 300
1842410 299
1842420 299
1842430 298
1842440 298
1842450 297
1842460 297
1842470 296
1842480 296
1842490 295
1842500 295
1842510 295
1842520 294
1842530 293
1842540 293
1842550 293
1842560 293
1842570 292
1842580 291
1842590 291
1842600 291
1842610 290
1842620 290
1842630 289
1842640 289
1842650 289
1842660 288
1842670 287
1842680 287
1842690 286
1842700 286
1842710 286
1842720 285
1842730 284
1842740 284
1842750 283
1842760 282
1842770 282
1842780 282
1842790 281
1842800 281
1842810 280
1842820 279
1842830 279
1842840 278
1842850 277
1842860 277
1842870 276
1842880 275
1842890 275
1842900 274
1842910 273
1842920 273
1842930 272
1842940 271
1842950 271
1842960 269
1842970 269
1842980 269
1842990 268
1843000 267
1843010 267
1843020 266
1843030 265
1843040 265
1843050 265
1843060 266
1843070 266
1843080 266
1843090 266
1843100 266
1843110 266
1843120 266
1843130 266
1843140 265
1843150 265
1843160 265
1843170 265
1843180 264
1843190 264
1843200 264
1843210 264
1843220 264
1843230 263
1843240 263
1843250 263
1843260 263
1843270 263
1843280 263
1843290 263
1843300 263
1843310 263
1843320 262
1843330 262
1843340 262
1843350 261
1843360 261
1843370 261
1843380 260
1843390 260
1843400 259
1843410 258
1843420 258
1843430 258
1843440 257
1843450 257
1843460 255
1843470 254
1843480 254
1843490 253
1843500 252
1843510 252
1843520 250
1843530 249
1843540 248
1843550 247
1843560 246
1843570 246
1843580 246
1843590 245
1843600 245
1843610 245
1843620 245
1843630 245
1843640 245
1843650 246
1843660 246
1843670 246
1843680 247
1843690 247
1843700 248
1843710 250
1843720 250
1843730 251
1843740 252
1843750 252
1843760 254
1843770 254
1843780 255
1843790 256
1843800 256
1843810 257
1843820 258
1843830 258
1843840 259
1843850 260
1843860 260
1843870 260
1843880 261
1843890 261
1843900 264
1843910 266
1843920 266
1843930 268
1843940 269
1843950 269
1843960 269
1843970 268
1843980 268
1843990 267
1844000 267
1844010 267
1844020 266
1844030 267
1844040 267
1844050 267
1844060 269
1844070 269
1844080 270
1844090 272
1844100 272
1844110 274
1844120 277
1844130 277
1844140 279
1844150 281
1844160 281
1844170 282
1844180 284
1844190 284
1844200 284
1844210 284
1844220 284
1844230 284
1844240 284
1844250 284
1844260 284
1844270 285
1844280 285
1844290 286
1844300 287
1844310 287
1844320 288
1844330 290
1844340 290
1844350 291
1844360 292
1844370 292
1844380 293
1844390 293
1844400 293
1844410 294
1844420 294
1844430 294
1844440 294
1844450 294
1844460 294
1844470 293
1844480 293
1844490 293
1844500 293
1844510 293
1844520 293
1844530 293
1844540 293
1844550 292
1844560 292
1844570 292
1844580 292
1844590 290
1844600 290
1844610 289
1844620 288
1844630 288
1844640 286
1844650 286
1844660 286
1844670 285
1844680 285
1844690 285
1844700 285
1844710 286
1844720 286
1844730 286
1844740 287
1844750 287
1844760 287
1844770 287
1844780 287
1844790 287
1844800 287
1844810 287
1844820 287
1844830 287
1844840 287
1844850 287
1844860 287
1844870 287
1844880 287
1844890 287
1844900 287
1844910 287
1844920 287
1844930 287
1844940 287
1844950 286
1844960 286
1844970 286
1844980 286
1844990 286
1845000 286
1845010 286
1845020 285
1845030 285
1845040 285
1845050 284
1845060 284
1845070 284
1845080 283
1845090 283
1845100 283
1845110 283
1845120 282
1845130 282
1845140 281
1845150 281
1845160 281
1845170 280
1845180 279
1845190 279
1845200 278
1845210 277
1845220 277
1845230 276
1845240 276
1845250 276
1845260 275
1845270 274
1845280 274
1845290 273
1845300 272
1845310 272
1845320 270
1845330 269
1845340 269
1845350 268
1845360 267
1845370 267
1845380 267
1845390 266
1845400 266
1845410 265
1845420 264
1845430 264
1845440 263
1845450 262
1845460 262
1845470 261
1845480 260
1845490 260
1845500 259
1845510 258
1845520 258
1845530 257
1845540 256
1845550 256
1845560 256
1845570 255
1845580 255
1845590 254
1845600 254
1845610 254
1845620 254
1845630 254
1845640 253
1845650 253
1845660 253
1845670 253
1845680 253
1845690 253
1845700 253
1845710 253
1845720 254
1845730 254
1845740 253
1845750 253
1845760 252
1845770 251
1845780 251
1845790 250
1845800 249
1845810 249
1845820 248
1845830 247
1845840 247
1845850 245
1845860 244
1845870 244
1845880 242
1845890 241
1845900 241
1845910 239
1845920 237
1845930 237
1845940 236
1845950 235
1845960 235
1845970 235
1845980 234
1845990 234
1846000 234
1846010 234
1846020 234
1846030 234
1846040 234
1846050 234
1846060 234
1846070 233
1846080 234
1846090 233
1846100 232
1846110 232
1846120 232
1846130 232
1846140 232
1846150 232
1846160 231
1846170 231
1846180 231
1846190 231
1846200 231
1846210 230
1846220 230
1846230 230
1846240 230
1846250 230
1846260 230
1846270 230
1846280 230
1846290 230
1846300 230
1846310 230
1846320 230
1846330 230
1846340 230
1846350 230
1846360 230
1846370 230
1846380 230
1846390 229
1846400 229
1846410 229
1846420 229
1846430 229
1846440 230
1846450 229
1846460 229
1846470 229
1846480 230
1846490 230
1846500 230
1846510 231
1846520 231
1846530 232
1846540 235
1846550 235
1846560 236
1846570 238
1846580 238
1846590 240
1846600 242
1846610 242
1846620 243
1846630 244
1846640 244
1846650 245
1846660 246
1846670 246
1846680 247
1846690 246
1846700 246
1846710 247
1846720 247
1846730 247
1846740 247
1846750 247
1846760 247
1846770 247
1846780 247
1846790 247
1846800 247
1846810 246
1846820 246
1846830 246
1846840 246
1846850 247
1846860 248
1846870 248
1846880 248
1846890 249
1846900 249
1846910 250
1846920 251
1846930 251
1846940 252
1846950 254
1846960 254
1846970 256
1846980 257
1846990 257
1847000 259
1847010 260
1847020 260
1847030 260
1847040 260
1847050 260
1847060 260
1847070 261
1847080 261
1847090 261
1847100 261
1847110 261
1847120 260
1847130 260
1847140 260
1847150 260
1847160 260
1847170 259
1847180 259
1847190 259
1847200 259
1847210 259
1847220 258
1847230 258
1847240 258
1847250 258
1847260 258
1847270 257
1847280 257
1847290 257
1847300 257
1847310 257
1847320 257
1847330 256
1847340 256
1847350 256
1847360 255
1847370 255
1847380 255
1847390 254
1847400 254
1847410 254
1847420 253
1847430 253
1847440 252
1847450 252
1847460 252
1847470 251
1847480 251
1847490 251
1847500 250
1847510 249
1847520 249
1847530 248
1847540 248
1847550 248
1847560 247
1847570 246
1847580 246
1847590 245
1847600 244
1847610 244
1847620 243
1847630 242
1847640 242
1847650 241
1847660 240
1847670 240
1847680 239
1847690 238
1847700 238
1847710 237
1847720 237
1847730 237
1847740 236
1847750 235
1847760 235
1847770 235
1847780 236
1847790 236
1847800 236
1847810 236
1847820 236
1847830 235
1847840 234
1847850 234
1847860 234
1847870 234
1847880 234
1847890 235
1847900 234
1847910 234
1847920 234
1847930 233
1847940 233
1847950 233
1847960 232
1847970 232
1847980 232
1847990 231
1848000 231
1848010 230
1848020 230
1848030 226
1848040 225
1848050 225
1848060 225
1848070 221
1848080 221
1848090 220
1848100 218
1848110 218
1848120 215
1848130 215
1848140 215
1848150 214
1848160 214
1848170 214
1848180 214
1848190 214
1848200 214
1848210 214
1848220 214
1848230 214
1848240 215
1848250 213
1848260 213
1848270 214
1848280 215
1848290 215
1848300 215
1848310 217
1848320 217
1848330 217
1848340 219
1848350 219
1848360 219
1848370 220
1848380 220
1848390 219
1848400 218
1848410 218
1848420 217
1848430 215
1848440 215
1848450 214
1848460 214
1848470 214
1848480 214
1848490 215
1848500 215
1848510 215
1848520 215
1848530 215
1848540 216
1848550 217
1848560 217
1848570 218
1848580 219
1848590 219
1848600 219
1848610 218
1848620 218
1848630 218
1848640 218
1848650 219
1848660 219
1848670 219
1848680 218
1848690 216
1848700 216
1848710 214
1848720 213
1848730 213
1848740 211
1848750 209
1848760 209
1848770 208
1848780 208
1848790 208
1848800 208
1848810 208
1848820 208
1848830 208
1848840 208
1848850 208
1848860 207
1848870 207
1848880 207
1848890 207
1848900 208
1848910 208
1848920 208
1848930 209
1848940 209
1848950 209
1848960 209
1848970 209
1848980 211
1848990 213
1849000 213
1849010 215
1849020 216
1849030 216
1849040 217
1849050 217
1849060 217
1849070 217
1849080 217
1849090 217
1849100 217
1849110 216
1849120 216
1849130 216
1849140 215
1849150 215
1849160 215
1849170 215
1849180 215
1849190 214
1849200 214
1849210 214
1849220 214
1849230 214
1849240 213
1849250 212
1849260 212
1849270 212
1849280 212
1849290 212
1849300 211
1849310 211
1849320 210
1849330 210
1849340 210
1849350 210
1849360 209
1849370 209
1849380 209
1849390 209
1849400 208
1849410 208
1849420 208
1849430 208
1849440 208
1849450 207
1849460 207
1849470 207
1849480 207
1849490 206
1849500 206
1849510 206
1849520 205
1849530 205
1849540 205
1849550 204
1849560 204
1849570 204
1849580 204
1849590 204
1849600 203
1849610 203
1849620 203
1849630 203
1849640 202
1849650 202
1849660 202
1849670 201
1849680 201
1849690 201
1849700 200
1849710 200
1849720 200
1849730 200
1849740 200
1849750 200
1849760 200
1849770 200
1849780 199
1849790 199
1849800 199
1849810 199
1849820 199
1849830 199
1849840 198
1849850 198
1849860 198
1849870 198
1849880 198
1849890 198
1849900 197
1849910 197
1849920 197
1849930 197
1849940 197
1849950 197
1849960 197
1849970 197
1849980 197
1849990 196
1850000 196
1850010 196
1850020 196
1850030 196
1850040 196
1850050 195
1850060 195
1850070 195
1850080 195
1850090 195
1850100 195
1850110 195
1850120 195
1850130 195
1850140 195
1850150 195
1850160 194
1850170 194
1850180 194
1850190 194
1850200 194
1850210 194
1850220 194
1850230 194
1850240 194
1850250 194
1850260 194
1850270 194
1850280 194
1850290 193
1850300 193
1850310 193
1850320 193
1850330 193
1850340 193
1850350 193
1850360 193
1850370 193
1850380 193
1850390 193
1850400 193
1850410 193
1850420 193
1850430 193
1850440 193
1850450 193
1850460 193
1850470 193
1850480 193
1850490 193
1850500 193
1850510 193
1850520 193
1850530 193
1850540 193
1850550 193
1850560 193
1850570 193
1850580 193
1850590 193
1850600 193
1850610 193
1850620 193
1850630 193
1850640 193
1850650 193
1850660 193
1850670 193
1850680 193
1850690 193
1850700 193
1850710 193
1850720 193
1850730 193
1850740 193
1850750 193
1850760 193
1850770 193
1850780 193
1850790 193
1850800 193
1850810 193
1850820 193
1850830 193
1850840 192
1850850 193
1850860 193
1850870 192
1850880 192
1850890 192
1850900 192
1850910 193
1850920 193
1850930 193
1850940 192
1850950 192
1850960 192
1850970 192
1850980 192
1850990 193
1851000 193
1851010 193
1851020 193
1851030 193
1851040 193
1851050 193
1851060 193
1851070 193
1851080 193
1851090 193
1851100 193
1851110 193
1851120 193
1851130 193
1851140 193
1851150 193
1851160 193
1851170 193
1851180 193
1851190 193
1851200 193
1851210 193
1851220 193
1851230 193
1851240 193
1851250 193
1851260 193
1851270 193
1851280 193
1851290 193
1851300 193
1851310 193
1851320 193
1851330 193
1851340 193
1851350 193
1851360 193
1851370 194
1851380 194
1851390 194
1851400 194
1851410 193
1851420 193
1851430 192
1851440 192
1851450 192
1851460 192
1851470 192
1851480 192
1851490 192
1851500 192
1851510 192
1851520 192
1851530 193
1851540 193
1851550 192
1851560 192
1851570 192
1851580 192
1851590 192
1851600 192
1851610 192
1851620 192
1851630 192
1851640 192
1851650 192
1851660 192
1851670 192
1851680 192
1851690 192
1851700 192
1851710 192
1851720 192
1851730 192
1851740 192
1851750 192
1851760 192
1851770 192
1851780 192
1851790 192
1851800 192
1851810 192
1851820 191
1851830 191
1851840 191
1851850 191
1851860 191
1851870 191
1851880 191
1851890 191
1851900 191
1851910 191
1851920 191
1851930 191
1851940 191
1851950 191
1851960 191
1851970 191
1851980 191
1851990 191
1852000 191
1852010 191
1852020 191
1852030 191
1852040 191
1852050 191
1852060 191
1852070 191
1852080 191
1852090 191
1852100 191
1852110 191
1852120 191
1852130 191
1852140 191
1852150 191
1852160 191
1852170 191
1852180 191
1852190 191
1852200 191
1852210 191
1852220 191
1852230 191
1852240 191
1852250 191
1852260 191
1852270 191
1852280 191
1852290 191
1852300 191
1852310 191
1852320 191
1852330 191
1852340 191
1852350 191
1852360 191
1852370 191
1852380 191
1852390 191
1852400 191
1852410 191
1852420 191
1852430 191
1852440 191
1852450 191
1852460 191
1852470 190
1852480 190
1852490 190
1852500 190
1852510 190
1852520 190
1852530 190
1852540 190
1852550 190
1852560 190
1852570 190
1852580 190
1852590 190
1852600 190
1852610 189
1852620 189
1852630 189
1852640 189
1852650 189
1852660 189
1852670 189
1852680 189
1852690 189
1852700 189
1852710 189
1852720 189
1852730 189
1852740 189
1852750 189
1852760 189
1852770 188
1852780 188
1852790 188
1852800 188
1852810 188
1852820 188
1852830 188
1852840 188
1852850 188
1852860 188
1852870 188
1852880 188
1852890 188
1852900 188
1852910 188
1852920 188
1852930 188
1852940 188
1852950 188
1852960 188
1852970 188
1852980 188
1852990 187
1853000 188
1853010 188
1853020 187
1853030 187
1853040 187
1853050 188
1853060 188
1853070 188
1853080 188
1853090 188
1853100 188
1853110 188
1853120 188
1853130 188
1853140 188
1853150 188
1853160 188
1853170 188
1853180 188
1853190 188
1853200 188
1853210 188
1853220 188
1853230 188
1853240 189
1853250 189
1853260 189
1853270 189
1853280 189
1853290 189
1853300 189
1853310 189
1853320 190
1853330 190
1853340 190
1853350 190
1853360 190
1853370 190
1853380 190
1853390 190
1853400 190
1853410 191
1853420 191
1853430 191
1853440 191
1853450 191
1853460 191
1853470 192
1853480 192
1853490 192
1853500 192
1853510 192
1853520 192
1853530 192
1853540 192
1853550 192
1853560 192
1853570 192
1853580 192
1853590 193
1853600 193
1853610 193
1853620 193
1853630 193
1853640 193
1853650 193
1853660 193
1853670 194
1853680 194
1853690 194
1853700 194
1853710 195
1853720 195
1853730 195
1853740 195
1853750 195
1853760 195
1853770 195
1853780 195
1853790 196
1853800 196
1853810 196
1853820 196
1853830 196
1853840 196
1853850 196
1853860 197
1853870 197
1853880 197
1853890 197
1853900 197
1853910 197
1853920 198
1853930 198
1853940 198
1853950 198
1853960 198
1853970 198
1853980 199
1853990 199
1854000 199
1854010 199
1854020 199
1854030 200
1854040 200
1854050 200
1854060 200
1854070 200
1854080 200
1854090 200
1854100 200
1854110 200
1854120 201
1854130 201
1854140 200
1854150 200
1854160 200
1854170 200
1854180 200
1854190 200
1854200 200
1854210 200
1854220 200
1854230 200
1854240 200
1854250 200
1854260 200
1854270 200
1854280 200
1854290 200
1854300 200
1854310 199
1854320 199
1854330 199
1854340 199
1854350 199
1854360 199
1854370 199
1854380 199
1854390 199
1854400 199
1854410 199
1854420 199
1854430 199
1854440 199
1854450 199
1854460 199
1854470 199
1854480 199
1854490 199
1854500 199
1854510 199
1854520 199
1854530 198
1854540 198
1854550 198
1854560 198
1854570 198
1854580 198
1854590 197
1854600 197
1854610 197
1854620 197
1854630 197
1854640 197
1854650 196
1854660 196
1854670 196
1854680 196
1854690 196
1854700 196
1854710 195
1854720 195
1854730 195
1854740 195
1854750 195
1854760 195
1854770 195
1854780 195
1854790 194
1854800 194
1854810 194
1854820 194
1854830 194
1854840 194
1854850 194
1854860 194
1854870 194
1854880 194
1854890 193
1854900 193
1854910 193
1854920 193
1854930 193
1854940 193
1854950 193
1854960 193
1854970 193
1854980 193
1854990 193
1855000 193
1855010 192
1855020 192
1855030 192
1855040 192
1855050 192
1855060 192
1855070 192
1855080 192
1855090 192
1855100 192
1855110 192
1855120 192
1855130 192
1855140 192
1855150 192
1855160 192
1855170 192
1855180 192
1855190 192
1855200 192
1855210 192
1855220 192
1855230 192
1855240 192
1855250 192
1855260 192
1855270 191
1855280 191
1855290 191
1855300 191
1855310 191
1855320 191
1855330 190
1855340 190
1855350 190
1855360 190
1855370 190
1855380 190
1855390 189
1855400 189
1855410 189
1855420 188
1855430 188
1855440 188
1855450 188
1855460 188
1855470 187
1855480 188
1855490 188
1855500 187
1855510 186
1855520 186
1855530 186
1855540 186
1855550 186
1855560 185
1855570 186
1855580 186
1855590 185
1855600 185
1855610 185
1855620 185
1855630 185
1855640 185
1855650 185
1855660 184
1855670 184
1855680 184
1855690 184
1855700 184
1855710 184
1855720 184
1855730 184
1855740 184
1855750 184
1855760 184
1855770 184
1855780 184
1855790 184
1855800 184
1855810 184
1855820 184
1855830 184
1855840 183
1855850 183
1855860 184
1855870 184
1855880 184
1855890 184
1855900 184
1855910 184
1855920 184
1855930 184
1855940 184
1855950 184
1855960 184
1855970 184
1855980 184
1855990 184
1856000 184
1856010 184
1856020 184
1856030 184
1856040 184
1856050 184
1856060 184
1856070 184
1856080 184
1856090 184
1856100 184
1856110 184
1856120 184
1856130 184
1856140 184
1856150 184
1856160 184
1856170 184
1856180 184
1856190 184
1856200 184
1856210 184
1856220 185
1856230 185
1856240 185
1856250 185
1856260 185
1856270 185
1856280 185
1856290 185
1856300 186
1856310 186
1856320 186
1856330 186
1856340 186
1856350 186
1856360 186
1856370 186
1856380 186
1856390 186
1856400 186
1856410 186
1856420 187
1856430 187
1856440 187
1856450 187
1856460 187
1856470 187
1856480 187
1856490 187
1856500 187
1856510 187
1856520 187
1856530 187
1856540 187
1856550 187
1856560 187
1856570 187
1856580 187
1856590 187
1856600 186
1856610 186
1856620 186
1856630 186
1856640 186
1856650 186
1856660 186
1856670 186
1856680 187
1856690 187
1856700 187
1856710 187
1856720 187
1856730 187
1856740 187
1856750 187
1856760 187
1856770 187
1856780 186
1856790 186
1856800 186
1856810 186
1856820 186
1856830 185
1856840 185
1856850 185
1856860 185
1856870 185
1856880 185
1856890 184
1856900 184
1856910 184
1856920 184
1856930 184
1856940 184
1856950 184
1856960 184
1856970 184
1856980 184
1856990 184
1857000 184
1857010 184
1857020 184
1857030 184
1857040 184
1857050 184
1857060 184
1857070 184
1857080 184
1857090 184
1857100 184
1857110 184
1857120 184
1857130 184
1857140 184
1857150 184
1857160 184
1857170 184
1857180 184
1857190 184
1857200 184
1857210 184
1857220 184
1857230 184
1857240 184
1857250 184
1857260 184
1857270 184
1857280 184
1857290 184
1857300 185
1857310 185
1857320 185
1857330 185
1857340 185
1857350 185
1857360 185
1857370 185
1857380 185
1857390 185
1857400 185
1857410 185
1857420 185
1857430 185
1857440 185
1857450 186
1857460 186
1857470 186
1857480 186
1857490 186
1857500 186
1857510 187
1857520 187
1857530 187
1857540 187
1857550 187
1857560 187
1857570 187
1857580 187
1857590 187
1857600 187
1857610 187
1857620 187
1857630 187
1857640 187
1857650 187
1857660 187
1857670 187
1857680 187
1857690 187
1857700 187
1857710 187
1857720 186
1857730 186
1857740 187
1857750 187
1857760 187
1857770 186
1857780 186
1857790 186
1857800 186
1857810 186
1857820 186
1857830 186
1857840 185
1857850 185
1857860 186
1857870 186
1857880 186
1857890 187
1857900 187
1857910 187
1857920 187
1857930 188
1857940 188
1857950 188
1857960 188
1857970 188
1857980 188
1857990 188
1858000 188
1858010 189
1858020 189
1858030 189
1858040 189
1858050 189
1858060 189
1858070 189
1858080 189
1858090 189
1858100 189
1858110 189
1858120 189
1858130 189
1858140 189
1858150 189
1858160 189
1858170 189
1858180 190
1858190 190
1858200 190
1858210 190
1858220 190
1858230 190
1858240 190
1858250 190
1858260 190
1858270 190
1858280 190
1858290 190
1858300 190
1858310 190
1858320 190
1858330 191
1858340 191
1858350 191
1858360 191
1858370 191
1858380 191
1858390 191
1858400 191
1858410 191
1858420 191
1858430 192
1858440 192
1858450 192
1858460 193
1858470 193
1858480 193
1858490 193
1858500 193
1858510 194
1858520 195
1858530 195
1858540 195
1858550 195
1858560 195
1858570 196
1858580 196
1858590 196
1858600 196
1858610 197
1858620 197
1858630 197
1858640 197
1858650 197
1858660 197
1858670 198
1858680 198
1858690 198
1858700 198
1858710 198
1858720 198
1858730 199
1858740 199
1858750 199
1858760 199
1858770 199
1858780 199
1858790 199
1858800 199
1858810 199
1858820 199
1858830 199
1858840 199
1858850 199
1858860 199
1858870 200
1858880 200
1858890 200
1858900 200
1858910 200
1858920 200
1858930 200
1858940 200
1858950 200
1858960 200
1858970 200
1858980 200
1858990 200
1859000 200
1859010 200
1859020 201
1859030 201
1859040 201
1859050 201
1859060 201
1859070 201
1859080 202
1859090 202
1859100 202
1859110 202
1859120 202
1859130 202
1859140 203
1859150 203
1859160 203
1859170 203
1859180 203
1859190 203
1859200 203
1859210 203
1859220 204
1859230 204
1859240 204
1859250 204
1859260 204
1859270 204
1859280 204
1859290 204
1859300 204
1859310 204
1859320 204
1859330 204
1859340 204
1859350 204
1859360 204
1859370 204
1859380 204
1859390 204
1859400 204
1859410 204
1859420 204
1859430 204
1859440 204
1859450 204
1859460 204
1859470 204
1859480 204
1859490 204
1859500 205
1859510 205
1859520 205
1859530 205
1859540 205
1859550 205
1859560 205
1859570 206
1859580 206
1859590 206
1859600 206
1859610 206
1859620 206
1859630 206
1859640 206
1859650 206
1859660 207
1859670 207
1859680 207
1859690 207
1859700 207
1859710 207
1859720 208
1859730 208
1859740 208
1859750 208
1859760 208
1859770 208
1859780 208
1859790 208
1859800 208
1859810 209
1859820 209
1859830 209
1859840 209
1859850 210
1859860 210
1859870 210
1859880 211
1859890 211
1859900 211
1859910 212
1859920 212
1859930 213
1859940 214
1859950 214
1859960 214
1859970 215
1859980 215
1859990 216
