1840000 258
1840010 258
1840020 258
1840030 258
1840040 258
1840050 258
1840060 258
1840070 258
1840080 258
1840090 257
1840100 257
1840110 257
1840120 257
1840130 257
1840140 257
1840150 256
1840160 256
1840170 256
1840180 255
1840190 255
1840200 255
1840210 254
1840220 254
1840230 253
1840240 253
1840250 253
1840260 253
1840270 252
1840280 252
1840290 252
1840300 252
1840310 252
1840320 251
1840330 251
1840340 251
1840350 251
1840360 250
1840370 250
1840380 250
1840390 250
1840400 250
1840410 250
1840420 249
1840430 249
1840440 249
1840450 249
1840460 249
1840470 248
1840480 248
1840490 248
1840500 248
1840510 248
1840520 248
1840530 247
1840540 247
1840550 247
1840560 246
1840570 246
1840580 246
1840590 245
1840600 245
1840610 245
1840620 244
1840630 244
1840640 244
1840650 244
1840660 243
1840670 243
1840680 243
1840690 243
1840700 243
1840710 243
1840720 243
1840730 242
1840740 242
1840750 242
1840760 241
1840770 240
1840780 240
1840790 240
1840800 239
1840810 239
1840820 239
1840830 238
1840840 238
1840850 238
1840860 237
1840870 237
1840880 236
1840890 236
1840900 236
1840910 237
1840920 236
1840930 236
1840940 237
1840950 238
1840960 238
1840970 238
1840980 238
1840990 238
1841000 239
1841010 240
1841020 240
1841030 240
1841040 240
1841050 240
1841060 241
1841070 241
1841080 241
1841090 242
1841100 242
1841110 242
1841120 242
1841130 243
1841140 243
1841150 243
1841160 243
1841170 243
1841180 243
1841190 244
1841200 244
1841210 244
1841220 245
1841230 245
1841240 245
1841250 246
1841260 246
1841270 247
1841280 247
1841290 248
1841300 249
1841310 249
1841320 250
1841330 252
1841340 252
1841350 254
1841360 255
1841370 255
1841380 256
1841390 257
1841400 257
1841410 258
1841420 258
1841430 258
1841440 258
1841450 258
1841460 258
1841470 258
1841480 258
1841490 258
1841500 258
1841510 258
1841520 258
1841530 257
1841540 257
1841550 257
1841560 257
1841570 257
1841580 257
1841590 256
1841600 256
1841610 256
1841620 256
1841630 255
1841640 255
1841650 254
1841660 254
1841670 254
1841680 254
1841690 253
1841700 253
1841710 253
1841720 253
1841730 253
1841740 252
1841750 252
1841760 252
1841770 252
1841780 251
1841790 251
1841800 251
1841810 251
1841820 251
1841830 250
1841840 250
1841850 250
1841860 250
1841870 250
1841880 250
1841890 250
1841900 250
1841910 250
1841920 249
1841930 249
1841940 249
1841950 250
1841960 250
1841970 250
1841980 250
1841990 249
1842000 250
1842010 250
1842020 250
1842030 249
1842040 249
1842050 249
1842060 249
1842070 249
1842080 249
1842090 248
1842100 248
1842110 248
1842120 247
1842130 247
1842140 247
1842150 247
1842160 247
1842170 247
1842180 247
1842190 247
1842200 247
1842210 247
1842220 246
1842230 246
1842240 246
1842250 246
1842260 246
1842270 246
1842280 246
1842290 246
1842300 246
1842310 245
1842320 245
1842330 245
1842340 245
1842350 245
1842360 244
1842370 244
1842380 244
1842390 244
1842400 243
1842410 243
1842420 243
1842430 242
1842440 242
1842450 242
1842460 242
1842470 242
1842480 241
1842490 241
1842500 241
1842510 240
1842520 240
1842530 240
1842540 239
1842550 239
1842560 239
1842570 239
1842580 239
1842590 239
1842600 238
1842610 238
1842620 238
1842630 238
1842640 238
1842650 238
1842660 237
1842670 237
1842680 237
1842690 237
1842700 237
1842710 237
1842720 237
1842730 237
1842740 237
1842750 237
1842760 237
1842770 237
1842780 238
1842790 238
1842800 238
1842810 238
1842820 238
1842830 238
1842840 238
1842850 238
1842860 238
1842870 238
1842880 238
1842890 238
1842900 238
1842910 238
1842920 238
1842930 238
1842940 238
1842950 239
1842960 240
1842970 240
1842980 241
1842990 242
1843000 242
1843010 245
1843020 246
1843030 246
1843040 247
1843050 247
1843060 248
1843070 248
1843080 248
1843090 247
1843100 251
1843110 251
1843120 256
1843130 256
1843140 256
1843150 255
1843160 254
1843170 254
1843180 253
1843190 252
1843200 252
1843210 251
1843220 250
1843230 250
1843240 249
1843250 248
1843260 248
1843270 247
1843280 246
1843290 246
1843300 245
1843310 245
1843320 245
1843330 245
1843340 245
1843350 245
1843360 245
1843370 245
1843380 245
1843390 245
1843400 246
1843410 246
1843420 246
1843430 246
1843440 246
1843450 247
1843460 247
1843470 247
1843480 247
1843490 247
1843500 247
1843510 248
1843520 248
1843530 248
1843540 249
1843550 250
1843560 250
1843570 251
1843580 251
1843590 251
1843600 252
1843610 253
1843620 253
1843630 253
1843640 253
1843650 254
1843660 254
1843670 254
1843680 254
1843690 253
1843700 253
1843710 253
1843720 252
1843730 252
1843740 252
1843750 251
1843760 251
1843770 250
1843780 249
1843790 249
1843800 248
1843810 247
1843820 246
1843830 245
1843840 244
1843850 244
1843860 243
1843870 242
1843880 242
1843890 241
1843900 240
1843910 240
1843920 240
1843930 239
1843940 239
1843950 237
1843960 236
1843970 236
1843980 235
1843990 234
1844000 234
1844010 233
1844020 232
1844030 232
1844040 232
1844050 231
1844060 231
1844070 230
1844080 230
1844090 230
1844100 230
1844110 230
1844120 230
1844130 230
1844140 230
1844150 230
1844160 230
1844170 232
1844180 234
1844190 235
1844200 237
1844210 237
1844220 238
1844230 238
1844240 240
1844250 241
1844260 241
1844270 242
1844280 243
1844290 243
1844300 243
1844310 244
1844320 244
1844330 245
1844340 245
1844350 245
1844360 246
1844370 247
1844380 247
1844390 247
1844400 247
1844410 247
1844420 247
1844430 248
1844440 248
1844450 249
1844460 250
1844470 250
1844480 250
1844490 250
1844500 250
1844510 249
1844520 248
1844530 248
1844540 248
1844550 248
1844560 248
1844570 248
1844580 247
1844590 247
1844600 247
1844610 246
1844620 246
1844630 246
1844640 245
1844650 245
1844660 245
1844670 244
1844680 244
1844690 244
1844700 243
1844710 243
1844720 243
1844730 242
1844740 242
1844750 241
1844760 240
1844770 240
1844780 239
1844790 238
1844800 238
1844810 237
1844820 237
1844830 237
1844840 236
1844850 236
1844860 235
1844870 234
1844880 234
1844890 233
1844900 232
1844910 232
1844920 231
1844930 230
1844940 230
1844950 229
1844960 229
1844970 229
1844980 228
1844990 227
1845000 227
1845010 227
1845020 227
1845030 227
1845040 227
1845050 228
1845060 228
1845070 228
1845080 228
1845090 228
1845100 228
1845110 228
1845120 228
1845130 228
1845140 228
1845150 228
1845160 228
1845170 228
1845180 228
1845190 228
1845200 228
1845210 228
1845220 228
1845230 228
1845240 228
1845250 228
1845260 228
1845270 228
1845280 228
1845290 228
1845300 228
1845310 228
1845320 227
1845330 227
1845340 227
1845350 227
1845360 227
1845370 227
1845380 227
1845390 227
1845400 227
1845410 227
1845420 227
1845430 226
1845440 226
1845450 226
1845460 226
1845470 226
1845480 225
1845490 225
1845500 225
1845510 224
1845520 224
1845530 224
1845540 224
1845550 223
1845560 223
1845570 223
1845580 223
1845590 223
1845600 222
1845610 222
1845620 222
1845630 221
1845640 221
1845650 221
1845660 221
1845670 220
1845680 220
1845690 220
1845700 220
1845710 220
1845720 220
1845730 220
1845740 220
1845750 220
1845760 220
1845770 220
1845780 220
1845790 220
1845800 220
1845810 220
1845820 220
1845830 220
1845840 220
1845850 221
1845860 221
1845870 220
1845880 220
1845890 220
1845900 220
1845910 220
1845920 220
1845930 220
1845940 220
1845950 220
1845960 220
1845970 220
1845980 220
1845990 220
1846000 221
1846010 221
1846020 221
1846030 221
1846040 221
1846050 221
1846060 221
1846070 221
1846080 220
1846090 220
1846100 220
1846110 220
1846120 220
1846130 220
1846140 220
1846150 220
1846160 220
1846170 221
1846180 221
1846190 221
1846200 221
1846210 221
1846220 221
1846230 222
1846240 222
1846250 222
1846260 222
1846270 222
1846280 222
1846290 222
1846300 222
1846310 222
1846320 222
1846330 222
1846340 222
1846350 222
1846360 223
1846370 223
1846380 224
1846390 224
1846400 224
1846410 224
1846420 224
1846430 224
1846440 224
1846450 224
1846460 225
1846470 225
1846480 225
1846490 225
1846500 226
1846510 226
1846520 226
1846530 227
1846540 227
1846550 227
1846560 228
1846570 228
1846580 228
1846590 228
1846600 229
1846610 229
1846620 229
1846630 229
1846640 228
1846650 228
1846660 228
1846670 227
1846680 227
1846690 226
1846700 226
1846710 226
1846720 225
1846730 224
1846740 224
1846750 223
1846760 223
1846770 223
1846780 222
1846790 221
1846800 221
1846810 220
1846820 220
1846830 220
1846840 219
1846850 219
1846860 219
1846870 219
1846880 218
1846890 218
1846900 218
1846910 218
1846920 218
1846930 217
1846940 217
1846950 217
1846960 217
1846970 217
1846980 217
1846990 217
1847000 217
1847010 217
1847020 217
1847030 217
1847040 217
1847050 217
1847060 218
1847070 218
1847080 219
1847090 219
1847100 219
1847110 220
1847120 220
1847130 220
1847140 220
1847150 221
1847160 221
1847170 221
1847180 221
1847190 221
1847200 222
1847210 222
1847220 222
1847230 222
1847240 222
1847250 222
1847260 223
1847270 223
1847280 223
1847290 223
1847300 223
1847310 224
1847320 224
1847330 224
1847340 224
1847350 225
1847360 225
1847370 225
1847380 225
1847390 225
1847400 225
1847410 226
1847420 226
1847430 226
1847440 228
1847450 228
1847460 228
1847470 228
1847480 228
1847490 228
1847500 228
1847510 228
1847520 229
1847530 229
1847540 229
1847550 229
1847560 230
1847570 230
1847580 230
1847590 230
1847600 230
1847610 231
1847620 231
1847630 231
1847640 231
1847650 231
1847660 231
1847670 231
1847680 231
1847690 231
1847700 231
1847710 231
1847720 231
1847730 231
1847740 231
1847750 231
1847760 230
1847770 230
1847780 230
1847790 229
1847800 229
1847810 228
1847820 227
1847830 227
1847840 226
1847850 225
1847860 225
1847870 224
1847880 223
1847890 223
1847900 222
1847910 221
1847920 221
1847930 220
1847940 219
1847950 219
1847960 218
1847970 218
1847980 218
1847990 217
1848000 217
1848010 217
1848020 216
1848030 216
1848040 216
1848050 216
1848060 215
1848070 215
1848080 215
1848090 215
1848100 215
1848110 216
1848120 216
1848130 216
1848140 217
1848150 218
1848160 218
1848170 219
1848180 220
1848190 220
1848200 221
1848210 222
1848220 222
1848230 222
1848240 223
1848250 223
1848260 223
1848270 223
1848280 223
1848290 223
1848300 223
1848310 223
1848320 223
1848330 223
1848340 223
1848350 222
1848360 222
1848370 222
1848380 222
1848390 222
1848400 221
1848410 221
1848420 221
1848430 219
1848440 219
1848450 219
1848460 219
1848470 219
1848480 219
1848490 217
1848500 216
1848510 216
1848520 217
1848530 218
1848540 218
1848550 217
1848560 216
1848570 216
1848580 216
1848590 215
1848600 215
1848610 215
1848620 214
1848630 214
1848640 213
1848650 212
1848660 212
1848670 211
1848680 211
1848690 211
1848700 210
1848710 210
1848720 210
1848730 210
1848740 210
1848750 210
1848760 210
1848770 210
1848780 210
1848790 210
1848800 210
1848810 210
1848820 210
1848830 210
1848840 210
1848850 210
1848860 210
1848870 210
1848880 210
1848890 210
1848900 210
1848910 210
1848920 210
1848930 209
1848940 209
1848950 209
1848960 209
1848970 209
1848980 209
1848990 208
1849000 207
1849010 207
1849020 207
1849030 206
1849040 206
1849050 205
1849060 206
1849070 206
1849080 206
1849090 206
1849100 206
1849110 205
1849120 204
1849130 204
1849140 204
1849150 204
1849160 204
1849170 204
1849180 203
1849190 203
1849200 203
1849210 203
1849220 203
1849230 203
1849240 203
1849250 203
1849260 203
1849270 203
1849280 203
1849290 203
1849300 203
1849310 203
1849320 203
1849330 203
1849340 203
1849350 203
1849360 203
1849370 203
1849380 203
1849390 203
1849400 203
1849410 203
1849420 203
1849430 203
1849440 203
1849450 204
1849460 204
1849470 203
1849480 203
1849490 203
1849500 203
1849510 203
1849520 203
1849530 203
1849540 203
1849550 203
1849560 202
1849570 202
1849580 202
1849590 202
1849600 203
1849610 203
1849620 203
1849630 203
1849640 203
1849650 203
1849660 203
1849670 203
1849680 203
1849690 203
1849700 202
1849710 202
1849720 202
1849730 202
1849740 203
1849750 203
1849760 203
1849770 202
1849780 202
1849790 202
1849800 202
1849810 202
1849820 202
1849830 202
1849840 202
1849850 201
1849860 201
1849870 201
1849880 201
1849890 201
1849900 201
1849910 201
1849920 201
1849930 201
1849940 201
1849950 201
1849960 201
1849970 201
1849980 201
1849990 201
1850000 201
1850010 201
1850020 201
1850030 200
1850040 200
1850050 200
1850060 200
1850070 200
1850080 200
1850090 200
1850100 200
1850110 200
1850120 199
1850130 199
1850140 199
1850150 199
1850160 199
1850170 199
1850180 199
1850190 199
1850200 199
1850210 199
1850220 199
1850230 198
1850240 198
1850250 198
1850260 198
1850270 198
1850280 198
1850290 198
1850300 199
1850310 198
1850320 198
1850330 198
1850340 198
1850350 199
1850360 200
1850370 200
1850380 199
1850390 199
1850400 199
1850410 199
1850420 199
1850430 199
1850440 199
1850450 199
1850460 199
1850470 199
1850480 199
1850490 199
1850500 199
1850510 199
1850520 199
1850530 199
1850540 199
1850550 199
1850560 199
1850570 199
1850580 199
1850590 199
1850600 199
1850610 199
1850620 199
1850630 199
1850640 199
1850650 199
1850660 199
1850670 199
1850680 198
1850690 198
1850700 199
1850710 199
1850720 199
1850730 199
1850740 199
1850750 199
1850760 198
1850770 198
1850780 198
1850790 199
1850800 199
1850810 199
1850820 199
1850830 199
1850840 199
1850850 199
1850860 199
1850870 199
1850880 199
1850890 199
1850900 199
1850910 199
1850920 199
1850930 199
1850940 199
1850950 199
1850960 199
1850970 199
1850980 199
1850990 199
1851000 199
1851010 199
1851020 199
1851030 199
1851040 199
1851050 199
1851060 199
1851070 199
1851080 199
1851090 199
1851100 199
1851110 199
1851120 199
1851130 199
1851140 199
1851150 199
1851160 199
1851170 199
1851180 199
1851190 199
1851200 199
1851210 199
1851220 199
1851230 199
1851240 199
1851250 199
1851260 199
1851270 199
1851280 199
1851290 199
1851300 198
1851310 198
1851320 198
1851330 198
1851340 198
1851350 198
1851360 198
1851370 198
1851380 198
1851390 198
1851400 198
1851410 199
1851420 199
1851430 199
1851440 198
1851450 198
1851460 198
1851470 198
1851480 198
1851490 198
1851500 198
1851510 198
1851520 198
1851530 198
1851540 198
1851550 198
1851560 198
1851570 198
1851580 198
1851590 198
1851600 198
1851610 198
1851620 198
1851630 198
1851640 198
1851650 198
1851660 198
1851670 198
1851680 197
1851690 197
1851700 197
1851710 198
1851720 197
1851730 197
1851740 197
1851750 197
1851760 197
1851770 198
1851780 197
1851790 197
1851800 197
1851810 197
1851820 197
1851830 197
1851840 197
1851850 197
1851860 197
1851870 197
1851880 197
1851890 197
1851900 197
1851910 197
1851920 197
1851930 197
1851940 197
1851950 197
1851960 197
1851970 197
1851980 197
1851990 197
1852000 197
1852010 197
1852020 197
1852030 197
1852040 197
1852050 197
1852060 197
1852070 197
1852080 197
1852090 197
1852100 197
1852110 197
1852120 197
1852130 197
1852140 197
1852150 197
1852160 197
1852170 197
1852180 197
1852190 196
1852200 196
1852210 196
1852220 196
1852230 196
1852240 196
1852250 196
1852260 196
1852270 196
1852280 196
1852290 196
1852300 196
1852310 196
1852320 196
1852330 196
1852340 196
1852350 196
1852360 196
1852370 195
1852380 195
1852390 195
1852400 195
1852410 195
1852420 195
1852430 196
1852440 196
1852450 195
1852460 195
1852470 195
1852480 196
1852490 196
1852500 196
1852510 196
1852520 196
1852530 196
1852540 196
1852550 196
1852560 196
1852570 195
1852580 195
1852590 195
1852600 195
1852610 195
1852620 194
1852630 195
1852640 195
1852650 196
1852660 196
1852670 196
1852680 196
1852690 196
1852700 196
1852710 196
1852720 196
1852730 196
1852740 195
1852750 195
1852760 195
1852770 195
1852780 195
1852790 195
1852800 196
1852810 195
1852820 195
1852830 195
1852840 195
1852850 195
1852860 195
1852870 195
1852880 195
1852890 195
1852900 195
1852910 195
1852920 196
1852930 196
1852940 196
1852950 196
1852960 196
1852970 196
1852980 195
1852990 195
1853000 195
1853010 196
1853020 196
1853030 196
1853040 196
1853050 196
1853060 196
1853070 197
1853080 197
1853090 197
1853100 198
1853110 198
1853120 198
1853130 198
1853140 198
1853150 198
1853160 199
1853170 199
1853180 200
1853190 200
1853200 200
1853210 201
1853220 203
1853230 203
1853240 204
1853250 205
1853260 205
1853270 206
1853280 206
1853290 206
1853300 207
1853310 207
1853320 207
1853330 207
1853340 207
1853350 207
1853360 208
1853370 209
1853380 209
1853390 209
1853400 210
1853410 210
1853420 210
1853430 211
1853440 211
1853450 211
1853460 212
1853470 212
1853480 212
1853490 213
1853500 213
1853510 215
1853520 215
1853530 215
1853540 215
1853550 216
1853560 216
1853570 216
1853580 217
1853590 217
1853600 217
1853610 217
1853620 217
1853630 216
1853640 216
1853650 215
1853660 216
1853670 216
1853680 216
1853690 217
1853700 217
1853710 218
1853720 219
1853730 219
1853740 219
1853750 220
1853760 220
1853770 220
1853780 220
1853790 220
1853800 221
1853810 220
1853820 220
1853830 220
1853840 220
1853850 220
1853860 219
1853870 219
1853880 219
1853890 217
1853900 216
1853910 216
1853920 214
1853930 213
1853940 213
1853950 213
1853960 212
1853970 212
1853980 212
1853990 211
1854000 211
1854010 211
1854020 212
1854030 212
1854040 212
1854050 213
1854060 213
1854070 214
1854080 216
1854090 216
1854100 218
1854110 219
1854120 219
1854130 221
1854140 223
1854150 223
1854160 224
1854170 224
1854180 224
1854190 225
1854200 225
1854210 225
1854220 226
1854230 226
1854240 227
1854250 227
1854260 227
1854270 228
1854280 228
1854290 228
1854300 228
1854310 228
1854320 228
1854330 228
1854340 228
1854350 228
1854360 228
1854370 228
1854380 228
1854390 229
1854400 228
1854410 228
1854420 228
1854430 228
1854440 228
1854450 228
1854460 227
1854470 227
1854480 227
1854490 226
1854500 226
1854510 224
1854520 223
1854530 223
1854540 221
1854550 220
1854560 220
1854570 219
1854580 217
1854590 217
1854600 216
1854610 215
1854620 215
1854630 214
1854640 213
1854650 213
1854660 213
1854670 212
1854680 212
1854690 212
1854700 211
1854710 211
1854720 211
1854730 211
1854740 211
1854750 211
1854760 211
1854770 211
1854780 211
1854790 211
1854800 210
1854810 210
1854820 210
1854830 210
1854840 211
1854850 211
1854860 211
1854870 211
1854880 211
1854890 212
1854900 213
1854910 213
1854920 213
1854930 214
1854940 214
1854950 215
1854960 215
1854970 215
1854980 215
1854990 215
1855000 215
1855010 214
1855020 213
1855030 213
1855040 213
1855050 212
1855060 212
1855070 212
1855080 211
1855090 211
1855100 210
1855110 209
1855120 209
1855130 208
1855140 207
1855150 207
1855160 207
1855170 206
1855180 206
1855190 205
1855200 204
1855210 204
1855220 203
1855230 203
1855240 203
1855250 203
1855260 203
1855270 203
1855280 203
1855290 203
1855300 203
1855310 203
1855320 203
1855330 203
1855340 203
1855350 204
1855360 204
1855370 204
1855380 204
1855390 205
1855400 206
1855410 206
1855420 207
1855430 208
1855440 208
1855450 209
1855460 209
1855470 209
1855480 211
1855490 212
1855500 212
1855510 213
1855520 216
1855530 216
1855540 216
1855550 219
1855560 219
1855570 222
1855580 222
1855590 222
1855600 224
1855610 226
1855620 226
1855630 227
1855640 228
1855650 228
1855660 229
1855670 229
1855680 229
1855690 230
1855700 230
1855710 230
1855720 230
1855730 230
1855740 230
1855750 230
1855760 229
1855770 229
1855780 229
1855790 228
1855800 228
1855810 228
1855820 228
1855830 228
1855840 228
1855850 228
1855860 228
1855870 227
1855880 227
1855890 227
1855900 227
1855910 226
1855920 226
1855930 226
1855940 226
1855950 226
1855960 225
1855970 225
1855980 224
1855990 223
1856000 223
1856010 222
1856020 221
1856030 221
1856040 220
1856050 219
1856060 219
1856070 218
1856080 218
1856090 218
1856100 217
1856110 216
1856120 216
1856130 216
1856140 215
1856150 215
1856160 215
1856170 215
1856180 215
1856190 215
1856200 215
1856210 215
1856220 216
1856230 216
1856240 216
1856250 217
1856260 217
1856270 217
1856280 217
1856290 217
1856300 217
1856310 216
1856320 216
1856330 216
1856340 217
1856350 217
1856360 217
1856370 216
1856380 216
1856390 216
1856400 216
1856410 215
1856420 215
1856430 214
1856440 213
1856450 213
1856460 210
1856470 210
1856480 210
1856490 210
1856500 209
1856510 209
1856520 208
1856530 207
1856540 207
1856550 206
1856560 206
1856570 206
1856580 206
1856590 206
1856600 206
1856610 206
1856620 206
1856630 205
1856640 205
1856650 205
1856660 205
1856670 205
1856680 205
1856690 205
1856700 205
1856710 205
1856720 204
1856730 204
1856740 204
1856750 203
1856760 203
1856770 203
1856780 203
1856790 203
1856800 203
1856810 202
1856820 202
1856830 202
1856840 202
1856850 202
1856860 202
1856870 202
1856880 202
1856890 202
1856900 202
1856910 202
1856920 202
1856930 202
1856940 202
1856950 202
1856960 202
1856970 202
1856980 202
1856990 202
1857000 202
1857010 202
1857020 202
1857030 202
1857040 203
1857050 203
1857060 203
1857070 203
1857080 203
1857090 204
1857100 204
1857110 204
1857120 205
1857130 205
1857140 206
1857150 206
1857160 206
1857170 207
1857180 207
1857190 208
1857200 209
1857210 209
1857220 209
1857230 209
1857240 209
1857250 209
1857260 209
1857270 209
1857280 208
1857290 207
1857300 207
1857310 206
1857320 206
1857330 206
1857340 206
1857350 206
1857360 206
1857370 206
1857380 207
1857390 207
1857400 208
1857410 209
1857420 209
1857430 210
1857440 212
1857450 212
1857460 214
1857470 215
1857480 215
1857490 217
1857500 218
1857510 218
1857520 219
1857530 221
1857540 221
1857550 222
1857560 222
1857570 222
1857580 223
1857590 223
1857600 223
1857610 223
1857620 223
1857630 223
1857640 223
1857650 222
1857660 222
1857670 222
1857680 221
1857690 221
1857700 221
1857710 221
1857720 220
1857730 220
1857740 219
1857750 218
1857760 218
1857770 218
1857780 217
1857790 217
1857800 217
1857810 216
1857820 216
1857830 216
1857840 216
1857850 215
1857860 215
1857870 215
1857880 215
1857890 215
1857900 214
1857910 214
1857920 214
1857930 214
1857940 213
1857950 213
1857960 213
1857970 213
1857980 213
1857990 212
1858000 212
1858010 212
1858020 212
1858030 211
1858040 211
1858050 211
1858060 211
1858070 211
1858080 210
1858090 209
1858100 209
1858110 209
1858120 209
1858130 209
1858140 208
1858150 208
1858160 208
1858170 207
1858180 207
1858190 207
1858200 206
1858210 206
1858220 206
1858230 205
1858240 205
1858250 205
1858260 204
1858270 203
1858280 203
1858290 203
1858300 203
1858310 202
1858320 202
1858330 202
1858340 201
1858350 201
1858360 201
1858370 201
1858380 200
1858390 200
1858400 200
1858410 200
1858420 200
1858430 199
1858440 198
1858450 198
1858460 198
1858470 198
1858480 198
1858490 198
1858500 198
1858510 198
1858520 197
1858530 197
1858540 197
1858550 197
1858560 196
1858570 196
1858580 195
1858590 195
1858600 195
1858610 194
1858620 194
1858630 194
1858640 194
1858650 193
1858660 193
1858670 193
1858680 193
1858690 193
1858700 193
1858710 193
1858720 193
1858730 192
1858740 192
1858750 192
1858760 192
1858770 192
1858780 192
1858790 192
1858800 192
1858810 192
1858820 192
1858830 192
1858840 192
1858850 192
1858860 192
1858870 192
1858880 192
1858890 192
1858900 192
1858910 192
1858920 192
1858930 191
1858940 191
1858950 191
1858960 192
1858970 192
1858980 192
1858990 192
1859000 192
1859010 192
1859020 192
1859030 192
1859040 192
1859050 192
1859060 192
1859070 192
1859080 192
1859090 192
1859100 192
1859110 193
1859120 193
1859130 193
1859140 193
1859150 193
1859160 193
1859170 194
1859180 195
1859190 195
1859200 198
1859210 199
1859220 199
1859230 201
1859240 203
1859250 203
1859260 205
1859270 206
1859280 206
1859290 208
1859300 210
1859310 210
1859320 211
1859330 212
1859340 212
1859350 213
1859360 213
1859370 213
1859380 213
1859390 213
1859400 213
1859410 214
1859420 214
1859430 214
1859440 214
1859450 214
1859460 214
1859470 214
1859480 214
1859490 214
1859500 213
1859510 213
1859520 213
1859530 213
1859540 213
1859550 212
1859560 212
1859570 212
1859580 211
1859590 210
1859600 210
1859610 210
1859620 209
1859630 209
1859640 208
1859650 208
1859660 208
1859670 207
1859680 206
1859690 206
1859700 205
1859710 205
1859720 205
1859730 204
1859740 203
1859750 203
1859760 202
1859770 201
1859780 201
1859790 200
1859800 199
1859810 199
1859820 198
1859830 197
1859840 197
1859850 195
1859860 194
1859870 194
1859880 193
1859890 192
1859900 192
1859910 191
1859920 190
1859930 190
1859940 190
1859950 189
1859960 189
1859970 189
1859980 189
1859990 189
