1840000 241
1840010 241
1840020 240
1840030 240
1840040 240
1840050 239
1840060 239
1840070 239
1840080 238
1840090 238
1840100 238
1840110 238
1840120 238
1840130 238
1840140 237
1840150 237
1840160 237
1840170 237
1840180 237
1840190 237
1840200 237
1840210 237
1840220 237
1840230 237
1840240 237
1840250 237
1840260 237
1840270 237
1840280 237
1840290 237
1840300 237
1840310 237
1840320 237
1840330 237
1840340 237
1840350 237
1840360 237
1840370 237
1840380 237
1840390 237
1840400 237
1840410 237
1840420 237
1840430 237
1840440 237
1840450 237
1840460 237
1840470 237
1840480 237
1840490 237
1840500 237
1840510 237
1840520 237
1840530 238
1840540 238
1840550 238
1840560 238
1840570 238
1840580 238
1840590 238
1840600 238
1840610 238
1840620 238
1840630 238
1840640 238
1840650 238
1840660 238
1840670 239
1840680 239
1840690 239
1840700 239
1840710 239
1840720 239
1840730 239
1840740 240
1840750 240
1840760 240
1840770 240
1840780 240
1840790 240
1840800 240
1840810 241
1840820 241
1840830 241
1840840 241
1840850 242
1840860 242
1840870 242
1840880 242
1840890 242
1840900 242
1840910 243
1840920 243
1840930 243
1840940 243
1840950 243
1840960 244
1840970 244
1840980 244
1840990 244
1841000 244
1841010 244
1841020 245
1841030 245
1841040 245
1841050 245
1841060 246
1841070 246
1841080 246
1841090 246
1841100 246
1841110 247
1841120 247
1841130 247
1841140 247
1841150 248
1841160 248
1841170 248
1841180 249
1841190 249
1841200 249
1841210 249
1841220 249
1841230 250
1841240 250
1841250 250
1841260 251
1841270 251
1841280 251
1841290 251
1841300 252
1841310 252
1841320 252
1841330 252
1841340 253
1841350 254
1841360 254
1841370 254
1841380 255
1841390 255
1841400 255
1841410 256
1841420 256
1841430 256
1841440 257
1841450 257
1841460 257
1841470 257
1841480 257
1841490 258
1841500 258
1841510 258
1841520 258
1841530 259
1841540 259
1841550 260
1841560 261
1841570 261
1841580 261
1841590 262
1841600 262
1841610 262
1841620 263
1841630 263
1841640 263
1841650 264
1841660 264
1841670 264
1841680 265
1841690 265
1841700 265
1841710 266
1841720 266
1841730 266
1841740 266
1841750 266
1841760 266
1841770 266
1841780 266
1841790 266
1841800 266
1841810 266
1841820 266
1841830 266
1841840 266
1841850 266
1841860 266
1841870 266
1841880 267
1841890 267
1841900 267
1841910 267
1841920 267
1841930 267
1841940 267
1841950 267
1841960 268
1841970 268
1841980 268
1841990 268
1842000 268
1842010 268
1842020 268
1842030 268
1842040 268
1842050 268
1842060 268
1842070 268
1842080 268
1842090 268
1842100 268
1842110 268
1842120 269
1842130 269
1842140 269
1842150 270
1842160 270
1842170 270
1842180 271
1842190 271
1842200 271
1842210 271
1842220 271
1842230 272
1842240 272
1842250 272
1842260 272
1842270 272
1842280 272
1842290 272
1842300 272
1842310 272
1842320 272
1842330 272
1842340 272
1842350 272
1842360 272
1842370 272
1842380 273
1842390 273
1842400 273
1842410 273
1842420 273
1842430 273
1842440 274
1842450 274
1842460 274
1842470 274
1842480 274
1842490 275
1842500 275
1842510 275
1842520 276
1842530 277
1842540 277
1842550 278
1842560 278
1842570 278
1842580 279
1842590 279
1842600 279
1842610 280
1842620 280
1842630 280
1842640 281
1842650 281
1842660 281
1842670 281
1842680 282
1842690 282
1842700 282
1842710 282
1842720 282
1842730 282
1842740 282
1842750 282
1842760 282
1842770 282
1842780 282
1842790 282
1842800 282
1842810 282
1842820 282
1842830 283
1842840 283
1842850 283
1842860 283
1842870 283
1842880 283
1842890 283
1842900 283
1842910 284
1842920 284
1842930 284
1842940 284
1842950 284
1842960 284
1842970 284
1842980 284
1842990 284
1843000 284
1843010 284
1843020 284
1843030 283
1843040 283
1843050 283
1843060 282
1843070 282
1843080 282
1843090 281
1843100 281
1843110 280
1843120 280
1843130 280
1843140 280
1843150 279
1843160 279
1843170 278
1843180 278
1843190 278
1843200 276
1843210 276
1843220 276
1843230 275
1843240 274
1843250 274
1843260 274
1843270 274
1843280 274
1843290 274
1843300 273
1843310 273
1843320 273
1843330 273
1843340 273
1843350 272
1843360 273
1843370 273
1843380 273
1843390 274
1843400 274
1843410 274
1843420 274
1843430 274
1843440 275
1843450 277
1843460 277
1843470 277
1843480 277
1843490 277
1843500 279
1843510 279
1843520 279
1843530 280
1843540 280
1843550 280
1843560 280
1843570 280
1843580 280
1843590 281
1843600 281
1843610 281
1843620 282
1843630 282
1843640 283
1843650 283
1843660 283
1843670 283
1843680 284
1843690 284
1843700 284
1843710 285
1843720 285
1843730 285
1843740 286
1843750 286
1843760 286
1843770 287
1843780 287
1843790 288
1843800 289
1843810 289
1843820 289
1843830 290
1843840 290
1843850 291
1843860 291
1843870 291
1843880 292
1843890 293
1843900 293
1843910 294
1843920 294
1843930 294
1843940 295
1843950 295
1843960 295
1843970 296
1843980 296
1843990 296
1844000 297
1844010 297
1844020 297
1844030 297
1844040 297
1844050 297
1844060 297
1844070 297
1844080 297
1844090 297
1844100 297
1844110 297
1844120 298
1844130 298
1844140 298
1844150 298
1844160 298
1844170 298
1844180 298
1844190 298
1844200 298
1844210 298
1844220 298
1844230 299
1844240 301
1844250 301
1844260 301
1844270 302
1844280 302
1844290 302
1844300 302
1844310 302
1844320 302
1844330 302
1844340 302
1844350 302
1844360 303
1844370 303
1844380 303
1844390 302
1844400 302
1844410 301
1844420 301
1844430 301
1844440 301
1844450 301
1844460 301
1844470 301
1844480 300
1844490 300
1844500 301
1844510 302
1844520 302
1844530 304
1844540 305
1844550 305
1844560 306
1844570 306
1844580 306
1844590 306
1844600 305
1844610 305
1844620 304
1844630 302
1844640 302
1844650 300
1844660 298
1844670 298
1844680 296
1844690 295
1844700 295
1844710 294
1844720 290
1844730 292
1844740 289
1844750 286
1844760 286
1844770 285
1844780 285
1844790 285
1844800 285
1844810 285
1844820 286
1844830 286
1844840 286
1844850 287
1844860 286
1844870 286
1844880 285
1844890 283
1844900 283
1844910 281
1844920 280
1844930 280
1844940 279
1844950 278
1844960 278
1844970 278
1844980 278
1844990 278
1845000 278
1845010 280
1845020 280
1845030 281
1845040 284
1845050 284
1845060 286
1845070 286
1845080 286
1845090 288
1845100 287
1845110 287
1845120 287
1845130 287
1845140 287
1845150 287
1845160 286
1845170 286
1845180 284
1845190 282
1845200 282
1845210 279
1845220 276
1845230 276
1845240 274
1845250 273
1845260 273
1845270 272
1845280 272
1845290 272
1845300 272
1845310 273
1845320 273
1845330 275
1845340 275
1845350 279
1845360 282
1845370 282
1845380 283
1845390 283
1845400 283
1845410 284
1845420 286
1845430 286
1845440 289
1845450 293
1845460 293
1845470 296
1845480 300
1845490 300
1845500 305
1845510 307
1845520 307
1845530 308
1845540 308
1845550 308
1845560 308
1845570 308
1845580 308
1845590 308
1845600 307
1845610 307
1845620 307
1845630 306
1845640 306
1845650 305
1845660 305
1845670 305
1845680 304
1845690 303
1845700 303
1845710 303
1845720 302
1845730 302
1845740 301
1845750 300
1845760 300
1845770 299
1845780 298
1845790 298
1845800 296
1845810 294
1845820 294
1845830 293
1845840 291
1845850 291
1845860 289
1845870 287
1845880 287
1845890 286
1845900 285
1845910 285
1845920 284
1845930 284
1845940 283
1845950 282
1845960 282
1845970 280
1845980 279
1845990 279
1846000 278
1846010 276
1846020 276
1846030 275
1846040 273
1846050 273
1846060 272
1846070 270
1846080 270
1846090 268
1846100 267
1846110 267
1846120 265
1846130 264
1846140 264
1846150 262
1846160 261
1846170 261
1846180 259
1846190 258
1846200 258
1846210 258
1846220 258
1846230 258
1846240 257
1846250 257
1846260 257
1846270 257
1846280 258
1846290 258
1846300 258
1846310 258
1846320 258
1846330 258
1846340 258
1846350 258
1846360 259
1846370 259
1846380 259
1846390 260
1846400 260
1846410 260
1846420 261
1846430 262
1846440 262
1846450 263
1846460 264
1846470 264
1846480 265
1846490 265
1846500 268
1846510 270
1846520 270
1846530 271
1846540 275
1846550 275
1846560 275
1846570 275
1846580 275
1846590 274
1846600 275
1846610 275
1846620 277
1846630 279
1846640 279
1846650 281
1846660 283
1846670 283
1846680 284
1846690 285
1846700 285
1846710 286
1846720 286
1846730 286
1846740 286
1846750 287
1846760 287
1846770 286
1846780 286
1846790 286
1846800 286
1846810 286
1846820 286
1846830 285
1846840 285
1846850 285
1846860 284
1846870 284
1846880 284
1846890 283
1846900 282
1846910 282
1846920 281
1846930 280
1846940 280
1846950 280
1846960 279
1846970 279
1846980 278
1846990 277
1847000 277
1847010 276
1847020 275
1847030 275
1847040 273
1847050 272
1847060 272
1847070 270
1847080 270
1847090 269
1847100 268
1847110 268
1847120 266
1847130 265
1847140 265
1847150 264
1847160 263
1847170 263
1847180 262
1847190 261
1847200 261
1847210 260
1847220 260
1847230 260
1847240 259
1847250 257
1847260 257
1847270 256
1847280 255
1847290 255
1847300 254
1847310 253
1847320 253
1847330 253
1847340 252
1847350 252
1847360 251
1847370 250
1847380 250
1847390 248
1847400 247
1847410 247
1847420 246
1847430 246
1847440 246
1847450 245
1847460 245
1847470 245
1847480 244
1847490 244
1847500 244
1847510 243
1847520 242
1847530 242
1847540 242
1847550 241
1847560 241
1847570 240
1847580 239
1847590 239
1847600 238
1847610 237
1847620 237
1847630 236
1847640 236
1847650 235
1847660 235
1847670 235
1847680 234
1847690 234
1847700 234
1847710 234
1847720 233
1847730 233
1847740 233
1847750 232
1847760 232
1847770 231
1847780 230
1847790 230
1847800 229
1847810 229
1847820 229
1847830 229
1847840 229
1847850 229
1847860 229
1847870 229
1847880 229
1847890 229
1847900 229
1847910 229
1847920 228
1847930 228
1847940 228
1847950 228
1847960 228
1847970 228
1847980 229
1847990 229
1848000 229
1848010 229
1848020 230
1848030 230
1848040 231
1848050 232
1848060 232
1848070 234
1848080 234
1848090 234
1848100 235
1848110 235
1848120 235
1848130 236
1848140 236
1848150 236
1848160 238
1848170 239
1848180 239
1848190 240
1848200 241
1848210 241
1848220 242
1848230 242
1848240 243
1848250 245
1848260 245
1848270 247
1848280 249
1848290 249
1848300 251
1848310 253
1848320 253
1848330 257
1848340 259
1848350 259
1848360 260
1848370 260
1848380 260
1848390 259
1848400 257
1848410 257
1848420 255
1848430 254
1848440 254
1848450 252
1848460 251
1848470 251
1848480 249
1848490 248
1848500 248
1848510 247
1848520 247
1848530 247
1848540 248
1848550 249
1848560 249
1848570 251
1848580 253
1848590 253
1848600 255
1848610 256
1848620 256
1848630 258
1848640 259
1848650 259
1848660 259
1848670 260
1848680 260
1848690 260
1848700 261
1848710 261
1848720 261
1848730 261
1848740 261
1848750 261
1848760 260
1848770 260
1848780 259
1848790 259
1848800 259
1848810 258
1848820 258
1848830 257
1848840 256
1848850 256
1848860 256
1848870 256
1848880 256
1848890 256
1848900 256
1848910 256
1848920 256
1848930 257
1848940 257
1848950 257
1848960 257
1848970 257
1848980 257
1848990 257
1849000 257
1849010 257
1849020 257
1849030 257
1849040 258
1849050 258
1849060 259
1849070 260
1849080 260
1849090 260
1849100 260
1849110 260
1849120 260
1849130 259
1849140 259
1849150 259
1849160 259
1849170 259
1849180 259
1849190 259
1849200 260
1849210 260
1849220 260
1849230 260
1849240 260
1849250 261
1849260 261
1849270 261
1849280 262
1849290 263
1849300 263
1849310 264
1849320 264
1849330 264
1849340 264
1849350 264
1849360 264
1849370 263
1849380 263
1849390 263
1849400 262
1849410 262
1849420 263
1849430 262
1849440 262
1849450 261
1849460 262
1849470 262
1849480 262
1849490 263
1849500 263
1849510 263
1849520 264
1849530 264
1849540 263
1849550 262
1849560 262
1849570 261
1849580 262
1849590 262
1849600 263
1849610 263
1849620 263
1849630 263
1849640 263
1849650 263
1849660 262
1849670 261
1849680 261
1849690 260
1849700 258
1849710 258
1849720 257
1849730 256
1849740 256
1849750 254
1849760 254
1849770 257
1849780 256
1849790 256
1849800 256
1849810 256
1849820 256
1849830 256
1849840 257
1849850 257
1849860 257
1849870 258
1849880 257
1849890 257
1849900 256
1849910 256
1849920 256
1849930 256
1849940 256
1849950 255
1849960 254
1849970 254
1849980 253
1849990 251
1850000 251
1850010 250
1850020 249
1850030 249
1850040 248
1850050 247
1850060 247
1850070 246
1850080 245
1850090 245
1850100 244
1850110 244
1850120 244
1850130 243
1850140 243
1850150 243
1850160 243
1850170 243
1850180 243
1850190 244
1850200 244
1850210 244
1850220 244
1850230 245
1850240 245
1850250 245
1850260 246
1850270 246
1850280 246
1850290 247
1850300 247
1850310 247
1850320 248
1850330 248
1850340 250
1850350 252
1850360 252
1850370 253
1850380 254
1850390 254
1850400 255
1850410 256
1850420 256
1850430 257
1850440 257
1850450 257
1850460 258
1850470 258
1850480 258
1850490 261
1850500 261
1850510 261
1850520 261
1850530 261
1850540 260
1850550 258
1850560 258
1850570 258
1850580 258
1850590 258
1850600 258
1850610 256
1850620 256
1850630 253
1850640 252
1850650 252
1850660 251
1850670 249
1850680 249
1850690 248
1850700 247
1850710 247
1850720 245
1850730 243
1850740 243
1850750 243
1850760 242
1850770 242
1850780 242
1850790 242
1850800 242
1850810 242
1850820 242
1850830 242
1850840 242
1850850 243
1850860 243
1850870 242
1850880 242
1850890 242
1850900 242
1850910 242
1850920 242
1850930 242
1850940 243
1850950 243
1850960 244
1850970 246
1850980 246
1850990 250
1851000 252
1851010 252
1851020 254
1851030 255
1851040 255
1851050 257
1851060 258
1851070 258
1851080 258
1851090 258
1851100 259
1851110 260
1851120 260
1851130 260
1851140 260
1851150 260
1851160 259
1851170 259
1851180 259
1851190 259
1851200 259
1851210 259
1851220 259
1851230 259
1851240 259
1851250 259
1851260 258
1851270 258
1851280 258
1851290 257
1851300 257
1851310 257
1851320 257
1851330 257
1851340 257
1851350 257
1851360 257
1851370 257
1851380 257
1851390 257
1851400 257
1851410 257
1851420 257
1851430 255
1851440 253
1851450 253
1851460 253
1851470 255
1851480 255
1851490 255
1851500 255
1851510 255
1851520 254
1851530 254
1851540 254
1851550 254
1851560 254
1851570 254
1851580 254
1851590 254
1851600 254
1851610 254
1851620 254
1851630 254
1851640 254
1851650 254
1851660 254
1851670 253
1851680 253
1851690 253
1851700 252
1851710 252
1851720 252
1851730 251
1851740 251
1851750 251
1851760 250
1851770 250
1851780 249
1851790 248
1851800 248
1851810 248
1851820 247
1851830 247
1851840 246
1851850 246
1851860 246
1851870 247
1851880 248
1851890 248
1851900 249
1851910 250
1851920 250
1851930 251
1851940 252
1851950 252
1851960 252
1851970 253
1851980 253
1851990 254
1852000 254
1852010 254
1852020 255
1852030 256
1852040 256
1852050 256
1852060 257
1852070 257
1852080 258
1852090 259
1852100 259
1852110 260
1852120 260
1852130 260
1852140 261
1852150 262
1852160 262
1852170 262
1852180 263
1852190 263
1852200 263
1852210 263
1852220 263
1852230 264
1852240 264
1852250 264
1852260 265
1852270 264
1852280 264
1852290 265
1852300 265
1852310 265
1852320 265
1852330 265
1852340 266
1852350 266
1852360 266
1852370 266
1852380 266
1852390 266
1852400 266
1852410 266
1852420 266
1852430 266
1852440 266
1852450 266
1852460 266
1852470 266
1852480 266
1852490 267
1852500 267
1852510 267
1852520 267
1852530 267
1852540 267
1852550 267
1852560 267
1852570 267
1852580 267
1852590 266
1852600 266
1852610 266
1852620 266
1852630 265
1852640 265
1852650 264
1852660 264
1852670 264
1852680 263
1852690 263
1852700 263
1852710 263
1852720 263
1852730 262
1852740 262
1852750 262
1852760 262
1852770 261
1852780 261
1852790 260
1852800 260
1852810 260
1852820 259
1852830 259
1852840 258
1852850 258
1852860 258
1852870 257
1852880 256
1852890 256
1852900 255
1852910 255
1852920 255
1852930 254
1852940 253
1852950 253
1852960 252
1852970 252
1852980 252
1852990 250
1853000 249
1853010 249
1853020 248
1853030 247
1853040 247
1853050 247
1853060 247
1853070 247
1853080 247
1853090 248
1853100 248
1853110 249
1853120 250
1853130 250
1853140 250
1853150 251
1853160 251
1853170 251
1853180 251
1853190 251
1853200 251
1853210 251
1853220 251
1853230 251
1853240 251
1853250 251
1853260 251
1853270 250
1853280 250
1853290 250
1853300 250
1853310 250
1853320 250
1853330 249
1853340 249
1853350 249
1853360 249
1853370 249
1853380 249
1853390 249
1853400 249
1853410 248
1853420 248
1853430 248
1853440 248
1853450 248
1853460 248
1853470 248
1853480 248
1853490 248
1853500 247
1853510 247
1853520 247
1853530 247
1853540 247
1853550 247
1853560 247
1853570 247
1853580 247
1853590 246
1853600 246
1853610 246
1853620 246
1853630 246
1853640 246
1853650 245
1853660 245
1853670 245
1853680 245
1853690 245
1853700 244
1853710 244
1853720 244
1853730 244
1853740 243
1853750 243
1853760 243
1853770 243
1853780 243
1853790 243
1853800 242
1853810 242
1853820 242
1853830 242
1853840 242
1853850 242
1853860 243
1853870 243
1853880 243
1853890 243
1853900 243
1853910 243
1853920 243
1853930 243
1853940 243
1853950 243
1853960 243
1853970 243
1853980 243
1853990 243
1854000 243
1854010 243
1854020 243
1854030 243
1854040 243
1854050 243
1854060 243
1854070 243
1854080 243
1854090 243
1854100 243
1854110 243
1854120 242
1854130 242
1854140 242
1854150 242
1854160 242
1854170 242
1854180 242
1854190 242
1854200 242
1854210 241
1854220 241
1854230 241
1854240 241
1854250 241
1854260 241
1854270 241
1854280 241
1854290 241
1854300 241
1854310 241
1854320 241
1854330 241
1854340 241
1854350 240
1854360 240
1854370 240
1854380 240
1854390 240
1854400 240
1854410 239
1854420 239
1854430 239
1854440 239
1854450 239
1854460 239
1854470 239
1854480 238
1854490 238
1854500 238
1854510 238
1854520 238
1854530 237
1854540 237
1854550 237
1854560 237
1854570 237
1854580 237
1854590 237
1854600 237
1854610 236
1854620 235
1854630 235
1854640 235
1854650 235
1854660 235
1854670 235
1854680 235
1854690 235
1854700 235
1854710 235
1854720 235
1854730 235
1854740 235
1854750 235
1854760 235
1854770 234
1854780 234
1854790 234
1854800 234
1854810 234
1854820 234
1854830 234
1854840 234
1854850 234
1854860 234
1854870 234
1854880 234
1854890 234
1854900 234
1854910 234
1854920 233
1854930 233
1854940 233
1854950 233
1854960 233
1854970 233
1854980 232
1854990 232
1855000 232
1855010 232
1855020 232
1855030 232
1855040 232
1855050 232
1855060 232
1855070 232
1855080 232
1855090 233
1855100 233
1855110 232
1855120 233
1855130 233
1855140 233
1855150 233
1855160 233
1855170 234
1855180 234
1855190 234
1855200 234
1855210 234
1855220 234
1855230 235
1855240 235
1855250 235
1855260 235
1855270 235
1855280 235
1855290 234
1855300 234
1855310 234
1855320 234
1855330 233
1855340 233
1855350 233
1855360 232
1855370 232
1855380 232
1855390 231
1855400 231
1855410 230
1855420 230
1855430 230
1855440 230
1855450 230
1855460 229
1855470 228
1855480 228
1855490 228
1855500 227
1855510 226
1855520 226
1855530 226
1855540 225
1855550 225
1855560 224
1855570 223
1855580 223
1855590 222
1855600 222
1855610 222
1855620 221
1855630 221
1855640 221
1855650 220
1855660 220
1855670 220
1855680 219
1855690 219
1855700 219
1855710 219
1855720 219
1855730 219
1855740 219
1855750 219
1855760 220
1855770 222
1855780 222
1855790 224
1855800 225
1855810 225
1855820 226
1855830 227
1855840 227
1855850 228
1855860 228
1855870 228
1855880 229
1855890 229
1855900 229
1855910 229
1855920 230
1855930 230
1855940 230
1855950 231
1855960 231
1855970 231
1855980 232
1855990 232
1856000 232
1856010 233
1856020 233
1856030 233
1856040 234
1856050 234
1856060 235
1856070 235
1856080 235
1856090 236
1856100 236
1856110 236
1856120 236
1856130 236
1856140 236
1856150 236
1856160 235
1856170 235
1856180 235
1856190 235
1856200 235
1856210 235
1856220 235
1856230 235
1856240 234
1856250 234
1856260 234
1856270 234
1856280 234
1856290 235
1856300 235
1856310 235
1856320 235
1856330 236
1856340 236
1856350 236
1856360 236
1856370 236
1856380 236
1856390 237
1856400 237
1856410 237
1856420 237
1856430 237
1856440 237
1856450 237
1856460 237
1856470 237
1856480 237
1856490 237
1856500 237
1856510 237
1856520 237
1856530 237
1856540 237
1856550 237
1856560 237
1856570 237
1856580 237
1856590 236
1856600 236
1856610 236
1856620 236
1856630 236
1856640 236
1856650 236
1856660 235
1856670 235
1856680 235
1856690 234
1856700 234
1856710 233
1856720 233
1856730 233
1856740 232
1856750 230
1856760 230
1856770 229
1856780 229
1856790 228
1856800 227
1856810 227
1856820 225
1856830 224
1856840 224
1856850 223
1856860 222
1856870 224
1856880 224
1856890 223
1856900 223
1856910 223
1856920 222
1856930 222
1856940 221
1856950 219
1856960 219
1856970 218
1856980 216
1856990 216
1857000 216
1857010 215
1857020 215
1857030 215
1857040 215
1857050 215
1857060 215
1857070 216
1857080 216
1857090 217
1857100 217
1857110 217
1857120 218
1857130 218
1857140 218
1857150 219
1857160 219
1857170 219
1857180 219
1857190 219
1857200 219
1857210 219
1857220 219
1857230 219
1857240 219
1857250 219
1857260 219
1857270 218
1857280 218
1857290 218
1857300 218
1857310 218
1857320 218
1857330 219
1857340 220
1857350 220
1857360 220
1857370 220
1857380 220
1857390 221
1857400 221
1857410 222
1857420 223
1857430 223
1857440 224
1857450 225
1857460 225
1857470 226
1857480 227
1857490 227
1857500 228
1857510 229
1857520 229
1857530 229
1857540 229
1857550 229
1857560 229
1857570 229
1857580 229
1857590 229
1857600 230
1857610 230
1857620 231
1857630 231
1857640 231
1857650 231
1857660 231
1857670 231
1857680 230
1857690 229
1857700 229
1857710 229
1857720 228
1857730 228
1857740 226
1857750 225
1857760 225
1857770 224
1857780 222
1857790 222
1857800 220
1857810 219
1857820 219
1857830 218
1857840 216
1857850 216
1857860 215
1857870 214
1857880 214
1857890 213
1857900 212
1857910 212
1857920 211
1857930 211
1857940 211
1857950 210
1857960 210
1857970 210
1857980 210
1857990 210
1858000 211
1858010 212
1858020 212
1858030 213
1858040 214
1858050 214
1858060 215
1858070 216
1858080 216
1858090 216
1858100 216
1858110 216
1858120 215
1858130 215
1858140 215
1858150 214
1858160 212
1858170 212
1858180 212
1858190 211
1858200 211
1858210 212
1858220 213
1858230 213
1858240 216
1858250 219
1858260 219
1858270 222
1858280 223
1858290 223
1858300 224
1858310 225
1858320 225
1858330 226
1858340 228
1858350 228
1858360 229
1858370 231
1858380 231
1858390 232
1858400 233
1858410 233
1858420 234
1858430 235
1858440 235
1858450 235
1858460 235
1858470 235
1858480 235
1858490 235
1858500 234
1858510 233
1858520 233
1858530 231
1858540 230
1858550 230
1858560 229
1858570 228
1858580 228
1858590 227
1858600 226
1858610 226
1858620 224
1858630 224
1858640 224
1858650 225
1858660 226
1858670 226
1858680 227
1858690 228
1858700 228
1858710 229
1858720 229
1858730 229
1858740 230
1858750 231
1858760 231
1858770 232
1858780 233
1858790 233
1858800 234
1858810 235
1858820 235
1858830 236
1858840 238
1858850 238
1858860 239
1858870 240
1858880 240
1858890 241
1858900 241
1858910 241
1858920 241
1858930 242
1858940 242
1858950 242
1858960 243
1858970 244
1858980 244
1858990 244
1859000 244
1859010 245
1859020 245
1859030 245
1859040 245
1859050 246
1859060 246
1859070 246
1859080 246
1859090 246
1859100 246
1859110 246
1859120 246
1859130 246
1859140 246
1859150 246
1859160 245
1859170 245
1859180 245
1859190 245
1859200 245
1859210 244
1859220 243
1859230 243
1859240 243
1859250 242
1859260 242
1859270 241
1859280 240
1859290 240
1859300 239
1859310 238
1859320 238
1859330 237
1859340 236
1859350 236
1859360 235
1859370 234
1859380 234
1859390 232
1859400 231
1859410 231
1859420 230
1859430 229
1859440 229
1859450 227
1859460 226
1859470 226
1859480 225
1859490 224
1859500 224
1859510 222
1859520 221
1859530 221
1859540 220
1859550 219
1859560 219
1859570 217
1859580 216
1859590 216
1859600 215
1859610 214
1859620 214
1859630 214
1859640 214
1859650 213
1859660 214
1859670 216
1859680 217
1859690 217
1859700 217
1859710 218
1859720 219
1859730 219
1859740 220
1859750 221
1859760 221
1859770 222
1859780 223
1859790 223
1859800 224
1859810 225
1859820 225
1859830 226
1859840 227
1859850 227
1859860 228
1859870 229
1859880 229
1859890 230
1859900 230
1859910 230
1859920 231
1859930 232
1859940 232
1859950 232
1859960 233
1859970 233
1859980 233
1859990 233
