1840000 237
1840010 237
1840020 236
1840030 236
1840040 236
1840050 236
1840060 235
1840070 235
1840080 234
1840090 234
1840100 234
1840110 234
1840120 234
1840130 234
1840140 233
1840150 233
1840160 233
1840170 234
1840180 234
1840190 234
1840200 234
1840210 235
1840220 235
1840230 235
1840240 236
1840250 236
1840260 236
1840270 237
1840280 237
1840290 237
1840300 237
1840310 237
1840320 238
1840330 238
1840340 238
1840350 239
1840360 239
1840370 239
1840380 239
1840390 240
1840400 240
1840410 240
1840420 240
1840430 241
1840440 241
1840450 242
1840460 242
1840470 242
1840480 242
1840490 242
1840500 242
1840510 242
1840520 242
1840530 243
1840540 243
1840550 243
1840560 243
1840570 243
1840580 243
1840590 243
1840600 243
1840610 243
1840620 243
1840630 243
1840640 243
1840650 243
1840660 243
1840670 243
1840680 243
1840690 243
1840700 243
1840710 243
1840720 243
1840730 243
1840740 243
1840750 243
1840760 243
1840770 243
1840780 243
1840790 243
1840800 243
1840810 243
1840820 243
1840830 243
1840840 243
1840850 243
1840860 243
1840870 243
1840880 244
1840890 244
1840900 244
1840910 244
1840920 244
1840930 244
1840940 244
1840950 244
1840960 244
1840970 244
1840980 244
1840990 244
1841000 244
1841010 245
1841020 245
1841030 245
1841040 245
1841050 245
1841060 245
1841070 245
1841080 246
1841090 246
1841100 246
1841110 246
1841120 246
1841130 246
1841140 247
1841150 247
1841160 247
1841170 247
1841180 247
1841190 247
1841200 248
1841210 248
1841220 248
1841230 249
1841240 250
1841250 250
1841260 250
1841270 251
1841280 251
1841290 251
1841300 252
1841310 252
1841320 252
1841330 253
1841340 253
1841350 253
1841360 254
1841370 254
1841380 255
1841390 255
1841400 255
1841410 256
1841420 257
1841430 257
1841440 257
1841450 258
1841460 258
1841470 259
1841480 259
1841490 259
1841500 260
1841510 260
1841520 260
1841530 260
1841540 261
1841550 261
1841560 261
1841570 261
1841580 261
1841590 262
1841600 262
1841610 262
1841620 263
1841630 263
1841640 263
1841650 263
1841660 263
1841670 264
1841680 264
1841690 264
1841700 264
1841710 264
1841720 264
1841730 265
1841740 265
1841750 265
1841760 265
1841770 265
1841780 265
1841790 266
1841800 266
1841810 266
1841820 267
1841830 267
1841840 267
1841850 267
1841860 267
1841870 267
1841880 267
1841890 266
1841900 266
1841910 266
1841920 266
1841930 266
1841940 266
1841950 265
1841960 265
1841970 265
1841980 265
1841990 265
1842000 265
1842010 265
1842020 265
1842030 266
1842040 266
1842050 266
1842060 266
1842070 266
1842080 266
1842090 265
1842100 265
1842110 265
1842120 265
1842130 265
1842140 265
1842150 266
1842160 266
1842170 266
1842180 266
1842190 266
1842200 266
1842210 266
1842220 266
1842230 267
1842240 267
1842250 267
1842260 267
1842270 267
1842280 267
1842290 267
1842300 268
1842310 268
1842320 269
1842330 270
1842340 270
1842350 270
1842360 271
1842370 271
1842380 272
1842390 273
1842400 273
1842410 274
1842420 275
1842430 275
1842440 276
1842450 276
1842460 276
1842470 277
1842480 277
1842490 277
1842500 278
1842510 279
1842520 279
1842530 279
1842540 280
1842550 280
1842560 280
1842570 281
1842580 281
1842590 281
1842600 282
1842610 282
1842620 282
1842630 283
1842640 283
1842650 284
1842660 285
1842670 285
1842680 285
1842690 286
1842700 286
1842710 287
1842720 287
1842730 287
1842740 288
1842750 288
1842760 288
1842770 289
1842780 289
1842790 289
1842800 290
1842810 290
1842820 290
1842830 290
1842840 290
1842850 290
1842860 290
1842870 290
1842880 290
1842890 290
1842900 290
1842910 289
1842920 289
1842930 289
1842940 288
1842950 288
1842960 288
1842970 287
1842980 286
1842990 287
1843000 286
1843010 286
1843020 286
1843030 286
1843040 285
1843050 285
1843060 285
1843070 285
1843080 285
1843090 284
1843100 284
1843110 284
1843120 284
1843130 284
1843140 284
1843150 283
1843160 283
1843170 283
1843180 282
1843190 282
1843200 282
1843210 282
1843220 282
1843230 282
1843240 281
1843250 281
1843260 281
1843270 281
1843280 281
1843290 281
1843300 280
1843310 280
1843320 280
1843330 279
1843340 279
1843350 279
1843360 279
1843370 279
1843380 278
1843390 278
1843400 278
1843410 279
1843420 280
1843430 280
1843440 281
1843450 281
1843460 281
1843470 281
1843480 282
1843490 282
1843500 283
1843510 284
1843520 284
1843530 284
1843540 285
1843550 285
1843560 285
1843570 285
1843580 285
1843590 285
1843600 285
1843610 285
1843620 285
1843630 286
1843640 286
1843650 286
1843660 287
1843670 287
1843680 287
1843690 287
1843700 287
1843710 288
1843720 289
1843730 289
1843740 289
1843750 289
1843760 289
1843770 290
1843780 291
1843790 291
1843800 292
1843810 293
1843820 293
1843830 294
1843840 295
1843850 295
1843860 296
1843870 298
1843880 298
1843890 299
1843900 300
1843910 300
1843920 301
1843930 301
1843940 303
1843950 304
1843960 304
1843970 304
1843980 305
1843990 305
1844000 306
1844010 308
1844020 308
1844030 309
1844040 309
1844050 309
1844060 309
1844070 309
1844080 311
1844090 310
1844100 310
1844110 310
1844120 310
1844130 311
1844140 311
1844150 312
1844160 312
1844170 312
1844180 313
1844190 314
1844200 314
1844210 315
1844220 316
1844230 316
1844240 317
1844250 318
1844260 318
1844270 318
1844280 319
1844290 319
1844300 320
1844310 321
1844320 321
1844330 322
1844340 323
1844350 323
1844360 324
1844370 325
1844380 325
1844390 326
1844400 327
1844410 327
1844420 328
1844430 329
1844440 329
1844450 331
1844460 332
1844470 332
1844480 333
1844490 334
1844500 334
1844510 335
1844520 335
1844530 335
1844540 336
1844550 336
1844560 337
1844570 337
1844580 337
1844590 337
1844600 337
1844610 337
1844620 337
1844630 337
1844640 337
1844650 336
1844660 336
1844670 336
1844680 335
1844690 334
1844700 334
1844710 333
1844720 332
1844730 332
1844740 331
1844750 330
1844760 330
1844770 329
1844780 328
1844790 328
1844800 327
1844810 328
1844820 328
1844830 327
1844840 326
1844850 326
1844860 324
1844870 322
1844880 322
1844890 321
1844900 320
1844910 320
1844920 319
1844930 319
1844940 319
1844950 318
1844960 316
1844970 316
1844980 315
1844990 314
1845000 314
1845010 312
1845020 310
1845030 310
1845040 307
1845050 304
1845060 304
1845070 302
1845080 302
1845090 301
1845100 300
1845110 300
1845120 299
1845130 298
1845140 298
1845150 299
1845160 302
1845170 304
1845180 306
1845190 306
1845200 306
1845210 306
1845220 305
1845230 305
1845240 304
1845250 303
1845260 303
1845270 302
1845280 301
1845290 301
1845300 300
1845310 298
1845320 298
1845330 297
1845340 296
1845350 296
1845360 295
1845370 294
1845380 294
1845390 294
1845400 293
1845410 293
1845420 292
1845430 291
1845440 291
1845450 290
1845460 290
1845470 290
1845480 289
1845490 289
1845500 289
1845510 289
1845520 289
1845530 289
1845540 290
1845550 290
1845560 290
1845570 290
1845580 290
1845590 290
1845600 290
1845610 290
1845620 290
1845630 290
1845640 290
1845650 291
1845660 291
1845670 291
1845680 290
1845690 290
1845700 290
1845710 290
1845720 289
1845730 289
1845740 288
1845750 287
1845760 287
1845770 286
1845780 285
1845790 285
1845800 285
1845810 284
1845820 284
1845830 283
1845840 282
1845850 282
1845860 281
1845870 280
1845880 280
1845890 279
1845900 277
1845910 277
1845920 276
1845930 275
1845940 275
1845950 273
1845960 271
1845970 271
1845980 269
1845990 267
1846000 267
1846010 266
1846020 266
1846030 266
1846040 266
1846050 268
1846060 268
1846070 270
1846080 272
1846090 272
1846100 275
1846110 277
1846120 277
1846130 280
1846140 281
1846150 281
1846160 282
1846170 285
1846180 285
1846190 287
1846200 287
1846210 287
1846220 288
1846230 288
1846240 289
1846250 290
1846260 291
1846270 291
1846280 291
1846290 291
1846300 292
1846310 292
1846320 292
1846330 293
1846340 294
1846350 294
1846360 294
1846370 294
1846380 294
1846390 295
1846400 294
1846410 294
1846420 294
1846430 293
1846440 293
1846450 293
1846460 292
1846470 292
1846480 291
1846490 290
1846500 290
1846510 289
1846520 288
1846530 288
1846540 287
1846550 285
1846560 285
1846570 284
1846580 283
1846590 283
1846600 282
1846610 281
1846620 281
1846630 281
1846640 279
1846650 279
1846660 275
1846670 272
1846680 272
1846690 269
1846700 267
1846710 267
1846720 266
1846730 265
1846740 265
1846750 264
1846760 263
1846770 263
1846780 261
1846790 261
1846800 260
1846810 259
1846820 259
1846830 258
1846840 258
1846850 258
1846860 257
1846870 257
1846880 257
1846890 256
1846900 255
1846910 255
1846920 255
1846930 254
1846940 254
1846950 256
1846960 258
1846970 258
1846980 253
1846990 253
1847000 253
1847010 253
1847020 253
1847030 253
1847040 251
1847050 255
1847060 255
1847070 256
1847080 255
1847090 255
1847100 254
1847110 253
1847120 253
1847130 252
1847140 251
1847150 251
1847160 250
1847170 248
1847180 248
1847190 247
1847200 245
1847210 245
1847220 244
1847230 243
1847240 243
1847250 242
1847260 241
1847270 241
1847280 241
1847290 241
1847300 241
1847310 240
1847320 240
1847330 240
1847340 239
1847350 239
1847360 239
1847370 239
1847380 239
1847390 238
1847400 238
1847410 238
1847420 238
1847430 238
1847440 238
1847450 238
1847460 238
1847470 238
1847480 238
1847490 238
1847500 238
1847510 238
1847520 238
1847530 238
1847540 237
1847550 237
1847560 237
1847570 237
1847580 236
1847590 236
1847600 236
1847610 236
1847620 236
1847630 236
1847640 236
1847650 236
1847660 235
1847670 236
1847680 236
1847690 236
1847700 237
1847710 237
1847720 237
1847730 237
1847740 237
1847750 238
1847760 238
1847770 238
1847780 238
1847790 239
1847800 239
1847810 239
1847820 240
1847830 240
1847840 243
1847850 245
1847860 245
1847870 248
1847880 250
1847890 250
1847900 252
1847910 254
1847920 254
1847930 256
1847940 256
1847950 258
1847960 260
1847970 260
1847980 262
1847990 264
1848000 264
1848010 266
1848020 268
1848030 268
1848040 269
1848050 271
1848060 272
1848070 274
1848080 275
1848090 275
1848100 276
1848110 277
1848120 277
1848130 278
1848140 279
1848150 279
1848160 279
1848170 279
1848180 279
1848190 278
1848200 278
1848210 278
1848220 277
1848230 276
1848240 276
1848250 276
1848260 275
1848270 275
1848280 273
1848290 271
1848300 271
1848310 269
1848320 268
1848330 268
1848340 267
1848350 267
1848360 267
1848370 266
1848380 267
1848390 267
1848400 267
1848410 268
1848420 270
1848430 272
1848440 273
1848450 273
1848460 274
1848470 276
1848480 276
1848490 276
1848500 276
1848510 276
1848520 275
1848530 275
1848540 274
1848550 273
1848560 273
1848570 273
1848580 272
1848590 272
1848600 272
1848610 273
1848620 273
1848630 274
1848640 274
1848650 274
1848660 275
1848670 276
1848680 276
1848690 278
1848700 279
1848710 279
1848720 279
1848730 279
1848740 279
1848750 279
1848760 279
1848770 279
1848780 281
1848790 282
1848800 282
1848810 283
1848820 284
1848830 284
1848840 286
1848850 287
1848860 287
1848870 287
1848880 288
1848890 288
1848900 289
1848910 289
1848920 289
1848930 289
1848940 290
1848950 290
1848960 290
1848970 290
1848980 290
1848990 290
1849000 290
1849010 290
1849020 290
1849030 290
1849040 290
1849050 290
1849060 290
1849070 290
1849080 290
1849090 290
1849100 289
1849110 289
1849120 289
1849130 289
1849140 289
1849150 289
1849160 288
1849170 288
1849180 288
1849190 287
1849200 286
1849210 286
1849220 286
1849230 285
1849240 285
1849250 285
1849260 284
1849270 284
1849280 283
1849290 283
1849300 283
1849310 282
1849320 281
1849330 281
1849340 280
1849350 280
1849360 280
1849370 279
1849380 278
1849390 278
1849400 277
1849410 276
1849420 276
1849430 276
1849440 275
1849450 275
1849460 274
1849470 273
1849480 273
1849490 272
1849500 271
1849510 271
1849520 270
1849530 269
1849540 269
1849550 268
1849560 267
1849570 267
1849580 266
1849590 265
1849600 265
1849610 265
1849620 264
1849630 264
1849640 264
1849650 264
1849660 263
1849670 263
1849680 263
1849690 263
1849700 262
1849710 262
1849720 263
1849730 263
1849740 263
1849750 263
1849760 264
1849770 264
1849780 264
1849790 264
1849800 264
1849810 265
1849820 265
1849830 265
1849840 266
1849850 266
1849860 268
1849870 268
1849880 269
1849890 269
1849900 269
1849910 269
1849920 269
1849930 269
1849940 270
1849950 270
1849960 270
1849970 270
1849980 270
1849990 271
1850000 271
1850010 271
1850020 272
1850030 272
1850040 272
1850050 272
1850060 272
1850070 272
1850080 272
1850090 272
1850100 272
1850110 271
1850120 272
1850130 272
1850140 272
1850150 272
1850160 272
1850170 272
1850180 272
1850190 272
1850200 272
1850210 272
1850220 272
1850230 272
1850240 272
1850250 272
1850260 271
1850270 271
1850280 271
1850290 271
1850300 271
1850310 271
1850320 270
1850330 270
1850340 270
1850350 270
1850360 270
1850370 270
1850380 269
1850390 269
1850400 269
1850410 269
1850420 269
1850430 270
1850440 270
1850450 270
1850460 270
1850470 269
1850480 269
1850490 269
1850500 269
1850510 269
1850520 269
1850530 268
1850540 268
1850550 268
1850560 267
1850570 267
1850580 267
1850590 267
1850600 267
1850610 267
1850620 267
1850630 267
1850640 267
1850650 267
1850660 267
1850670 267
1850680 267
1850690 267
1850700 268
1850710 268
1850720 268
1850730 268
1850740 268
1850750 268
1850760 268
1850770 268
1850780 268
1850790 267
1850800 267
1850810 267
1850820 267
1850830 267
1850840 267
1850850 267
1850860 267
1850870 267
1850880 267
1850890 267
1850900 267
1850910 267
1850920 267
1850930 266
1850940 266
1850950 266
1850960 266
1850970 266
1850980 266
1850990 266
1851000 266
1851010 266
1851020 266
1851030 266
1851040 266
1851050 266
1851060 265
1851070 265
1851080 263
1851090 264
1851100 264
1851110 264
1851120 264
1851130 264
1851140 263
1851150 263
1851160 263
1851170 263
1851180 263
1851190 263
1851200 263
1851210 262
1851220 262
1851230 262
1851240 262
1851250 262
1851260 261
1851270 261
1851280 261
1851290 260
1851300 259
1851310 259
1851320 259
1851330 259
1851340 259
1851350 259
1851360 259
1851370 259
1851380 257
1851390 257
1851400 257
1851410 256
1851420 256
1851430 256
1851440 256
1851450 256
1851460 255
1851470 255
1851480 255
1851490 254
1851500 254
1851510 254
1851520 253
1851530 253
1851540 253
1851550 252
1851560 252
1851570 252
1851580 252
1851590 252
1851600 252
1851610 252
1851620 252
1851630 252
1851640 252
1851650 252
1851660 252
1851670 253
1851680 253
1851690 253
1851700 253
1851710 253
1851720 253
1851730 253
1851740 251
1851750 251
1851760 250
1851770 252
1851780 252
1851790 253
1851800 253
1851810 253
1851820 253
1851830 253
1851840 253
1851850 253
1851860 253
1851870 253
1851880 252
1851890 253
1851900 253
1851910 250
1851920 250
1851930 252
1851940 252
1851950 252
1851960 253
1851970 253
1851980 253
1851990 253
1852000 252
1852010 252
1852020 252
1852030 252
1852040 252
1852050 252
1852060 252
1852070 252
1852080 252
1852090 252
1852100 252
1852110 252
1852120 252
1852130 252
1852140 253
1852150 253
1852160 253
1852170 253
1852180 253
1852190 253
1852200 253
1852210 253
1852220 253
1852230 253
1852240 253
1852250 253
1852260 253
1852270 253
1852280 253
1852290 253
1852300 253
1852310 253
1852320 253
1852330 253
1852340 253
1852350 253
1852360 252
1852370 252
1852380 252
1852390 251
1852400 251
1852410 251
1852420 251
1852430 251
1852440 251
1852450 251
1852460 251
1852470 250
1852480 250
1852490 250
1852500 249
1852510 249
1852520 249
1852530 248
1852540 248
1852550 247
1852560 246
1852570 246
1852580 245
1852590 244
1852600 244
1852610 243
1852620 242
1852630 242
1852640 241
1852650 241
1852660 241
1852670 240
1852680 240
1852690 240
1852700 240
1852710 240
1852720 240
1852730 240
1852740 241
1852750 241
1852760 242
1852770 243
1852780 243
1852790 243
1852800 243
1852810 243
1852820 243
1852830 243
1852840 243
1852850 243
1852860 242
1852870 242
1852880 242
1852890 241
1852900 241
1852910 240
1852920 239
1852930 239
1852940 237
1852950 237
1852960 237
1852970 236
1852980 236
1852990 236
1853000 235
1853010 234
1853020 234
1853030 236
1853040 238
1853050 238
1853060 240
1853070 235
1853080 235
1853090 238
1853100 238
1853110 239
1853120 239
1853130 239
1853140 238
1853150 238
1853160 238
1853170 238
1853180 237
1853190 237
1853200 237
1853210 238
1853220 238
1853230 239
1853240 241
1853250 241
1853260 241
1853270 242
1853280 242
1853290 242
1853300 242
1853310 242
1853320 242
1853330 242
1853340 242
1853350 242
1853360 241
1853370 241
1853380 241
1853390 240
1853400 240
1853410 240
1853420 238
1853430 238
1853440 238
1853450 237
1853460 237
1853470 237
1853480 236
1853490 236
1853500 236
1853510 235
1853520 235
1853530 235
1853540 235
1853550 235
1853560 234
1853570 234
1853580 234
1853590 234
1853600 234
1853610 234
1853620 234
1853630 234
1853640 234
1853650 234
1853660 234
1853670 234
1853680 234
1853690 234
1853700 234
1853710 234
1853720 234
1853730 234
1853740 234
1853750 234
1853760 234
1853770 232
1853780 232
1853790 232
1853800 232
1853810 232
1853820 231
1853830 231
1853840 231
1853850 230
1853860 230
1853870 230
1853880 229
1853890 229
1853900 229
1853910 229
1853920 229
1853930 229
1853940 230
1853950 231
1853960 231
1853970 233
1853980 233
1853990 233
1854000 234
1854010 235
1854020 235
1854030 235
1854040 235
1854050 235
1854060 235
1854070 235
1854080 235
1854090 235
1854100 235
1854110 235
1854120 236
1854130 234
1854140 234
1854150 234
1854160 234
1854170 234
1854180 234
1854190 234
1854200 234
1854210 234
1854220 234
1854230 234
1854240 234
1854250 234
1854260 234
1854270 233
1854280 233
1854290 233
1854300 233
1854310 233
1854320 233
1854330 232
1854340 232
1854350 232
1854360 231
1854370 231
1854380 231
1854390 231
1854400 231
1854410 230
1854420 230
1854430 230
1854440 230
1854450 229
1854460 229
1854470 229
1854480 227
1854490 227
1854500 227
1854510 227
1854520 227
1854530 227
1854540 227
1854550 227
1854560 227
1854570 228
1854580 228
1854590 227
1854600 226
1854610 226
1854620 226
1854630 226
1854640 226
1854650 226
1854660 225
1854670 225
1854680 225
1854690 225
1854700 225
1854710 224
1854720 224
1854730 224
1854740 224
1854750 223
1854760 223
1854770 223
1854780 223
1854790 223
1854800 222
1854810 222
1854820 222
1854830 222
1854840 221
1854850 221
1854860 221
1854870 221
1854880 221
1854890 220
1854900 220
1854910 220
1854920 220
1854930 220
1854940 220
1854950 220
1854960 220
1854970 221
1854980 220
1854990 220
1855000 220
1855010 220
1855020 220
1855030 220
1855040 219
1855050 219
1855060 219
1855070 219
1855080 219
1855090 219
1855100 218
1855110 218
1855120 218
1855130 218
1855140 218
1855150 218
1855160 218
1855170 218
1855180 218
1855190 218
1855200 218
1855210 218
1855220 218
1855230 218
1855240 218
1855250 218
1855260 218
1855270 218
1855280 218
1855290 218
1855300 218
1855310 218
1855320 218
1855330 218
1855340 218
1855350 218
1855360 218
1855370 218
1855380 218
1855390 218
1855400 218
1855410 218
1855420 218
1855430 218
1855440 218
1855450 218
1855460 218
1855470 218
1855480 218
1855490 218
1855500 218
1855510 218
1855520 218
1855530 218
1855540 218
1855550 218
1855560 218
1855570 218
1855580 218
1855590 218
1855600 219
1855610 219
1855620 219
1855630 219
1855640 219
1855650 219
1855660 219
1855670 219
1855680 219
1855690 219
1855700 219
1855710 219
1855720 219
1855730 219
1855740 219
1855750 218
1855760 218
1855770 217
1855780 217
1855790 217
1855800 217
1855810 217
1855820 217
1855830 217
1855840 216
1855850 216
1855860 216
1855870 216
1855880 216
1855890 216
1855900 216
1855910 216
1855920 216
1855930 216
1855940 216
1855950 216
1855960 216
1855970 216
1855980 216
1855990 216
1856000 216
1856010 216
1856020 216
1856030 216
1856040 216
1856050 216
1856060 216
1856070 215
1856080 215
1856090 216
1856100 216
1856110 216
1856120 216
1856130 217
1856140 217
1856150 218
1856160 219
1856170 219
1856180 221
1856190 222
1856200 222
1856210 224
1856220 225
1856230 225
1856240 226
1856250 227
1856260 227
1856270 227
1856280 228
1856290 228
1856300 229
1856310 230
1856320 230
1856330 230
1856340 231
1856350 231
1856360 232
1856370 233
1856380 233
1856390 233
1856400 234
1856410 234
1856420 235
1856430 235
1856440 235
1856450 236
1856460 237
1856470 237
1856480 237
1856490 237
1856500 238
1856510 238
1856520 238
1856530 239
1856540 239
1856550 239
1856560 239
1856570 240
1856580 240
1856590 240
1856600 241
1856610 241
1856620 241
1856630 240
1856640 240
1856650 239
1856660 238
1856670 238
1856680 237
1856690 236
1856700 236
1856710 234
1856720 233
1856730 233
1856740 232
1856750 231
1856760 231
1856770 231
1856780 230
1856790 230
1856800 229
1856810 228
1856820 228
1856830 227
1856840 227
1856850 227
1856860 227
1856870 228
1856880 228
1856890 229
1856900 229
1856910 229
1856920 229
1856930 228
1856940 228
1856950 226
1856960 226
1856970 226
1856980 226
1856990 226
1857000 226
1857010 227
1857020 227
1857030 227
1857040 226
1857050 226
1857060 225
1857070 224
1857080 224
1857090 224
1857100 224
1857110 224
1857120 225
1857130 226
1857140 226
1857150 227
1857160 228
1857170 228
1857180 230
1857190 231
1857200 231
1857210 233
1857220 234
1857230 234
1857240 235
1857250 236
1857260 236
1857270 237
1857280 238
1857290 238
1857300 239
1857310 238
1857320 238
1857330 237
1857340 237
1857350 237
1857360 236
1857370 235
1857380 235
1857390 234
1857400 233
1857410 233
1857420 232
1857430 231
1857440 231
1857450 230
1857460 229
1857470 229
1857480 228
1857490 227
1857500 227
1857510 226
1857520 225
1857530 225
1857540 224
1857550 223
1857560 223
1857570 223
1857580 222
1857590 222
1857600 221
1857610 221
1857620 221
1857630 220
1857640 220
1857650 218
1857660 218
1857670 218
1857680 217
1857690 216
1857700 216
1857710 216
1857720 215
1857730 215
1857740 215
1857750 215
1857760 215
1857770 215
1857780 215
1857790 215
1857800 215
1857810 215
1857820 215
1857830 215
1857840 216
1857850 216
1857860 216
1857870 216
1857880 216
1857890 216
1857900 216
1857910 216
1857920 217
1857930 217
1857940 217
1857950 218
1857960 219
1857970 219
1857980 220
1857990 220
1858000 221
1858010 222
1858020 223
1858030 223
1858040 223
1858050 224
1858060 224
1858070 225
1858080 226
1858090 226
1858100 227
1858110 228
1858120 228
1858130 229
1858140 230
1858150 230
1858160 230
1858170 230
1858180 230
1858190 229
1858200 229
1858210 228
1858220 227
1858230 227
1858240 225
1858250 224
1858260 224
1858270 224
1858280 223
1858290 223
1858300 222
1858310 222
1858320 222
1858330 221
1858340 220
1858350 221
1858360 220
1858370 220
1858380 220
1858390 220
1858400 220
1858410 220
1858420 221
1858430 222
1858440 222
1858450 224
1858460 225
1858470 225
1858480 226
1858490 227
1858500 227
1858510 228
1858520 228
1858530 228
1858540 228
1858550 228
1858560 228
1858570 227
1858580 227
1858590 227
1858600 228
1858610 230
1858620 230
1858630 231
1858640 233
1858650 233
1858660 235
1858670 237
1858680 237
1858690 239
1858700 240
1858710 240
1858720 241
1858730 243
1858740 243
1858750 244
1858760 244
1858770 244
1858780 245
1858790 245
1858800 246
1858810 246
1858820 246
1858830 247
1858840 247
1858850 247
1858860 247
1858870 247
1858880 247
1858890 247
1858900 247
1858910 247
1858920 247
1858930 246
1858940 246
1858950 246
1858960 246
1858970 246
1858980 245
1858990 245
1859000 245
1859010 245
1859020 244
1859030 244
1859040 243
1859050 241
1859060 241
1859070 240
1859080 239
1859090 239
1859100 238
1859110 237
1859120 237
1859130 236
1859140 235
1859150 235
1859160 234
1859170 233
1859180 233
1859190 232
1859200 231
1859210 231
1859220 231
1859230 230
1859240 230
1859250 230
1859260 229
1859270 229
1859280 228
1859290 228
1859300 228
1859310 227
1859320 227
1859330 226
1859340 225
1859350 225
1859360 225
1859370 224
1859380 224
1859390 223
1859400 223
1859410 223
1859420 222
1859430 221
1859440 221
1859450 221
1859460 221
1859470 221
1859480 220
1859490 221
1859500 221
1859510 222
1859520 223
1859530 223
1859540 223
1859550 224
1859560 224
1859570 225
1859580 226
1859590 226
1859600 226
1859610 227
1859620 227
1859630 228
1859640 229
1859650 229
1859660 230
1859670 231
1859680 231
1859690 231
1859700 232
1859710 232
1859720 233
1859730 234
1859740 234
1859750 235
1859760 235
1859770 235
1859780 236
1859790 236
1859800 236
1859810 237
1859820 237
1859830 237
1859840 238
1859850 238
1859860 238
1859870 238
1859880 238
1859890 238
1859900 238
1859910 238
1859920 238
1859930 237
1859940 237
1859950 237
1859960 236
1859970 236
1859980 235
1859990 234
