1840000 237
1840010 237
1840020 237
1840030 237
1840040 237
1840050 237
1840060 237
1840070 237
1840080 237
1840090 237
1840100 237
1840110 237
1840120 237
1840130 237
1840140 237
1840150 237
1840160 237
1840170 237
1840180 237
1840190 237
1840200 237
1840210 237
1840220 237
1840230 237
1840240 237
1840250 237
1840260 237
1840270 237
1840280 237
1840290 237
1840300 237
1840310 237
1840320 237
1840330 237
1840340 237
1840350 237
1840360 237
1840370 237
1840380 237
1840390 237
1840400 237
1840410 237
1840420 237
1840430 237
1840440 238
1840450 238
1840460 238
1840470 238
1840480 238
1840490 238
1840500 239
1840510 239
1840520 239
1840530 239
1840540 240
1840550 240
1840560 240
1840570 240
1840580 240
1840590 240
1840600 240
1840610 240
1840620 241
1840630 241
1840640 241
1840650 242
1840660 242
1840670 242
1840680 242
1840690 242
1840700 242
1840710 243
1840720 243
1840730 243
1840740 243
1840750 243
1840760 244
1840770 244
1840780 244
1840790 245
1840800 245
1840810 245
1840820 245
1840830 246
1840840 246
1840850 246
1840860 247
1840870 247
1840880 247
1840890 248
1840900 248
1840910 248
1840920 249
1840930 249
1840940 250
1840950 250
1840960 250
1840970 251
1840980 252
1840990 252
1841000 253
1841010 253
1841020 253
1841030 254
1841040 254
1841050 254
1841060 254
1841070 254
1841080 254
1841090 254
1841100 254
1841110 254
1841120 254
1841130 254
1841140 254
1841150 253
1841160 253
1841170 253
1841180 253
1841190 252
1841200 252
1841210 252
1841220 252
1841230 252
1841240 251
1841250 251
1841260 251
1841270 251
1841280 251
1841290 251
1841300 251
1841310 251
1841320 251
1841330 251
1841340 251
1841350 251
1841360 251
1841370 251
1841380 252
1841390 252
1841400 252
1841410 251
1841420 251
1841430 251
1841440 251
1841450 251
1841460 251
1841470 251
1841480 251
1841490 251
1841500 250
1841510 250
1841520 250
1841530 250
1841540 250
1841550 250
1841560 250
1841570 251
1841580 251
1841590 251
1841600 251
1841610 251
1841620 251
1841630 251
1841640 251
1841650 251
1841660 251
1841670 251
1841680 251
1841690 251
1841700 251
1841710 252
1841720 252
1841730 252
1841740 252
1841750 252
1841760 252
1841770 253
1841780 253
1841790 253
1841800 253
1841810 253
1841820 253
1841830 253
1841840 253
1841850 253
1841860 254
1841870 254
1841880 254
1841890 254
1841900 254
1841910 255
1841920 255
1841930 255
1841940 255
1841950 256
1841960 256
1841970 256
1841980 256
1841990 256
1842000 256
1842010 256
1842020 256
1842030 257
1842040 257
1842050 257
1842060 257
1842070 257
1842080 257
1842090 258
1842100 258
1842110 258
1842120 258
1842130 259
1842140 259
1842150 259
1842160 259
1842170 259
1842180 260
1842190 260
1842200 260
1842210 260
1842220 261
1842230 261
1842240 261
1842250 261
1842260 261
1842270 262
1842280 262
1842290 262
1842300 262
1842310 263
1842320 263
1842330 263
1842340 264
1842350 264
1842360 264
1842370 265
1842380 265
1842390 265
1842400 266
1842410 266
1842420 266
1842430 266
1842440 267
1842450 267
1842460 268
1842470 269
1842480 269
1842490 269
1842500 270
1842510 270
1842520 270
1842530 271
1842540 271
1842550 271
1842560 272
1842570 272
1842580 272
1842590 273
1842600 273
1842610 273
1842620 273
1842630 274
1842640 274
1842650 274
1842660 274
1842670 274
1842680 275
1842690 275
1842700 275
1842710 276
1842720 276
1842730 276
1842740 277
1842750 277
1842760 277
1842770 278
1842780 279
1842790 279
1842800 279
1842810 280
1842820 280
1842830 280
1842840 281
1842850 281
1842860 281
1842870 282
1842880 282
1842890 283
1842900 283
1842910 283
1842920 284
1842930 285
1842940 285
1842950 286
1842960 286
1842970 286
1842980 287
1842990 287
1843000 288
1843010 289
1843020 289
1843030 291
1843040 292
1843050 292
1843060 293
1843070 294
1843080 294
1843090 295
1843100 297
1843110 297
1843120 299
1843130 300
1843140 300
1843150 301
1843160 302
1843170 302
1843180 303
1843190 305
1843200 305
1843210 305
1843220 305
1843230 305
1843240 305
1843250 306
1843260 306
1843270 306
1843280 307
1843290 307
1843300 307
1843310 308
1843320 308
1843330 308
1843340 307
1843350 307
1843360 307
1843370 307
1843380 307
1843390 306
1843400 306
1843410 306
1843420 306
1843430 306
1843440 306
1843450 306
1843460 306
1843470 306
1843480 306
1843490 305
1843500 305
1843510 305
1843520 305
1843530 305
1843540 306
1843550 307
1843560 307
1843570 307
1843580 307
1843590 307
1843600 306
1843610 306
1843620 305
1843630 306
1843640 306
1843650 309
1843660 310
1843670 310
1843680 312
1843690 313
1843700 313
1843710 315
1843720 317
1843730 317
1843740 319
1843750 320
1843760 320
1843770 322
1843780 323
1843790 323
1843800 326
1843810 328
1843820 328
1843830 330
1843840 331
1843850 331
1843860 331
1843870 332
1843880 332
1843890 333
1843900 335
1843910 335
1843920 336
1843930 338
1843940 338
1843950 339
1843960 340
1843970 340
1843980 341
1843990 342
1844000 342
1844010 343
1844020 344
1844030 344
1844040 345
1844050 346
1844060 346
1844070 348
1844080 349
1844090 349
1844100 350
1844110 351
1844120 351
1844130 351
1844140 351
1844150 352
1844160 353
1844170 353
1844180 354
1844190 355
1844200 355
1844210 356
1844220 357
1844230 357
1844240 358
1844250 358
1844260 358
1844270 359
1844280 361
1844290 361
1844300 361
1844310 362
1844320 362
1844330 362
1844340 363
1844350 363
1844360 363
1844370 363
1844380 363
1844390 364
1844400 364
1844410 364
1844420 364
1844430 365
1844440 365
1844450 365
1844460 365
1844470 365
1844480 365
1844490 366
1844500 366
1844510 366
1844520 366
1844530 366
1844540 366
1844550 366
1844560 366
1844570 365
1844580 365
1844590 365
1844600 365
1844610 365
1844620 365
1844630 364
1844640 364
1844650 364
1844660 364
1844670 362
1844680 362
1844690 361
1844700 361
1844710 360
1844720 358
1844730 358
1844740 356
1844750 355
1844760 355
1844770 353
1844780 351
1844790 351
1844800 349
1844810 347
1844820 347
1844830 345
1844840 344
1844850 344
1844860 343
1844870 344
1844880 344
1844890 344
1844900 344
1844910 344
1844920 344
1844930 344
1844940 344
1844950 344
1844960 344
1844970 344
1844980 343
1844990 343
1845000 343
1845010 344
1845020 343
1845030 343
1845040 342
1845050 341
1845060 341
1845070 340
1845080 339
1845090 339
1845100 338
1845110 337
1845120 337
1845130 336
1845140 336
1845150 336
1845160 335
1845170 335
1845180 335
1845190 334
1845200 334
1845210 334
1845220 333
1845230 332
1845240 332
1845250 331
1845260 331
1845270 331
1845280 329
1845290 329
1845300 328
1845310 327
1845320 327
1845330 326
1845340 325
1845350 325
1845360 324
1845370 323
1845380 323
1845390 323
1845400 322
1845410 322
1845420 321
1845430 321
1845440 321
1845450 321
1845460 320
1845470 320
1845480 319
1845490 319
1845500 319
1845510 318
1845520 317
1845530 317
1845540 316
1845550 315
1845560 315
1845570 315
1845580 315
1845590 315
1845600 316
1845610 316
1845620 316
1845630 316
1845640 316
1845650 316
1845660 317
1845670 317
1845680 317
1845690 317
1845700 317
1845710 317
1845720 317
1845730 316
1845740 316
1845750 315
1845760 315
1845770 315
1845780 314
1845790 313
1845800 313
1845810 313
1845820 313
1845830 312
1845840 311
1845850 311
1845860 311
1845870 310
1845880 310
1845890 309
1845900 309
1845910 309
1845920 308
1845930 307
1845940 307
1845950 306
1845960 305
1845970 305
1845980 305
1845990 304
1846000 304
1846010 303
1846020 302
1846030 302
1846040 302
1846050 301
1846060 301
1846070 300
1846080 299
1846090 297
1846100 296
1846110 295
1846120 295
1846130 293
1846140 293
1846150 293
1846160 292
1846170 291
1846180 291
1846190 291
1846200 290
1846210 290
1846220 289
1846230 288
1846240 288
1846250 287
1846260 286
1846270 286
1846280 283
1846290 282
1846300 282
1846310 281
1846320 280
1846330 280
1846340 279
1846350 277
1846360 277
1846370 275
1846380 275
1846390 274
1846400 273
1846410 273
1846420 272
1846430 271
1846440 271
1846450 269
1846460 266
1846470 266
1846480 265
1846490 265
1846500 265
1846510 264
1846520 262
1846530 262
1846540 262
1846550 261
1846560 261
1846570 261
1846580 260
1846590 260
1846600 260
1846610 260
1846620 260
1846630 260
1846640 259
1846650 259
1846660 259
1846670 259
1846680 259
1846690 258
1846700 258
1846710 258
1846720 258
1846730 258
1846740 258
1846750 257
1846760 257
1846770 257
1846780 257
1846790 257
1846800 257
1846810 258
1846820 259
1846830 259
1846840 259
1846850 260
1846860 260
1846870 260
1846880 261
1846890 261
1846900 262
1846910 263
1846920 263
1846930 263
1846940 263
1846950 263
1846960 262
1846970 262
1846980 261
1846990 262
1847000 262
1847010 263
1847020 264
1847030 264
1847040 265
1847050 265
1847060 265
1847070 265
1847080 266
1847090 266
1847100 267
1847110 266
1847120 266
1847130 265
1847140 265
1847150 265
1847160 266
1847170 269
1847180 270
1847190 274
1847200 278
1847210 278
1847220 282
1847230 286
1847240 286
1847250 288
1847260 290
1847270 290
1847280 291
1847290 292
1847300 292
1847310 292
1847320 292
1847330 292
1847340 291
1847350 291
1847360 291
1847370 293
1847380 295
1847390 295
1847400 297
1847410 298
1847420 298
1847430 298
1847440 298
1847450 298
1847460 299
1847470 300
1847480 300
1847490 301
1847500 302
1847510 302
1847520 303
1847530 303
1847540 305
1847550 305
1847560 305
1847570 305
1847580 305
1847590 305
1847600 304
1847610 304
1847620 304
1847630 304
1847640 303
1847650 303
1847660 303
1847670 302
1847680 302
1847690 302
1847700 302
1847710 302
1847720 301
1847730 301
1847740 301
1847750 300
1847760 300
1847770 300
1847780 299
1847790 299
1847800 299
1847810 298
1847820 297
1847830 297
1847840 297
1847850 296
1847860 296
1847870 295
1847880 295
1847890 295
1847900 292
1847910 291
1847920 291
1847930 290
1847940 289
1847950 289
1847960 285
1847970 280
1847980 280
1847990 282
1848000 284
1848010 284
1848020 283
1848030 282
1848040 282
1848050 280
1848060 279
1848070 279
1848080 277
1848090 277
1848100 276
1848110 274
1848120 274
1848130 276
1848140 278
1848150 278
1848160 280
1848170 282
1848180 282
1848190 285
1848200 286
1848210 286
1848220 287
1848230 287
1848240 287
1848250 286
1848260 285
1848270 285
1848280 284
1848290 283
1848300 283
1848310 282
1848320 280
1848330 280
1848340 279
1848350 277
1848360 277
1848370 275
1848380 273
1848390 273
1848400 271
1848410 269
1848420 269
1848430 267
1848440 266
1848450 266
1848460 266
1848470 265
1848480 265
1848490 265
1848500 266
1848510 266
1848520 266
1848530 267
1848540 267
1848550 267
1848560 270
1848570 270
1848580 272
1848590 273
1848600 273
1848610 274
1848620 272
1848630 272
1848640 272
1848650 272
1848660 272
1848670 271
1848680 271
1848690 271
1848700 270
1848710 270
1848720 270
1848730 269
1848740 269
1848750 268
1848760 267
1848770 267
1848780 266
1848790 263
1848800 263
1848810 261
1848820 261
1848830 261
1848840 260
1848850 259
1848860 259
1848870 258
1848880 257
1848890 257
1848900 257
1848910 256
1848920 256
1848930 256
1848940 255
1848950 255
1848960 255
1848970 255
1848980 255
1848990 255
1849000 255
1849010 255
1849020 254
1849030 254
1849040 254
1849050 254
1849060 254
1849070 254
1849080 254
1849090 253
1849100 253
1849110 253
1849120 253
1849130 253
1849140 253
1849150 253
1849160 253
1849170 253
1849180 253
1849190 253
1849200 253
1849210 253
1849220 252
1849230 252
1849240 252
1849250 252
1849260 252
1849270 252
1849280 252
1849290 252
1849300 252
1849310 253
1849320 253
1849330 252
1849340 253
1849350 252
1849360 252
1849370 251
1849380 250
1849390 250
1849400 250
1849410 250
1849420 250
1849430 249
1849440 249
1849450 249
1849460 249
1849470 249
1849480 249
1849490 248
1849500 248
1849510 248
1849520 248
1849530 248
1849540 248
1849550 248
1849560 248
1849570 248
1849580 248
1849590 248
1849600 248
1849610 248
1849620 248
1849630 248
1849640 248
1849650 248
1849660 248
1849670 248
1849680 248
1849690 248
1849700 248
1849710 248
1849720 248
1849730 249
1849740 249
1849750 249
1849760 249
1849770 249
1849780 248
1849790 248
1849800 248
1849810 248
1849820 247
1849830 247
1849840 247
1849850 247
1849860 247
1849870 248
1849880 248
1849890 248
1849900 248
1849910 248
1849920 248
1849930 248
1849940 248
1849950 248
1849960 248
1849970 248
1849980 248
1849990 248
1850000 248
1850010 248
1850020 248
1850030 248
1850040 248
1850050 249
1850060 249
1850070 249
1850080 249
1850090 249
1850100 249
1850110 250
1850120 251
1850130 251
1850140 251
1850150 252
1850160 252
1850170 252
1850180 253
1850190 253
1850200 253
1850210 253
1850220 253
1850230 253
1850240 253
1850250 253
1850260 254
1850270 254
1850280 254
1850290 255
1850300 255
1850310 255
1850320 255
1850330 256
1850340 256
1850350 256
1850360 256
1850370 256
1850380 256
1850390 256
1850400 256
1850410 258
1850420 258
1850430 258
1850440 258
1850450 258
1850460 258
1850470 258
1850480 258
1850490 257
1850500 257
1850510 257
1850520 256
1850530 255
1850540 255
1850550 254
1850560 253
1850570 253
1850580 253
1850590 254
1850600 254
1850610 255
1850620 255
1850630 255
1850640 256
1850650 256
1850660 256
1850670 254
1850680 252
1850690 252
1850700 251
1850710 250
1850720 250
1850730 249
1850740 247
1850750 247
1850760 246
1850770 248
1850780 248
1850790 248
1850800 248
1850810 248
1850820 249
1850830 249
1850840 249
1850850 249
1850860 250
1850870 250
1850880 250
1850890 251
1850900 251
1850910 252
1850920 252
1850930 253
1850940 254
1850950 254
1850960 254
1850970 255
1850980 255
1850990 255
1851000 255
1851010 255
1851020 255
1851030 255
1851040 255
1851050 254
1851060 253
1851070 253
1851080 253
1851090 253
1851100 253
1851110 253
1851120 255
1851130 255
1851140 255
1851150 255
1851160 255
1851170 255
1851180 255
1851190 255
1851200 254
1851210 254
1851220 254
1851230 254
1851240 254
1851250 254
1851260 255
1851270 255
1851280 255
1851290 255
1851300 255
1851310 255
1851320 254
1851330 254
1851340 254
1851350 254
1851360 254
1851370 254
1851380 254
1851390 254
1851400 254
1851410 253
1851420 253
1851430 253
1851440 253
1851450 252
1851460 252
1851470 252
1851480 252
1851490 252
1851500 251
1851510 251
1851520 250
1851530 250
1851540 250
1851550 249
1851560 249
1851570 249
1851580 248
1851590 248
1851600 248
1851610 247
1851620 246
1851630 246
1851640 246
1851650 245
1851660 245
1851670 245
1851680 244
1851690 244
1851700 243
1851710 242
1851720 242
1851730 240
1851740 240
1851750 240
1851760 239
1851770 239
1851780 239
1851790 239
1851800 239
1851810 239
1851820 237
1851830 236
1851840 235
1851850 235
1851860 235
1851870 235
1851880 235
1851890 235
1851900 235
1851910 235
1851920 234
1851930 234
1851940 234
1851950 235
1851960 235
1851970 235
1851980 235
1851990 235
1852000 234
1852010 235
1852020 235
1852030 234
1852040 234
1852050 234
1852060 234
1852070 234
1852080 235
1852090 237
1852100 237
1852110 242
1852120 245
1852130 245
1852140 242
1852150 236
1852160 236
1852170 235
1852180 235
1852190 235
1852200 235
1852210 235
1852220 235
1852230 235
1852240 235
1852250 235
1852260 236
1852270 236
1852280 236
1852290 237
1852300 237
1852310 237
1852320 238
1852330 239
1852340 239
1852350 239
1852360 240
1852370 240
1852380 241
1852390 241
1852400 241
1852410 242
1852420 242
1852430 242
1852440 243
1852450 243
1852460 243
1852470 244
1852480 245
1852490 245
1852500 245
1852510 246
1852520 246
1852530 246
1852540 246
1852550 247
1852560 248
1852570 248
1852580 248
1852590 248
1852600 248
1852610 249
1852620 249
1852630 249
1852640 249
1852650 250
1852660 250
1852670 250
1852680 250
1852690 250
1852700 250
1852710 250
1852720 250
1852730 251
1852740 251
1852750 251
1852760 251
1852770 251
1852780 251
1852790 251
1852800 251
1852810 251
1852820 250
1852830 250
1852840 250
1852850 250
1852860 250
1852870 250
1852880 249
1852890 249
1852900 250
1852910 249
1852920 249
1852930 249
1852940 249
1852950 249
1852960 249
1852970 249
1852980 250
1852990 250
1853000 250
1853010 250
1853020 250
1853030 250
1853040 250
1853050 250
1853060 249
1853070 248
1853080 248
1853090 246
1853100 244
1853110 244
1853120 242
1853130 241
1853140 241
1853150 239
1853160 239
1853170 239
1853180 239
1853190 239
1853200 240
1853210 241
1853220 241
1853230 242
1853240 243
1853250 243
1853260 245
1853270 246
1853280 246
1853290 248
1853300 249
1853310 249
1853320 250
1853330 250
1853340 250
1853350 251
1853360 251
1853370 251
1853380 251
1853390 252
1853400 252
1853410 252
1853420 252
1853430 252
1853440 252
1853450 253
1853460 253
1853470 253
1853480 252
1853490 252
1853500 252
1853510 252
1853520 252
1853530 252
1853540 252
1853550 252
1853560 251
1853570 251
1853580 251
1853590 250
1853600 249
1853610 249
1853620 248
1853630 247
1853640 247
1853650 246
1853660 245
1853670 245
1853680 244
1853690 243
1853700 243
1853710 242
1853720 242
1853730 241
1853740 240
1853750 240
1853760 239
1853770 237
1853780 237
1853790 236
1853800 235
1853810 235
1853820 234
1853830 233
1853840 233
1853850 232
1853860 232
1853870 232
1853880 232
1853890 232
1853900 232
1853910 232
1853920 233
1853930 233
1853940 235
1853950 237
1853960 237
1853970 239
1853980 239
1853990 239
1854000 240
1854010 240
1854020 240
1854030 240
1854040 240
1854050 240
1854060 241
1854070 242
1854080 242
1854090 242
1854100 242
1854110 242
1854120 243
1854130 242
1854140 242
1854150 242
1854160 242
1854170 242
1854180 241
1854190 241
1854200 241
1854210 240
1854220 240
1854230 240
1854240 240
1854250 239
1854260 239
1854270 239
1854280 238
1854290 238
1854300 238
1854310 238
1854320 239
1854330 239
1854340 239
1854350 238
1854360 238
1854370 238
1854380 238
1854390 238
1854400 238
1854410 238
1854420 238
1854430 238
1854440 238
1854450 238
1854460 238
1854470 238
1854480 239
1854490 239
1854500 240
1854510 240
1854520 240
1854530 240
1854540 241
1854550 241
1854560 241
1854570 242
1854580 242
1854590 242
1854600 242
1854610 242
1854620 242
1854630 242
1854640 242
1854650 242
1854660 242
1854670 244
1854680 244
1854690 243
1854700 243
1854710 243
1854720 244
1854730 244
1854740 244
1854750 244
1854760 244
1854770 243
1854780 243
1854790 243
1854800 243
1854810 242
1854820 242
1854830 242
1854840 241
1854850 241
1854860 240
1854870 240
1854880 240
1854890 239
1854900 239
1854910 238
1854920 237
1854930 237
1854940 237
1854950 236
1854960 236
1854970 235
1854980 235
1854990 235
1855000 235
1855010 234
1855020 234
1855030 234
1855040 233
1855050 233
1855060 233
1855070 233
1855080 233
1855090 233
1855100 233
1855110 233
1855120 233
1855130 233
1855140 233
1855150 233
1855160 233
1855170 233
1855180 234
1855190 234
1855200 234
1855210 234
1855220 234
1855230 234
1855240 234
1855250 234
1855260 234
1855270 234
1855280 233
1855290 233
1855300 233
1855310 232
1855320 232
1855330 231
1855340 230
1855350 230
1855360 229
1855370 228
1855380 228
1855390 227
1855400 226
1855410 226
1855420 225
1855430 225
1855440 224
1855450 223
1855460 223
1855470 222
1855480 221
1855490 221
1855500 220
1855510 220
1855520 220
1855530 219
1855540 219
1855550 219
1855560 220
1855570 222
1855580 222
1855590 220
1855600 218
1855610 218
1855620 217
1855630 217
1855640 217
1855650 216
1855660 216
1855670 216
1855680 215
1855690 215
1855700 215
1855710 215
1855720 215
1855730 215
1855740 214
1855750 214
1855760 214
1855770 214
1855780 214
1855790 214
1855800 214
1855810 214
1855820 214
1855830 214
1855840 214
1855850 214
1855860 213
1855870 213
1855880 213
1855890 213
1855900 212
1855910 212
1855920 212
1855930 212
1855940 212
1855950 212
1855960 212
1855970 212
1855980 212
1855990 212
1856000 212
1856010 212
1856020 212
1856030 213
1856040 212
1856050 212
1856060 212
1856070 212
1856080 212
1856090 212
1856100 212
1856110 212
1856120 213
1856130 214
1856140 214
1856150 214
1856160 214
1856170 214
1856180 214
1856190 215
1856200 215
1856210 216
1856220 217
1856230 217
1856240 218
1856250 219
1856260 219
1856270 220
1856280 220
1856290 220
1856300 221
1856310 221
1856320 221
1856330 221
1856340 221
1856350 221
1856360 221
1856370 221
1856380 221
1856390 222
1856400 223
1856410 223
1856420 224
1856430 225
1856440 225
1856450 226
1856460 227
1856470 227
1856480 228
1856490 230
1856500 230
1856510 231
1856520 232
1856530 232
1856540 233
1856550 233
1856560 234
1856570 235
1856580 235
1856590 237
1856600 238
1856610 238
1856620 239
1856630 240
1856640 240
1856650 241
1856660 243
1856670 243
1856680 244
1856690 246
1856700 246
1856710 247
1856720 248
1856730 248
1856740 249
1856750 250
1856760 250
1856770 251
1856780 252
1856790 250
1856800 252
1856810 253
1856820 253
1856830 253
1856840 254
1856850 254
1856860 254
1856870 254
1856880 254
1856890 254
1856900 254
1856910 254
1856920 254
1856930 254
1856940 254
1856950 253
1856960 253
1856970 253
1856980 252
1856990 251
1857000 251
1857010 250
1857020 248
1857030 248
1857040 247
1857050 246
1857060 246
1857070 245
1857080 244
1857090 244
1857100 243
1857110 243
1857120 242
1857130 242
1857140 243
1857150 243
1857160 243
1857170 243
1857180 243
1857190 243
1857200 243
1857210 243
1857220 243
1857230 243
1857240 242
1857250 241
1857260 241
1857270 240
1857280 238
1857290 238
1857300 237
1857310 236
1857320 236
1857330 235
1857340 234
1857350 234
1857360 234
1857370 233
1857380 233
1857390 233
1857400 232
1857410 232
1857420 233
1857430 233
1857440 233
1857450 235
1857460 237
1857470 237
1857480 238
1857490 240
1857500 240
1857510 243
1857520 245
1857530 245
1857540 247
1857550 248
1857560 248
1857570 249
1857580 250
1857590 250
1857600 250
1857610 250
1857620 250
1857630 250
1857640 249
1857650 249
1857660 249
1857670 249
1857680 247
1857690 246
1857700 246
1857710 245
1857720 244
1857730 244
1857740 242
1857750 241
1857760 241
1857770 240
1857780 238
1857790 238
1857800 237
1857810 236
1857820 236
1857830 235
1857840 234
1857850 234
1857860 234
1857870 233
1857880 233
1857890 232
1857900 231
1857910 231
1857920 230
1857930 229
1857940 229
1857950 229
1857960 228
1857970 228
1857980 228
1857990 228
1858000 228
1858010 228
1858020 228
1858030 228
1858040 228
1858050 227
1858060 227
1858070 226
1858080 225
1858090 225
1858100 225
1858110 226
1858120 226
1858130 226
1858140 227
1858150 227
1858160 229
1858170 230
1858180 230
1858190 231
1858200 233
1858210 233
1858220 234
1858230 234
1858240 235
1858250 237
1858260 237
1858270 239
1858280 240
1858290 240
1858300 241
1858310 242
1858320 242
1858330 243
1858340 244
1858350 244
1858360 245
1858370 245
1858380 245
1858390 246
1858400 247
1858410 247
1858420 247
1858430 247
1858440 247
1858450 246
1858460 246
1858470 246
1858480 246
1858490 246
1858500 246
1858510 247
1858520 247
1858530 247
1858540 247
1858550 247
1858560 247
1858570 248
1858580 248
1858590 248
1858600 249
1858610 249
1858620 249
1858630 249
1858640 249
1858650 249
1858660 249
1858670 249
1858680 249
1858690 249
1858700 250
1858710 250
1858720 250
1858730 249
1858740 249
1858750 249
1858760 250
1858770 250
1858780 250
1858790 250
1858800 250
1858810 250
1858820 250
1858830 250
1858840 250
1858850 250
1858860 251
1858870 251
1858880 251
1858890 250
1858900 250
1858910 250
1858920 250
1858930 250
1858940 250
1858950 250
1858960 250
1858970 250
1858980 250
1858990 251
1859000 251
1859010 251
1859020 251
1859030 251
1859040 250
1859050 250
1859060 250
1859070 250
1859080 249
1859090 249
1859100 249
1859110 248
1859120 248
1859130 247
1859140 247
1859150 247
1859160 246
1859170 245
1859180 245
1859190 244
1859200 243
1859210 243
1859220 242
1859230 242
1859240 240
1859250 238
1859260 237
1859270 237
1859280 236
1859290 235
1859300 235
1859310 234
1859320 233
1859330 233
1859340 232
1859350 232
1859360 231
1859370 230
1859380 230
1859390 229
1859400 229
1859410 229
1859420 229
1859430 230
1859440 230
1859450 231
1859460 232
1859470 232
1859480 234
1859490 236
1859500 236
1859510 238
1859520 241
1859530 241
1859540 242
1859550 244
1859560 244
1859570 245
1859580 246
1859590 246
1859600 247
1859610 247
1859620 247
1859630 248
1859640 248
1859650 248
1859660 249
1859670 249
1859680 249
1859690 249
1859700 249
1859710 249
1859720 249
1859730 249
1859740 249
1859750 249
1859760 249
1859770 249
1859780 249
1859790 248
1859800 248
1859810 248
1859820 247
1859830 247
1859840 247
1859850 246
1859860 246
1859870 246
1859880 245
1859890 245
1859900 244
1859910 244
1859920 244
1859930 243
1859940 242
1859950 242
1859960 241
1859970 241
1859980 240
1859990 239
