1840000 238
1840010 239
1840020 239
1840030 239
1840040 239
1840050 239
1840060 239
1840070 239
1840080 239
1840090 239
1840100 239
1840110 239
1840120 238
1840130 238
1840140 238
1840150 238
1840160 238
1840170 238
1840180 238
1840190 238
1840200 238
1840210 238
1840220 238
1840230 238
1840240 238
1840250 238
1840260 238
1840270 238
1840280 238
1840290 238
1840300 238
1840310 238
1840320 238
1840330 238
1840340 238
1840350 238
1840360 238
1840370 238
1840380 238
1840390 238
1840400 238
1840410 238
1840420 238
1840430 238
1840440 238
1840450 238
1840460 238
1840470 238
1840480 238
1840490 239
1840500 239
1840510 239
1840520 239
1840530 239
1840540 239
1840550 239
1840560 239
1840570 240
1840580 240
1840590 240
1840600 240
1840610 240
1840620 240
1840630 241
1840640 241
1840650 241
1840660 241
1840670 241
1840680 242
1840690 242
1840700 242
1840710 242
1840720 243
1840730 243
1840740 243
1840750 244
1840760 244
1840770 244
1840780 244
1840790 244
1840800 245
1840810 245
1840820 245
1840830 245
1840840 246
1840850 246
1840860 246
1840870 247
1840880 247
1840890 247
1840900 247
1840910 248
1840920 248
1840930 248
1840940 249
1840950 249
1840960 249
1840970 250
1840980 250
1840990 250
1841000 251
1841010 251
1841020 251
1841030 252
1841040 252
1841050 252
1841060 252
1841070 252
1841080 252
1841090 252
1841100 252
1841110 252
1841120 252
1841130 252
1841140 252
1841150 252
1841160 252
1841170 252
1841180 251
1841190 251
1841200 251
1841210 251
1841220 251
1841230 251
1841240 251
1841250 250
1841260 250
1841270 250
1841280 250
1841290 250
1841300 251
1841310 250
1841320 250
1841330 251
1841340 251
1841350 251
1841360 251
1841370 250
1841380 250
1841390 250
1841400 250
1841410 250
1841420 250
1841430 251
1841440 251
1841450 251
1841460 250
1841470 250
1841480 250
1841490 250
1841500 250
1841510 250
1841520 250
1841530 250
1841540 250
1841550 250
1841560 250
1841570 251
1841580 251
1841590 251
1841600 251
1841610 251
1841620 251
1841630 251
1841640 251
1841650 251
1841660 251
1841670 251
1841680 251
1841690 251
1841700 251
1841710 251
1841720 252
1841730 252
1841740 252
1841750 252
1841760 252
1841770 252
1841780 252
1841790 252
1841800 253
1841810 253
1841820 253
1841830 253
1841840 253
1841850 253
1841860 254
1841870 254
1841880 254
1841890 254
1841900 255
1841910 255
1841920 255
1841930 255
1841940 255
1841950 255
1841960 256
1841970 256
1841980 256
1841990 256
1842000 256
1842010 257
1842020 257
1842030 257
1842040 257
1842050 257
1842060 257
1842070 258
1842080 258
1842090 258
1842100 258
1842110 258
1842120 258
1842130 259
1842140 259
1842150 259
1842160 259
1842170 259
1842180 260
1842190 260
1842200 260
1842210 260
1842220 261
1842230 261
1842240 261
1842250 261
1842260 261
1842270 262
1842280 262
1842290 262
1842300 263
1842310 263
1842320 263
1842330 263
1842340 264
1842350 264
1842360 264
1842370 265
1842380 265
1842390 265
1842400 265
1842410 265
1842420 266
1842430 266
1842440 266
1842450 267
1842460 267
1842470 267
1842480 268
1842490 268
1842500 268
1842510 269
1842520 269
1842530 269
1842540 270
1842550 270
1842560 270
1842570 271
1842580 271
1842590 271
1842600 272
1842610 272
1842620 272
1842630 273
1842640 273
1842650 273
1842660 274
1842670 274
1842680 274
1842690 275
1842700 275
1842710 275
1842720 276
1842730 276
1842740 276
1842750 277
1842760 277
1842770 278
1842780 278
1842790 278
1842800 279
1842810 279
1842820 279
1842830 280
1842840 281
1842850 281
1842860 281
1842870 282
1842880 282
1842890 283
1842900 284
1842910 284
1842920 285
1842930 286
1842940 286
1842950 287
1842960 288
1842970 288
1842980 289
1842990 290
1843000 290
1843010 291
1843020 292
1843030 292
1843040 293
1843050 293
1843060 293
1843070 294
1843080 295
1843090 295
1843100 296
1843110 296
1843120 296
1843130 299
1843140 300
1843150 300
1843160 301
1843170 301
1843180 302
1843190 302
1843200 302
1843210 303
1843220 303
1843230 303
1843240 303
1843250 304
1843260 304
1843270 304
1843280 305
1843290 305
1843300 305
1843310 304
1843320 304
1843330 304
1843340 304
1843350 304
1843360 303
1843370 303
1843380 303
1843390 302
1843400 302
1843410 302
1843420 303
1843430 303
1843440 303
1843450 304
1843460 304
1843470 304
1843480 303
1843490 303
1843500 303
1843510 303
1843520 303
1843530 303
1843540 303
1843550 304
1843560 304
1843570 303
1843580 304
1843590 304
1843600 306
1843610 307
1843620 307
1843630 309
1843640 311
1843650 311
1843660 313
1843670 315
1843680 315
1843690 317
1843700 319
1843710 319
1843720 320
1843730 322
1843740 322
1843750 323
1843760 323
1843770 324
1843780 325
1843790 325
1843800 326
1843810 327
1843820 327
1843830 328
1843840 330
1843850 330
1843860 331
1843870 332
1843880 332
1843890 333
1843900 334
1843910 334
1843920 335
1843930 336
1843940 336
1843950 337
1843960 338
1843970 338
1843980 339
1843990 340
1844000 340
1844010 341
1844020 342
1844030 342
1844040 343
1844050 344
1844060 344
1844070 346
1844080 347
1844090 347
1844100 348
1844110 348
1844120 348
1844130 349
1844140 350
1844150 351
1844160 352
1844170 353
1844180 353
1844190 353
1844200 354
1844210 354
1844220 355
1844230 356
1844240 356
1844250 356
1844260 357
1844270 357
1844280 358
1844290 358
1844300 358
1844310 359
1844320 359
1844330 359
1844340 359
1844350 359
1844360 360
1844370 360
1844380 360
1844390 361
1844400 361
1844410 361
1844420 361
1844430 362
1844440 362
1844450 362
1844460 363
1844470 363
1844480 363
1844490 363
1844500 363
1844510 364
1844520 364
1844530 364
1844540 364
1844550 364
1844560 364
1844570 364
1844580 364
1844590 364
1844600 364
1844610 363
1844620 363
1844630 363
1844640 363
1844650 363
1844660 362
1844670 362
1844680 362
1844690 361
1844700 359
1844710 359
1844720 358
1844730 356
1844740 356
1844750 354
1844760 352
1844770 352
1844780 350
1844790 348
1844800 348
1844810 346
1844820 345
1844830 345
1844840 343
1844850 341
1844860 341
1844870 340
1844880 340
1844890 340
1844900 340
1844910 340
1844920 340
1844930 340
1844940 340
1844950 339
1844960 339
1844970 339
1844980 338
1844990 338
1845000 338
1845010 337
1845020 336
1845030 336
1845040 335
1845050 335
1845060 335
1845070 334
1845080 334
1845090 334
1845100 333
1845110 332
1845120 332
1845130 332
1845140 331
1845150 331
1845160 330
1845170 329
1845180 329
1845190 328
1845200 328
1845210 328
1845220 327
1845230 326
1845240 328
1845250 327
1845260 326
1845270 326
1845280 326
1845290 326
1845300 326
1845310 325
1845320 324
1845330 324
1845340 323
1845350 323
1845360 323
1845370 323
1845380 322
1845390 322
1845400 322
1845410 321
1845420 321
1845430 321
1845440 321
1845450 320
1845460 319
1845470 319
1845480 318
1845490 317
1845500 317
1845510 316
1845520 314
1845530 314
1845540 313
1845550 312
1845560 312
1845570 311
1845580 311
1845590 311
1845600 312
1845610 312
1845620 312
1845630 313
1845640 314
1845650 314
1845660 314
1845670 315
1845680 315
1845690 316
1845700 316
1845710 316
1845720 317
1845730 317
1845740 317
1845750 317
1845760 317
1845770 317
1845780 317
1845790 317
1845800 317
1845810 316
1845820 316
1845830 316
1845840 315
1845850 315
1845860 315
1845870 314
1845880 314
1845890 314
1845900 313
1845910 313
1845920 313
1845930 312
1845940 311
1845950 311
1845960 309
1845970 308
1845980 308
1845990 308
1846000 308
1846010 307
1846020 306
1846030 306
1846040 305
1846050 305
1846060 305
1846070 304
1846080 303
1846090 303
1846100 302
1846110 301
1846120 301
1846130 300
1846140 299
1846150 299
1846160 299
1846170 298
1846180 298
1846190 298
1846200 297
1846210 297
1846220 296
1846230 295
1846240 295
1846250 293
1846260 292
1846270 292
1846280 291
1846290 290
1846300 290
1846310 288
1846320 285
1846330 285
1846340 283
1846350 282
1846360 282
1846370 280
1846380 279
1846390 279
1846400 278
1846410 276
1846420 276
1846430 275
1846440 274
1846450 274
1846460 273
1846470 272
1846480 272
1846490 271
1846500 271
1846510 271
1846520 270
1846530 269
1846540 269
1846550 268
1846560 267
1846570 267
1846580 266
1846590 266
1846600 265
1846610 264
1846620 264
1846630 263
1846640 262
1846650 262
1846660 261
1846670 259
1846680 258
1846690 257
1846700 257
1846710 257
1846720 256
1846730 256
1846740 256
1846750 256
1846760 256
1846770 256
1846780 256
1846790 256
1846800 256
1846810 256
1846820 257
1846830 257
1846840 257
1846850 256
1846860 256
1846870 256
1846880 256
1846890 256
1846900 256
1846910 256
1846920 256
1846930 256
1846940 256
1846950 256
1846960 256
1846970 256
1846980 256
1846990 256
1847000 256
1847010 256
1847020 256
1847030 256
1847040 256
1847050 258
1847060 259
1847070 259
1847080 260
1847090 260
1847100 260
1847110 260
1847120 259
1847130 259
1847140 260
1847150 260
1847160 263
1847170 266
1847180 266
1847190 270
1847200 273
1847210 273
1847220 276
1847230 278
1847240 278
1847250 281
1847260 283
1847270 283
1847280 283
1847290 282
1847300 282
1847310 282
1847320 281
1847330 281
1847340 281
1847350 283
1847360 283
1847370 286
1847380 289
1847390 289
1847400 290
1847410 293
1847420 293
1847430 292
1847440 292
1847450 292
1847460 292
1847470 293
1847480 293
1847490 295
1847500 297
1847510 297
1847520 299
1847530 302
1847540 302
1847550 304
1847560 305
1847570 305
1847580 305
1847590 306
1847600 306
1847610 305
1847620 305
1847630 305
1847640 305
1847650 305
1847660 305
1847670 304
1847680 304
1847690 304
1847700 303
1847710 303
1847720 303
1847730 303
1847740 303
1847750 302
1847760 302
1847770 301
1847780 301
1847790 300
1847800 300
1847810 300
1847820 299
1847830 299
1847840 299
1847850 298
1847860 298
1847870 298
1847880 297
1847890 297
1847900 296
1847910 295
1847920 295
1847930 292
1847940 292
1847950 292
1847960 292
1847970 291
1847980 291
1847990 291
1848000 290
1848010 290
1848020 289
1848030 287
1848040 287
1848050 286
1848060 284
1848070 284
1848080 282
1848090 281
1848100 281
1848110 279
1848120 278
1848130 278
1848140 280
1848150 282
1848160 282
1848170 284
1848180 286
1848190 286
1848200 287
1848210 288
1848220 288
1848230 287
1848240 287
1848250 287
1848260 286
1848270 286
1848280 284
1848290 283
1848300 283
1848310 281
1848320 279
1848330 279
1848340 277
1848350 275
1848360 275
1848370 272
1848380 271
1848390 271
1848400 270
1848410 269
1848420 269
1848430 269
1848440 270
1848450 270
1848460 269
1848470 268
1848480 268
1848490 267
1848500 269
1848510 269
1848520 269
1848530 270
1848540 270
1848550 270
1848560 272
1848570 272
1848580 274
1848590 275
1848600 275
1848610 276
1848620 277
1848630 277
1848640 277
1848650 277
1848660 277
1848670 277
1848680 277
1848690 277
1848700 276
1848710 276
1848720 276
1848730 275
1848740 274
1848750 274
1848760 273
1848770 271
1848780 271
1848790 270
1848800 268
1848810 268
1848820 266
1848830 266
1848840 265
1848850 262
1848860 262
1848870 261
1848880 261
1848890 261
1848900 260
1848910 259
1848920 259
1848930 257
1848940 257
1848950 257
1848960 256
1848970 257
1848980 257
1848990 257
1849000 257
1849010 257
1849020 257
1849030 257
1849040 257
1849050 257
1849060 256
1849070 256
1849080 256
1849090 256
1849100 256
1849110 255
1849120 255
1849130 255
1849140 255
1849150 254
1849160 254
1849170 254
1849180 254
1849190 254
1849200 254
1849210 254
1849220 254
1849230 254
1849240 254
1849250 254
1849260 254
1849270 254
1849280 254
1849290 254
1849300 254
1849310 254
1849320 254
1849330 254
1849340 254
1849350 254
1849360 254
1849370 254
1849380 253
1849390 253
1849400 253
1849410 253
1849420 253
1849430 253
1849440 252
1849450 252
1849460 252
1849470 251
1849480 251
1849490 251
1849500 250
1849510 250
1849520 249
1849530 248
1849540 248
1849550 248
1849560 248
1849570 248
1849580 248
1849590 248
1849600 248
1849610 248
1849620 248
1849630 248
1849640 248
1849650 248
1849660 248
1849670 248
1849680 249
1849690 249
1849700 249
1849710 249
1849720 249
1849730 248
1849740 249
1849750 249
1849760 248
1849770 247
1849780 247
1849790 247
1849800 246
1849810 246
1849820 246
1849830 246
1849840 246
1849850 246
1849860 246
1849870 246
1849880 246
1849890 246
1849900 246
1849910 246
1849920 246
1849930 246
1849940 246
1849950 246
1849960 246
1849970 246
1849980 246
1849990 246
1850000 246
1850010 246
1850020 247
1850030 247
1850040 247
1850050 247
1850060 247
1850070 247
1850080 247
1850090 248
1850100 248
1850110 248
1850120 248
1850130 248
1850140 248
1850150 248
1850160 248
1850170 249
1850180 249
1850190 249
1850200 249
1850210 249
1850220 249
1850230 249
1850240 249
1850250 249
1850260 249
1850270 249
1850280 251
1850290 251
1850300 252
1850310 252
1850320 252
1850330 252
1850340 252
1850350 252
1850360 252
1850370 252
1850380 252
1850390 253
1850400 253
1850410 253
1850420 253
1850430 253
1850440 254
1850450 254
1850460 254
1850470 254
1850480 254
1850490 254
1850500 254
1850510 253
1850520 253
1850530 252
1850540 252
1850550 251
1850560 250
1850570 250
1850580 250
1850590 250
1850600 250
1850610 251
1850620 252
1850630 252
1850640 253
1850650 253
1850660 253
1850670 252
1850680 251
1850690 251
1850700 251
1850710 250
1850720 250
1850730 250
1850740 249
1850750 249
1850760 245
1850770 244
1850780 244
1850790 246
1850800 247
1850810 247
1850820 247
1850830 247
1850840 247
1850850 247
1850860 248
1850870 248
1850880 248
1850890 248
1850900 248
1850910 248
1850920 248
1850930 248
1850940 249
1850950 251
1850960 251
1850970 252
1850980 252
1850990 253
1851000 253
1851010 253
1851020 253
1851030 253
1851040 252
1851050 252
1851060 251
1851070 251
1851080 251
1851090 251
1851100 251
1851110 251
1851120 251
1851130 251
1851140 251
1851150 251
1851160 251
1851170 251
1851180 251
1851190 251
1851200 251
1851210 250
1851220 250
1851230 250
1851240 251
1851250 251
1851260 251
1851270 251
1851280 251
1851290 251
1851300 251
1851310 251
1851320 251
1851330 251
1851340 251
1851350 252
1851360 252
1851370 252
1851380 252
1851390 252
1851400 252
1851410 252
1851420 252
1851430 252
1851440 251
1851450 251
1851460 251
1851470 251
1851480 251
1851490 251
1851500 250
1851510 249
1851520 249
1851530 250
1851540 250
1851550 250
1851560 250
1851570 249
1851580 249
1851590 249
1851600 249
1851610 249
1851620 249
1851630 248
1851640 248
1851650 248
1851660 248
1851670 248
1851680 248
1851690 248
1851700 247
1851710 245
1851720 245
1851730 243
1851740 242
1851750 242
1851760 241
1851770 241
1851780 241
1851790 240
1851800 240
1851810 240
1851820 239
1851830 239
1851840 239
1851850 238
1851860 237
1851870 237
1851880 235
1851890 235
1851900 235
1851910 235
1851920 234
1851930 234
1851940 234
1851950 234
1851960 234
1851970 234
1851980 234
1851990 234
1852000 234
1852010 234
1852020 234
1852030 234
1852040 234
1852050 234
1852060 234
1852070 235
1852080 235
1852090 237
1852100 242
1852110 242
1852120 244
1852130 241
1852140 241
1852150 235
1852160 234
1852170 234
1852180 234
1852190 234
1852200 234
1852210 234
1852220 234
1852230 234
1852240 234
1852250 234
1852260 234
1852270 234
1852280 234
1852290 235
1852300 236
1852310 236
1852320 237
1852330 237
1852340 237
1852350 238
1852360 238
1852370 238
1852380 238
1852390 239
1852400 239
1852410 239
1852420 241
1852430 241
1852440 241
1852450 242
1852460 242
1852470 243
1852480 243
1852490 243
1852500 243
1852510 244
1852520 244
1852530 244
1852540 245
1852550 245
1852560 245
1852570 245
1852580 245
1852590 245
1852600 245
1852610 245
1852620 246
1852630 246
1852640 246
1852650 246
1852660 246
1852670 246
1852680 247
1852690 247
1852700 247
1852710 247
1852720 248
1852730 248
1852740 248
1852750 248
1852760 248
1852770 249
1852780 249
1852790 249
1852800 249
1852810 249
1852820 249
1852830 249
1852840 249
1852850 248
1852860 248
1852870 248
1852880 248
1852890 248
1852900 248
1852910 247
1852920 247
1852930 247
1852940 247
1852950 248
1852960 248
1852970 249
1852980 250
1852990 250
1853000 250
1853010 251
1853020 251
1853030 250
1853040 250
1853050 250
1853060 249
1853070 248
1853080 248
1853090 246
1853100 244
1853110 244
1853120 242
1853130 241
1853140 241
1853150 240
1853160 239
1853170 239
1853180 238
1853190 238
1853200 238
1853210 239
1853220 240
1853230 240
1853240 241
1853250 243
1853260 243
1853270 244
1853280 245
1853290 245
1853300 246
1853310 247
1853320 247
1853330 248
1853340 248
1853350 248
1853360 249
1853370 249
1853380 249
1853390 249
1853400 249
1853410 250
1853420 250
1853430 250
1853440 251
1853450 251
1853460 251
1853470 251
1853480 252
1853490 252
1853500 252
1853510 252
1853520 252
1853530 252
1853540 251
1853550 251
1853560 251
1853570 250
1853580 250
1853590 250
1853600 249
1853610 249
1853620 248
1853630 247
1853640 247
1853650 246
1853660 245
1853670 245
1853680 244
1853690 243
1853700 243
1853710 242
1853720 241
1853730 241
1853740 240
1853750 239
1853760 239
1853770 238
1853780 236
1853790 236
1853800 235
1853810 234
1853820 234
1853830 233
1853840 232
1853850 232
1853860 231
1853870 231
1853880 231
1853890 231
1853900 231
1853910 231
1853920 232
1853930 232
1853940 233
1853950 234
1853960 234
1853970 234
1853980 234
1853990 234
1854000 235
1854010 235
1854020 235
1854030 236
1854040 237
1854050 237
1854060 238
1854070 239
1854080 239
1854090 240
1854100 241
1854110 241
1854120 241
1854130 241
1854140 241
1854150 241
1854160 240
1854170 240
1854180 240
1854190 239
1854200 239
1854210 239
1854220 239
1854230 239
1854240 238
1854250 238
1854260 238
1854270 237
1854280 237
1854290 237
1854300 236
1854310 236
1854320 236
1854330 236
1854340 236
1854350 236
1854360 236
1854370 236
1854380 236
1854390 236
1854400 236
1854410 236
1854420 236
1854430 236
1854440 236
1854450 235
1854460 235
1854470 235
1854480 235
1854490 235
1854500 235
1854510 235
1854520 235
1854530 235
1854540 237
1854550 237
1854560 237
1854570 237
1854580 237
1854590 238
1854600 238
1854610 238
1854620 239
1854630 239
1854640 239
1854650 239
1854660 239
1854670 239
1854680 239
1854690 239
1854700 239
1854710 240
1854720 240
1854730 240
1854740 240
1854750 240
1854760 240
1854770 240
1854780 241
1854790 241
1854800 241
1854810 241
1854820 241
1854830 241
1854840 241
1854850 241
1854860 241
1854870 241
1854880 241
1854890 240
1854900 240
1854910 240
1854920 239
1854930 238
1854940 238
1854950 237
1854960 237
1854970 237
1854980 236
1854990 235
1855000 235
1855010 235
1855020 234
1855030 234
1855040 234
1855050 234
1855060 233
1855070 233
1855080 233
1855090 232
1855100 232
1855110 232
1855120 232
1855130 232
1855140 232
1855150 232
1855160 232
1855170 232
1855180 231
1855190 232
1855200 232
1855210 232
1855220 232
1855230 232
1855240 232
1855250 233
1855260 233
1855270 233
1855280 233
1855290 233
1855300 233
1855310 232
1855320 232
1855330 232
1855340 231
1855350 231
1855360 230
1855370 229
1855380 229
1855390 228
1855400 227
1855410 227
1855420 226
1855430 225
1855440 225
1855450 224
1855460 224
1855470 224
1855480 223
1855490 222
1855500 222
1855510 221
1855520 221
1855530 221
1855540 223
1855550 222
1855560 222
1855570 219
1855580 219
1855590 219
1855600 218
1855610 218
1855620 217
1855630 217
1855640 217
1855650 217
1855660 216
1855670 216
1855680 216
1855690 215
1855700 215
1855710 215
1855720 215
1855730 215
1855740 214
1855750 214
1855760 214
1855770 214
1855780 214
1855790 214
1855800 214
1855810 214
1855820 214
1855830 214
1855840 213
1855850 213
1855860 213
1855870 213
1855880 213
1855890 213
1855900 213
1855910 213
1855920 213
1855930 213
1855940 213
1855950 213
1855960 213
1855970 213
1855980 213
1855990 213
1856000 213
1856010 212
1856020 213
1856030 213
1856040 213
1856050 213
1856060 213
1856070 213
1856080 214
1856090 214
1856100 214
1856110 214
1856120 214
1856130 214
1856140 215
1856150 215
1856160 217
1856170 217
1856180 217
1856190 218
1856200 218
1856210 219
1856220 221
1856230 221
1856240 222
1856250 224
1856260 224
1856270 225
1856280 225
1856290 225
1856300 226
1856310 224
1856320 224
1856330 224
1856340 224
1856350 224
1856360 224
1856370 223
1856380 223
1856390 223
1856400 223
1856410 223
1856420 224
1856430 224
1856440 224
1856450 225
1856460 226
1856470 226
1856480 227
1856490 228
1856500 228
1856510 229
1856520 231
1856530 231
1856540 232
1856550 233
1856560 233
1856570 235
1856580 236
1856590 236
1856600 237
1856610 239
1856620 239
1856630 240
1856640 242
1856650 242
1856660 244
1856670 245
1856680 245
1856690 247
1856700 248
1856710 248
1856720 250
1856730 250
1856740 251
1856750 252
1856760 252
1856770 252
1856780 253
1856790 253
1856800 253
1856810 254
1856820 254
1856830 254
1856840 255
1856850 255
1856860 254
1856870 254
1856880 254
1856890 254
1856900 253
1856910 253
1856920 253
1856930 252
1856940 252
1856950 252
1856960 251
1856970 251
1856980 250
1856990 249
1857000 249
1857010 248
1857020 247
1857030 247
1857040 246
1857050 245
1857060 245
1857070 244
1857080 243
1857090 243
1857100 241
1857110 240
1857120 240
1857130 239
1857140 239
1857150 239
1857160 239
1857170 239
1857180 239
1857190 239
1857200 239
1857210 239
1857220 239
1857230 238
1857240 238
1857250 237
1857260 236
1857270 236
1857280 235
1857290 234
1857300 234
1857310 233
1857320 233
1857330 232
1857340 231
1857350 231
1857360 232
1857370 232
1857380 232
1857390 231
1857400 231
1857410 231
1857420 232
1857430 233
1857440 233
1857450 234
1857460 237
1857470 237
1857480 238
1857490 240
1857500 240
1857510 242
1857520 245
1857530 245
1857540 246
1857550 248
1857560 248
1857570 249
1857580 250
1857590 250
1857600 251
1857610 251
1857620 251
1857630 251
1857640 251
1857650 251
1857660 250
1857670 249
1857680 249
1857690 248
1857700 247
1857710 246
1857720 245
1857730 243
1857740 243
1857750 241
1857760 240
1857770 240
1857780 238
1857790 237
1857800 237
1857810 236
1857820 235
1857830 235
1857840 234
1857850 233
1857860 233
1857870 232
1857880 232
1857890 232
1857900 231
1857910 231
1857920 231
1857930 230
1857940 230
1857950 230
1857960 230
1857970 230
1857980 230
1857990 230
1858000 230
1858010 230
1858020 230
1858030 230
1858040 229
1858050 229
1858060 228
1858070 227
1858080 226
1858090 226
1858100 226
1858110 226
1858120 226
1858130 226
1858140 227
1858150 227
1858160 228
1858170 229
1858180 229
1858190 230
1858200 231
1858210 231
1858220 232
1858230 233
1858240 233
1858250 235
1858260 236
1858270 236
1858280 238
1858290 240
1858300 240
1858310 242
1858320 243
1858330 243
1858340 244
1858350 245
1858360 245
1858370 246
1858380 246
1858390 246
1858400 247
1858410 248
1858420 248
1858430 248
1858440 248
1858450 248
1858460 248
1858470 248
1858480 248
1858490 248
1858500 248
1858510 248
1858520 248
1858530 248
1858540 248
1858550 249
1858560 249
1858570 249
1858580 249
1858590 249
1858600 250
1858610 250
1858620 250
1858630 250
1858640 250
1858650 250
1858660 250
1858670 250
1858680 250
1858690 251
1858700 251
1858710 251
1858720 251
1858730 251
1858740 251
1858750 251
1858760 250
1858770 250
1858780 251
1858790 251
1858800 251
1858810 251
1858820 251
1858830 251
1858840 251
1858850 251
1858860 251
1858870 251
1858880 251
1858890 251
1858900 251
1858910 251
1858920 251
1858930 251
1858940 251
1858950 251
1858960 251
1858970 251
1858980 251
1858990 251
1859000 251
1859010 251
1859020 251
1859030 251
1859040 251
1859050 251
1859060 251
1859070 251
1859080 251
1859090 251
1859100 251
1859110 250
1859120 250
1859130 249
1859140 248
1859150 248
1859160 247
1859170 246
1859180 246
1859190 246
1859200 245
1859210 245
1859220 244
1859230 243
1859240 243
1859250 243
1859260 241
1859270 241
1859280 240
1859290 239
1859300 239
1859310 238
1859320 237
1859330 237
1859340 236
1859350 235
1859360 235
1859370 234
1859380 233
1859390 233
1859400 233
1859410 233
1859420 233
1859430 234
1859440 234
1859450 234
1859460 234
1859470 235
1859480 235
1859490 236
1859500 239
1859510 239
1859520 240
1859530 242
1859540 242
1859550 244
1859560 244
1859570 245
1859580 246
1859590 246
1859600 247
1859610 248
1859620 248
1859630 249
1859640 249
1859650 249
1859660 250
1859670 250
1859680 250
1859690 250
1859700 251
1859710 251
1859720 251
1859730 251
1859740 251
1859750 251
1859760 250
1859770 250
1859780 250
1859790 250
1859800 250
1859810 249
1859820 249
1859830 249
1859840 248
1859850 248
1859860 248
1859870 247
1859880 247
1859890 247
1859900 246
1859910 245
1859920 245
1859930 244
1859940 243
1859950 243
1859960 243
1859970 242
1859980 242
1859990 241
