1840000 239
1840010 239
1840020 239
1840030 239
1840040 239
1840050 239
1840060 239
1840070 239
1840080 239
1840090 239
1840100 239
1840110 239
1840120 239
1840130 239
1840140 239
1840150 239
1840160 239
1840170 239
1840180 238
1840190 238
1840200 238
1840210 238
1840220 238
1840230 238
1840240 238
1840250 238
1840260 238
1840270 238
1840280 238
1840290 238
1840300 238
1840310 238
1840320 238
1840330 238
1840340 238
1840350 238
1840360 238
1840370 238
1840380 238
1840390 238
1840400 238
1840410 238
1840420 238
1840430 238
1840440 238
1840450 238
1840460 238
1840470 238
1840480 238
1840490 238
1840500 238
1840510 239
1840520 239
1840530 239
1840540 239
1840550 239
1840560 239
1840570 239
1840580 239
1840590 240
1840600 240
1840610 240
1840620 240
1840630 241
1840640 241
1840650 241
1840660 241
1840670 241
1840680 242
1840690 242
1840700 242
1840710 242
1840720 243
1840730 243
1840740 243
1840750 243
1840760 243
1840770 244
1840780 244
1840790 244
1840800 244
1840810 245
1840820 245
1840830 245
1840840 245
1840850 245
1840860 246
1840870 246
1840880 246
1840890 247
1840900 247
1840910 247
1840920 247
1840930 248
1840940 248
1840950 248
1840960 249
1840970 249
1840980 250
1840990 250
1841000 250
1841010 251
1841020 251
1841030 251
1841040 251
1841050 251
1841060 252
1841070 252
1841080 252
1841090 252
1841100 252
1841110 252
1841120 252
1841130 251
1841140 251
1841150 251
1841160 251
1841170 251
1841180 251
1841190 250
1841200 250
1841210 250
1841220 250
1841230 250
1841240 250
1841250 250
1841260 250
1841270 250
1841280 250
1841290 250
1841300 250
1841310 250
1841320 250
1841330 250
1841340 250
1841350 250
1841360 250
1841370 250
1841380 250
1841390 250
1841400 250
1841410 250
1841420 250
1841430 250
1841440 250
1841450 250
1841460 250
1841470 250
1841480 250
1841490 250
1841500 250
1841510 250
1841520 250
1841530 250
1841540 250
1841550 250
1841560 250
1841570 251
1841580 251
1841590 251
1841600 251
1841610 251
1841620 250
1841630 251
1841640 251
1841650 251
1841660 251
1841670 251
1841680 251
1841690 251
1841700 251
1841710 251
1841720 251
1841730 251
1841740 252
1841750 252
1841760 252
1841770 252
1841780 252
1841790 252
1841800 253
1841810 253
1841820 253
1841830 253
1841840 253
1841850 253
1841860 254
1841870 254
1841880 254
1841890 254
1841900 254
1841910 254
1841920 255
1841930 255
1841940 255
1841950 255
1841960 256
1841970 256
1841980 256
1841990 256
1842000 256
1842010 257
1842020 257
1842030 257
1842040 257
1842050 257
1842060 257
1842070 258
1842080 258
1842090 258
1842100 258
1842110 258
1842120 258
1842130 259
1842140 259
1842150 259
1842160 259
1842170 259
1842180 260
1842190 260
1842200 260
1842210 260
1842220 261
1842230 261
1842240 261
1842250 262
1842260 262
1842270 262
1842280 262
1842290 262
1842300 263
1842310 263
1842320 263
1842330 263
1842340 264
1842350 264
1842360 264
1842370 265
1842380 265
1842390 265
1842400 265
1842410 265
1842420 266
1842430 266
1842440 266
1842450 266
1842460 267
1842470 267
1842480 267
1842490 268
1842500 268
1842510 268
1842520 269
1842530 269
1842540 269
1842550 270
1842560 270
1842570 270
1842580 271
1842590 271
1842600 271
1842610 272
1842620 272
1842630 272
1842640 273
1842650 273
1842660 273
1842670 274
1842680 274
1842690 274
1842700 274
1842710 275
1842720 275
1842730 275
1842740 276
1842750 277
1842760 277
1842770 277
1842780 278
1842790 278
1842800 279
1842810 279
1842820 279
1842830 280
1842840 281
1842850 281
1842860 282
1842870 283
1842880 283
1842890 284
1842900 285
1842910 285
1842920 286
1842930 287
1842940 287
1842950 288
1842960 289
1842970 289
1842980 290
1842990 291
1843000 291
1843010 292
1843020 293
1843030 293
1843040 294
1843050 295
1843060 295
1843070 295
1843080 296
1843090 296
1843100 297
1843110 296
1843120 296
1843130 298
1843140 300
1843150 300
1843160 301
1843170 301
1843180 301
1843190 302
1843200 302
1843210 302
1843220 302
1843230 303
1843240 303
1843250 303
1843260 303
1843270 303
1843280 304
1843290 304
1843300 304
1843310 303
1843320 303
1843330 303
1843340 303
1843350 303
1843360 302
1843370 301
1843380 301
1843390 301
1843400 301
1843410 301
1843420 301
1843430 301
1843440 301
1843450 301
1843460 301
1843470 301
1843480 301
1843490 301
1843500 301
1843510 301
1843520 302
1843530 302
1843540 302
1843550 301
1843560 301
1843570 304
1843580 306
1843590 306
1843600 307
1843610 308
1843620 308
1843630 310
1843640 312
1843650 312
1843660 314
1843670 316
1843680 316
1843690 318
1843700 319
1843710 319
1843720 321
1843730 322
1843740 322
1843750 323
1843760 324
1843770 324
1843780 325
1843790 326
1843800 326
1843810 327
1843820 328
1843830 328
1843840 329
1843850 329
1843860 330
1843870 331
1843880 331
1843890 332
1843900 334
1843910 334
1843920 334
1843930 335
1843940 335
1843950 336
1843960 337
1843970 337
1843980 338
1843990 339
1844000 339
1844010 340
1844020 341
1844030 341
1844040 342
1844050 344
1844060 344
1844070 345
1844080 346
1844090 346
1844100 347
1844110 347
1844120 347
1844130 348
1844140 349
1844150 349
1844160 350
1844170 350
1844180 350
1844190 351
1844200 352
1844210 352
1844220 353
1844230 354
1844240 354
1844250 354
1844260 357
1844270 357
1844280 357
1844290 357
1844300 357
1844310 358
1844320 358
1844330 358
1844340 358
1844350 359
1844360 359
1844370 359
1844380 360
1844390 360
1844400 360
1844410 360
1844420 360
1844430 361
1844440 361
1844450 361
1844460 362
1844470 362
1844480 362
1844490 363
1844500 363
1844510 363
1844520 363
1844530 363
1844540 363
1844550 363
1844560 363
1844570 363
1844580 363
1844590 363
1844600 363
1844610 363
1844620 363
1844630 363
1844640 362
1844650 362
1844660 362
1844670 361
1844680 361
1844690 360
1844700 359
1844710 359
1844720 358
1844730 356
1844740 356
1844750 354
1844760 352
1844770 352
1844780 350
1844790 348
1844800 348
1844810 346
1844820 345
1844830 345
1844840 343
1844850 341
1844860 341
1844870 339
1844880 338
1844890 338
1844900 337
1844910 336
1844920 336
1844930 336
1844940 335
1844950 335
1844960 335
1844970 335
1844980 334
1844990 335
1845000 335
1845010 334
1845020 334
1845030 334
1845040 333
1845050 333
1845060 333
1845070 332
1845080 332
1845090 332
1845100 331
1845110 331
1845120 331
1845130 330
1845140 329
1845150 329
1845160 328
1845170 327
1845180 327
1845190 327
1845200 326
1845210 326
1845220 326
1845230 325
1845240 325
1845250 324
1845260 324
1845270 324
1845280 323
1845290 323
1845300 323
1845310 322
1845320 320
1845330 320
1845340 320
1845350 321
1845360 321
1845370 322
1845380 322
1845390 322
1845400 322
1845410 321
1845420 321
1845430 321
1845440 320
1845450 320
1845460 318
1845470 317
1845480 317
1845490 316
1845500 315
1845510 315
1845520 314
1845530 314
1845540 312
1845550 311
1845560 311
1845570 310
1845580 309
1845590 309
1845600 309
1845610 309
1845620 309
1845630 309
1845640 310
1845650 310
1845660 312
1845670 312
1845680 312
1845690 313
1845700 314
1845710 315
1845720 316
1845730 316
1845740 316
1845750 317
1845760 317
1845770 317
1845780 317
1845790 317
1845800 317
1845810 317
1845820 316
1845830 316
1845840 316
1845850 316
1845860 316
1845870 315
1845880 315
1845890 315
1845900 314
1845910 314
1845920 314
1845930 313
1845940 313
1845950 313
1845960 312
1845970 311
1845980 311
1845990 311
1846000 310
1846010 310
1846020 309
1846030 308
1846040 308
1846050 308
1846060 307
1846070 307
1846080 305
1846090 304
1846100 304
1846110 303
1846120 303
1846130 302
1846140 301
1846150 301
1846160 301
1846170 300
1846180 300
1846190 300
1846200 299
1846210 299
1846220 298
1846230 296
1846240 296
1846250 295
1846260 293
1846270 293
1846280 293
1846290 291
1846300 291
1846310 290
1846320 288
1846330 288
1846340 287
1846350 286
1846360 286
1846370 285
1846380 283
1846390 283
1846400 280
1846410 279
1846420 279
1846430 279
1846440 276
1846450 276
1846460 275
1846470 274
1846480 274
1846490 274
1846500 273
1846510 273
1846520 272
1846530 272
1846540 272
1846550 271
1846560 269
1846570 269
1846580 268
1846590 267
1846600 267
1846610 266
1846620 265
1846630 265
1846640 264
1846650 263
1846660 263
1846670 262
1846680 262
1846690 260
1846700 259
1846710 259
1846720 258
1846730 257
1846740 257
1846750 256
1846760 256
1846770 256
1846780 256
1846790 256
1846800 256
1846810 256
1846820 256
1846830 256
1846840 255
1846850 254
1846860 254
1846870 255
1846880 256
1846890 256
1846900 255
1846910 255
1846920 255
1846930 255
1846940 255
1846950 255
1846960 255
1846970 255
1846980 255
1846990 255
1847000 255
1847010 255
1847020 254
1847030 255
1847040 255
1847050 254
1847060 255
1847070 255
1847080 255
1847090 255
1847100 255
1847110 256
1847120 256
1847130 256
1847140 257
1847150 260
1847160 261
1847170 265
1847180 268
1847190 268
1847200 271
1847210 272
1847220 272
1847230 274
1847240 274
1847250 276
1847260 279
1847270 279
1847280 280
1847290 279
1847300 279
1847310 279
1847320 278
1847330 278
1847340 279
1847350 281
1847360 281
1847370 284
1847380 287
1847390 287
1847400 288
1847410 287
1847420 287
1847430 285
1847440 285
1847450 285
1847460 285
1847470 286
1847480 286
1847490 289
1847500 291
1847510 291
1847520 296
1847530 299
1847540 299
1847550 302
1847560 303
1847570 303
1847580 305
1847590 305
1847600 305
1847610 305
1847620 305
1847630 305
1847640 305
1847650 305
1847660 305
1847670 305
1847680 304
1847690 304
1847700 304
1847710 303
1847720 303
1847730 303
1847740 303
1847750 303
1847760 302
1847770 302
1847780 302
1847790 301
1847800 301
1847810 301
1847820 301
1847830 301
1847840 300
1847850 300
1847860 300
1847870 299
1847880 298
1847890 298
1847900 297
1847910 297
1847920 297
1847930 295
1847940 295
1847950 295
1847960 294
1847970 293
1847980 293
1847990 293
1848000 292
1848010 292
1848020 291
1848030 289
1848040 289
1848050 287
1848060 285
1848070 285
1848080 283
1848090 282
1848100 282
1848110 280
1848120 279
1848130 279
1848140 282
1848150 284
1848160 284
1848170 286
1848180 287
1848190 287
1848200 288
1848210 288
1848220 288
1848230 288
1848240 287
1848250 287
1848260 286
1848270 285
1848280 285
1848290 282
1848300 279
1848310 279
1848320 277
1848330 276
1848340 276
1848350 276
1848360 276
1848370 274
1848380 274
1848390 274
1848400 271
1848410 269
1848420 269
1848430 270
1848440 271
1848450 271
1848460 270
1848470 269
1848480 269
1848490 270
1848500 271
1848510 271
1848520 272
1848530 273
1848540 273
1848550 274
1848560 273
1848570 273
1848580 275
1848590 278
1848600 276
1848610 277
1848620 278
1848630 278
1848640 279
1848650 279
1848660 279
1848670 279
1848680 278
1848690 278
1848700 278
1848710 277
1848720 277
1848730 277
1848740 276
1848750 276
1848760 274
1848770 273
1848780 273
1848790 271
1848800 269
1848810 269
1848820 267
1848830 266
1848840 266
1848850 265
1848860 264
1848870 264
1848880 263
1848890 262
1848900 262
1848910 260
1848920 259
1848930 259
1848940 259
1848950 259
1848960 257
1848970 257
1848980 257
1848990 258
1849000 258
1849010 258
1849020 258
1849030 258
1849040 258
1849050 258
1849060 257
1849070 257
1849080 257
1849090 256
1849100 256
1849110 256
1849120 256
1849130 256
1849140 255
1849150 255
1849160 255
1849170 255
1849180 255
1849190 255
1849200 255
1849210 255
1849220 255
1849230 255
1849240 255
1849250 255
1849260 255
1849270 255
1849280 255
1849290 255
1849300 255
1849310 255
1849320 255
1849330 255
1849340 255
1849350 254
1849360 254
1849370 254
1849380 254
1849390 254
1849400 254
1849410 254
1849420 253
1849430 253
1849440 253
1849450 253
1849460 253
1849470 252
1849480 251
1849490 251
1849500 250
1849510 250
1849520 249
1849530 248
1849540 248
1849550 248
1849560 248
1849570 248
1849580 248
1849590 248
1849600 248
1849610 248
1849620 248
1849630 248
1849640 248
1849650 248
1849660 248
1849670 248
1849680 248
1849690 248
1849700 249
1849710 249
1849720 249
1849730 249
1849740 249
1849750 249
1849760 248
1849770 247
1849780 247
1849790 246
1849800 246
1849810 246
1849820 245
1849830 245
1849840 245
1849850 245
1849860 245
1849870 245
1849880 245
1849890 246
1849900 246
1849910 246
1849920 246
1849930 246
1849940 246
1849950 245
1849960 245
1849970 245
1849980 245
1849990 245
1850000 245
1850010 245
1850020 245
1850030 246
1850040 246
1850050 246
1850060 246
1850070 246
1850080 246
1850090 246
1850100 246
1850110 246
1850120 247
1850130 247
1850140 247
1850150 248
1850160 248
1850170 248
1850180 247
1850190 247
1850200 247
1850210 247
1850220 247
1850230 247
1850240 247
1850250 247
1850260 247
1850270 247
1850280 247
1850290 247
1850300 247
1850310 247
1850320 247
1850330 248
1850340 248
1850350 248
1850360 248
1850370 248
1850380 248
1850390 251
1850400 251
1850410 251
1850420 251
1850430 251
1850440 251
1850450 252
1850460 252
1850470 252
1850480 252
1850490 252
1850500 252
1850510 252
1850520 252
1850530 251
1850540 250
1850550 250
1850560 249
1850570 248
1850580 248
1850590 249
1850600 249
1850610 249
1850620 250
1850630 250
1850640 251
1850650 251
1850660 251
1850670 250
1850680 250
1850690 250
1850700 250
1850710 249
1850720 249
1850730 249
1850740 249
1850750 249
1850760 246
1850770 244
1850780 244
1850790 244
1850800 246
1850810 246
1850820 247
1850830 247
1850840 247
1850850 247
1850860 247
1850870 247
1850880 247
1850890 247
1850900 247
1850910 247
1850920 248
1850930 248
1850940 248
1850950 249
1850960 249
1850970 249
1850980 250
1850990 250
1851000 250
1851010 250
1851020 250
1851030 250
1851040 250
1851050 250
1851060 249
1851070 248
1851080 248
1851090 248
1851100 248
1851110 249
1851120 249
1851130 249
1851140 249
1851150 249
1851160 249
1851170 249
1851180 249
1851190 249
1851200 249
1851210 249
1851220 249
1851230 249
1851240 249
1851250 249
1851260 250
1851270 250
1851280 250
1851290 250
1851300 250
1851310 250
1851320 250
1851330 250
1851340 250
1851350 250
1851360 250
1851370 250
1851380 249
1851390 249
1851400 249
1851410 249
1851420 249
1851430 249
1851440 249
1851450 249
1851460 250
1851470 250
1851480 250
1851490 250
1851500 249
1851510 249
1851520 249
1851530 249
1851540 249
1851550 249
1851560 249
1851570 249
1851580 249
1851590 249
1851600 249
1851610 249
1851620 249
1851630 249
1851640 249
1851650 249
1851660 248
1851670 248
1851680 248
1851690 248
1851700 248
1851710 247
1851720 245
1851730 245
1851740 244
1851750 244
1851760 243
1851770 242
1851780 242
1851790 241
1851800 241
1851810 241
1851820 240
1851830 240
1851840 240
1851850 239
1851860 238
1851870 238
1851880 237
1851890 236
1851900 236
1851910 235
1851920 235
1851930 235
1851940 234
1851950 234
1851960 234
1851970 234
1851980 234
1851990 234
1852000 234
1852010 234
1852020 234
1852030 234
1852040 234
1852050 234
1852060 234
1852070 236
1852080 236
1852090 238
1852100 243
1852110 243
1852120 244
1852130 239
1852140 239
1852150 235
1852160 234
1852170 234
1852180 234
1852190 234
1852200 234
1852210 234
1852220 234
1852230 234
1852240 234
1852250 234
1852260 234
1852270 234
1852280 235
1852290 235
1852300 235
1852310 236
1852320 236
1852330 236
1852340 236
1852350 237
1852360 237
1852370 237
1852380 237
1852390 238
1852400 238
1852410 238
1852420 239
1852430 239
1852440 240
1852450 240
1852460 240
1852470 241
1852480 241
1852490 241
1852500 241
1852510 242
1852520 242
1852530 243
1852540 244
1852550 244
1852560 244
1852570 244
1852580 244
1852590 244
1852600 244
1852610 244
1852620 245
1852630 245
1852640 245
1852650 245
1852660 245
1852670 245
1852680 246
1852690 246
1852700 246
1852710 246
1852720 247
1852730 247
1852740 247
1852750 247
1852760 247
1852770 247
1852780 247
1852790 247
1852800 247
1852810 247
1852820 247
1852830 247
1852840 247
1852850 247
1852860 247
1852870 247
1852880 247
1852890 247
1852900 247
1852910 247
1852920 248
1852930 248
1852940 248
1852950 249
1852960 249
1852970 250
1852980 250
1852990 250
1853000 251
1853010 251
1853020 251
1853030 250
1853040 250
1853050 250
1853060 249
1853070 248
1853080 248
1853090 246
1853100 244
1853110 244
1853120 243
1853130 242
1853140 242
1853150 240
1853160 239
1853170 239
1853180 238
1853190 238
1853200 238
1853210 238
1853220 238
1853230 238
1853240 240
1853250 242
1853260 242
1853270 243
1853280 244
1853290 244
1853300 245
1853310 245
1853320 245
1853330 246
1853340 247
1853350 247
1853360 247
1853370 248
1853380 248
1853390 248
1853400 249
1853410 249
1853420 250
1853430 250
1853440 250
1853450 250
1853460 250
1853470 250
1853480 251
1853490 251
1853500 251
1853510 251
1853520 251
1853530 251
1853540 250
1853550 250
1853560 250
1853570 250
1853580 250
1853590 250
1853600 249
1853610 249
1853620 248
1853630 247
1853640 247
1853650 247
1853660 246
1853670 246
1853680 245
1853690 243
1853700 243
1853710 242
1853720 241
1853730 241
1853740 240
1853750 239
1853760 239
1853770 238
1853780 237
1853790 237
1853800 236
1853810 235
1853820 235
1853830 234
1853840 232
1853850 232
1853860 231
1853870 231
1853880 231
1853890 230
1853900 230
1853910 230
1853920 230
1853930 231
1853940 231
1853950 232
1853960 233
1853970 233
1853980 233
1853990 233
1854000 233
1854010 234
1854020 234
1854030 235
1854040 236
1854050 236
1854060 238
1854070 239
1854080 239
1854090 240
1854100 240
1854110 240
1854120 240
1854130 240
1854140 240
1854150 240
1854160 240
1854170 240
1854180 239
1854190 239
1854200 239
1854210 239
1854220 238
1854230 238
1854240 238
1854250 237
1854260 237
1854270 236
1854280 236
1854290 236
1854300 236
1854310 235
1854320 235
1854330 235
1854340 235
1854350 235
1854360 235
1854370 235
1854380 235
1854390 236
1854400 235
1854410 235
1854420 235
1854430 235
1854440 235
1854450 235
1854460 235
1854470 235
1854480 234
1854490 234
1854500 234
1854510 234
1854520 234
1854530 234
1854540 234
1854550 234
1854560 234
1854570 234
1854580 234
1854590 235
1854600 235
1854610 235
1854620 235
1854630 235
1854640 235
1854650 235
1854660 237
1854670 237
1854680 238
1854690 238
1854700 238
1854710 239
1854720 238
1854730 238
1854740 238
1854750 239
1854760 239
1854770 239
1854780 239
1854790 239
1854800 239
1854810 240
1854820 240
1854830 240
1854840 240
1854850 240
1854860 240
1854870 241
1854880 241
1854890 240
1854900 240
1854910 240
1854920 240
1854930 239
1854940 239
1854950 239
1854960 238
1854970 238
1854980 237
1854990 237
1855000 237
1855010 235
1855020 235
1855030 235
1855040 234
1855050 234
1855060 234
1855070 233
1855080 233
1855090 233
1855100 232
1855110 232
1855120 232
1855130 232
1855140 232
1855150 231
1855160 229
1855170 229
1855180 229
1855190 231
1855200 231
1855210 232
1855220 232
1855230 232
1855240 232
1855250 232
1855260 232
1855270 232
1855280 232
1855290 232
1855300 232
1855310 232
1855320 232
1855330 232
1855340 231
1855350 231
1855360 230
1855370 230
1855380 230
1855390 229
1855400 228
1855410 228
1855420 227
1855430 226
1855440 226
1855450 225
1855460 224
1855470 224
1855480 223
1855490 223
1855500 223
1855510 222
1855520 223
1855530 223
1855540 223
1855550 221
1855560 221
1855570 219
1855580 219
1855590 219
1855600 218
1855610 218
1855620 218
1855630 217
1855640 217
1855650 217
1855660 216
1855670 216
1855680 216
1855690 215
1855700 215
1855710 215
1855720 215
1855730 215
1855740 214
1855750 214
1855760 214
1855770 214
1855780 214
1855790 214
1855800 214
1855810 214
1855820 214
1855830 213
1855840 213
1855850 213
1855860 213
1855870 213
1855880 213
1855890 213
1855900 213
1855910 213
1855920 213
1855930 213
1855940 213
1855950 213
1855960 213
1855970 213
1855980 213
1855990 213
1856000 213
1856010 213
1856020 213
1856030 213
1856040 213
1856050 214
1856060 214
1856070 214
1856080 214
1856090 214
1856100 214
1856110 214
1856120 214
1856130 215
1856140 217
1856150 217
1856160 218
1856170 218
1856180 218
1856190 219
1856200 221
1856210 221
1856220 223
1856230 224
1856240 224
1856250 225
1856260 227
1856270 227
1856280 227
1856290 227
1856300 228
1856310 228
1856320 228
1856330 227
1856340 227
1856350 227
1856360 227
1856370 226
1856380 226
1856390 226
1856400 226
1856410 226
1856420 225
1856430 225
1856440 225
1856450 225
1856460 226
1856470 226
1856480 227
1856490 228
1856500 228
1856510 229
1856520 230
1856530 230
1856540 232
1856550 233
1856560 233
1856570 234
1856580 236
1856590 236
1856600 237
1856610 239
1856620 239
1856630 240
1856640 242
1856650 242
1856660 243
1856670 245
1856680 245
1856690 247
1856700 248
1856710 248
1856720 249
1856730 251
1856740 251
1856750 251
1856760 252
1856770 252
1856780 253
1856790 253
1856800 253
1856810 253
1856820 253
1856830 253
1856840 253
1856850 253
1856860 253
1856870 253
1856880 253
1856890 253
1856900 253
1856910 253
1856920 252
1856930 252
1856940 252
1856950 251
1856960 251
1856970 251
1856980 250
1856990 249
1857000 249
1857010 248
1857020 246
1857030 246
1857040 245
1857050 244
1857060 244
1857070 243
1857080 242
1857090 242
1857100 240
1857110 239
1857120 239
1857130 238
1857140 238
1857150 238
1857160 238
1857170 238
1857180 238
1857190 238
1857200 238
1857210 238
1857220 237
1857230 237
1857240 237
1857250 236
1857260 234
1857270 234
1857280 234
1857290 233
1857300 233
1857310 232
1857320 231
1857330 231
1857340 230
1857350 230
1857360 230
1857370 230
1857380 230
1857390 230
1857400 230
1857410 230
1857420 231
1857430 232
1857440 232
1857450 233
1857460 235
1857470 236
1857480 239
1857490 240
1857500 240
1857510 243
1857520 245
1857530 245
1857540 247
1857550 248
1857560 248
1857570 249
1857580 251
1857590 251
1857600 251
1857610 252
1857620 252
1857630 252
1857640 251
1857650 251
1857660 251
1857670 249
1857680 249
1857690 248
1857700 247
1857710 247
1857720 245
1857730 243
1857740 243
1857750 242
1857760 240
1857770 240
1857780 239
1857790 238
1857800 238
1857810 237
1857820 235
1857830 235
1857840 234
1857850 233
1857860 233
1857870 233
1857880 232
1857890 232
1857900 232
1857910 231
1857920 231
1857930 231
1857940 231
1857950 231
1857960 231
1857970 231
1857980 231
1857990 231
1858000 231
1858010 231
1858020 230
1858030 230
1858040 230
1858050 229
1858060 229
1858070 229
1858080 228
1858090 228
1858100 227
1858110 227
1858120 227
1858130 227
1858140 228
1858150 228
1858160 228
1858170 229
1858180 229
1858190 230
1858200 231
1858210 231
1858220 232
1858230 233
1858240 233
1858250 234
1858260 236
1858270 236
1858280 238
1858290 239
1858300 239
1858310 241
1858320 243
1858330 243
1858340 245
1858350 245
1858360 245
1858370 246
1858380 247
1858390 247
1858400 248
1858410 248
1858420 248
1858430 249
1858440 249
1858450 249
1858460 249
1858470 249
1858480 249
1858490 249
1858500 249
1858510 249
1858520 249
1858530 249
1858540 249
1858550 249
1858560 249
1858570 250
1858580 250
1858590 250
1858600 250
1858610 250
1858620 250
1858630 251
1858640 251
1858650 251
1858660 251
1858670 251
1858680 251
1858690 251
1858700 251
1858710 251
1858720 251
1858730 251
1858740 251
1858750 251
1858760 251
1858770 251
1858780 251
1858790 251
1858800 251
1858810 251
1858820 251
1858830 251
1858840 251
1858850 251
1858860 251
1858870 251
1858880 251
1858890 251
1858900 251
1858910 251
1858920 251
1858930 251
1858940 251
1858950 251
1858960 251
1858970 251
1858980 251
1858990 251
1859000 251
1859010 251
1859020 251
1859030 251
1859040 251
1859050 251
1859060 251
1859070 251
1859080 251
1859090 251
1859100 251
1859110 251
1859120 251
1859130 250
1859140 250
1859150 250
1859160 249
1859170 248
1859180 248
1859190 248
1859200 247
1859210 247
1859220 245
1859230 244
1859240 244
1859250 244
1859260 243
1859270 243
1859280 242
1859290 241
1859300 241
1859310 240
1859320 239
1859330 239
1859340 238
1859350 237
1859360 237
1859370 236
1859380 235
1859390 235
1859400 235
1859410 235
1859420 235
1859430 235
1859440 236
1859450 236
1859460 237
1859470 237
1859480 237
1859490 238
1859500 239
1859510 239
1859520 241
1859530 242
1859540 242
1859550 244
1859560 245
1859570 245
1859580 246
1859590 247
1859600 247
1859610 248
1859620 249
1859630 249
1859640 249
1859650 249
1859660 250
1859670 250
1859680 250
1859690 251
1859700 251
1859710 251
1859720 251
1859730 251
1859740 251
1859750 251
1859760 251
1859770 251
1859780 251
1859790 251
1859800 251
1859810 250
1859820 250
1859830 250
1859840 250
1859850 249
1859860 249
1859870 248
1859880 248
1859890 248
1859900 247
1859910 246
1859920 245
1859930 245
1859940 244
1859950 244
1859960 243
1859970 242
1859980 242
1859990 241
