1840000 234
1840010 235
1840020 235
1840030 235
1840040 236
1840050 237
1840060 237
1840070 238
1840080 238
1840090 238
1840100 238
1840110 239
1840120 239
1840130 239
1840140 240
1840150 240
1840160 240
1840170 241
1840180 241
1840190 241
1840200 241
1840210 242
1840220 242
1840230 242
1840240 242
1840250 243
1840260 243
1840270 243
1840280 243
1840290 243
1840300 243
1840310 243
1840320 243
1840330 243
1840340 243
1840350 243
1840360 243
1840370 244
1840380 244
1840390 244
1840400 244
1840410 244
1840420 244
1840430 244
1840440 244
1840450 244
1840460 244
1840470 244
1840480 243
1840490 243
1840500 243
1840510 243
1840520 243
1840530 243
1840540 242
1840550 242
1840560 242
1840570 242
1840580 241
1840590 241
1840600 240
1840610 240
1840620 240
1840630 239
1840640 239
1840650 239
1840660 239
1840670 239
1840680 239
1840690 239
1840700 239
1840710 239
1840720 239
1840730 239
1840740 239
1840750 239
1840760 239
1840770 240
1840780 240
1840790 240
1840800 240
1840810 240
1840820 240
1840830 240
1840840 240
1840850 240
1840860 241
1840870 241
1840880 241
1840890 241
1840900 241
1840910 241
1840920 241
1840930 241
1840940 241
1840950 242
1840960 242
1840970 242
1840980 242
1840990 242
1841000 242
1841010 242
1841020 243
1841030 243
1841040 243
1841050 243
1841060 243
1841070 244
1841080 244
1841090 244
1841100 245
1841110 245
1841120 245
1841130 246
1841140 246
1841150 246
1841160 247
1841170 247
1841180 247
1841190 247
1841200 248
1841210 248
1841220 248
1841230 249
1841240 249
1841250 249
1841260 249
1841270 249
1841280 250
1841290 250
1841300 250
1841310 250
1841320 251
1841330 251
1841340 251
1841350 251
1841360 251
1841370 252
1841380 252
1841390 252
1841400 252
1841410 252
1841420 252
1841430 253
1841440 253
1841450 253
1841460 253
1841470 253
1841480 254
1841490 254
1841500 254
1841510 255
1841520 255
1841530 255
1841540 256
1841550 256
1841560 256
1841570 256
1841580 257
1841590 257
1841600 257
1841610 257
1841620 257
1841630 257
1841640 257
1841650 257
1841660 258
1841670 258
1841680 258
1841690 258
1841700 258
1841710 258
1841720 258
1841730 259
1841740 259
1841750 259
1841760 259
1841770 259
1841780 259
1841790 259
1841800 259
1841810 260
1841820 260
1841830 260
1841840 260
1841850 259
1841860 259
1841870 259
1841880 259
1841890 259
1841900 259
1841910 259
1841920 259
1841930 259
1841940 259
1841950 259
1841960 259
1841970 259
1841980 259
1841990 259
1842000 259
1842010 259
1842020 259
1842030 259
1842040 259
1842050 259
1842060 259
1842070 259
1842080 259
1842090 259
1842100 259
1842110 260
1842120 260
1842130 260
1842140 260
1842150 260
1842160 261
1842170 261
1842180 261
1842190 261
1842200 261
1842210 261
1842220 262
1842230 262
1842240 262
1842250 262
1842260 263
1842270 263
1842280 263
1842290 264
1842300 264
1842310 264
1842320 264
1842330 264
1842340 265
1842350 265
1842360 265
1842370 266
1842380 266
1842390 266
1842400 267
1842410 268
1842420 268
1842430 268
1842440 269
1842450 269
1842460 269
1842470 269
1842480 270
1842490 271
1842500 271
1842510 271
1842520 272
1842530 272
1842540 273
1842550 273
1842560 273
1842570 274
1842580 274
1842590 274
1842600 275
1842610 276
1842620 276
1842630 277
1842640 277
1842650 277
1842660 278
1842670 279
1842680 279
1842690 280
1842700 281
1842710 281
1842720 282
1842730 283
1842740 283
1842750 284
1842760 285
1842770 285
1842780 286
1842790 287
1842800 286
1842810 288
1842820 290
1842830 290
1842840 291
1842850 292
1842860 292
1842870 292
1842880 292
1842890 292
1842900 292
1842910 292
1842920 292
1842930 291
1842940 290
1842950 290
1842960 290
1842970 289
1842980 289
1842990 289
1843000 288
1843010 288
1843020 288
1843030 287
1843040 287
1843050 287
1843060 287
1843070 287
1843080 287
1843090 287
1843100 286
1843110 286
1843120 286
1843130 286
1843140 286
1843150 286
1843160 285
1843170 285
1843180 285
1843190 285
1843200 285
1843210 285
1843220 284
1843230 284
1843240 284
1843250 284
1843260 284
1843270 284
1843280 283
1843290 283
1843300 283
1843310 283
1843320 283
1843330 283
1843340 283
1843350 283
1843360 283
1843370 283
1843380 284
1843390 284
1843400 285
1843410 286
1843420 286
1843430 286
1843440 287
1843450 287
1843460 287
1843470 287
1843480 287
1843490 287
1843500 287
1843510 287
1843520 288
1843530 288
1843540 288
1843550 288
1843560 289
1843570 289
1843580 289
1843590 290
1843600 290
1843610 290
1843620 290
1843630 291
1843640 291
1843650 291
1843660 292
1843670 292
1843680 292
1843690 293
1843700 294
1843710 294
1843720 295
1843730 296
1843740 296
1843750 297
1843760 298
1843770 298
1843780 299
1843790 300
1843800 300
1843810 301
1843820 302
1843830 302
1843840 302
1843850 303
1843860 303
1843870 304
1843880 304
1843890 305
1843900 306
1843910 308
1843920 308
1843930 309
1843940 310
1843950 310
1843960 311
1843970 311
1843980 311
1843990 312
1844000 312
1844010 312
1844020 312
1844030 313
1844040 313
1844050 314
1844060 315
1844070 315
1844080 315
1844090 317
1844100 317
1844110 319
1844120 320
1844130 320
1844140 321
1844150 322
1844160 322
1844170 323
1844180 323
1844190 324
1844200 325
1844210 325
1844220 326
1844230 327
1844240 327
1844250 327
1844260 329
1844270 329
1844280 329
1844290 329
1844300 329
1844310 329
1844320 329
1844330 329
1844340 330
1844350 331
1844360 331
1844370 331
1844380 332
1844390 332
1844400 334
1844410 335
1844420 335
1844430 337
1844440 338
1844450 338
1844460 339
1844470 340
1844480 340
1844490 342
1844500 343
1844510 343
1844520 344
1844530 344
1844540 344
1844550 345
1844560 346
1844570 346
1844580 346
1844590 347
1844600 347
1844610 347
1844620 347
1844630 347
1844640 347
1844650 347
1844660 347
1844670 347
1844680 346
1844690 346
1844700 344
1844710 343
1844720 343
1844730 342
1844740 341
1844750 341
1844760 339
1844770 339
1844780 338
1844790 336
1844800 336
1844810 335
1844820 333
1844830 333
1844840 331
1844850 330
1844860 330
1844870 328
1844880 326
1844890 326
1844900 325
1844910 324
1844920 324
1844930 323
1844940 322
1844950 322
1844960 321
1844970 320
1844980 320
1844990 320
1845000 320
1845010 320
1845020 319
1845030 319
1845040 319
1845050 318
1845060 318
1845070 318
1845080 317
1845090 317
1845100 317
1845110 317
1845120 317
1845130 317
1845140 317
1845150 317
1845160 317
1845170 317
1845180 318
1845190 318
1845200 317
1845210 317
1845220 317
1845230 316
1845240 316
1845250 316
1845260 316
1845270 316
1845280 316
1845290 315
1845300 315
1845310 315
1845320 315
1845330 315
1845340 314
1845350 315
1845360 315
1845370 314
1845380 313
1845390 313
1845400 313
1845410 312
1845420 312
1845430 312
1845440 311
1845450 311
1845460 311
1845470 311
1845480 311
1845490 311
1845500 311
1845510 311
1845520 311
1845530 310
1845540 310
1845550 309
1845560 308
1845570 308
1845580 307
1845590 306
1845600 306
1845610 304
1845620 303
1845630 303
1845640 301
1845650 300
1845660 300
1845670 298
1845680 296
1845690 296
1845700 295
1845710 292
1845720 292
1845730 291
1845740 290
1845750 290
1845760 288
1845770 287
1845780 287
1845790 285
1845800 284
1845810 284
1845820 282
1845830 280
1845840 280
1845850 279
1845860 277
1845870 277
1845880 277
1845890 277
1845900 277
1845910 277
1845920 277
1845930 279
1845940 281
1845950 281
1845960 283
1845970 284
1845980 284
1845990 285
1846000 287
1846010 287
1846020 288
1846030 288
1846040 288
1846050 289
1846060 289
1846070 292
1846080 292
1846090 294
1846100 294
1846110 295
1846120 296
1846130 296
1846140 296
1846150 297
1846160 297
1846170 297
1846180 298
1846190 298
1846200 299
1846210 300
1846220 300
1846230 300
1846240 301
1846250 301
1846260 301
1846270 301
1846280 301
1846290 301
1846300 300
1846310 300
1846320 300
1846330 300
1846340 300
1846350 299
1846360 299
1846370 299
1846380 298
1846390 297
1846400 297
1846410 296
1846420 295
1846430 295
1846440 293
1846450 292
1846460 292
1846470 291
1846480 291
1846490 290
1846500 289
1846510 289
1846520 288
1846530 287
1846540 287
1846550 286
1846560 285
1846570 285
1846580 284
1846590 283
1846600 283
1846610 282
1846620 281
1846630 281
1846640 280
1846650 279
1846660 279
1846670 278
1846680 277
1846690 277
1846700 276
1846710 276
1846720 276
1846730 275
1846740 274
1846750 274
1846760 273
1846770 273
1846780 273
1846790 272
1846800 271
1846810 271
1846820 270
1846830 270
1846840 270
1846850 269
1846860 268
1846870 268
1846880 268
1846890 267
1846900 267
1846910 266
1846920 265
1846930 265
1846940 264
1846950 263
1846960 263
1846970 262
1846980 260
1846990 260
1847000 259
1847010 257
1847020 257
1847030 256
1847040 256
1847050 255
1847060 253
1847070 253
1847080 252
1847090 250
1847100 250
1847110 249
1847120 247
1847130 247
1847140 246
1847150 245
1847160 245
1847170 244
1847180 244
1847190 244
1847200 243
1847210 243
1847220 243
1847230 243
1847240 242
1847250 242
1847260 242
1847270 242
1847280 242
1847290 241
1847300 241
1847310 241
1847320 241
1847330 241
1847340 241
1847350 240
1847360 240
1847370 240
1847380 240
1847390 240
1847400 240
1847410 240
1847420 241
1847430 241
1847440 241
1847450 242
1847460 242
1847470 243
1847480 244
1847490 244
1847500 245
1847510 246
1847520 248
1847530 249
1847540 250
1847550 250
1847560 250
1847570 251
1847580 251
1847590 252
1847600 252
1847610 253
1847620 254
1847630 254
1847640 255
1847650 256
1847660 256
1847670 258
1847680 261
1847690 261
1847700 262
1847710 263
1847720 263
1847730 263
1847740 262
1847750 262
1847760 261
1847770 258
1847780 258
1847790 256
1847800 253
1847810 253
1847820 252
1847830 252
1847840 252
1847850 251
1847860 251
1847870 251
1847880 253
1847890 254
1847900 254
1847910 255
1847920 257
1847930 257
1847940 259
1847950 262
1847960 262
1847970 265
1847980 267
1847990 267
1848000 270
1848010 273
1848020 273
1848030 276
1848040 278
1848050 278
1848060 280
1848070 284
1848080 284
1848090 286
1848100 287
1848110 287
1848120 288
1848130 290
1848140 290
1848150 290
1848160 290
1848170 290
1848180 290
1848190 290
1848200 290
1848210 290
1848220 290
1848230 290
1848240 292
1848250 292
1848260 292
1848270 292
1848280 292
1848290 292
1848300 292
1848310 292
1848320 292
1848330 293
1848340 293
1848350 294
1848360 294
1848370 294
1848380 295
1848390 295
1848400 295
1848410 296
1848420 296
1848430 296
1848440 296
1848450 296
1848460 296
1848470 296
1848480 296
1848490 296
1848500 295
1848510 295
1848520 295
1848530 294
1848540 293
1848550 293
1848560 293
1848570 294
1848580 294
1848590 294
1848600 295
1848610 295
1848620 295
1848630 295
1848640 295
1848650 295
1848660 295
1848670 295
1848680 295
1848690 295
1848700 295
1848710 295
1848720 295
1848730 295
1848740 295
1848750 295
1848760 295
1848770 295
1848780 295
1848790 295
1848800 295
1848810 295
1848820 295
1848830 294
1848840 294
1848850 294
1848860 294
1848870 294
1848880 294
1848890 294
1848900 294
1848910 293
1848920 293
1848930 293
1848940 293
1848950 293
1848960 292
1848970 292
1848980 292
1848990 292
1849000 292
1849010 291
1849020 291
1849030 291
1849040 290
1849050 290
1849060 290
1849070 289
1849080 289
1849090 289
1849100 288
1849110 288
1849120 288
1849130 287
1849140 287
1849150 287
1849160 286
1849170 286
1849180 285
1849190 284
1849200 284
1849210 284
1849220 283
1849230 283
1849240 282
1849250 282
1849260 282
1849270 281
1849280 281
1849290 281
1849300 281
1849310 282
1849320 281
1849330 281
1849340 281
1849350 281
1849360 281
1849370 281
1849380 280
1849390 280
1849400 280
1849410 280
1849420 279
1849430 279
1849440 279
1849450 279
1849460 279
1849470 278
1849480 278
1849490 278
1849500 278
1849510 277
1849520 277
1849530 277
1849540 277
1849550 277
1849560 276
1849570 276
1849580 276
1849590 276
1849600 276
1849610 276
1849620 276
1849630 276
1849640 276
1849650 276
1849660 275
1849670 275
1849680 275
1849690 274
1849700 274
1849710 275
1849720 275
1849730 275
1849740 275
1849750 275
1849760 275
1849770 274
1849780 274
1849790 274
1849800 274
1849810 274
1849820 274
1849830 273
1849840 273
1849850 273
1849860 273
1849870 273
1849880 273
1849890 272
1849900 272
1849910 272
1849920 272
1849930 272
1849940 272
1849950 272
1849960 272
1849970 271
1849980 271
1849990 271
1850000 271
1850010 271
1850020 271
1850030 270
1850040 270
1850050 270
1850060 269
1850070 269
1850080 269
1850090 269
1850100 268
1850110 268
1850120 268
1850130 268
1850140 268
1850150 268
1850160 267
1850170 267
1850180 266
1850190 265
1850200 265
1850210 263
1850220 262
1850230 262
1850240 261
1850250 259
1850260 259
1850270 258
1850280 257
1850290 257
1850300 256
1850310 256
1850320 256
1850330 255
1850340 255
1850350 255
1850360 254
1850370 253
1850380 253
1850390 253
1850400 252
1850410 252
1850420 252
1850430 253
1850440 253
1850450 253
1850460 253
1850470 253
1850480 254
1850490 254
1850500 256
1850510 257
1850520 257
1850530 258
1850540 258
1850550 258
1850560 259
1850570 260
1850580 260
1850590 261
1850600 262
1850610 262
1850620 262
1850630 262
1850640 262
1850650 262
1850660 261
1850670 261
1850680 261
1850690 261
1850700 261
1850710 260
1850720 260
1850730 260
1850740 259
1850750 257
1850760 257
1850770 257
1850780 256
1850790 256
1850800 255
1850810 254
1850820 254
1850830 254
1850840 254
1850850 254
1850860 254
1850870 254
1850880 254
1850890 254
1850900 254
1850910 254
1850920 254
1850930 253
1850940 253
1850950 252
1850960 251
1850970 251
1850980 251
1850990 250
1851000 250
1851010 250
1851020 250
1851030 250
1851040 250
1851050 250
1851060 249
1851070 249
1851080 249
1851090 249
1851100 248
1851110 248
1851120 248
1851130 247
1851140 247
1851150 247
1851160 247
1851170 247
1851180 247
1851190 247
1851200 247
1851210 246
1851220 246
1851230 246
1851240 248
1851250 248
1851260 248
1851270 246
1851280 245
1851290 245
1851300 245
1851310 245
1851320 245
1851330 244
1851340 244
1851350 244
1851360 244
1851370 244
1851380 244
1851390 243
1851400 243
1851410 243
1851420 243
1851430 243
1851440 243
1851450 243
1851460 242
1851470 242
1851480 242
1851490 241
1851500 241
1851510 241
1851520 241
1851530 241
1851540 240
1851550 240
1851560 240
1851570 240
1851580 240
1851590 239
1851600 239
1851610 239
1851620 239
1851630 240
1851640 240
1851650 241
1851660 242
1851670 242
1851680 242
1851690 243
1851700 243
1851710 243
1851720 243
1851730 243
1851740 243
1851750 243
1851760 243
1851770 243
1851780 242
1851790 242
1851800 242
1851810 241
1851820 241
1851830 241
1851840 241
1851850 241
1851860 241
1851870 241
1851880 241
1851890 241
1851900 242
1851910 242
1851920 245
1851930 246
1851940 246
1851950 244
1851960 240
1851970 240
1851980 240
1851990 240
1852000 240
1852010 240
1852020 241
1852030 241
1852040 241
1852050 241
1852060 241
1852070 241
1852080 242
1852090 242
1852100 242
1852110 242
1852120 242
1852130 242
1852140 242
1852150 242
1852160 242
1852170 241
1852180 241
1852190 241
1852200 241
1852210 241
1852220 241
1852230 241
1852240 241
1852250 241
1852260 241
1852270 241
1852280 240
1852290 240
1852300 240
1852310 240
1852320 240
1852330 240
1852340 240
1852350 240
1852360 240
1852370 239
1852380 239
1852390 238
1852400 238
1852410 238
1852420 237
1852430 236
1852440 236
1852450 235
1852460 234
1852470 234
1852480 233
1852490 232
1852500 232
1852510 232
1852520 231
1852530 231
1852540 230
1852550 230
1852560 230
1852570 230
1852580 230
1852590 230
1852600 230
1852610 230
1852620 230
1852630 230
1852640 230
1852650 230
1852660 230
1852670 230
1852680 230
1852690 229
1852700 229
1852710 229
1852720 229
1852730 229
1852740 229
1852750 229
1852760 229
1852770 229
1852780 229
1852790 229
1852800 229
1852810 229
1852820 229
1852830 229
1852840 229
1852850 229
1852860 229
1852870 229
1852880 229
1852890 229
1852900 229
1852910 229
1852920 229
1852930 229
1852940 229
1852950 229
1852960 228
1852970 228
1852980 229
1852990 229
1853000 229
1853010 228
1853020 228
1853030 228
1853040 228
1853050 228
1853060 228
1853070 228
1853080 228
1853090 228
1853100 228
1853110 228
1853120 228
1853130 228
1853140 228
1853150 228
1853160 228
1853170 228
1853180 228
1853190 228
1853200 228
1853210 228
1853220 228
1853230 228
1853240 228
1853250 228
1853260 228
1853270 228
1853280 228
1853290 228
1853300 228
1853310 227
1853320 227
1853330 227
1853340 228
1853350 228
1853360 228
1853370 228
1853380 228
1853390 228
1853400 228
1853410 228
1853420 228
1853430 228
1853440 228
1853450 228
1853460 228
1853470 228
1853480 228
1853490 227
1853500 227
1853510 227
1853520 227
1853530 227
1853540 227
1853550 227
1853560 227
1853570 227
1853580 226
1853590 226
1853600 226
1853610 226
1853620 226
1853630 226
1853640 226
1853650 226
1853660 226
1853670 226
1853680 226
1853690 226
1853700 226
1853710 226
1853720 226
1853730 226
1853740 226
1853750 226
1853760 226
1853770 226
1853780 226
1853790 226
1853800 226
1853810 226
1853820 226
1853830 226
1853840 226
1853850 226
1853860 226
1853870 226
1853880 226
1853890 226
1853900 226
1853910 226
1853920 226
1853930 226
1853940 226
1853950 226
1853960 225
1853970 225
1853980 225
1853990 225
1854000 225
1854010 225
1854020 225
1854030 225
1854040 225
1854050 225
1854060 225
1854070 224
1854080 224
1854090 224
1854100 224
1854110 224
1854120 224
1854130 224
1854140 224
1854150 224
1854160 224
1854170 223
1854180 223
1854190 223
1854200 223
1854210 223
1854220 223
1854230 223
1854240 223
1854250 223
1854260 223
1854270 223
1854280 223
1854290 223
1854300 223
1854310 223
1854320 223
1854330 223
1854340 223
1854350 223
1854360 223
1854370 223
1854380 223
1854390 223
1854400 223
1854410 222
1854420 222
1854430 222
1854440 222
1854450 222
1854460 222
1854470 222
1854480 222
1854490 222
1854500 222
1854510 222
1854520 223
1854530 223
1854540 223
1854550 222
1854560 222
1854570 222
1854580 222
1854590 222
1854600 222
1854610 221
1854620 221
1854630 221
1854640 221
1854650 221
1854660 221
1854670 220
1854680 220
1854690 220
1854700 220
1854710 220
1854720 220
1854730 220
1854740 220
1854750 220
1854760 220
1854770 220
1854780 220
1854790 220
1854800 220
1854810 220
1854820 220
1854830 220
1854840 220
1854850 220
1854860 220
1854870 220
1854880 220
1854890 220
1854900 220
1854910 220
1854920 220
1854930 220
1854940 220
1854950 220
1854960 220
1854970 220
1854980 220
1854990 220
1855000 220
1855010 220
1855020 220
1855030 220
1855040 220
1855050 220
1855060 220
1855070 221
1855080 221
1855090 221
1855100 221
1855110 221
1855120 221
1855130 221
1855140 222
1855150 222
1855160 222
1855170 223
1855180 223
1855190 223
1855200 223
1855210 223
1855220 224
1855230 223
1855240 223
1855250 223
1855260 224
1855270 224
1855280 226
1855290 226
1855300 226
1855310 227
1855320 227
1855330 227
1855340 227
1855350 227
1855360 228
1855370 228
1855380 228
1855390 228
1855400 228
1855410 228
1855420 228
1855430 228
1855440 227
1855450 227
1855460 227
1855470 227
1855480 227
1855490 226
1855500 226
1855510 226
1855520 225
1855530 224
1855540 224
1855550 223
1855560 223
1855570 223
1855580 222
1855590 222
1855600 222
1855610 221
1855620 221
1855630 221
1855640 220
1855650 220
1855660 220
1855670 220
1855680 220
1855690 220
1855700 220
1855710 221
1855720 221
1855730 220
1855740 220
1855750 220
1855760 220
1855770 220
1855780 219
1855790 218
1855800 218
1855810 218
1855820 217
1855830 217
1855840 217
1855850 216
1855860 216
1855870 216
1855880 215
1855890 215
1855900 215
1855910 215
1855920 215
1855930 215
1855940 215
1855950 215
1855960 215
1855970 215
1855980 215
1855990 215
1856000 215
1856010 215
1856020 215
1856030 215
1856040 215
1856050 215
1856060 215
1856070 215
1856080 215
1856090 215
1856100 215
1856110 216
1856120 216
1856130 216
1856140 217
1856150 217
1856160 217
1856170 217
1856180 217
1856190 217
1856200 218
1856210 218
1856220 219
1856230 221
1856240 221
1856250 222
1856260 223
1856270 223
1856280 224
1856290 225
1856300 225
1856310 226
1856320 227
1856330 227
1856340 228
1856350 229
1856360 229
1856370 230
1856380 231
1856390 231
1856400 233
1856410 234
1856420 234
1856430 235
1856440 236
1856450 236
1856460 237
1856470 238
1856480 238
1856490 239
1856500 241
1856510 241
1856520 242
1856530 243
1856540 243
1856550 244
1856560 244
1856570 244
1856580 245
1856590 246
1856600 246
1856610 246
1856620 247
1856630 247
1856640 247
1856650 248
1856660 248
1856670 248
1856680 248
1856690 247
1856700 248
1856710 248
1856720 248
1856730 249
1856740 249
1856750 249
1856760 249
1856770 250
1856780 250
1856790 250
1856800 250
1856810 250
1856820 249
1856830 249
1856840 248
1856850 247
1856860 247
1856870 246
1856880 245
1856890 245
1856900 244
1856910 243
1856920 243
1856930 242
1856940 241
1856950 241
1856960 240
1856970 238
1856980 238
1856990 237
1857000 236
1857010 236
1857020 235
1857030 234
1857040 234
1857050 234
1857060 235
1857070 235
1857080 236
1857090 238
1857100 238
1857110 239
1857120 242
1857130 242
1857140 242
1857150 242
1857160 242
1857170 242
1857180 241
1857190 241
1857200 240
1857210 239
1857220 239
1857230 237
1857240 236
1857250 236
1857260 234
1857270 234
1857280 233
1857290 231
1857300 231
1857310 230
1857320 229
1857330 229
1857340 228
1857350 227
1857360 227
1857370 226
1857380 225
1857390 225
1857400 224
1857410 222
1857420 222
1857430 221
1857440 220
1857450 220
1857460 219
1857470 219
1857480 219
1857490 219
1857500 219
1857510 219
1857520 219
1857530 220
1857540 220
1857550 220
1857560 221
1857570 221
1857580 221
1857590 221
1857600 221
1857610 222
1857620 222
1857630 222
1857640 223
1857650 224
1857660 224
1857670 225
1857680 225
1857690 225
1857700 226
1857710 227
1857720 227
1857730 227
1857740 227
1857750 227
1857760 227
1857770 226
1857780 226
1857790 226
1857800 225
1857810 225
1857820 225
1857830 225
1857840 224
1857850 224
1857860 224
1857870 224
1857880 224
1857890 224
1857900 225
1857910 226
1857920 226
1857930 227
1857940 228
1857950 228
1857960 229
1857970 231
1857980 231
1857990 232
1858000 234
1858010 234
1858020 236
1858030 237
1858040 237
1858050 238
1858060 239
1858070 239
1858080 240
1858090 240
1858100 240
1858110 239
1858120 238
1858130 238
1858140 237
1858150 236
1858160 236
1858170 235
1858180 235
1858190 235
1858200 234
1858210 235
1858220 235
1858230 235
1858240 236
1858250 236
1858260 237
1858270 238
1858280 238
1858290 238
1858300 237
1858310 237
1858320 236
1858330 234
1858340 234
1858350 233
1858360 231
1858370 231
1858380 229
1858390 229
1858400 229
1858410 228
1858420 228
1858430 228
1858440 229
1858450 229
1858460 229
1858470 230
1858480 230
1858490 232
1858500 234
1858510 234
1858520 236
1858530 238
1858540 238
1858550 239
1858560 240
1858570 240
1858580 241
1858590 241
1858600 241
1858610 242
1858620 242
1858630 242
1858640 241
1858650 241
1858660 241
1858670 241
1858680 242
1858690 242
1858700 243
1858710 245
1858720 245
1858730 246
1858740 247
1858750 247
1858760 248
1858770 249
1858780 249
1858790 249
1858800 249
1858810 249
1858820 249
1858830 250
1858840 250
1858850 250
1858860 250
1858870 250
1858880 250
1858890 250
1858900 250
1858910 250
1858920 249
1858930 249
1858940 249
1858950 249
1858960 249
1858970 249
1858980 249
1858990 249
1859000 248
1859010 248
1859020 248
1859030 247
1859040 247
1859050 247
1859060 246
1859070 246
1859080 246
1859090 245
1859100 245
1859110 245
1859120 244
1859130 244
1859140 244
1859150 243
1859160 243
1859170 242
1859180 242
1859190 242
1859200 241
1859210 240
1859220 240
1859230 239
1859240 237
1859250 237
1859260 236
1859270 235
1859280 235
1859290 233
1859300 232
1859310 232
1859320 231
1859330 230
1859340 230
1859350 229
1859360 228
1859370 228
1859380 229
1859390 229
1859400 229
1859410 229
1859420 230
1859430 230
1859440 230
1859450 230
1859460 230
1859470 230
1859480 230
1859490 230
1859500 231
1859510 231
1859520 231
1859530 232
1859540 232
1859550 233
1859560 234
1859570 235
1859580 236
1859590 237
1859600 237
1859610 237
1859620 238
1859630 238
1859640 239
1859650 239
1859660 239
1859670 240
1859680 241
1859690 241
1859700 241
1859710 241
1859720 241
1859730 242
1859740 242
1859750 242
1859760 242
1859770 242
1859780 242
1859790 243
1859800 243
1859810 243
1859820 243
1859830 243
1859840 243
1859850 243
1859860 243
1859870 243
1859880 244
1859890 244
1859900 244
1859910 244
1859920 244
1859930 244
1859940 244
1859950 244
1859960 244
1859970 244
1859980 244
1859990 244
