1840000 235
1840010 235
1840020 235
1840030 235
1840040 235
1840050 235
1840060 235
1840070 235
1840080 235
1840090 235
1840100 235
1840110 235
1840120 235
1840130 235
1840140 235
1840150 236
1840160 236
1840170 236
1840180 236
1840190 236
1840200 236
1840210 236
1840220 236
1840230 236
1840240 236
1840250 237
1840260 237
1840270 237
1840280 237
1840290 237
1840300 237
1840310 237
1840320 237
1840330 238
1840340 238
1840350 238
1840360 237
1840370 237
1840380 237
1840390 238
1840400 238
1840410 238
1840420 238
1840430 238
1840440 238
1840450 238
1840460 238
1840470 238
1840480 239
1840490 239
1840500 239
1840510 239
1840520 239
1840530 239
1840540 239
1840550 239
1840560 240
1840570 240
1840580 240
1840590 240
1840600 240
1840610 240
1840620 241
1840630 241
1840640 241
1840650 241
1840660 242
1840670 242
1840680 242
1840690 242
1840700 242
1840710 243
1840720 243
1840730 243
1840740 244
1840750 244
1840760 244
1840770 245
1840780 245
1840790 245
1840800 246
1840810 246
1840820 246
1840830 247
1840840 247
1840850 247
1840860 248
1840870 249
1840880 249
1840890 250
1840900 251
1840910 251
1840920 252
1840930 252
1840940 252
1840950 253
1840960 253
1840970 253
1840980 254
1840990 254
1841000 254
1841010 255
1841020 255
1841030 255
1841040 255
1841050 255
1841060 256
1841070 256
1841080 256
1841090 256
1841100 257
1841110 257
1841120 257
1841130 257
1841140 257
1841150 258
1841160 258
1841170 258
1841180 258
1841190 258
1841200 258
1841210 258
1841220 258
1841230 258
1841240 258
1841250 258
1841260 258
1841270 258
1841280 258
1841290 258
1841300 258
1841310 259
1841320 259
1841330 259
1841340 259
1841350 259
1841360 259
1841370 259
1841380 259
1841390 259
1841400 259
1841410 259
1841420 259
1841430 258
1841440 258
1841450 258
1841460 258
1841470 258
1841480 258
1841490 259
1841500 259
1841510 259
1841520 259
1841530 259
1841540 259
1841550 260
1841560 260
1841570 260
1841580 260
1841590 260
1841600 261
1841610 261
1841620 261
1841630 261
1841640 261
1841650 262
1841660 262
1841670 262
1841680 263
1841690 263
1841700 263
1841710 263
1841720 263
1841730 263
1841740 263
1841750 263
1841760 263
1841770 263
1841780 263
1841790 263
1841800 263
1841810 263
1841820 263
1841830 263
1841840 263
1841850 263
1841860 263
1841870 263
1841880 263
1841890 263
1841900 263
1841910 263
1841920 263
1841930 263
1841940 263
1841950 263
1841960 264
1841970 264
1841980 264
1841990 264
1842000 264
1842010 264
1842020 263
1842030 263
1842040 264
1842050 264
1842060 264
1842070 264
1842080 264
1842090 264
1842100 264
1842110 265
1842120 265
1842130 265
1842140 266
1842150 266
1842160 266
1842170 266
1842180 266
1842190 267
1842200 267
1842210 268
1842220 268
1842230 268
1842240 269
1842250 269
1842260 269
1842270 270
1842280 270
1842290 270
1842300 270
1842310 270
1842320 270
1842330 270
1842340 270
1842350 270
1842360 271
1842370 271
1842380 271
1842390 271
1842400 272
1842410 272
1842420 272
1842430 272
1842440 272
1842450 273
1842460 273
1842470 273
1842480 273
1842490 274
1842500 274
1842510 274
1842520 274
1842530 274
1842540 275
1842550 275
1842560 275
1842570 276
1842580 277
1842590 277
1842600 277
1842610 278
1842620 278
1842630 279
1842640 280
1842650 280
1842660 281
1842670 282
1842680 282
1842690 283
1842700 285
1842710 285
1842720 287
1842730 287
1842740 289
1842750 291
1842760 291
1842770 292
1842780 294
1842790 294
1842800 296
1842810 298
1842820 298
1842830 300
1842840 301
1842850 301
1842860 303
1842870 304
1842880 304
1842890 305
1842900 307
1842910 307
1842920 308
1842930 309
1842940 309
1842950 311
1842960 313
1842970 313
1842980 314
1842990 314
1843000 314
1843010 315
1843020 315
1843030 315
1843040 316
1843050 317
1843060 317
1843070 318
1843080 319
1843090 319
1843100 319
1843110 320
1843120 320
1843130 322
1843140 326
1843150 326
1843160 326
1843170 326
1843180 326
1843190 326
1843200 326
1843210 326
1843220 327
1843230 327
1843240 327
1843250 328
1843260 328
1843270 328
1843280 329
1843290 329
1843300 330
1843310 330
1843320 330
1843330 331
1843340 332
1843350 332
1843360 333
1843370 334
1843380 334
1843390 335
1843400 337
1843410 337
1843420 338
1843430 339
1843440 339
1843450 340
1843460 341
1843470 341
1843480 342
1843490 343
1843500 344
1843510 345
1843520 346
1843530 346
1843540 347
1843550 348
1843560 348
1843570 349
1843580 350
1843590 350
1843600 351
1843610 352
1843620 352
1843630 352
1843640 353
1843650 353
1843660 353
1843670 354
1843680 354
1843690 355
1843700 356
1843710 356
1843720 356
1843730 357
1843740 357
1843750 357
1843760 357
1843770 357
1843780 358
1843790 358
1843800 358
1843810 358
1843820 358
1843830 358
1843840 358
1843850 358
1843860 360
1843870 361
1843880 361
1843890 362
1843900 363
1843910 363
1843920 364
1843930 365
1843940 365
1843950 366
1843960 366
1843970 366
1843980 367
1843990 368
1844000 368
1844010 369
1844020 370
1844030 370
1844040 372
1844050 373
1844060 373
1844070 374
1844080 375
1844090 375
1844100 376
1844110 377
1844120 377
1844130 378
1844140 378
1844150 378
1844160 379
1844170 380
1844180 380
1844190 380
1844200 381
1844210 381
1844220 382
1844230 384
1844240 384
1844250 384
1844260 385
1844270 385
1844280 386
1844290 387
1844300 387
1844310 387
1844320 387
1844330 387
1844340 387
1844350 388
1844360 388
1844370 389
1844380 389
1844390 389
1844400 390
1844410 390
1844420 390
1844430 391
1844440 391
1844450 391
1844460 392
1844470 392
1844480 392
1844490 392
1844500 392
1844510 391
1844520 392
1844530 392
1844540 391
1844550 391
1844560 391
1844570 391
1844580 390
1844590 391
1844600 390
1844610 390
1844620 390
1844630 389
1844640 388
1844650 388
1844660 388
1844670 387
1844680 387
1844690 385
1844700 384
1844710 384
1844720 382
1844730 381
1844740 381
1844750 379
1844760 381
1844770 381
1844780 381
1844790 381
1844800 381
1844810 381
1844820 381
1844830 381
1844840 381
1844850 381
1844860 381
1844870 381
1844880 381
1844890 381
1844900 381
1844910 381
1844920 381
1844930 381
1844940 381
1844950 382
1844960 382
1844970 382
1844980 382
1844990 381
1845000 381
1845010 381
1845020 380
1845030 380
1845040 379
1845050 378
1845060 378
1845070 377
1845080 376
1845090 376
1845100 375
1845110 374
1845120 374
1845130 373
1845140 371
1845150 371
1845160 369
1845170 368
1845180 368
1845190 367
1845200 366
1845210 366
1845220 365
1845230 364
1845240 364
1845250 362
1845260 360
1845270 360
1845280 357
1845290 353
1845300 353
1845310 350
1845320 346
1845330 346
1845340 341
1845350 336
1845360 336
1845370 334
1845380 333
1845390 333
1845400 333
1845410 333
1845420 333
1845430 333
1845440 333
1845450 333
1845460 332
1845470 332
1845480 332
1845490 333
1845500 333
1845510 333
1845520 334
1845530 334
1845540 334
1845550 334
1845560 334
1845570 333
1845580 333
1845590 333
1845600 332
1845610 332
1845620 332
1845630 331
1845640 331
1845650 331
1845660 331
1845670 331
1845680 332
1845690 332
1845700 332
1845710 332
1845720 332
1845730 332
1845740 332
1845750 332
1845760 331
1845770 331
1845780 331
1845790 330
1845800 330
1845810 330
1845820 329
1845830 329
1845840 329
1845850 328
1845860 328
1845870 328
1845880 327
1845890 327
1845900 327
1845910 326
1845920 326
1845930 326
1845940 324
1845950 324
1845960 323
1845970 321
1845980 321
1845990 319
1846000 318
1846010 318
1846020 317
1846030 316
1846040 317
1846050 317
1846060 316
1846070 316
1846080 314
1846090 314
1846100 311
1846110 309
1846120 309
1846130 308
1846140 308
1846150 308
1846160 308
1846170 308
1846180 308
1846190 308
1846200 309
1846210 309
1846220 309
1846230 309
1846240 309
1846250 308
1846260 308
1846270 308
1846280 309
1846290 309
1846300 309
1846310 311
1846320 312
1846330 312
1846340 314
1846350 315
1846360 315
1846370 315
1846380 316
1846390 316
1846400 317
1846410 317
1846420 317
1846430 317
1846440 317
1846450 317
1846460 317
1846470 316
1846480 316
1846490 316
1846500 315
1846510 315
1846520 314
1846530 313
1846540 313
1846550 311
1846560 309
1846570 309
1846580 307
1846590 305
1846600 305
1846610 303
1846620 301
1846630 301
1846640 298
1846650 298
1846660 297
1846670 300
1846680 300
1846690 302
1846700 304
1846710 304
1846720 305
1846730 305
1846740 305
1846750 305
1846760 305
1846770 306
1846780 306
1846790 305
1846800 305
1846810 305
1846820 304
1846830 304
1846840 302
1846850 301
1846860 301
1846870 300
1846880 299
1846890 299
1846900 298
1846910 297
1846920 297
1846930 296
1846940 295
1846950 295
1846960 294
1846970 293
1846980 293
1846990 292
1847000 292
1847010 292
1847020 291
1847030 290
1847040 290
1847050 289
1847060 288
1847070 288
1847080 287
1847090 286
1847100 286
1847110 285
1847120 284
1847130 285
1847140 284
1847150 283
1847160 283
1847170 282
1847180 281
1847190 281
1847200 280
1847210 280
1847220 279
1847230 277
1847240 277
1847250 276
1847260 274
1847270 274
1847280 273
1847290 272
1847300 272
1847310 271
1847320 271
1847330 271
1847340 272
1847350 272
1847360 272
1847370 272
1847380 271
1847390 271
1847400 271
1847410 270
1847420 270
1847430 269
1847440 268
1847450 268
1847460 266
1847470 265
1847480 265
1847490 264
1847500 264
1847510 264
1847520 264
1847530 264
1847540 264
1847550 264
1847560 264
1847570 264
1847580 264
1847590 264
1847600 264
1847610 264
1847620 264
1847630 264
1847640 264
1847650 265
1847660 265
1847670 266
1847680 267
1847690 267
1847700 269
1847710 270
1847720 270
1847730 271
1847740 272
1847750 272
1847760 273
1847770 273
1847780 273
1847790 274
1847800 274
1847810 275
1847820 275
1847830 275
1847840 275
1847850 276
1847860 276
1847870 276
1847880 276
1847890 276
1847900 277
1847910 278
1847920 278
1847930 279
1847940 279
1847950 279
1847960 280
1847970 280
1847980 280
1847990 280
1848000 279
1848010 279
1848020 280
1848030 280
1848040 280
1848050 281
1848060 282
1848070 282
1848080 282
1848090 283
1848100 283
1848110 284
1848120 284
1848130 284
1848140 285
1848150 286
1848160 286
1848170 287
1848180 287
1848190 287
1848200 288
1848210 289
1848220 289
1848230 290
1848240 290
1848250 290
1848260 289
1848270 289
1848280 289
1848290 289
1848300 288
1848310 288
1848320 288
1848330 288
1848340 287
1848350 286
1848360 286
1848370 285
1848380 284
1848390 284
1848400 283
1848410 281
1848420 281
1848430 280
1848440 278
1848450 278
1848460 277
1848470 275
1848480 275
1848490 273
1848500 272
1848510 272
1848520 271
1848530 269
1848540 269
1848550 267
1848560 265
1848570 265
1848580 263
1848590 263
1848600 263
1848610 262
1848620 262
1848630 262
1848640 263
1848650 265
1848660 265
1848670 266
1848680 267
1848690 267
1848700 268
1848710 270
1848720 270
1848730 271
1848740 272
1848750 272
1848760 272
1848770 272
1848780 272
1848790 273
1848800 274
1848810 274
1848820 277
1848830 279
1848840 279
1848850 281
1848860 282
1848870 282
1848880 283
1848890 283
1848900 284
1848910 284
1848920 284
1848930 285
1848940 286
1848950 286
1848960 286
1848970 287
1848980 287
1848990 287
1849000 288
1849010 288
1849020 288
1849030 288
1849040 288
1849050 289
1849060 289
1849070 289
1849080 289
1849090 289
1849100 289
1849110 289
1849120 289
1849130 289
1849140 289
1849150 288
1849160 288
1849170 288
1849180 288
1849190 288
1849200 287
1849210 287
1849220 287
1849230 286
1849240 286
1849250 286
1849260 285
1849270 284
1849280 283
1849290 282
1849300 281
1849310 281
1849320 280
1849330 279
1849340 279
1849350 278
1849360 277
1849370 277
1849380 275
1849390 274
1849400 274
1849410 273
1849420 271
1849430 271
1849440 270
1849450 270
1849460 269
1849470 267
1849480 267
1849490 266
1849500 265
1849510 265
1849520 263
1849530 262
1849540 262
1849550 263
1849560 264
1849570 264
1849580 265
1849590 266
1849600 266
1849610 267
1849620 269
1849630 269
1849640 272
1849650 274
1849660 274
1849670 275
1849680 276
1849690 276
1849700 277
1849710 278
1849720 278
1849730 279
1849740 279
1849750 279
1849760 279
1849770 280
1849780 280
1849790 280
1849800 280
1849810 280
1849820 281
1849830 282
1849840 282
1849850 282
1849860 283
1849870 283
1849880 283
1849890 284
1849900 284
1849910 284
1849920 285
1849930 285
1849940 286
1849950 286
1849960 286
1849970 287
1849980 287
1849990 287
1850000 288
1850010 288
1850020 289
1850030 289
1850040 289
1850050 289
1850060 289
1850070 289
1850080 289
1850090 289
1850100 289
1850110 289
1850120 288
1850130 288
1850140 288
1850150 287
1850160 287
1850170 287
1850180 286
1850190 286
1850200 285
1850210 284
1850220 284
1850230 283
1850240 282
1850250 282
1850260 281
1850270 280
1850280 280
1850290 279
1850300 279
1850310 279
1850320 277
1850330 277
1850340 277
1850350 276
1850360 277
1850370 277
1850380 277
1850390 277
1850400 277
1850410 277
1850420 277
1850430 277
1850440 276
1850450 276
1850460 276
1850470 276
1850480 276
1850490 276
1850500 275
1850510 275
1850520 275
1850530 275
1850540 275
1850550 275
1850560 276
1850570 276
1850580 276
1850590 276
1850600 276
1850610 276
1850620 275
1850630 275
1850640 275
1850650 275
1850660 275
1850670 274
1850680 274
1850690 274
1850700 274
1850710 273
1850720 273
1850730 273
1850740 272
1850750 272
1850760 272
1850770 272
1850780 272
1850790 271
1850800 271
1850810 271
1850820 271
1850830 271
1850840 271
1850850 272
1850860 272
1850870 272
1850880 272
1850890 272
1850900 272
1850910 272
1850920 272
1850930 272
1850940 272
1850950 271
1850960 271
1850970 271
1850980 270
1850990 270
1851000 269
1851010 269
1851020 269
1851030 268
1851040 267
1851050 267
1851060 266
1851070 265
1851080 265
1851090 265
1851100 264
1851110 264
1851120 263
1851130 263
1851140 262
1851150 261
1851160 261
1851170 260
1851180 259
1851190 259
1851200 258
1851210 257
1851220 257
1851230 256
1851240 255
1851250 255
1851260 254
1851270 253
1851280 253
1851290 251
1851300 250
1851310 250
1851320 249
1851330 248
1851340 248
1851350 246
1851360 244
1851370 244
1851380 243
1851390 242
1851400 242
1851410 241
1851420 240
1851430 240
1851440 239
1851450 239
1851460 239
1851470 239
1851480 238
1851490 238
1851500 238
1851510 238
1851520 238
1851530 238
1851540 238
1851550 238
1851560 238
1851570 239
1851580 239
1851590 239
1851600 240
1851610 240
1851620 241
1851630 242
1851640 242
1851650 244
1851660 245
1851670 245
1851680 246
1851690 246
1851700 248
1851710 249
1851720 249
1851730 251
1851740 252
1851750 252
1851760 255
1851770 256
1851780 256
1851790 258
1851800 259
1851810 259
1851820 259
1851830 260
1851840 260
1851850 261
1851860 262
1851870 262
1851880 262
1851890 263
1851900 263
1851910 263
1851920 264
1851930 264
1851940 264
1851950 265
1851960 265
1851970 265
1851980 265
1851990 265
1852000 266
1852010 266
1852020 266
1852030 266
1852040 266
1852050 266
1852060 266
1852070 266
1852080 266
1852090 266
1852100 266
1852110 266
1852120 266
1852130 266
1852140 267
1852150 266
1852160 266
1852170 266
1852180 265
1852190 265
1852200 265
1852210 264
1852220 264
1852230 264
1852240 263
1852250 263
1852260 262
1852270 261
1852280 261
1852290 261
1852300 260
1852310 260
1852320 259
1852330 259
1852340 259
1852350 258
1852360 258
1852370 258
1852380 258
1852390 258
1852400 258
1852410 258
1852420 258
1852430 258
1852440 258
1852450 259
1852460 259
1852470 260
1852480 261
1852490 261
1852500 263
1852510 264
1852520 264
1852530 265
1852540 265
1852550 265
1852560 266
1852570 266
1852580 266
1852590 267
1852600 267
1852610 267
1852620 267
1852630 268
1852640 268
1852650 268
1852660 268
1852670 268
1852680 268
1852690 268
1852700 268
1852710 269
1852720 269
1852730 269
1852740 269
1852750 269
1852760 269
1852770 269
1852780 269
1852790 269
1852800 270
1852810 270
1852820 270
1852830 271
1852840 271
1852850 272
1852860 273
1852870 273
1852880 273
1852890 274
1852900 274
1852910 274
1852920 274
1852930 274
1852940 275
1852950 275
1852960 275
1852970 275
1852980 275
1852990 275
1853000 276
1853010 276
1853020 276
1853030 275
1853040 275
1853050 275
1853060 275
1853070 275
1853080 275
1853090 274
1853100 274
1853110 274
1853120 273
1853130 272
1853140 272
1853150 272
1853160 270
1853170 270
1853180 269
1853190 268
1853200 268
1853210 267
1853220 266
1853230 266
1853240 265
1853250 264
1853260 264
1853270 262
1853280 261
1853290 261
1853300 260
1853310 259
1853320 259
1853330 258
1853340 257
1853350 257
1853360 257
1853370 257
1853380 257
1853390 257
1853400 257
1853410 258
1853420 259
1853430 259
1853440 260
1853450 262
1853460 262
1853470 264
1853480 265
1853490 265
1853500 265
1853510 265
1853520 265
1853530 265
1853540 265
1853550 265
1853560 265
1853570 264
1853580 264
1853590 264
1853600 263
1853610 263
1853620 263
1853630 262
1853640 262
1853650 260
1853660 259
1853670 259
1853680 257
1853690 256
1853700 256
1853710 254
1853720 253
1853730 253
1853740 252
1853750 251
1853760 251
1853770 251
1853780 250
1853790 250
1853800 249
1853810 249
1853820 249
1853830 249
1853840 249
1853850 249
1853860 250
1853870 252
1853880 252
1853890 253
1853900 255
1853910 255
1853920 259
1853930 259
1853940 261
1853950 263
1853960 263
1853970 265
1853980 266
1853990 266
1854000 268
1854010 271
1854020 271
1854030 272
1854040 272
1854050 272
1854060 272
1854070 272
1854080 272
1854090 272
1854100 271
1854110 271
1854120 271
1854130 271
1854140 271
1854150 270
1854160 270
1854170 270
1854180 269
1854190 268
1854200 268
1854210 267
1854220 265
1854230 265
1854240 263
1854250 262
1854260 262
1854270 261
1854280 260
1854290 260
1854300 259
1854310 259
1854320 259
1854330 259
1854340 259
1854350 259
1854360 259
1854370 260
1854380 260
1854390 261
1854400 261
1854410 261
1854420 262
1854430 263
1854440 263
1854450 264
1854460 265
1854470 265
1854480 266
1854490 266
1854500 267
1854510 267
1854520 267
1854530 268
1854540 268
1854550 268
1854560 268
1854570 268
1854580 268
1854590 269
1854600 269
1854610 269
1854620 270
1854630 270
1854640 270
1854650 270
1854660 269
1854670 269
1854680 269
1854690 269
1854700 269
1854710 268
1854720 268
1854730 268
1854740 267
1854750 267
1854760 267
1854770 266
1854780 264
1854790 264
1854800 263
1854810 262
1854820 262
1854830 260
1854840 260
1854850 260
1854860 259
1854870 258
1854880 258
1854890 257
1854900 256
1854910 256
1854920 254
1854930 253
1854940 253
1854950 251
1854960 250
1854970 250
1854980 250
1854990 249
1855000 249
1855010 248
1855020 247
1855030 247
1855040 245
1855050 245
1855060 244
1855070 243
1855080 243
1855090 242
1855100 241
1855110 241
1855120 241
1855130 241
1855140 241
1855150 240
1855160 240
1855170 240
1855180 239
1855190 240
1855200 240
1855210 241
1855220 241
1855230 241
1855240 243
1855250 244
1855260 244
1855270 246
1855280 247
1855290 247
1855300 247
1855310 248
1855320 248
1855330 248
1855340 248
1855350 248
1855360 248
1855370 247
1855380 247
1855390 247
1855400 246
1855410 246
1855420 245
1855430 244
1855440 244
1855450 243
1855460 242
1855470 242
1855480 240
1855490 239
1855500 239
1855510 238
1855520 237
1855530 237
1855540 236
1855550 235
1855560 235
1855570 234
1855580 233
1855590 233
1855600 233
1855610 233
1855620 232
1855630 232
1855640 232
1855650 231
1855660 231
1855670 231
1855680 232
1855690 232
1855700 232
1855710 232
1855720 231
1855730 231
1855740 232
1855750 232
1855760 232
1855770 232
1855780 231
1855790 231
1855800 231
1855810 230
1855820 230
1855830 229
1855840 228
1855850 228
1855860 226
1855870 225
1855880 225
1855890 224
1855900 222
1855910 222
1855920 221
1855930 219
1855940 219
1855950 217
1855960 216
1855970 216
1855980 214
1855990 212
1856000 212
1856010 211
1856020 211
1856030 211
1856040 211
1856050 210
1856060 210
1856070 210
1856080 210
1856090 210
1856100 210
1856110 210
1856120 210
1856130 210
1856140 210
1856150 210
1856160 210
1856170 210
1856180 211
1856190 212
1856200 212
1856210 214
1856220 216
1856230 216
1856240 219
1856250 221
1856260 221
1856270 223
1856280 225
1856290 225
1856300 226
1856310 228
1856320 228
1856330 229
1856340 231
1856350 231
1856360 232
1856370 234
1856380 234
1856390 235
1856400 237
1856410 237
1856420 238
1856430 239
1856440 239
1856450 240
1856460 242
1856470 242
1856480 243
1856490 245
1856500 245
1856510 246
1856520 247
1856530 247
1856540 248
1856550 249
1856560 249
1856570 250
1856580 251
1856590 251
1856600 252
1856610 253
1856620 253
1856630 254
1856640 255
1856650 255
1856660 256
1856670 257
1856680 257
1856690 257
1856700 258
1856710 258
1856720 258
1856730 258
1856740 258
1856750 259
1856760 259
1856770 260
1856780 261
1856790 261
1856800 261
1856810 262
1856820 262
1856830 262
1856840 263
1856850 263
1856860 264
1856870 265
1856880 265
1856890 265
1856900 266
1856910 266
1856920 267
1856930 267
1856940 267
1856950 268
1856960 269
1856970 269
1856980 269
1856990 270
1857000 270
1857010 270
1857020 271
1857030 271
1857040 271
1857050 272
1857060 272
1857070 272
1857080 272
1857090 272
1857100 272
1857110 272
1857120 272
1857130 272
1857140 272
1857150 272
1857160 273
1857170 272
1857180 272
1857190 272
1857200 272
1857210 272
1857220 272
1857230 272
1857240 272
1857250 272
1857260 271
1857270 271
1857280 271
1857290 271
1857300 271
1857310 271
1857320 271
1857330 271
1857340 271
1857350 271
1857360 270
1857370 270
1857380 270
1857390 270
1857400 269
1857410 269
1857420 269
1857430 268
1857440 268
1857450 268
1857460 267
1857470 267
1857480 267
1857490 266
1857500 266
1857510 266
1857520 265
1857530 265
1857540 264
1857550 263
1857560 263
1857570 262
1857580 261
1857590 261
1857600 261
1857610 260
1857620 260
1857630 259
1857640 258
1857650 258
1857660 257
1857670 256
1857680 256
1857690 255
1857700 254
1857710 254
1857720 253
1857730 252
1857740 252
1857750 251
1857760 250
1857770 250
1857780 249
1857790 249
1857800 249
1857810 248
1857820 247
1857830 247
1857840 246
1857850 246
1857860 245
1857870 245
1857880 245
1857890 244
1857900 244
1857910 244
1857920 243
1857930 243
1857940 243
1857950 242
1857960 242
1857970 242
1857980 240
1857990 238
1858000 238
1858010 237
1858020 235
1858030 235
1858040 234
1858050 233
1858060 233
1858070 231
1858080 230
1858090 230
1858100 229
1858110 228
1858120 228
1858130 227
1858140 227
1858150 227
1858160 227
1858170 226
1858180 226
1858190 226
1858200 225
1858210 225
1858220 224
1858230 223
1858240 223
1858250 223
1858260 222
1858270 222
1858280 221
1858290 221
1858300 221
1858310 220
1858320 220
1858330 220
1858340 220
1858350 220
1858360 220
1858370 220
1858380 220
1858390 219
1858400 219
1858410 219
1858420 219
1858430 218
1858440 218
1858450 218
1858460 218
1858470 218
1858480 218
1858490 218
1858500 218
1858510 218
1858520 217
1858530 217
1858540 217
1858550 217
1858560 217
1858570 218
1858580 217
1858590 217
1858600 217
1858610 216
1858620 216
1858630 215
1858640 215
1858650 215
1858660 215
1858670 214
1858680 214
1858690 214
1858700 214
1858710 214
1858720 214
1858730 213
1858740 213
1858750 213
1858760 213
1858770 213
1858780 213
1858790 213
1858800 213
1858810 213
1858820 212
1858830 212
1858840 212
1858850 212
1858860 212
1858870 212
1858880 212
1858890 212
1858900 212
1858910 212
1858920 212
1858930 213
1858940 213
1858950 214
1858960 215
1858970 215
1858980 216
1858990 216
1859000 216
1859010 217
1859020 217
1859030 217
1859040 218
1859050 218
1859060 218
1859070 218
1859080 218
1859090 218
1859100 217
1859110 217
1859120 217
1859130 216
1859140 215
1859150 215
1859160 215
1859170 214
1859180 214
1859190 212
1859200 211
1859210 211
1859220 209
1859230 208
1859240 208
1859250 208
1859260 208
1859270 208
1859280 208
1859290 208
1859300 208
1859310 208
1859320 208
1859330 208
1859340 208
1859350 209
1859360 209
1859370 209
1859380 210
1859390 210
1859400 210
1859410 210
1859420 210
1859430 210
1859440 210
1859450 210
1859460 209
1859470 208
1859480 208
1859490 207
1859500 207
1859510 207
1859520 206
1859530 206
1859540 206
1859550 205
1859560 205
1859570 205
1859580 205
1859590 205
1859600 205
1859610 205
1859620 205
1859630 204
1859640 204
1859650 204
1859660 204
1859670 203
1859680 203
1859690 203
1859700 203
1859710 203
1859720 202
1859730 202
1859740 202
1859750 202
1859760 202
1859770 202
1859780 202
1859790 202
1859800 202
1859810 202
1859820 202
1859830 202
1859840 202
1859850 202
1859860 202
1859870 202
1859880 202
1859890 201
1859900 201
1859910 201
1859920 201
1859930 201
1859940 202
1859950 202
1859960 202
1859970 202
1859980 202
1859990 203
