1840000 240
1840010 241
1840020 241
1840030 241
1840040 241
1840050 241
1840060 241
1840070 241
1840080 241
1840090 241
1840100 241
1840110 241
1840120 241
1840130 242
1840140 242
1840150 242
1840160 242
1840170 242
1840180 242
1840190 242
1840200 242
1840210 242
1840220 242
1840230 243
1840240 243
1840250 243
1840260 243
1840270 243
1840280 243
1840290 243
1840300 244
1840310 244
1840320 244
1840330 244
1840340 244
1840350 244
1840360 245
1840370 245
1840380 245
1840390 245
1840400 245
1840410 246
1840420 246
1840430 246
1840440 246
1840450 246
1840460 246
1840470 247
1840480 247
1840490 247
1840500 247
1840510 247
1840520 247
1840530 247
1840540 248
1840550 248
1840560 248
1840570 248
1840580 248
1840590 248
1840600 248
1840610 248
1840620 249
1840630 249
1840640 249
1840650 249
1840660 249
1840670 249
1840680 250
1840690 250
1840700 250
1840710 250
1840720 250
1840730 250
1840740 250
1840750 250
1840760 251
1840770 251
1840780 251
1840790 251
1840800 251
1840810 251
1840820 252
1840830 252
1840840 252
1840850 252
1840860 252
1840870 252
1840880 252
1840890 252
1840900 252
1840910 252
1840920 252
1840930 252
1840940 253
1840950 253
1840960 253
1840970 253
1840980 253
1840990 253
1841000 253
1841010 253
1841020 253
1841030 253
1841040 253
1841050 253
1841060 253
1841070 253
1841080 253
1841090 253
1841100 253
1841110 253
1841120 254
1841130 254
1841140 254
1841150 254
1841160 254
1841170 254
1841180 254
1841190 255
1841200 255
1841210 255
1841220 256
1841230 256
1841240 256
1841250 256
1841260 256
1841270 256
1841280 257
1841290 257
1841300 257
1841310 257
1841320 257
1841330 258
1841340 258
1841350 258
1841360 259
1841370 259
1841380 259
1841390 260
1841400 260
1841410 261
1841420 263
1841430 263
1841440 264
1841450 265
1841460 265
1841470 266
1841480 267
1841490 267
1841500 268
1841510 269
1841520 269
1841530 269
1841540 270
1841550 270
1841560 270
1841570 270
1841580 270
1841590 271
1841600 271
1841610 271
1841620 271
1841630 272
1841640 272
1841650 272
1841660 273
1841670 273
1841680 273
1841690 274
1841700 274
1841710 274
1841720 274
1841730 274
1841740 275
1841750 275
1841760 275
1841770 276
1841780 277
1841790 277
1841800 277
1841810 277
1841820 277
1841830 277
1841840 278
1841850 278
1841860 278
1841870 278
1841880 278
1841890 279
1841900 279
1841910 279
1841920 279
1841930 279
1841940 279
1841950 280
1841960 280
1841970 280
1841980 280
1841990 280
1842000 281
1842010 281
1842020 281
1842030 282
1842040 282
1842050 282
1842060 281
1842070 281
1842080 281
1842090 281
1842100 282
1842110 282
1842120 282
1842130 282
1842140 282
1842150 283
1842160 284
1842170 284
1842180 285
1842190 285
1842200 285
1842210 286
1842220 287
1842230 287
1842240 289
1842250 290
1842260 290
1842270 291
1842280 292
1842290 292
1842300 294
1842310 295
1842320 295
1842330 295
1842340 297
1842350 297
1842360 298
1842370 298
1842380 298
1842390 298
1842400 299
1842410 299
1842420 299
1842430 299
1842440 301
1842450 301
1842460 301
1842470 302
1842480 303
1842490 303
1842500 304
1842510 305
1842520 305
1842530 306
1842540 306
1842550 306
1842560 306
1842570 306
1842580 306
1842590 304
1842600 303
1842610 303
1842620 302
1842630 301
1842640 301
1842650 301
1842660 302
1842670 302
1842680 302
1842690 303
1842700 303
1842710 304
1842720 305
1842730 305
1842740 305
1842750 306
1842760 306
1842770 306
1842780 305
1842790 305
1842800 306
1842810 302
1842820 302
1842830 295
1842840 291
1842850 291
1842860 297
1842870 301
1842880 300
1842890 303
1842900 304
1842910 304
1842920 304
1842930 305
1842940 305
1842950 305
1842960 307
1842970 307
1842980 308
1842990 308
1843000 310
1843010 312
1843020 312
1843030 316
1843040 319
1843050 319
1843060 319
1843070 319
1843080 319
1843090 324
1843100 327
1843110 327
1843120 330
1843130 332
1843140 332
1843150 333
1843160 334
1843170 334
1843180 336
1843190 338
1843200 338
1843210 340
1843220 343
1843230 343
1843240 345
1843250 347
1843260 347
1843270 349
1843280 351
1843290 351
1843300 352
1843310 354
1843320 354
1843330 355
1843340 356
1843350 356
1843360 358
1843370 359
1843380 359
1843390 360
1843400 362
1843410 362
1843420 363
1843430 364
1843440 364
1843450 365
1843460 366
1843470 366
1843480 367
1843490 368
1843500 368
1843510 368
1843520 368
1843530 369
1843540 369
1843550 369
1843560 370
1843570 371
1843580 371
1843590 372
1843600 373
1843610 372
1843620 372
1843630 373
1843640 373
1843650 373
1843660 373
1843670 373
1843680 373
1843690 374
1843700 374
1843710 374
1843720 374
1843730 374
1843740 374
1843750 375
1843760 375
1843770 375
1843780 376
1843790 376
1843800 376
1843810 376
1843820 376
1843830 377
1843840 377
1843850 377
1843860 378
1843870 378
1843880 378
1843890 378
1843900 378
1843910 378
1843920 378
1843930 378
1843940 378
1843950 378
1843960 378
1843970 378
1843980 378
1843990 377
1844000 377
1844010 377
1844020 377
1844030 377
1844040 377
1844050 377
1844060 377
1844070 376
1844080 376
1844090 376
1844100 376
1844110 376
1844120 375
1844130 375
1844140 375
1844150 374
1844160 374
1844170 374
1844180 373
1844190 373
1844200 373
1844210 372
1844220 372
1844230 372
1844240 371
1844250 370
1844260 370
1844270 370
1844280 369
1844290 369
1844300 368
1844310 368
1844320 368
1844330 367
1844340 365
1844350 365
1844360 364
1844370 363
1844380 363
1844390 362
1844400 361
1844410 361
1844420 360
1844430 358
1844440 358
1844450 358
1844460 357
1844470 357
1844480 357
1844490 356
1844500 356
1844510 356
1844520 356
1844530 356
1844540 356
1844550 355
1844560 355
1844570 355
1844580 355
1844590 355
1844600 355
1844610 355
1844620 355
1844630 355
1844640 355
1844650 355
1844660 355
1844670 355
1844680 355
1844690 355
1844700 354
1844710 354
1844720 354
1844730 354
1844740 354
1844750 354
1844760 354
1844770 353
1844780 353
1844790 353
1844800 352
1844810 351
1844820 351
1844830 351
1844840 351
1844850 351
1844860 351
1844870 350
1844880 350
1844890 349
1844900 348
1844910 348
1844920 347
1844930 347
1844940 347
1844950 346
1844960 345
1844970 345
1844980 342
1844990 338
1845000 338
1845010 335
1845020 333
1845030 333
1845040 332
1845050 332
1845060 329
1845070 329
1845080 328
1845090 328
1845100 327
1845110 326
1845120 326
1845130 325
1845140 325
1845150 325
1845160 324
1845170 323
1845180 323
1845190 322
1845200 322
1845210 322
1845220 321
1845230 321
1845240 321
1845250 321
1845260 321
1845270 320
1845280 321
1845290 321
1845300 321
1845310 321
1845320 321
1845330 322
1845340 322
1845350 322
1845360 322
1845370 321
1845380 321
1845390 321
1845400 321
1845410 321
1845420 321
1845430 317
1845440 317
1845450 317
1845460 316
1845470 316
1845480 316
1845490 316
1845500 316
1845510 316
1845520 316
1845530 316
1845540 315
1845550 314
1845560 314
1845570 313
1845580 311
1845590 311
1845600 310
1845610 310
1845620 310
1845630 309
1845640 308
1845650 308
1845660 307
1845670 307
1845680 307
1845690 308
1845700 310
1845710 310
1845720 310
1845730 309
1845740 309
1845750 308
1845760 308
1845770 307
1845780 306
1845790 305
1845800 304
1845810 303
1845820 303
1845830 303
1845840 302
1845850 302
1845860 302
1845870 302
1845880 302
1845890 303
1845900 303
1845910 303
1845920 304
1845930 304
1845940 304
1845950 304
1845960 304
1845970 304
1845980 304
1845990 304
1846000 304
1846010 304
1846020 303
1846030 303
1846040 303
1846050 303
1846060 303
1846070 303
1846080 303
1846090 303
1846100 302
1846110 302
1846120 302
1846130 302
1846140 301
1846150 300
1846160 300
1846170 300
1846180 300
1846190 299
1846200 299
1846210 299
1846220 297
1846230 296
1846240 296
1846250 296
1846260 295
1846270 295
1846280 295
1846290 294
1846300 294
1846310 293
1846320 293
1846330 291
1846340 290
1846350 290
1846360 289
1846370 288
1846380 288
1846390 287
1846400 287
1846410 287
1846420 287
1846430 287
1846440 287
1846450 288
1846460 290
1846470 290
1846480 292
1846490 295
1846500 295
1846510 300
1846520 302
1846530 302
1846540 303
1846550 305
1846560 305
1846570 305
1846580 306
1846590 306
1846600 306
1846610 306
1846620 306
1846630 307
1846640 306
1846650 306
1846660 306
1846670 306
1846680 306
1846690 305
1846700 305
1846710 305
1846720 304
1846730 303
1846740 303
1846750 303
1846760 302
1846770 302
1846780 302
1846790 301
1846800 301
1846810 300
1846820 299
1846830 299
1846840 299
1846850 299
1846860 298
1846870 297
1846880 297
1846890 296
1846900 295
1846910 295
1846920 295
1846930 294
1846940 294
1846950 293
1846960 292
1846970 292
1846980 292
1846990 291
1847000 291
1847010 290
1847020 289
1847030 289
1847040 288
1847050 287
1847060 287
1847070 287
1847080 286
1847090 286
1847100 286
1847110 285
1847120 285
1847130 284
1847140 284
1847150 284
1847160 283
1847170 282
1847180 282
1847190 281
1847200 281
1847210 281
1847220 280
1847230 279
1847240 279
1847250 278
1847260 277
1847270 277
1847280 276
1847290 275
1847300 275
1847310 274
1847320 274
1847330 274
1847340 273
1847350 272
1847360 272
1847370 272
1847380 272
1847390 272
1847400 271
1847410 271
1847420 271
1847430 271
1847440 271
1847450 271
1847460 271
1847470 271
1847480 271
1847490 271
1847500 271
1847510 271
1847520 271
1847530 271
1847540 270
1847550 270
1847560 270
1847570 270
1847580 270
1847590 270
1847600 271
1847610 271
1847620 271
1847630 273
1847640 275
1847650 275
1847660 277
1847670 279
1847680 279
1847690 280
1847700 282
1847710 282
1847720 284
1847730 286
1847740 286
1847750 287
1847760 289
1847770 289
1847780 290
1847790 291
1847800 291
1847810 292
1847820 293
1847830 293
1847840 294
1847850 295
1847860 295
1847870 296
1847880 297
1847890 297
1847900 298
1847910 299
1847920 299
1847930 300
1847940 301
1847950 301
1847960 302
1847970 302
1847980 302
1847990 302
1848000 302
1848010 302
1848020 301
1848030 301
1848040 300
1848050 299
1848060 299
1848070 298
1848080 297
1848090 297
1848100 296
1848110 295
1848120 295
1848130 294
1848140 292
1848150 292
1848160 291
1848170 290
1848180 290
1848190 288
1848200 287
1848210 287
1848220 286
1848230 284
1848240 284
1848250 283
1848260 281
1848270 281
1848280 281
1848290 280
1848300 280
1848310 281
1848320 282
1848330 282
1848340 284
1848350 286
1848360 286
1848370 288
1848380 289
1848390 289
1848400 290
1848410 291
1848420 291
1848430 292
1848440 293
1848450 293
1848460 294
1848470 295
1848480 295
1848490 296
1848500 297
1848510 297
1848520 298
1848530 298
1848540 299
1848550 299
1848560 299
1848570 300
1848580 300
1848590 300
1848600 300
1848610 301
1848620 301
1848630 301
1848640 302
1848650 302
1848660 302
1848670 304
1848680 304
1848690 305
1848700 305
1848710 305
1848720 305
1848730 305
1848740 305
1848750 305
1848760 305
1848770 305
1848780 305
1848790 304
1848800 304
1848810 303
1848820 302
1848830 302
1848840 301
1848850 301
1848860 301
1848870 300
1848880 299
1848890 299
1848900 298
1848910 296
1848920 296
1848930 295
1848940 294
1848950 294
1848960 293
1848970 293
1848980 293
1848990 294
1849000 295
1849010 295
1849020 297
1849030 300
1849040 300
1849050 301
1849060 303
1849070 303
1849080 304
1849090 304
1849100 305
1849110 305
1849120 305
1849130 306
1849140 306
1849150 306
1849160 307
1849170 307
1849180 307
1849190 307
1849200 307
1849210 307
1849220 307
1849230 307
1849240 307
1849250 306
1849260 305
1849270 305
1849280 304
1849290 303
1849300 303
1849310 302
1849320 300
1849330 300
1849340 299
1849350 297
1849360 297
1849370 296
1849380 295
1849390 294
1849400 293
1849410 292
1849420 292
1849430 291
1849440 289
1849450 289
1849460 288
1849470 287
1849480 287
1849490 287
1849500 286
1849510 286
1849520 285
1849530 285
1849540 285
1849550 284
1849560 283
1849570 283
1849580 282
1849590 281
1849600 281
1849610 280
1849620 280
1849630 280
1849640 279
1849650 279
1849660 279
1849670 278
1849680 278
1849690 278
1849700 278
1849710 278
1849720 277
1849730 277
1849740 277
1849750 278
1849760 278
1849770 278
1849780 278
1849790 278
1849800 278
1849810 279
1849820 279
1849830 279
1849840 278
1849850 278
1849860 278
1849870 278
1849880 279
1849890 279
1849900 279
1849910 279
1849920 279
1849930 279
1849940 279
1849950 279
1849960 280
1849970 280
1849980 280
1849990 281
1850000 281
1850010 281
1850020 282
1850030 282
1850040 282
1850050 282
1850060 283
1850070 283
1850080 283
1850090 283
1850100 283
1850110 284
1850120 285
1850130 285
1850140 285
1850150 286
1850160 286
1850170 286
1850180 286
1850190 286
1850200 287
1850210 287
1850220 287
1850230 288
1850240 288
1850250 288
1850260 288
1850270 288
1850280 287
1850290 287
1850300 287
1850310 286
1850320 286
1850330 286
1850340 285
1850350 284
1850360 284
1850370 283
1850380 282
1850390 282
1850400 281
1850410 281
1850420 281
1850430 280
1850440 278
1850450 278
1850460 277
1850470 278
1850480 278
1850490 277
1850500 276
1850510 276
1850520 275
1850530 273
1850540 273
1850550 272
1850560 272
1850570 272
1850580 271
1850590 271
1850600 271
1850610 271
1850620 271
1850630 271
1850640 270
1850650 270
1850660 270
1850670 269
1850680 269
1850690 269
1850700 270
1850710 271
1850720 271
1850730 272
1850740 272
1850750 272
1850760 273
1850770 273
1850780 273
1850790 272
1850800 272
1850810 272
1850820 272
1850830 272
1850840 272
1850850 272
1850860 272
1850870 273
1850880 273
1850890 273
1850900 274
1850910 274
1850920 274
1850930 275
1850940 275
1850950 275
1850960 275
1850970 275
1850980 275
1850990 275
1851000 275
1851010 275
1851020 275
1851030 274
1851040 274
1851050 274
1851060 274
1851070 274
1851080 274
1851090 273
1851100 273
1851110 273
1851120 272
1851130 272
1851140 272
1851150 271
1851160 271
1851170 271
1851180 270
1851190 270
1851200 269
1851210 268
1851220 268
1851230 267
1851240 266
1851250 266
1851260 264
1851270 263
1851280 263
1851290 262
1851300 262
1851310 261
1851320 258
1851330 258
1851340 256
1851350 255
1851360 255
1851370 253
1851380 252
1851390 252
1851400 250
1851410 249
1851420 249
1851430 248
1851440 247
1851450 247
1851460 246
1851470 245
1851480 245
1851490 245
1851500 245
1851510 245
1851520 245
1851530 245
1851540 245
1851550 246
1851560 246
1851570 246
1851580 246
1851590 247
1851600 247
1851610 247
1851620 247
1851630 247
1851640 247
1851650 248
1851660 248
1851670 248
1851680 248
1851690 248
1851700 248
1851710 248
1851720 248
1851730 248
1851740 248
1851750 248
1851760 249
1851770 250
1851780 250
1851790 251
1851800 252
1851810 252
1851820 254
1851830 255
1851840 255
1851850 256
1851860 256
1851870 258
1851880 259
1851890 259
1851900 260
1851910 261
1851920 261
1851930 262
1851940 262
1851950 262
1851960 264
1851970 267
1851980 267
1851990 267
1852000 269
1852010 269
1852020 274
1852030 275
1852040 275
1852050 276
1852060 277
1852070 277
1852080 281
1852090 282
1852100 282
1852110 284
1852120 285
1852130 285
1852140 287
1852150 289
1852160 289
1852170 290
1852180 291
1852190 291
1852200 292
1852210 293
1852220 293
1852230 293
1852240 294
1852250 294
1852260 294
1852270 293
1852280 293
1852290 292
1852300 294
1852310 294
1852320 295
1852330 295
1852340 295
1852350 295
1852360 296
1852370 296
1852380 296
1852390 296
1852400 296
1852410 296
1852420 296
1852430 296
1852440 296
1852450 296
1852460 296
1852470 295
1852480 295
1852490 295
1852500 295
1852510 295
1852520 294
1852530 294
1852540 294
1852550 293
1852560 293
1852570 293
1852580 292
1852590 291
1852600 291
1852610 290
1852620 289
1852630 289
1852640 288
1852650 287
1852660 287
1852670 286
1852680 285
1852690 285
1852700 284
1852710 283
1852720 283
1852730 283
1852740 282
1852750 282
1852760 281
1852770 281
1852780 281
1852790 281
1852800 281
1852810 281
1852820 281
1852830 282
1852840 282
1852850 282
1852860 282
1852870 282
1852880 283
1852890 282
1852900 282
1852910 282
1852920 281
1852930 281
1852940 281
1852950 281
1852960 281
1852970 281
1852980 281
1852990 281
1853000 281
1853010 281
1853020 282
1853030 283
1853040 283
1853050 284
1853060 285
1853070 285
1853080 286
1853090 287
1853100 287
1853110 287
1853120 288
1853130 288
1853140 288
1853150 288
1853160 288
1853170 288
1853180 287
1853190 287
1853200 287
1853210 286
1853220 286
1853230 286
1853240 285
1853250 285
1853260 286
1853270 286
1853280 286
1853290 287
1853300 288
1853310 288
1853320 290
1853330 291
1853340 291
1853350 291
1853360 292
1853370 292
1853380 293
1853390 293
1853400 293
1853410 294
1853420 294
1853430 294
1853440 294
1853450 295
1853460 295
1853470 295
1853480 295
1853490 295
1853500 295
1853510 295
1853520 296
1853530 296
1853540 296
1853550 296
1853560 296
1853570 296
1853580 296
1853590 296
1853600 296
1853610 296
1853620 295
1853630 295
1853640 295
1853650 295
1853660 295
1853670 295
1853680 295
1853690 295
1853700 294
1853710 294
1853720 294
1853730 294
1853740 293
1853750 293
1853760 293
1853770 292
1853780 292
1853790 292
1853800 291
1853810 291
1853820 291
1853830 290
1853840 290
1853850 288
1853860 287
1853870 287
1853880 287
1853890 286
1853900 286
1853910 286
1853920 286
1853930 286
1853940 287
1853950 287
1853960 287
1853970 287
1853980 288
1853990 288
1854000 289
1854010 290
1854020 291
1854030 292
1854040 293
1854050 293
1854060 293
1854070 293
1854080 293
1854090 293
1854100 293
1854110 293
1854120 293
1854130 293
1854140 293
1854150 293
1854160 293
1854170 292
1854180 292
1854190 292
1854200 292
1854210 292
1854220 292
1854230 292
1854240 292
1854250 292
1854260 292
1854270 292
1854280 292
1854290 291
1854300 291
1854310 291
1854320 292
1854330 292
1854340 292
1854350 292
1854360 292
1854370 292
1854380 292
1854390 293
1854400 293
1854410 293
1854420 293
1854430 293
1854440 293
1854450 293
1854460 293
1854470 293
1854480 293
1854490 293
1854500 293
1854510 293
1854520 293
1854530 293
1854540 292
1854550 292
1854560 292
1854570 292
1854580 292
1854590 292
1854600 292
1854610 292
1854620 292
1854630 292
1854640 292
1854650 292
1854660 292
1854670 292
1854680 292
1854690 292
1854700 291
1854710 291
1854720 291
1854730 291
1854740 291
1854750 291
1854760 291
1854770 291
1854780 291
1854790 290
1854800 290
1854810 290
1854820 289
1854830 289
1854840 289
1854850 288
1854860 288
1854870 288
1854880 287
1854890 287
1854900 287
1854910 286
1854920 285
1854930 285
1854940 285
1854950 284
1854960 284
1854970 283
1854980 283
1854990 283
1855000 282
1855010 281
1855020 281
1855030 280
1855040 279
1855050 279
1855060 278
1855070 277
1855080 277
1855090 276
1855100 274
1855110 274
1855120 272
1855130 271
1855140 271
1855150 269
1855160 269
1855170 267
1855180 265
1855190 265
1855200 263
1855210 260
1855220 260
1855230 258
1855240 256
1855250 256
1855260 254
1855270 253
1855280 253
1855290 251
1855300 250
1855310 250
1855320 248
1855330 247
1855340 247
1855350 245
1855360 244
1855370 244
1855380 243
1855390 241
1855400 241
1855410 240
1855420 238
1855430 238
1855440 237
1855450 236
1855460 236
1855470 235
1855480 234
1855490 234
1855500 234
1855510 233
1855520 233
1855530 232
1855540 232
1855550 232
1855560 231
1855570 230
1855580 230
1855590 229
1855600 229
1855610 229
1855620 228
1855630 228
1855640 228
1855650 228
1855660 228
1855670 228
1855680 228
1855690 228
1855700 228
1855710 227
1855720 227
1855730 227
1855740 227
1855750 227
1855760 229
1855770 229
1855780 229
1855790 231
1855800 230
1855810 230
1855820 230
1855830 229
1855840 229
1855850 228
1855860 227
1855870 227
1855880 226
1855890 225
1855900 225
1855910 224
1855920 223
1855930 223
1855940 222
1855950 221
1855960 221
1855970 220
1855980 220
1855990 220
1856000 219
1856010 217
1856020 217
1856030 217
1856040 218
1856050 218
1856060 220
1856070 220
1856080 220
1856090 221
1856100 221
1856110 221
1856120 221
1856130 222
1856140 223
1856150 223
1856160 224
1856170 224
1856180 224
1856190 224
1856200 224
1856210 225
1856220 224
1856230 224
1856240 224
1856250 224
1856260 224
1856270 223
1856280 223
1856290 222
1856300 221
1856310 221
1856320 219
1856330 218
1856340 218
1856350 217
1856360 216
1856370 216
1856380 215
1856390 214
1856400 214
1856410 213
1856420 212
1856430 212
1856440 211
1856450 209
1856460 209
1856470 208
1856480 208
1856490 208
1856500 208
1856510 207
1856520 207
1856530 207
1856540 207
1856550 207
1856560 207
1856570 207
1856580 207
1856590 207
1856600 207
1856610 207
1856620 207
1856630 207
1856640 207
1856650 207
1856660 207
1856670 207
1856680 207
1856690 207
1856700 207
1856710 207
1856720 207
1856730 207
1856740 207
1856750 207
1856760 207
1856770 207
1856780 207
1856790 207
1856800 208
1856810 208
1856820 208
1856830 208
1856840 208
1856850 208
1856860 208
1856870 208
1856880 209
1856890 209
1856900 209
1856910 210
1856920 212
1856930 212
1856940 215
1856950 216
1856960 216
1856970 216
1856980 216
1856990 216
1857000 216
1857010 217
1857020 217
1857030 217
1857040 217
1857050 217
1857060 219
1857070 220
1857080 220
1857090 220
1857100 220
1857110 220
1857120 218
1857130 220
1857140 220
1857150 221
1857160 222
1857170 222
1857180 223
1857190 224
1857200 221
1857210 223
1857220 223
1857230 223
1857240 224
1857250 224
1857260 224
1857270 225
1857280 226
1857290 226
1857300 227
1857310 228
1857320 228
1857330 228
1857340 229
1857350 229
1857360 229
1857370 229
1857380 229
1857390 230
1857400 230
1857410 230
1857420 230
1857430 230
1857440 230
1857450 230
1857460 230
1857470 231
1857480 231
1857490 231
1857500 230
1857510 230
1857520 230
1857530 230
1857540 231
1857550 229
1857560 230
1857570 230
1857580 230
1857590 230
1857600 230
1857610 230
1857620 231
1857630 231
1857640 231
1857650 231
1857660 231
1857670 231
1857680 232
1857690 232
1857700 232
1857710 233
1857720 233
1857730 233
1857740 234
1857750 235
1857760 235
1857770 235
1857780 235
1857790 235
1857800 235
1857810 236
1857820 236
1857830 236
1857840 237
1857850 237
1857860 237
1857870 237
1857880 237
1857890 237
1857900 236
1857910 236
1857920 236
1857930 236
1857940 237
1857950 237
1857960 237
1857970 237
1857980 238
1857990 238
1858000 238
1858010 238
1858020 238
1858030 239
1858040 239
1858050 239
1858060 239
1858070 239
1858080 239
1858090 239
1858100 239
1858110 239
1858120 239
1858130 239
1858140 239
1858150 239
1858160 240
1858170 240
1858180 240
1858190 240
1858200 240
1858210 240
1858220 240
1858230 240
1858240 240
1858250 239
1858260 239
1858270 239
1858280 238
1858290 238
1858300 238
1858310 238
1858320 238
1858330 238
1858340 238
1858350 238
1858360 238
1858370 238
1858380 238
1858390 238
1858400 238
1858410 238
1858420 238
1858430 238
1858440 238
1858450 238
1858460 237
1858470 237
1858480 237
1858490 237
1858500 237
1858510 237
1858520 237
1858530 237
1858540 237
1858550 237
1858560 236
1858570 236
1858580 236
1858590 236
1858600 235
1858610 235
1858620 235
1858630 235
1858640 235
1858650 234
1858660 234
1858670 234
1858680 233
1858690 231
1858700 231
1858710 233
1858720 233
1858730 233
1858740 233
1858750 232
1858760 232
1858770 232
1858780 232
1858790 232
1858800 231
1858810 231
1858820 231
1858830 231
1858840 231
1858850 231
1858860 231
1858870 231
1858880 231
1858890 230
1858900 230
1858910 230
1858920 230
1858930 230
1858940 230
1858950 229
1858960 228
1858970 228
1858980 228
1858990 228
1859000 228
1859010 228
1859020 228
1859030 227
1859040 227
1859050 227
1859060 227
1859070 227
1859080 227
1859090 226
1859100 226
1859110 226
1859120 226
1859130 226
1859140 226
1859150 226
1859160 226
1859170 226
1859180 226
1859190 226
1859200 226
1859210 226
1859220 226
1859230 226
1859240 225
1859250 225
1859260 225
1859270 225
1859280 225
1859290 225
1859300 225
1859310 225
1859320 225
1859330 225
1859340 224
1859350 224
1859360 224
1859370 224
1859380 224
1859390 224
1859400 224
1859410 224
1859420 224
1859430 224
1859440 224
1859450 224
1859460 223
1859470 223
1859480 223
1859490 223
1859500 223
1859510 223
1859520 223
1859530 223
1859540 223
1859550 223
1859560 223
1859570 222
1859580 222
1859590 222
1859600 222
1859610 222
1859620 222
1859630 222
1859640 222
1859650 221
1859660 221
1859670 221
1859680 221
1859690 221
1859700 221
1859710 221
1859720 221
1859730 221
1859740 221
1859750 220
1859760 220
1859770 220
1859780 220
1859790 220
1859800 220
1859810 219
1859820 219
1859830 219
1859840 219
1859850 219
1859860 219
1859870 218
1859880 218
1859890 218
1859900 218
1859910 218
1859920 217
1859930 217
1859940 217
1859950 217
1859960 216
1859970 216
1859980 216
1859990 215
