1840000 239
1840010 239
1840020 239
1840030 239
1840040 240
1840050 240
1840060 240
1840070 240
1840080 240
1840090 240
1840100 240
1840110 241
1840120 241
1840130 241
1840140 241
1840150 241
1840160 241
1840170 241
1840180 241
1840190 242
1840200 242
1840210 242
1840220 242
1840230 242
1840240 243
1840250 243
1840260 243
1840270 243
1840280 243
1840290 243
1840300 244
1840310 244
1840320 244
1840330 244
1840340 244
1840350 244
1840360 244
1840370 244
1840380 244
1840390 245
1840400 245
1840410 245
1840420 245
1840430 245
1840440 245
1840450 245
1840460 246
1840470 246
1840480 246
1840490 246
1840500 246
1840510 246
1840520 246
1840530 246
1840540 247
1840550 247
1840560 247
1840570 247
1840580 247
1840590 247
1840600 247
1840610 247
1840620 247
1840630 248
1840640 248
1840650 248
1840660 248
1840670 248
1840680 248
1840690 248
1840700 248
1840710 248
1840720 248
1840730 248
1840740 249
1840750 249
1840760 249
1840770 249
1840780 249
1840790 249
1840800 249
1840810 249
1840820 249
1840830 249
1840840 249
1840850 249
1840860 249
1840870 250
1840880 250
1840890 250
1840900 250
1840910 250
1840920 250
1840930 251
1840940 251
1840950 251
1840960 251
1840970 251
1840980 251
1840990 252
1841000 252
1841010 252
1841020 252
1841030 252
1841040 252
1841050 253
1841060 253
1841070 253
1841080 254
1841090 254
1841100 254
1841110 255
1841120 255
1841130 255
1841140 254
1841150 254
1841160 254
1841170 254
1841180 254
1841190 254
1841200 255
1841210 255
1841220 255
1841230 255
1841240 255
1841250 255
1841260 255
1841270 255
1841280 255
1841290 255
1841300 256
1841310 256
1841320 256
1841330 257
1841340 257
1841350 257
1841360 258
1841370 259
1841380 259
1841390 259
1841400 260
1841410 260
1841420 261
1841430 261
1841440 261
1841450 262
1841460 262
1841470 262
1841480 263
1841490 264
1841500 264
1841510 265
1841520 266
1841530 266
1841540 266
1841550 267
1841560 267
1841570 268
1841580 268
1841590 268
1841600 268
1841610 268
1841620 268
1841630 269
1841640 269
1841650 269
1841660 269
1841670 270
1841680 270
1841690 270
1841700 270
1841710 270
1841720 271
1841730 271
1841740 271
1841750 272
1841760 273
1841770 273
1841780 273
1841790 274
1841800 274
1841810 274
1841820 274
1841830 275
1841840 275
1841850 275
1841860 276
1841870 276
1841880 276
1841890 276
1841900 277
1841910 277
1841920 277
1841930 277
1841940 277
1841950 277
1841960 277
1841970 277
1841980 277
1841990 277
1842000 277
1842010 278
1842020 278
1842030 278
1842040 278
1842050 278
1842060 278
1842070 279
1842080 279
1842090 279
1842100 279
1842110 280
1842120 280
1842130 281
1842140 281
1842150 281
1842160 282
1842170 283
1842180 283
1842190 283
1842200 284
1842210 284
1842220 285
1842230 286
1842240 286
1842250 287
1842260 287
1842270 287
1842280 288
1842290 289
1842300 289
1842310 289
1842320 289
1842330 289
1842340 290
1842350 290
1842360 291
1842370 291
1842380 291
1842390 291
1842400 292
1842410 292
1842420 292
1842430 293
1842440 293
1842450 293
1842460 291
1842470 291
1842480 290
1842490 291
1842500 291
1842510 291
1842520 292
1842530 292
1842540 293
1842550 293
1842560 293
1842570 292
1842580 292
1842590 292
1842600 294
1842610 294
1842620 294
1842630 294
1842640 295
1842650 295
1842660 295
1842670 295
1842680 295
1842690 295
1842700 295
1842710 295
1842720 295
1842730 294
1842740 294
1842750 289
1842760 288
1842770 288
1842780 292
1842790 296
1842800 296
1842810 298
1842820 300
1842830 300
1842840 301
1842850 303
1842860 303
1842870 306
1842880 309
1842890 309
1842900 310
1842910 310
1842920 312
1842930 315
1842940 315
1842950 317
1842960 320
1842970 318
1842980 321
1842990 324
1843000 324
1843010 326
1843020 328
1843030 328
1843040 331
1843050 333
1843060 333
1843070 334
1843080 336
1843090 336
1843100 337
1843110 338
1843120 338
1843130 339
1843140 340
1843150 340
1843160 342
1843170 343
1843180 343
1843190 344
1843200 345
1843210 345
1843220 346
1843230 346
1843240 346
1843250 348
1843260 349
1843270 349
1843280 350
1843290 351
1843300 351
1843310 352
1843320 353
1843330 354
1843340 355
1843350 356
1843360 356
1843370 358
1843380 359
1843390 359
1843400 360
1843410 362
1843420 362
1843430 363
1843440 365
1843450 365
1843460 366
1843470 366
1843480 367
1843490 369
1843500 369
1843510 370
1843520 371
1843530 371
1843540 372
1843550 373
1843560 373
1843570 374
1843580 375
1843590 375
1843600 376
1843610 377
1843620 377
1843630 378
1843640 379
1843650 379
1843660 379
1843670 380
1843680 380
1843690 381
1843700 380
1843710 380
1843720 381
1843730 381
1843740 381
1843750 381
1843760 382
1843770 382
1843780 382
1843790 383
1843800 383
1843810 383
1843820 383
1843830 383
1843840 383
1843850 384
1843860 384
1843870 384
1843880 384
1843890 384
1843900 384
1843910 384
1843920 384
1843930 384
1843940 385
1843950 385
1843960 384
1843970 384
1843980 384
1843990 384
1844000 384
1844010 384
1844020 384
1844030 384
1844040 384
1844050 384
1844060 383
1844070 383
1844080 382
1844090 382
1844100 382
1844110 382
1844120 382
1844130 382
1844140 381
1844150 381
1844160 381
1844170 381
1844180 381
1844190 380
1844200 380
1844210 380
1844220 379
1844230 379
1844240 379
1844250 378
1844260 378
1844270 378
1844280 377
1844290 376
1844300 376
1844310 376
1844320 375
1844330 375
1844340 374
1844350 372
1844360 372
1844370 370
1844380 369
1844390 369
1844400 369
1844410 368
1844420 368
1844430 366
1844440 365
1844450 365
1844460 364
1844470 364
1844480 364
1844490 363
1844500 362
1844510 362
1844520 361
1844530 361
1844540 361
1844550 361
1844560 361
1844570 361
1844580 361
1844590 361
1844600 361
1844610 362
1844620 362
1844630 361
1844640 360
1844650 360
1844660 360
1844670 360
1844680 360
1844690 360
1844700 360
1844710 360
1844720 360
1844730 360
1844740 360
1844750 361
1844760 361
1844770 361
1844780 362
1844790 362
1844800 362
1844810 363
1844820 364
1844830 364
1844840 364
1844850 364
1844860 364
1844870 364
1844880 364
1844890 364
1844900 364
1844910 364
1844920 364
1844930 363
1844940 362
1844950 362
1844960 359
1844970 356
1844980 356
1844990 354
1845000 352
1845010 352
1845020 352
1845030 353
1845040 353
1845050 355
1845060 355
1845070 355
1845080 352
1845090 349
1845100 349
1845110 348
1845120 348
1845130 348
1845140 350
1845150 346
1845160 347
1845170 348
1845180 348
1845190 349
1845200 348
1845210 348
1845220 344
1845230 342
1845240 342
1845250 341
1845260 342
1845270 342
1845280 344
1845290 346
1845300 346
1845310 345
1845320 344
1845330 344
1845340 342
1845350 340
1845360 340
1845370 338
1845380 336
1845390 336
1845400 335
1845410 333
1845420 333
1845430 331
1845440 329
1845450 329
1845460 327
1845470 325
1845480 325
1845490 324
1845500 322
1845510 322
1845520 321
1845530 320
1845540 320
1845550 319
1845560 318
1845570 318
1845580 317
1845590 316
1845600 316
1845610 315
1845620 314
1845630 314
1845640 314
1845650 314
1845660 314
1845670 315
1845680 316
1845690 316
1845700 316
1845710 316
1845720 315
1845730 314
1845740 314
1845750 313
1845760 312
1845770 312
1845780 311
1845790 311
1845800 311
1845810 311
1845820 311
1845830 311
1845840 311
1845850 311
1845860 311
1845870 311
1845880 310
1845890 310
1845900 310
1845910 310
1845920 310
1845930 310
1845940 310
1845950 310
1845960 310
1845970 310
1845980 310
1845990 310
1846000 310
1846010 310
1846020 310
1846030 310
1846040 310
1846050 309
1846060 309
1846070 309
1846080 309
1846090 308
1846100 308
1846110 307
1846120 307
1846130 307
1846140 306
1846150 306
1846160 306
1846170 305
1846180 305
1846190 305
1846200 305
1846210 304
1846220 304
1846230 304
1846240 302
1846250 302
1846260 302
1846270 302
1846280 300
1846290 298
1846300 298
1846310 297
1846320 296
1846330 296
1846340 294
1846350 293
1846360 293
1846370 291
1846380 290
1846390 290
1846400 289
1846410 288
1846420 288
1846430 287
1846440 286
1846450 286
1846460 285
1846470 285
1846480 285
1846490 284
1846500 284
1846510 284
1846520 287
1846530 289
1846540 289
1846550 291
1846560 294
1846570 294
1846580 296
1846590 298
1846600 300
1846610 301
1846620 302
1846630 302
1846640 303
1846650 304
1846660 304
1846670 304
1846680 304
1846690 304
1846700 304
1846710 304
1846720 304
1846730 304
1846740 304
1846750 304
1846760 303
1846770 303
1846780 303
1846790 302
1846800 302
1846810 301
1846820 300
1846830 300
1846840 300
1846850 299
1846860 299
1846870 298
1846880 297
1846890 297
1846900 296
1846910 296
1846920 296
1846930 295
1846940 294
1846950 294
1846960 294
1846970 293
1846980 293
1846990 292
1847000 291
1847010 291
1847020 290
1847030 290
1847040 290
1847050 289
1847060 288
1847070 288
1847080 287
1847090 287
1847100 287
1847110 286
1847120 285
1847130 285
1847140 284
1847150 283
1847160 283
1847170 282
1847180 282
1847190 282
1847200 281
1847210 280
1847220 280
1847230 279
1847240 278
1847250 278
1847260 278
1847270 277
1847280 277
1847290 276
1847300 275
1847310 275
1847320 275
1847330 274
1847340 274
1847350 273
1847360 273
1847370 272
1847380 271
1847390 271
1847400 271
1847410 270
1847420 270
1847430 270
1847440 270
1847450 270
1847460 270
1847470 270
1847480 270
1847490 270
1847500 270
1847510 270
1847520 269
1847530 269
1847540 269
1847550 269
1847560 269
1847570 269
1847580 269
1847590 270
1847600 270
1847610 270
1847620 273
1847630 273
1847640 275
1847650 276
1847660 276
1847670 277
1847680 280
1847690 280
1847700 281
1847710 282
1847720 282
1847730 283
1847740 284
1847750 284
1847760 285
1847770 286
1847780 286
1847790 287
1847800 288
1847810 288
1847820 289
1847830 289
1847840 289
1847850 289
1847860 290
1847870 290
1847880 291
1847890 292
1847900 292
1847910 294
1847920 294
1847930 296
1847940 297
1847950 297
1847960 298
1847970 299
1847980 299
1847990 299
1848000 299
1848010 299
1848020 299
1848030 299
1848040 300
1848050 299
1848060 299
1848070 299
1848080 298
1848090 297
1848100 297
1848110 296
1848120 295
1848130 295
1848140 294
1848150 293
1848160 293
1848170 292
1848180 291
1848190 291
1848200 289
1848210 288
1848220 288
1848230 286
1848240 285
1848250 285
1848260 284
1848270 282
1848280 282
1848290 281
1848300 279
1848310 279
1848320 279
1848330 278
1848340 278
1848350 278
1848360 279
1848370 279
1848380 280
1848390 282
1848400 283
1848410 285
1848420 285
1848430 285
1848440 286
1848450 287
1848460 287
1848470 287
1848480 287
1848490 287
1848500 288
1848510 288
1848520 288
1848530 289
1848540 289
1848550 290
1848560 290
1848570 290
1848580 291
1848590 292
1848600 292
1848610 293
1848620 294
1848630 294
1848640 295
1848650 296
1848660 296
1848670 297
1848680 298
1848690 298
1848700 299
1848710 299
1848720 299
1848730 300
1848740 300
1848750 300
1848760 300
1848770 300
1848780 300
1848790 300
1848800 299
1848810 299
1848820 298
1848830 297
1848840 297
1848850 296
1848860 296
1848870 296
1848880 295
1848890 294
1848900 294
1848910 292
1848920 291
1848930 291
1848940 290
1848950 289
1848960 289
1848970 288
1848980 289
1848990 289
1849000 290
1849010 291
1849020 291
1849030 292
1849040 292
1849050 293
1849060 295
1849070 295
1849080 295
1849090 296
1849100 296
1849110 297
1849120 299
1849130 299
1849140 300
1849150 300
1849160 300
1849170 301
1849180 302
1849190 302
1849200 302
1849210 303
1849220 303
1849230 304
1849240 304
1849250 304
1849260 304
1849270 305
1849280 305
1849290 306
1849300 306
1849310 306
1849320 305
1849330 305
1849340 305
1849350 304
1849360 304
1849370 304
1849380 303
1849390 302
1849400 302
1849410 302
1849420 301
1849430 301
1849440 301
1849450 300
1849460 300
1849470 299
1849480 297
1849490 297
1849500 296
1849510 295
1849520 295
1849530 294
1849540 294
1849550 294
1849560 293
1849570 292
1849580 292
1849590 292
1849600 292
1849610 291
1849620 290
1849630 290
1849640 289
1849650 288
1849660 288
1849670 287
1849680 287
1849690 287
1849700 286
1849710 285
1849720 285
1849730 284
1849740 283
1849750 283
1849760 282
1849770 281
1849780 281
1849790 280
1849800 278
1849810 278
1849820 277
1849830 276
1849840 275
1849850 275
1849860 274
1849870 274
1849880 273
1849890 273
1849900 273
1849910 273
1849920 272
1849930 272
1849940 272
1849950 271
1849960 271
1849970 271
1849980 271
1849990 271
1850000 271
1850010 272
1850020 272
1850030 272
1850040 272
1850050 272
1850060 273
1850070 274
1850080 274
1850090 274
1850100 275
1850110 275
1850120 275
1850130 275
1850140 275
1850150 275
1850160 275
1850170 275
1850180 275
1850190 275
1850200 276
1850210 276
1850220 276
1850230 276
1850240 276
1850250 276
1850260 275
1850270 275
1850280 275
1850290 274
1850300 273
1850310 273
1850320 272
1850330 271
1850340 271
1850350 270
1850360 270
1850370 270
1850380 269
1850390 268
1850400 268
1850410 267
1850420 266
1850430 266
1850440 265
1850450 264
1850460 264
1850470 263
1850480 262
1850490 262
1850500 261
1850510 261
1850520 261
1850530 261
1850540 261
1850550 262
1850560 261
1850570 261
1850580 261
1850590 261
1850600 261
1850610 261
1850620 260
1850630 261
1850640 261
1850650 261
1850660 262
1850670 262
1850680 263
1850690 263
1850700 264
1850710 265
1850720 265
1850730 266
1850740 266
1850750 266
1850760 267
1850770 267
1850780 267
1850790 267
1850800 267
1850810 267
1850820 266
1850830 266
1850840 266
1850850 264
1850860 263
1850870 263
1850880 264
1850890 264
1850900 264
1850910 265
1850920 267
1850930 267
1850940 268
1850950 268
1850960 268
1850970 269
1850980 269
1850990 269
1851000 270
1851010 270
1851020 270
1851030 270
1851040 270
1851050 270
1851060 269
1851070 269
1851080 269
1851090 269
1851100 269
1851110 269
1851120 269
1851130 269
1851140 269
1851150 268
1851160 268
1851170 268
1851180 267
1851190 266
1851200 266
1851210 265
1851220 264
1851230 264
1851240 263
1851250 263
1851260 262
1851270 262
1851280 262
1851290 261
1851300 260
1851310 260
1851320 258
1851330 257
1851340 257
1851350 255
1851360 253
1851370 253
1851380 252
1851390 251
1851400 251
1851410 250
1851420 249
1851430 249
1851440 248
1851450 247
1851460 247
1851470 245
1851480 244
1851490 244
1851500 244
1851510 244
1851520 244
1851530 244
1851540 244
1851550 244
1851560 244
1851570 244
1851580 244
1851590 245
1851600 245
1851610 245
1851620 246
1851630 246
1851640 246
1851650 246
1851660 246
1851670 246
1851680 247
1851690 247
1851700 247
1851710 248
1851720 248
1851730 248
1851740 249
1851750 250
1851760 250
1851770 251
1851780 253
1851790 253
1851800 254
1851810 254
1851820 256
1851830 257
1851840 257
1851850 259
1851860 261
1851870 261
1851880 263
1851890 264
1851900 264
1851910 265
1851920 267
1851930 267
1851940 268
1851950 270
1851960 270
1851970 271
1851980 271
1851990 271
1852000 273
1852010 275
1852020 275
1852030 277
1852040 278
1852050 278
1852060 280
1852070 281
1852080 281
1852090 283
1852100 284
1852110 284
1852120 285
1852130 287
1852140 287
1852150 288
1852160 289
1852170 289
1852180 289
1852190 290
1852200 290
1852210 291
1852220 292
1852230 292
1852240 290
1852250 289
1852260 289
1852270 290
1852280 294
1852290 294
1852300 294
1852310 294
1852320 294
1852330 295
1852340 295
1852350 295
1852360 296
1852370 296
1852380 296
1852390 296
1852400 296
1852410 296
1852420 296
1852430 296
1852440 296
1852450 296
1852460 296
1852470 296
1852480 296
1852490 296
1852500 296
1852510 296
1852520 296
1852530 295
1852540 295
1852550 295
1852560 295
1852570 294
1852580 294
1852590 294
1852600 293
1852610 293
1852620 293
1852630 292
1852640 292
1852650 292
1852660 291
1852670 291
1852680 290
1852690 289
1852700 289
1852710 288
1852720 288
1852730 288
1852740 287
1852750 286
1852760 286
1852770 285
1852780 284
1852790 284
1852800 283
1852810 282
1852820 282
1852830 282
1852840 281
1852850 281
1852860 280
1852870 279
1852880 279
1852890 278
1852900 278
1852910 278
1852920 278
1852930 278
1852940 277
1852950 277
1852960 277
1852970 277
1852980 277
1852990 277
1853000 277
1853010 277
1853020 277
1853030 277
1853040 278
1853050 279
1853060 281
1853070 281
1853080 281
1853090 281
1853100 281
1853110 281
1853120 281
1853130 281
1853140 281
1853150 281
1853160 281
1853170 281
1853180 280
1853190 280
1853200 280
1853210 279
1853220 280
1853230 280
1853240 280
1853250 281
1853260 281
1853270 282
1853280 283
1853290 283
1853300 284
1853310 285
1853320 285
1853330 286
1853340 286
1853350 286
1853360 287
1853370 288
1853380 288
1853390 288
1853400 289
1853410 289
1853420 290
1853430 290
1853440 290
1853450 291
1853460 291
1853470 291
1853480 292
1853490 292
1853500 292
1853510 292
1853520 292
1853530 293
1853540 293
1853550 293
1853560 293
1853570 293
1853580 293
1853590 293
1853600 293
1853610 293
1853620 293
1853630 293
1853640 293
1853650 293
1853660 293
1853670 293
1853680 292
1853690 291
1853700 291
1853710 290
1853720 289
1853730 289
1853740 288
1853750 286
1853760 287
1853770 285
1853780 284
1853790 284
1853800 282
1853810 281
1853820 281
1853830 280
1853840 280
1853850 280
1853860 278
1853870 277
1853880 277
1853890 277
1853900 277
1853910 277
1853920 277
1853930 278
1853940 278
1853950 280
1853960 281
1853970 281
1853980 282
1853990 283
1854000 283
1854010 284
1854020 284
1854030 285
1854040 286
1854050 286
1854060 288
1854070 290
1854080 290
1854090 290
1854100 290
1854110 291
1854120 291
1854130 291
1854140 291
1854150 291
1854160 291
1854170 291
1854180 291
1854190 291
1854200 291
1854210 291
1854220 291
1854230 291
1854240 290
1854250 290
1854260 290
1854270 289
1854280 289
1854290 289
1854300 289
1854310 289
1854320 289
1854330 289
1854340 289
1854350 289
1854360 290
1854370 290
1854380 290
1854390 290
1854400 291
1854410 291
1854420 291
1854430 292
1854440 292
1854450 292
1854460 292
1854470 292
1854480 293
1854490 293
1854500 293
1854510 293
1854520 293
1854530 293
1854540 293
1854550 293
1854560 293
1854570 293
1854580 293
1854590 293
1854600 293
1854610 293
1854620 293
1854630 293
1854640 293
1854650 293
1854660 292
1854670 292
1854680 290
1854690 290
1854700 290
1854710 290
1854720 291
1854730 291
1854740 291
1854750 291
1854760 291
1854770 291
1854780 291
1854790 291
1854800 291
1854810 291
1854820 290
1854830 290
1854840 289
1854850 289
1854860 289
1854870 288
1854880 288
1854890 287
1854900 287
1854910 287
1854920 286
1854930 285
1854940 285
1854950 284
1854960 282
1854970 282
1854980 281
1854990 280
1855000 280
1855010 278
1855020 276
1855030 276
1855040 274
1855050 273
1855060 273
1855070 271
1855080 270
1855090 270
1855100 270
1855110 267
1855120 267
1855130 265
1855140 265
1855150 264
1855160 263
1855170 264
1855180 263
1855190 262
1855200 262
1855210 261
1855220 259
1855230 259
1855240 258
1855250 256
1855260 256
1855270 255
1855280 254
1855290 254
1855300 253
1855310 252
1855320 252
1855330 250
1855340 249
1855350 249
1855360 248
1855370 247
1855380 247
1855390 245
1855400 244
1855410 244
1855420 242
1855430 240
1855440 240
1855450 238
1855460 236
1855470 236
1855480 234
1855490 232
1855500 232
1855510 231
1855520 230
1855530 230
1855540 229
1855550 228
1855560 228
1855570 227
1855580 226
1855590 226
1855600 226
1855610 225
1855620 225
1855630 224
1855640 224
1855650 224
1855660 224
1855670 224
1855680 223
1855690 223
1855700 223
1855710 223
1855720 222
1855730 222
1855740 222
1855750 221
1855760 221
1855770 221
1855780 221
1855790 221
1855800 221
1855810 221
1855820 221
1855830 221
1855840 221
1855850 221
1855860 220
1855870 217
1855880 220
1855890 218
1855900 219
1855910 219
1855920 216
1855930 215
1855940 215
1855950 218
1855960 216
1855970 216
1855980 216
1855990 218
1856000 218
1856010 217
1856020 217
1856030 217
1856040 216
1856050 216
1856060 216
1856070 216
1856080 216
1856090 216
1856100 216
1856110 216
1856120 216
1856130 216
1856140 216
1856150 216
1856160 216
1856170 216
1856180 216
1856190 216
1856200 216
1856210 216
1856220 216
1856230 217
1856240 217
1856250 216
1856260 216
1856270 216
1856280 216
1856290 216
1856300 215
1856310 214
1856320 214
1856330 214
1856340 213
1856350 213
1856360 212
1856370 211
1856380 211
1856390 210
1856400 209
1856410 209
1856420 208
1856430 208
1856440 208
1856450 207
1856460 207
1856470 207
1856480 207
1856490 207
1856500 207
1856510 207
1856520 207
1856530 207
1856540 208
1856550 208
1856560 208
1856570 208
1856580 208
1856590 208
1856600 208
1856610 208
1856620 208
1856630 208
1856640 209
1856650 209
1856660 209
1856670 209
1856680 209
1856690 210
1856700 210
1856710 210
1856720 211
1856730 212
1856740 212
1856750 213
1856760 214
1856770 214
1856780 215
1856790 215
1856800 215
1856810 216
1856820 216
1856830 216
1856840 217
1856850 217
1856860 218
1856870 219
1856880 219
1856890 220
1856900 222
1856910 222
1856920 222
1856930 222
1856940 222
1856950 222
1856960 222
1856970 222
1856980 222
1856990 223
1857000 223
1857010 224
1857020 225
1857030 225
1857040 225
1857050 225
1857060 225
1857070 226
1857080 226
1857090 226
1857100 227
1857110 227
1857120 227
1857130 227
1857140 228
1857150 228
1857160 229
1857170 231
1857180 231
1857190 233
1857200 234
1857210 234
1857220 235
1857230 236
1857240 236
1857250 237
1857260 238
1857270 238
1857280 238
1857290 238
1857300 238
1857310 238
1857320 239
1857330 239
1857340 239
1857350 239
1857360 239
1857370 239
1857380 239
1857390 240
1857400 240
1857410 240
1857420 239
1857430 240
1857440 240
1857450 241
1857460 240
1857470 240
1857480 240
1857490 240
1857500 240
1857510 240
1857520 240
1857530 240
1857540 240
1857550 240
1857560 240
1857570 240
1857580 241
1857590 241
1857600 241
1857610 241
1857620 241
1857630 240
1857640 240
1857650 240
1857660 240
1857670 240
1857680 240
1857690 241
1857700 241
1857710 241
1857720 242
1857730 242
1857740 242
1857750 243
1857760 243
1857770 243
1857780 243
1857790 244
1857800 244
1857810 244
1857820 244
1857830 244
1857840 245
1857850 245
1857860 245
1857870 245
1857880 246
1857890 246
1857900 246
1857910 246
1857920 246
1857930 246
1857940 246
1857950 247
1857960 247
1857970 247
1857980 247
1857990 247
1858000 247
1858010 247
1858020 248
1858030 248
1858040 248
1858050 248
1858060 248
1858070 248
1858080 248
1858090 248
1858100 248
1858110 248
1858120 248
1858130 248
1858140 248
1858150 248
1858160 249
1858170 249
1858180 249
1858190 249
1858200 249
1858210 249
1858220 249
1858230 249
1858240 249
1858250 249
1858260 249
1858270 249
1858280 249
1858290 249
1858300 249
1858310 248
1858320 248
1858330 247
1858340 247
1858350 247
1858360 247
1858370 246
1858380 246
1858390 246
1858400 246
1858410 246
1858420 246
1858430 245
1858440 245
1858450 245
1858460 245
1858470 245
1858480 245
1858490 244
1858500 244
1858510 244
1858520 243
1858530 243
1858540 243
1858550 243
1858560 243
1858570 242
1858580 242
1858590 242
1858600 242
1858610 242
1858620 242
1858630 241
1858640 241
1858650 241
1858660 241
1858670 240
1858680 240
1858690 240
1858700 239
1858710 239
1858720 236
1858730 237
1858740 237
1858750 238
1858760 238
1858770 238
1858780 238
1858790 237
1858800 237
1858810 237
1858820 237
1858830 237
1858840 236
1858850 236
1858860 236
1858870 235
1858880 235
1858890 235
1858900 235
1858910 234
1858920 234
1858930 234
1858940 233
1858950 233
1858960 233
1858970 233
1858980 233
1858990 232
1859000 232
1859010 232
1859020 231
1859030 231
1859040 230
1859050 230
1859060 230
1859070 230
1859080 229
1859090 229
1859100 229
1859110 229
1859120 229
1859130 228
1859140 228
1859150 228
1859160 228
1859170 228
1859180 228
1859190 227
1859200 227
1859210 227
1859220 227
1859230 227
1859240 227
1859250 227
1859260 226
1859270 226
1859280 226
1859290 226
1859300 226
1859310 226
1859320 225
1859330 225
1859340 225
1859350 225
1859360 225
1859370 225
1859380 225
1859390 225
1859400 224
1859410 224
1859420 224
1859430 224
1859440 224
1859450 224
1859460 224
1859470 223
1859480 223
1859490 223
1859500 223
1859510 223
1859520 223
1859530 223
1859540 223
1859550 223
1859560 223
1859570 222
1859580 222
1859590 222
1859600 222
1859610 222
1859620 222
1859630 222
1859640 221
1859650 221
1859660 221
1859670 221
1859680 221
1859690 221
1859700 221
1859710 221
1859720 220
1859730 220
1859740 220
1859750 220
1859760 220
1859770 220
1859780 219
1859790 219
1859800 219
1859810 219
1859820 219
1859830 219
1859840 219
1859850 218
1859860 218
1859870 218
1859880 218
1859890 218
1859900 217
1859910 217
1859920 217
1859930 217
1859940 216
1859950 216
1859960 216
1859970 216
1859980 216
1859990 215
