1840000 255
1840010 255
1840020 255
1840030 255
1840040 255
1840050 255
1840060 255
1840070 255
1840080 255
1840090 255
1840100 255
1840110 255
1840120 255
1840130 255
1840140 255
1840150 256
1840160 256
1840170 256
1840180 256
1840190 256
1840200 256
1840210 256
1840220 256
1840230 256
1840240 257
1840250 257
1840260 257
1840270 257
1840280 257
1840290 258
1840300 258
1840310 258
1840320 258
1840330 258
1840340 258
1840350 259
1840360 259
1840370 259
1840380 259
1840390 259
1840400 259
1840410 259
1840420 259
1840430 260
1840440 260
1840450 260
1840460 260
1840470 260
1840480 260
1840490 260
1840500 260
1840510 260
1840520 261
1840530 261
1840540 261
1840550 261
1840560 261
1840570 261
1840580 261
1840590 261
1840600 261
1840610 262
1840620 262
1840630 262
1840640 262
1840650 263
1840660 263
1840670 263
1840680 264
1840690 264
1840700 264
1840710 264
1840720 264
1840730 264
1840740 265
1840750 265
1840760 265
1840770 265
1840780 265
1840790 265
1840800 266
1840810 266
1840820 266
1840830 266
1840840 267
1840850 267
1840860 267
1840870 267
1840880 267
1840890 267
1840900 268
1840910 268
1840920 268
1840930 269
1840940 270
1840950 270
1840960 271
1840970 271
1840980 271
1840990 272
1841000 274
1841010 274
1841020 274
1841030 276
1841040 276
1841050 277
1841060 278
1841070 278
1841080 279
1841090 280
1841100 280
1841110 281
1841120 282
1841130 282
1841140 282
1841150 283
1841160 283
1841170 284
1841180 284
1841190 284
1841200 285
1841210 285
1841220 285
1841230 286
1841240 286
1841250 286
1841260 288
1841270 289
1841280 289
1841290 290
1841300 291
1841310 291
1841320 292
1841330 293
1841340 293
1841350 294
1841360 294
1841370 294
1841380 294
1841390 295
1841400 295
1841410 295
1841420 295
1841430 296
1841440 296
1841450 296
1841460 297
1841470 297
1841480 297
1841490 298
1841500 298
1841510 298
1841520 299
1841530 300
1841540 300
1841550 300
1841560 301
1841570 301
1841580 302
1841590 302
1841600 302
1841610 302
1841620 303
1841630 303
1841640 303
1841650 304
1841660 304
1841670 304
1841680 305
1841690 305
1841700 306
1841710 307
1841720 307
1841730 308
1841740 310
1841750 310
1841760 311
1841770 312
1841780 312
1841790 313
1841800 314
1841810 314
1841820 315
1841830 316
1841840 316
1841850 317
1841860 318
1841870 318
1841880 319
1841890 320
1841900 320
1841910 321
1841920 321
1841930 322
1841940 323
1841950 323
1841960 324
1841970 325
1841980 325
1841990 326
1842000 327
1842010 327
1842020 328
1842030 329
1842040 329
1842050 330
1842060 331
1842070 331
1842080 332
1842090 333
1842100 333
1842110 334
1842120 335
1842130 335
1842140 336
1842150 337
1842160 337
1842170 337
1842180 338
1842190 338
1842200 339
1842210 339
1842220 339
1842230 340
1842240 341
1842250 341
1842260 341
1842270 342
1842280 342
1842290 342
1842300 342
1842310 342
1842320 342
1842330 341
1842340 341
1842350 341
1842360 340
1842370 340
1842380 338
1842390 339
1842400 339
1842410 342
1842420 345
1842430 345
1842440 348
1842450 348
1842460 349
1842470 351
1842480 351
1842490 353
1842500 354
1842510 354
1842520 355
1842530 356
1842540 356
1842550 357
1842560 358
1842570 358
1842580 359
1842590 360
1842600 360
1842610 361
1842620 362
1842630 362
1842640 363
1842650 364
1842660 364
1842670 365
1842680 366
1842690 366
1842700 367
1842710 368
1842720 368
1842730 369
1842740 370
1842750 370
1842760 369
1842770 371
1842780 371
1842790 372
1842800 373
1842810 373
1842820 374
1842830 375
1842840 375
1842850 376
1842860 373
1842870 373
1842880 374
1842890 378
1842900 378
1842910 380
1842920 381
1842930 381
1842940 382
1842950 383
1842960 383
1842970 384
1842980 385
1842990 385
1843000 386
1843010 386
1843020 388
1843030 389
1843040 389
1843050 390
1843060 391
1843070 391
1843080 393
1843090 394
1843100 394
1843110 396
1843120 397
1843130 397
1843140 399
1843150 400
1843160 400
1843170 401
1843180 403
1843190 403
1843200 404
1843210 405
1843220 405
1843230 406
1843240 408
1843250 408
1843260 409
1843270 410
1843280 410
1843290 411
1843300 411
1843310 411
1843320 412
1843330 413
1843340 413
1843350 414
1843360 414
1843370 414
1843380 415
1843390 415
1843400 415
1843410 416
1843420 416
1843430 416
1843440 417
1843450 417
1843460 417
1843470 417
1843480 417
1843490 417
1843500 417
1843510 416
1843520 416
1843530 416
1843540 416
1843550 416
1843560 415
1843570 415
1843580 413
1843590 412
1843600 412
1843610 411
1843620 410
1843630 410
1843640 409
1843650 408
1843660 408
1843670 405
1843680 402
1843690 402
1843700 399
1843710 397
1843720 397
1843730 395
1843740 393
1843750 393
1843760 392
1843770 391
1843780 391
1843790 391
1843800 391
1843810 391
1843820 391
1843830 391
1843840 391
1843850 390
1843860 389
1843870 389
1843880 389
1843890 388
1843900 388
1843910 387
1843920 386
1843930 386
1843940 384
1843950 382
1843960 382
1843970 381
1843980 381
1843990 381
1844000 380
1844010 380
1844020 380
1844030 380
1844040 379
1844050 379
1844060 377
1844070 376
1844080 376
1844090 374
1844100 374
1844110 374
1844120 374
1844130 374
1844140 373
1844150 373
1844160 373
1844170 372
1844180 371
1844190 371
1844200 369
1844210 369
1844220 369
1844230 369
1844240 368
1844250 368
1844260 367
1844270 366
1844280 366
1844290 365
1844300 364
1844310 363
1844320 362
1844330 362
1844340 362
1844350 361
1844360 359
1844370 359
1844380 358
1844390 356
1844400 356
1844410 354
1844420 352
1844430 352
1844440 347
1844450 347
1844460 347
1844470 347
1844480 343
1844490 343
1844500 342
1844510 342
1844520 342
1844530 343
1844540 345
1844550 345
1844560 346
1844570 347
1844580 347
1844590 347
1844600 347
1844610 347
1844620 347
1844630 347
1844640 347
1844650 347
1844660 347
1844670 347
1844680 348
1844690 348
1844700 348
1844710 348
1844720 348
1844730 347
1844740 347
1844750 347
1844760 347
1844770 347
1844780 347
1844790 347
1844800 347
1844810 347
1844820 347
1844830 346
1844840 346
1844850 345
1844860 344
1844870 344
1844880 343
1844890 342
1844900 342
1844910 342
1844920 342
1844930 342
1844940 342
1844950 342
1844960 342
1844970 341
1844980 342
1844990 342
1845000 343
1845010 344
1845020 344
1845030 345
1845040 346
1845050 346
1845060 346
1845070 345
1845080 345
1845090 345
1845100 345
1845110 345
1845120 346
1845130 347
1845140 347
1845150 347
1845160 347
1845170 347
1845180 347
1845190 347
1845200 346
1845210 345
1845220 345
1845230 346
1845240 346
1845250 346
1845260 346
1845270 346
1845280 346
1845290 347
1845300 347
1845310 347
1845320 347
1845330 347
1845340 347
1845350 348
1845360 348
1845370 348
1845380 349
1845390 349
1845400 350
1845410 350
1845420 350
1845430 350
1845440 349
1845450 349
1845460 349
1845470 348
1845480 346
1845490 346
1845500 345
1845510 343
1845520 343
1845530 341
1845540 339
1845550 339
1845560 337
1845570 335
1845580 335
1845590 333
1845600 331
1845610 331
1845620 331
1845630 330
1845640 330
1845650 328
1845660 327
1845670 327
1845680 326
1845690 325
1845700 325
1845710 324
1845720 324
1845730 323
1845740 322
1845750 322
1845760 321
1845770 321
1845780 321
1845790 320
1845800 320
1845810 320
1845820 319
1845830 319
1845840 319
1845850 318
1845860 318
1845870 318
1845880 318
1845890 319
1845900 319
1845910 320
1845920 322
1845930 322
1845940 325
1845950 328
1845960 328
1845970 330
1845980 332
1845990 332
1846000 334
1846010 335
1846020 335
1846030 336
1846040 337
1846050 337
1846060 337
1846070 337
1846080 337
1846090 336
1846100 335
1846110 335
1846120 335
1846130 335
1846140 335
1846150 334
1846160 332
1846170 332
1846180 331
1846190 330
1846200 330
1846210 329
1846220 329
1846230 329
1846240 328
1846250 328
1846260 328
1846270 328
1846280 328
1846290 328
1846300 329
1846310 329
1846320 329
1846330 329
1846340 329
1846350 329
1846360 329
1846370 329
1846380 329
1846390 330
1846400 330
1846410 332
1846420 333
1846430 333
1846440 335
1846450 336
1846460 336
1846470 337
1846480 337
1846490 339
1846500 339
1846510 340
1846520 340
1846530 340
1846540 340
1846550 340
1846560 341
1846570 342
1846580 342
1846590 342
1846600 342
1846610 342
1846620 342
1846630 341
1846640 341
1846650 339
1846660 338
1846670 338
1846680 338
1846690 337
1846700 337
1846710 336
1846720 335
1846730 335
1846740 334
1846750 333
1846760 333
1846770 331
1846780 330
1846790 330
1846800 329
1846810 329
1846820 327
1846830 326
1846840 326
1846850 324
1846860 323
1846870 323
1846880 321
1846890 320
1846900 320
1846910 319
1846920 319
1846930 319
1846940 318
1846950 318
1846960 318
1846970 317
1846980 317
1846990 317
1847000 317
1847010 316
1847020 316
1847030 316
1847040 316
1847050 316
1847060 316
1847070 315
1847080 315
1847090 315
1847100 316
1847110 316
1847120 316
1847130 316
1847140 316
1847150 316
1847160 316
1847170 316
1847180 316
1847190 316
1847200 316
1847210 320
1847220 322
1847230 322
1847240 325
1847250 327
1847260 327
1847270 329
1847280 330
1847290 330
1847300 330
1847310 330
1847320 330
1847330 330
1847340 330
1847350 330
1847360 330
1847370 330
1847380 330
1847390 332
1847400 332
1847410 334
1847420 334
1847430 334
1847440 334
1847450 334
1847460 334
1847470 333
1847480 333
1847490 333
1847500 332
1847510 331
1847520 331
1847530 331
1847540 330
1847550 330
1847560 329
1847570 330
1847580 330
1847590 329
1847600 328
1847610 328
1847620 326
1847630 325
1847640 325
1847650 324
1847660 323
1847670 323
1847680 321
1847690 320
1847700 320
1847710 319
1847720 318
1847730 318
1847740 318
1847750 317
1847760 317
1847770 316
1847780 315
1847790 315
1847800 314
1847810 313
1847820 313
1847830 313
1847840 312
1847850 312
1847860 311
1847870 311
1847880 311
1847890 311
1847900 311
1847910 310
1847920 310
1847930 312
1847940 312
1847950 312
1847960 312
1847970 312
1847980 311
1847990 311
1848000 311
1848010 311
1848020 311
1848030 311
1848040 310
1848050 310
1848060 310
1848070 309
1848080 309
1848090 308
1848100 306
1848110 306
1848120 305
1848130 303
1848140 303
1848150 301
1848160 300
1848170 300
1848180 298
1848190 297
1848200 297
1848210 295
1848220 293
1848230 293
1848240 292
1848250 291
1848260 291
1848270 290
1848280 289
1848290 289
1848300 288
1848310 288
1848320 288
1848330 288
1848340 287
1848350 287
1848360 288
1848370 289
1848380 289
1848390 290
1848400 292
1848410 292
1848420 295
1848430 297
1848440 297
1848450 299
1848460 299
1848470 300
1848480 302
1848490 302
1848500 303
1848510 304
1848520 304
1848530 305
1848540 306
1848550 306
1848560 307
1848570 307
1848580 307
1848590 307
1848600 308
1848610 308
1848620 308
1848630 308
1848640 308
1848650 309
1848660 308
1848670 308
1848680 308
1848690 308
1848700 308
1848710 307
1848720 307
1848730 307
1848740 306
1848750 306
1848760 306
1848770 305
1848780 305
1848790 305
1848800 304
1848810 303
1848820 303
1848830 303
1848840 302
1848850 302
1848860 301
1848870 301
1848880 301
1848890 300
1848900 298
1848910 298
1848920 297
1848930 296
1848940 296
1848950 295
1848960 294
1848970 294
1848980 293
1848990 293
1849000 291
1849010 289
1849020 289
1849030 288
1849040 286
1849050 286
1849060 285
1849070 285
1849080 285
1849090 284
1849100 283
1849110 283
1849120 281
1849130 280
1849140 280
1849150 279
1849160 278
1849170 278
1849180 277
1849190 276
1849200 276
1849210 275
1849220 275
1849230 275
1849240 274
1849250 274
1849260 274
1849270 274
1849280 274
1849290 274
1849300 275
1849310 276
1849320 276
1849330 276
1849340 277
1849350 277
1849360 278
1849370 280
1849380 280
1849390 281
1849400 281
1849410 281
1849420 282
1849430 282
1849440 282
1849450 284
1849460 285
1849470 285
1849480 287
1849490 288
1849500 288
1849510 289
1849520 289
1849530 289
1849540 289
1849550 289
1849560 289
1849570 289
1849580 289
1849590 288
1849600 287
1849610 287
1849620 286
1849630 285
1849640 285
1849650 284
1849660 282
1849670 282
1849680 281
1849690 280
1849700 280
1849710 279
1849720 278
1849730 279
1849740 279
1849750 280
1849760 280
1849770 280
1849780 280
1849790 280
1849800 280
1849810 280
1849820 280
1849830 280
1849840 281
1849850 281
1849860 282
1849870 283
1849880 283
1849890 285
1849900 286
1849910 286
1849920 288
1849930 289
1849940 289
1849950 289
1849960 290
1849970 290
1849980 290
1849990 291
1850000 291
1850010 292
1850020 292
1850030 292
1850040 292
1850050 292
1850060 292
1850070 292
1850080 293
1850090 293
1850100 293
1850110 293
1850120 293
1850130 292
1850140 292
1850150 291
1850160 290
1850170 290
1850180 289
1850190 288
1850200 288
1850210 287
1850220 287
1850230 287
1850240 286
1850250 285
1850260 285
1850270 285
1850280 285
1850290 285
1850300 284
1850310 284
1850320 284
1850330 283
1850340 283
1850350 283
1850360 283
1850370 283
1850380 283
1850390 282
1850400 282
1850410 282
1850420 282
1850430 283
1850440 285
1850450 286
1850460 287
1850470 287
1850480 288
1850490 289
1850500 289
1850510 290
1850520 291
1850530 291
1850540 292
1850550 293
1850560 293
1850570 295
1850580 296
1850590 296
1850600 296
1850610 296
1850620 296
1850630 297
1850640 297
1850650 297
1850660 297
1850670 297
1850680 298
1850690 298
1850700 298
1850710 298
1850720 298
1850730 298
1850740 298
1850750 297
1850760 297
1850770 297
1850780 296
1850790 296
1850800 294
1850810 292
1850820 292
1850830 291
1850840 289
1850850 289
1850860 287
1850870 286
1850880 286
1850890 285
1850900 284
1850910 284
1850920 281
1850930 281
1850940 281
1850950 280
1850960 279
1850970 279
1850980 279
1850990 279
1851000 279
1851010 279
1851020 281
1851030 281
1851040 281
1851050 282
1851060 282
1851070 283
1851080 284
1851090 284
1851100 285
1851110 284
1851120 284
1851130 284
1851140 286
1851150 286
1851160 288
1851170 288
1851180 293
1851190 295
1851200 295
1851210 297
1851220 301
1851230 301
1851240 303
1851250 306
1851260 306
1851270 308
1851280 309
1851290 309
1851300 311
1851310 313
1851320 313
1851330 313
1851340 313
1851350 313
1851360 313
1851370 312
1851380 312
1851390 311
1851400 311
1851410 311
1851420 310
1851430 308
1851440 308
1851450 307
1851460 306
1851470 306
1851480 304
1851490 302
1851500 302
1851510 300
1851520 299
1851530 299
1851540 300
1851550 301
1851560 301
1851570 301
1851580 302
1851590 302
1851600 302
1851610 302
1851620 302
1851630 301
1851640 300
1851650 300
1851660 298
1851670 297
1851680 297
1851690 295
1851700 295
1851710 293
1851720 291
1851730 291
1851740 291
1851750 291
1851760 291
1851770 290
1851780 290
1851790 290
1851800 288
1851810 286
1851820 286
1851830 284
1851840 281
1851850 281
1851860 280
1851870 277
1851880 277
1851890 272
1851900 270
1851910 270
1851920 276
1851930 279
1851940 279
1851950 281
1851960 284
1851970 284
1851980 286
1851990 286
1852000 286
1852010 286
1852020 284
1852030 284
1852040 284
1852050 283
1852060 283
1852070 282
1852080 281
1852090 281
1852100 279
1852110 277
1852120 277
1852130 275
1852140 273
1852150 273
1852160 271
1852170 269
1852180 269
1852190 268
1852200 266
1852210 266
1852220 265
1852230 263
1852240 263
1852250 262
1852260 262
1852270 262
1852280 263
1852290 263
1852300 265
1852310 267
1852320 267
1852330 268
1852340 270
1852350 270
1852360 270
1852370 270
1852380 270
1852390 269
1852400 267
1852410 267
1852420 266
1852430 266
1852440 266
1852450 266
1852460 267
1852470 267
1852480 268
1852490 269
1852500 269
1852510 271
1852520 272
1852530 272
1852540 273
1852550 275
1852560 275
1852570 276
1852580 278
1852590 278
1852600 280
1852610 282
1852620 282
1852630 285
1852640 288
1852650 288
1852660 290
1852670 290
1852680 290
1852690 291
1852700 292
1852710 292
1852720 292
1852730 293
1852740 293
1852750 293
1852760 293
1852770 293
1852780 294
1852790 294
1852800 294
1852810 294
1852820 294
1852830 294
1852840 294
1852850 294
1852860 294
1852870 294
1852880 294
1852890 294
1852900 294
1852910 294
1852920 294
1852930 294
1852940 294
1852950 294
1852960 294
1852970 294
1852980 294
1852990 293
1853000 293
1853010 293
1853020 293
1853030 293
1853040 293
1853050 293
1853060 293
1853070 293
1853080 293
1853090 293
1853100 293
1853110 293
1853120 293
1853130 292
1853140 292
1853150 292
1853160 292
1853170 292
1853180 292
1853190 292
1853200 295
1853210 295
1853220 297
1853230 296
1853240 296
1853250 292
1853260 292
1853270 292
1853280 292
1853290 291
1853300 291
1853310 291
1853320 291
1853330 291
1853340 291
1853350 291
1853360 291
1853370 291
1853380 291
1853390 291
1853400 291
1853410 291
1853420 291
1853430 291
1853440 291
1853450 291
1853460 291
1853470 291
1853480 291
1853490 291
1853500 291
1853510 291
1853520 291
1853530 291
1853540 291
1853550 291
1853560 291
1853570 291
1853580 291
1853590 291
1853600 291
1853610 291
1853620 291
1853630 290
1853640 290
1853650 290
1853660 290
1853670 290
1853680 290
1853690 290
1853700 290
1853710 290
1853720 290
1853730 290
1853740 290
1853750 290
1853760 290
1853770 290
1853780 289
1853790 289
1853800 289
1853810 289
1853820 289
1853830 289
1853840 289
1853850 289
1853860 289
1853870 289
1853880 289
1853890 288
1853900 288
1853910 288
1853920 288
1853930 287
1853940 287
1853950 287
1853960 287
1853970 287
1853980 287
1853990 287
1854000 287
1854010 287
1854020 286
1854030 286
1854040 286
1854050 286
1854060 286
1854070 286
1854080 286
1854090 286
1854100 285
1854110 285
1854120 285
1854130 285
1854140 285
1854150 285
1854160 285
1854170 285
1854180 285
1854190 284
1854200 284
1854210 284
1854220 284
1854230 284
1854240 284
1854250 284
1854260 283
1854270 283
1854280 283
1854290 283
1854300 283
1854310 283
1854320 283
1854330 283
1854340 283
1854350 282
1854360 282
1854370 282
1854380 282
1854390 282
1854400 282
1854410 282
1854420 282
1854430 282
1854440 282
1854450 282
1854460 282
1854470 282
1854480 282
1854490 282
1854500 282
1854510 282
1854520 282
1854530 282
1854540 281
1854550 281
1854560 281
1854570 281
1854580 280
1854590 280
1854600 280
1854610 279
1854620 279
1854630 279
1854640 279
1854650 279
1854660 279
1854670 279
1854680 279
1854690 279
1854700 279
1854710 279
1854720 279
1854730 279
1854740 279
1854750 279
1854760 280
1854770 280
1854780 280
1854790 280
1854800 280
1854810 281
1854820 281
1854830 281
1854840 281
1854850 282
1854860 282
1854870 282
1854880 282
1854890 282
1854900 282
1854910 283
1854920 283
1854930 283
1854940 284
1854950 284
1854960 284
1854970 284
1854980 285
1854990 285
1855000 285
1855010 286
1855020 286
1855030 286
1855040 287
1855050 287
1855060 287
1855070 288
1855080 288
1855090 288
1855100 288
1855110 289
1855120 289
1855130 289
1855140 290
1855150 290
1855160 290
1855170 290
1855180 290
1855190 290
1855200 290
1855210 290
1855220 291
1855230 291
1855240 291
1855250 291
1855260 291
1855270 291
1855280 292
1855290 292
1855300 292
1855310 292
1855320 292
1855330 292
1855340 292
1855350 292
1855360 292
1855370 293
1855380 293
1855390 293
1855400 293
1855410 293
1855420 293
1855430 293
1855440 293
1855450 293
1855460 293
1855470 293
1855480 293
1855490 294
1855500 294
1855510 294
1855520 294
1855530 294
1855540 294
1855550 294
1855560 294
1855570 294
1855580 294
1855590 294
1855600 294
1855610 294
1855620 294
1855630 294
1855640 294
1855650 294
1855660 294
1855670 294
1855680 294
1855690 292
1855700 290
1855710 290
1855720 288
1855730 287
1855740 287
1855750 285
1855760 283
1855770 285
1855780 284
1855790 283
1855800 283
1855810 282
1855820 281
1855830 281
1855840 279
1855850 277
1855860 277
1855870 276
1855880 274
1855890 274
1855900 272
1855910 271
1855920 271
1855930 270
1855940 268
1855950 268
1855960 268
1855970 267
1855980 267
1855990 266
1856000 265
1856010 265
1856020 265
1856030 264
1856040 264
1856050 263
1856060 263
1856070 262
1856080 261
1856090 261
1856100 261
1856110 260
1856120 262
1856130 261
1856140 259
1856150 259
1856160 258
1856170 257
1856180 257
1856190 255
1856200 254
1856210 254
1856220 253
1856230 252
1856240 252
1856250 250
1856260 249
1856270 249
1856280 248
1856290 247
1856300 247
1856310 247
1856320 247
1856330 247
1856340 247
1856350 247
1856360 247
1856370 247
1856380 248
1856390 248
1856400 248
1856410 248
1856420 248
1856430 248
1856440 249
1856450 249
1856460 249
1856470 251
1856480 251
1856490 251
1856500 252
1856510 252
1856520 252
1856530 252
1856540 252
1856550 253
1856560 254
1856570 254
1856580 255
1856590 255
1856600 255
1856610 255
1856620 255
1856630 254
1856640 253
1856650 253
1856660 252
1856670 250
1856680 250
1856690 249
1856700 248
1856710 248
1856720 247
1856730 244
1856740 244
1856750 243
1856760 242
1856770 242
1856780 241
1856790 241
1856800 241
1856810 240
1856820 241
1856830 241
1856840 240
1856850 239
1856860 239
1856870 237
1856880 236
1856890 236
1856900 236
1856910 237
1856920 237
1856930 237
1856940 240
1856950 240
1856960 240
1856970 241
1856980 241
1856990 241
1857000 242
1857010 242
1857020 243
1857030 245
1857040 245
1857050 247
1857060 248
1857070 248
1857080 250
1857090 251
1857100 251
1857110 252
1857120 252
1857130 252
1857140 252
1857150 252
1857160 251
1857170 250
1857180 250
1857190 250
1857200 249
1857210 249
1857220 248
1857230 247
1857240 247
1857250 246
1857260 245
1857270 245
1857280 243
1857290 242
1857300 242
1857310 241
1857320 240
1857330 240
1857340 238
1857350 237
1857360 237
1857370 235
1857380 234
1857390 234
1857400 233
1857410 231
1857420 231
1857430 230
1857440 229
1857450 229
1857460 228
1857470 226
1857480 226
1857490 225
1857500 224
1857510 224
1857520 224
1857530 223
1857540 223
1857550 222
1857560 221
1857570 221
1857580 221
1857590 220
1857600 220
1857610 219
1857620 218
1857630 218
1857640 218
1857650 217
1857660 217
1857670 217
1857680 217
1857690 217
1857700 216
1857710 216
1857720 215
1857730 215
1857740 215
1857750 218
1857760 219
1857770 219
1857780 219
1857790 221
1857800 221
1857810 222
1857820 224
1857830 224
1857840 226
1857850 227
1857860 227
1857870 228
1857880 231
1857890 231
1857900 232
1857910 233
1857920 233
1857930 234
1857940 235
1857950 235
1857960 236
1857970 237
1857980 237
1857990 237
1858000 238
1858010 238
1858020 238
1858030 237
1858040 237
1858050 237
1858060 237
1858070 237
1858080 237
1858090 236
1858100 236
1858110 236
1858120 235
1858130 235
1858140 235
1858150 234
1858160 234
1858170 234
1858180 233
1858190 233
1858200 232
1858210 232
1858220 232
1858230 231
1858240 231
1858250 230
1858260 230
1858270 230
1858280 229
1858290 228
1858300 228
1858310 228
1858320 227
1858330 227
1858340 226
1858350 225
1858360 225
1858370 225
1858380 224
1858390 224
1858400 223
1858410 222
1858420 222
1858430 222
1858440 221
1858450 221
1858460 220
1858470 220
1858480 220
1858490 219
1858500 218
1858510 218
1858520 218
1858530 217
1858540 217
1858550 216
1858560 215
1858570 215
1858580 215
1858590 214
1858600 214
1858610 213
1858620 213
1858630 213
1858640 212
1858650 213
1858660 213
1858670 214
1858680 214
1858690 214
1858700 214
1858710 215
1858720 215
1858730 216
1858740 216
1858750 218
1858760 219
1858770 219
1858780 221
1858790 224
1858800 224
1858810 225
1858820 227
1858830 227
1858840 228
1858850 229
1858860 229
1858870 230
1858880 231
1858890 231
1858900 232
1858910 232
1858920 232
1858930 233
1858940 234
1858950 234
1858960 234
1858970 235
1858980 235
1858990 235
1859000 235
1859010 235
1859020 236
1859030 236
1859040 236
1859050 236
1859060 237
1859070 237
1859080 237
1859090 236
1859100 236
1859110 236
1859120 237
1859130 237
1859140 236
1859150 236
1859160 236
1859170 236
1859180 235
1859190 235
1859200 235
1859210 235
1859220 235
1859230 234
1859240 234
1859250 234
1859260 233
1859270 233
1859280 234
1859290 234
1859300 234
1859310 233
1859320 232
1859330 232
1859340 232
1859350 231
1859360 231
1859370 230
1859380 229
1859390 229
1859400 228
1859410 226
1859420 226
1859430 224
1859440 223
1859450 223
1859460 221
1859470 220
1859480 220
1859490 219
1859500 218
1859510 218
1859520 217
1859530 216
1859540 216
1859550 215
1859560 214
1859570 214
1859580 214
1859590 213
1859600 213
1859610 214
1859620 215
1859630 215
1859640 216
1859650 218
1859660 218
1859670 219
1859680 221
1859690 221
1859700 223
1859710 224
1859720 224
1859730 225
1859740 226
1859750 226
1859760 226
1859770 226
1859780 226
1859790 226
1859800 226
1859810 226
1859820 226
1859830 226
1859840 227
1859850 228
1859860 228
1859870 228
1859880 229
1859890 229
1859900 230
1859910 232
1859920 232
1859930 233
1859940 234
1859950 234
1859960 236
1859970 237
1859980 237
1859990 238
