1840000 256
1840010 256
1840020 256
1840030 256
1840040 257
1840050 257
1840060 257
1840070 257
1840080 257
1840090 257
1840100 258
1840110 258
1840120 258
1840130 258
1840140 258
1840150 259
1840160 259
1840170 259
1840180 260
1840190 260
1840200 260
1840210 261
1840220 261
1840230 261
1840240 261
1840250 262
1840260 262
1840270 262
1840280 262
1840290 262
1840300 263
1840310 263
1840320 263
1840330 263
1840340 264
1840350 264
1840360 264
1840370 265
1840380 265
1840390 265
1840400 266
1840410 266
1840420 266
1840430 267
1840440 267
1840450 268
1840460 269
1840470 269
1840480 270
1840490 270
1840500 270
1840510 271
1840520 271
1840530 272
1840540 273
1840550 273
1840560 273
1840570 274
1840580 274
1840590 275
1840600 276
1840610 276
1840620 276
1840630 277
1840640 277
1840650 278
1840660 278
1840670 278
1840680 279
1840690 279
1840700 279
1840710 280
1840720 280
1840730 280
1840740 281
1840750 281
1840760 281
1840770 282
1840780 282
1840790 282
1840800 283
1840810 283
1840820 283
1840830 283
1840840 283
1840850 283
1840860 284
1840870 284
1840880 284
1840890 283
1840900 283
1840910 283
1840920 283
1840930 282
1840940 282
1840950 282
1840960 281
1840970 281
1840980 280
1840990 280
1841000 280
1841010 279
1841020 279
1841030 279
1841040 279
1841050 279
1841060 279
1841070 278
1841080 278
1841090 278
1841100 278
1841110 278
1841120 278
1841130 279
1841140 279
1841150 279
1841160 279
1841170 279
1841180 280
1841190 280
1841200 280
1841210 281
1841220 282
1841230 282
1841240 282
1841250 283
1841260 283
1841270 284
1841280 285
1841290 285
1841300 285
1841310 286
1841320 286
1841330 287
1841340 287
1841350 287
1841360 287
1841370 288
1841380 288
1841390 288
1841400 288
1841410 288
1841420 288
1841430 289
1841440 289
1841450 289
1841460 289
1841470 289
1841480 290
1841490 291
1841500 291
1841510 292
1841520 293
1841530 293
1841540 294
1841550 294
1841560 295
1841570 296
1841580 296
1841590 297
1841600 298
1841610 298
1841620 299
1841630 299
1841640 299
1841650 300
1841660 300
1841670 300
1841680 300
1841690 300
1841700 300
1841710 300
1841720 301
1841730 301
1841740 301
1841750 302
1841760 302
1841770 303
1841780 303
1841790 303
1841800 304
1841810 305
1841820 305
1841830 306
1841840 308
1841850 308
1841860 309
1841870 310
1841880 310
1841890 311
1841900 312
1841910 312
1841920 313
1841930 315
1841940 315
1841950 316
1841960 317
1841970 317
1841980 318
1841990 319
1842000 319
1842010 321
1842020 322
1842030 322
1842040 323
1842050 324
1842060 324
1842070 326
1842080 327
1842090 327
1842100 328
1842110 328
1842120 329
1842130 330
1842140 330
1842150 331
1842160 333
1842170 333
1842180 334
1842190 335
1842200 335
1842210 336
1842220 337
1842230 337
1842240 339
1842250 339
1842260 339
1842270 340
1842280 341
1842290 338
1842300 338
1842310 339
1842320 339
1842330 339
1842340 339
1842350 339
1842360 340
1842370 341
1842380 341
1842390 342
1842400 342
1842410 342
1842420 344
1842430 346
1842440 346
1842450 348
1842460 350
1842470 350
1842480 352
1842490 354
1842500 354
1842510 356
1842520 356
1842530 356
1842540 355
1842550 355
1842560 355
1842570 357
1842580 361
1842590 361
1842600 363
1842610 364
1842620 364
1842630 366
1842640 366
1842650 367
1842660 368
1842670 368
1842680 369
1842690 370
1842700 370
1842710 372
1842720 373
1842730 373
1842740 374
1842750 375
1842760 375
1842770 376
1842780 378
1842790 378
1842800 379
1842810 380
1842820 380
1842830 381
1842840 382
1842850 382
1842860 383
1842870 384
1842880 384
1842890 386
1842900 387
1842910 387
1842920 388
1842930 389
1842940 389
1842950 390
1842960 391
1842970 391
1842980 393
1842990 394
1843000 394
1843010 395
1843020 396
1843030 396
1843040 397
1843050 397
1843060 397
1843070 398
1843080 398
1843090 398
1843100 399
1843110 399
1843120 399
1843130 399
1843140 399
1843150 399
1843160 399
1843170 399
1843180 399
1843190 399
1843200 399
1843210 398
1843220 398
1843230 398
1843240 398
1843250 397
1843260 397
1843270 397
1843280 396
1843290 396
1843300 396
1843310 395
1843320 395
1843330 395
1843340 394
1843350 394
1843360 393
1843370 393
1843380 393
1843390 391
1843400 390
1843410 390
1843420 390
1843430 389
1843440 389
1843450 389
1843460 389
1843470 389
1843480 389
1843490 388
1843500 388
1843510 388
1843520 388
1843530 388
1843540 388
1843550 387
1843560 387
1843570 387
1843580 387
1843590 387
1843600 386
1843610 386
1843620 386
1843630 386
1843640 386
1843650 386
1843660 386
1843670 386
1843680 386
1843690 386
1843700 386
1843710 386
1843720 386
1843730 386
1843740 386
1843750 386
1843760 386
1843770 387
1843780 387
1843790 387
1843800 387
1843810 387
1843820 387
1843830 387
1843840 388
1843850 388
1843860 388
1843870 388
1843880 388
1843890 389
1843900 389
1843910 389
1843920 390
1843930 390
1843940 390
1843950 390
1843960 391
1843970 391
1843980 391
1843990 392
1844000 392
1844010 392
1844020 392
1844030 392
1844040 392
1844050 393
1844060 393
1844070 393
1844080 393
1844090 393
1844100 393
1844110 394
1844120 394
1844130 394
1844140 394
1844150 394
1844160 393
1844170 393
1844180 393
1844190 392
1844200 391
1844210 391
1844220 391
1844230 390
1844240 390
1844250 389
1844260 389
1844270 388
1844280 387
1844290 387
1844300 386
1844310 385
1844320 385
1844330 385
1844340 384
1844350 384
1844360 384
1844370 383
1844380 383
1844390 383
1844400 382
1844410 382
1844420 382
1844430 380
1844440 380
1844450 381
1844460 380
1844470 380
1844480 379
1844490 379
1844500 379
1844510 379
1844520 378
1844530 378
1844540 378
1844550 376
1844560 376
1844570 375
1844580 374
1844590 374
1844600 374
1844610 374
1844620 374
1844630 375
1844640 376
1844650 376
1844660 376
1844670 378
1844680 378
1844690 379
1844700 381
1844710 381
1844720 382
1844730 383
1844740 383
1844750 385
1844760 386
1844770 386
1844780 387
1844790 388
1844800 388
1844810 388
1844820 388
1844830 387
1844840 383
1844850 383
1844860 384
1844870 386
1844880 386
1844890 389
1844900 392
1844910 392
1844920 394
1844930 395
1844940 395
1844950 395
1844960 395
1844970 395
1844980 394
1844990 394
1845000 394
1845010 393
1845020 393
1845030 393
1845040 392
1845050 391
1845060 391
1845070 391
1845080 390
1845090 390
1845100 389
1845110 388
1845120 388
1845130 387
1845140 386
1845150 386
1845160 385
1845170 384
1845180 384
1845190 383
1845200 382
1845210 383
1845220 382
1845230 381
1845240 381
1845250 381
1845260 380
1845270 380
1845280 379
1845290 379
1845300 379
1845310 378
1845320 378
1845330 378
1845340 378
1845350 378
1845360 378
1845370 378
1845380 378
1845390 378
1845400 378
1845410 378
1845420 379
1845430 379
1845440 379
1845450 379
1845460 380
1845470 380
1845480 380
1845490 380
1845500 380
1845510 381
1845520 382
1845530 382
1845540 383
1845550 384
1845560 384
1845570 386
1845580 387
1845590 387
1845600 387
1845610 388
1845620 388
1845630 388
1845640 388
1845650 388
1845660 388
1845670 387
1845680 387
1845690 385
1845700 382
1845710 382
1845720 380
1845730 379
1845740 379
1845750 378
1845760 377
1845770 377
1845780 374
1845790 377
1845800 377
1845810 379
1845820 381
1845830 381
1845840 384
1845850 386
1845860 386
1845870 383
1845880 383
1845890 380
1845900 379
1845910 379
1845920 379
1845930 384
1845940 384
1845950 388
1845960 391
1845970 391
1845980 394
1845990 395
1846000 395
1846010 395
1846020 394
1846030 394
1846040 393
1846050 390
1846060 390
1846070 388
1846080 386
1846090 386
1846100 384
1846110 382
1846120 382
1846130 381
1846140 379
1846150 379
1846160 378
1846170 377
1846180 377
1846190 376
1846200 376
1846210 376
1846220 375
1846230 375
1846240 375
1846250 376
1846260 377
1846270 377
1846280 377
1846290 382
1846300 382
1846310 382
1846320 382
1846330 382
1846340 382
1846350 382
1846360 382
1846370 383
1846380 384
1846390 384
1846400 384
1846410 384
1846420 384
1846430 383
1846440 383
1846450 383
1846460 383
1846470 383
1846480 383
1846490 382
1846500 382
1846510 382
1846520 381
1846530 381
1846540 381
1846550 381
1846560 381
1846570 381
1846580 381
1846590 381
1846600 380
1846610 378
1846620 378
1846630 375
1846640 371
1846650 372
1846660 368
1846670 366
1846680 366
1846690 364
1846700 363
1846710 363
1846720 363
1846730 364
1846740 364
1846750 364
1846760 365
1846770 365
1846780 365
1846790 365
1846800 365
1846810 365
1846820 365
1846830 365
1846840 366
1846850 367
1846860 367
1846870 368
1846880 369
1846890 369
1846900 369
1846910 370
1846920 370
1846930 370
1846940 369
1846950 369
1846960 369
1846970 369
1846980 368
1846990 368
1847000 368
1847010 367
1847020 366
1847030 366
1847040 365
1847050 364
1847060 364
1847070 362
1847080 360
1847090 360
1847100 359
1847110 357
1847120 357
1847130 355
1847140 354
1847150 354
1847160 352
1847170 351
1847180 351
1847190 349
1847200 348
1847210 348
1847220 347
1847230 346
1847240 346
1847250 345
1847260 344
1847270 344
1847280 342
1847290 341
1847300 341
1847310 340
1847320 338
1847330 338
1847340 337
1847350 336
1847360 336
1847370 335
1847380 335
1847390 335
1847400 334
1847410 334
1847420 334
1847430 334
1847440 334
1847450 334
1847460 333
1847470 332
1847480 332
1847490 332
1847500 332
1847510 331
1847520 330
1847530 330
1847540 330
1847550 329
1847560 329
1847570 328
1847580 327
1847590 327
1847600 327
1847610 326
1847620 326
1847630 326
1847640 325
1847650 325
1847660 324
1847670 324
1847680 324
1847690 324
1847700 323
1847710 323
1847720 322
1847730 322
1847740 323
1847750 323
1847760 323
1847770 323
1847780 324
1847790 324
1847800 324
1847810 324
1847820 325
1847830 325
1847840 325
1847850 325
1847860 325
1847870 325
1847880 325
1847890 325
1847900 325
1847910 325
1847920 325
1847930 324
1847940 323
1847950 323
1847960 322
1847970 321
1847980 321
1847990 320
1848000 319
1848010 319
1848020 318
1848030 317
1848040 317
1848050 318
1848060 318
1848070 319
1848080 320
1848090 320
1848100 322
1848110 323
1848120 323
1848130 324
1848140 324
1848150 324
1848160 325
1848170 325
1848180 325
1848190 326
1848200 326
1848210 326
1848220 326
1848230 326
1848240 326
1848250 326
1848260 326
1848270 326
1848280 326
1848290 326
1848300 326
1848310 326
1848320 326
1848330 326
1848340 325
1848350 325
1848360 325
1848370 325
1848380 324
1848390 324
1848400 323
1848410 322
1848420 322
1848430 321
1848440 320
1848450 320
1848460 319
1848470 318
1848480 318
1848490 317
1848500 317
1848510 317
1848520 317
1848530 317
1848540 317
1848550 317
1848560 316
1848570 316
1848580 316
1848590 316
1848600 316
1848610 317
1848620 317
1848630 317
1848640 317
1848650 317
1848660 316
1848670 316
1848680 316
1848690 316
1848700 316
1848710 316
1848720 315
1848730 315
1848740 315
1848750 314
1848760 314
1848770 314
1848780 314
1848790 313
1848800 313
1848810 313
1848820 314
1848830 314
1848840 313
1848850 313
1848860 313
1848870 313
1848880 313
1848890 313
1848900 313
1848910 313
1848920 313
1848930 313
1848940 314
1848950 314
1848960 314
1848970 314
1848980 314
1848990 314
1849000 314
1849010 314
1849020 313
1849030 313
1849040 313
1849050 312
1849060 312
1849070 312
1849080 312
1849090 312
1849100 312
1849110 312
1849120 312
1849130 312
1849140 312
1849150 312
1849160 311
1849170 309
1849180 309
1849190 308
1849200 307
1849210 307
1849220 307
1849230 306
1849240 306
1849250 305
1849260 304
1849270 304
1849280 302
1849290 301
1849300 301
1849310 300
1849320 298
1849330 298
1849340 297
1849350 296
1849360 296
1849370 294
1849380 293
1849390 293
1849400 293
1849410 293
1849420 293
1849430 293
1849440 293
1849450 293
1849460 292
1849470 291
1849480 291
1849490 289
1849500 289
1849510 289
1849520 288
1849530 287
1849540 287
1849550 287
1849560 288
1849570 288
1849580 289
1849590 289
1849600 289
1849610 290
1849620 291
1849630 291
1849640 292
1849650 293
1849660 293
1849670 294
1849680 294
1849690 295
1849700 296
1849710 296
1849720 297
1849730 298
1849740 298
1849750 299
1849760 300
1849770 300
1849780 301
1849790 301
1849800 301
1849810 301
1849820 301
1849830 301
1849840 300
1849850 299
1849860 299
1849870 299
1849880 298
1849890 296
1849900 296
1849910 295
1849920 295
1849930 294
1849940 293
1849950 293
1849960 291
1849970 290
1849980 290
1849990 289
1850000 288
1850010 288
1850020 286
1850030 284
1850040 284
1850050 281
1850060 279
1850070 279
1850080 277
1850090 274
1850100 274
1850110 273
1850120 272
1850130 272
1850140 271
1850150 271
1850160 271
1850170 270
1850180 269
1850190 269
1850200 269
1850210 269
1850220 269
1850230 269
1850240 269
1850250 271
1850260 274
1850270 274
1850280 276
1850290 278
1850300 278
1850310 280
1850320 281
1850330 281
1850340 281
1850350 281
1850360 281
1850370 281
1850380 281
1850390 281
1850400 281
1850410 281
1850420 281
1850430 282
1850440 282
1850450 282
1850460 281
1850470 280
1850480 280
1850490 279
1850500 279
1850510 279
1850520 279
1850530 278
1850540 278
1850550 277
1850560 276
1850570 276
1850580 275
1850590 274
1850600 274
1850610 272
1850620 271
1850630 271
1850640 271
1850650 272
1850660 272
1850670 273
1850680 274
1850690 274
1850700 274
1850710 272
1850720 272
1850730 274
1850740 274
1850750 275
1850760 275
1850770 275
1850780 274
1850790 272
1850800 272
1850810 271
1850820 269
1850830 269
1850840 268
1850850 266
1850860 266
1850870 264
1850880 263
1850890 263
1850900 262
1850910 262
1850920 262
1850930 261
1850940 260
1850950 260
1850960 258
1850970 259
1850980 259
1850990 260
1851000 260
1851010 260
1851020 261
1851030 262
1851040 262
1851050 263
1851060 264
1851070 264
1851080 266
1851090 267
1851100 267
1851110 268
1851120 270
1851130 270
1851140 271
1851150 274
1851160 274
1851170 276
1851180 278
1851190 278
1851200 281
1851210 283
1851220 283
1851230 284
1851240 285
1851250 285
1851260 285
1851270 286
1851280 286
1851290 286
1851300 286
1851310 286
1851320 285
1851330 285
1851340 284
1851350 283
1851360 283
1851370 283
1851380 282
1851390 282
1851400 282
1851410 282
1851420 282
1851430 282
1851440 282
1851450 282
1851460 282
1851470 282
1851480 282
1851490 283
1851500 283
1851510 283
1851520 283
1851530 283
1851540 283
1851550 283
1851560 282
1851570 282
1851580 282
1851590 281
1851600 281
1851610 281
1851620 280
1851630 280
1851640 280
1851650 279
1851660 279
1851670 278
1851680 277
1851690 277
1851700 276
1851710 275
1851720 275
1851730 274
1851740 272
1851750 272
1851760 270
1851770 268
1851780 268
1851790 267
1851800 265
1851810 265
1851820 263
1851830 263
1851840 262
1851850 261
1851860 261
1851870 258
1851880 257
1851890 257
1851900 255
1851910 253
1851920 253
1851930 252
1851940 250
1851950 250
1851960 249
1851970 248
1851980 248
1851990 247
1852000 246
1852010 246
1852020 246
1852030 245
1852040 245
1852050 245
1852060 245
1852070 245
1852080 244
1852090 244
1852100 244
1852110 244
1852120 242
1852130 242
1852140 244
1852150 245
1852160 245
1852170 246
1852180 250
1852190 250
1852200 251
1852210 254
1852220 254
1852230 255
1852240 255
1852250 255
1852260 256
1852270 256
1852280 256
1852290 256
1852300 258
1852310 258
1852320 259
1852330 261
1852340 261
1852350 262
1852360 262
1852370 263
1852380 265
1852390 264
1852400 265
1852410 265
1852420 265
1852430 266
1852440 266
1852450 266
1852460 265
1852470 264
1852480 264
1852490 264
1852500 263
1852510 263
1852520 262
1852530 262
1852540 262
1852550 262
1852560 262
1852570 262
1852580 262
1852590 261
1852600 261
1852610 261
1852620 261
1852630 261
1852640 261
1852650 261
1852660 261
1852670 261
1852680 261
1852690 261
1852700 261
1852710 262
1852720 262
1852730 262
1852740 263
1852750 263
1852760 264
1852770 263
1852780 263
1852790 262
1852800 261
1852810 261
1852820 262
1852830 262
1852840 262
1852850 263
1852860 264
1852870 264
1852880 264
1852890 264
1852900 264
1852910 264
1852920 264
1852930 263
1852940 263
1852950 263
1852960 264
1852970 264
1852980 264
1852990 264
1853000 265
1853010 265
1853020 266
1853030 267
1853040 267
1853050 268
1853060 269
1853070 269
1853080 270
1853090 271
1853100 271
1853110 272
1853120 272
1853130 272
1853140 273
1853150 274
1853160 274
1853170 275
1853180 275
1853190 275
1853200 276
1853210 276
1853220 276
1853230 276
1853240 277
1853250 277
1853260 277
1853270 277
1853280 277
1853290 277
1853300 277
1853310 277
1853320 277
1853330 277
1853340 277
1853350 277
1853360 277
1853370 277
1853380 277
1853390 277
1853400 277
1853410 278
1853420 278
1853430 278
1853440 279
1853450 279
1853460 279
1853470 279
1853480 279
1853490 279
1853500 280
1853510 280
1853520 280
1853530 280
1853540 280
1853550 281
1853560 281
1853570 281
1853580 282
1853590 282
1853600 282
1853610 282
1853620 283
1853630 283
1853640 283
1853650 283
1853660 283
1853670 280
1853680 280
1853690 280
1853700 282
1853710 284
1853720 284
1853730 284
1853740 284
1853750 284
1853760 285
1853770 285
1853780 285
1853790 285
1853800 285
1853810 285
1853820 285
1853830 284
1853840 284
1853850 284
1853860 284
1853870 284
1853880 285
1853890 285
1853900 285
1853910 285
1853920 285
1853930 285
1853940 284
1853950 284
1853960 284
1853970 284
1853980 284
1853990 284
1854000 284
1854010 284
1854020 284
1854030 284
1854040 284
1854050 284
1854060 284
1854070 284
1854080 284
1854090 285
1854100 285
1854110 285
1854120 285
1854130 285
1854140 285
1854150 285
1854160 285
1854170 285
1854180 284
1854190 284
1854200 284
1854210 284
1854220 284
1854230 284
1854240 284
1854250 284
1854260 284
1854270 284
1854280 284
1854290 284
1854300 283
1854310 283
1854320 283
1854330 283
1854340 283
1854350 283
1854360 283
1854370 283
1854380 283
1854390 283
1854400 283
1854410 282
1854420 282
1854430 282
1854440 282
1854450 282
1854460 282
1854470 282
1854480 282
1854490 282
1854500 281
1854510 281
1854520 281
1854530 281
1854540 281
1854550 281
1854560 280
1854570 280
1854580 280
1854590 280
1854600 280
1854610 279
1854620 279
1854630 279
1854640 279
1854650 278
1854660 278
1854670 278
1854680 278
1854690 278
1854700 277
1854710 277
1854720 277
1854730 277
1854740 276
1854750 276
1854760 276
1854770 276
1854780 276
1854790 275
1854800 275
1854810 275
1854820 275
1854830 276
1854840 276
1854850 276
1854860 276
1854870 276
1854880 277
1854890 277
1854900 277
1854910 278
1854920 278
1854930 278
1854940 279
1854950 279
1854960 279
1854970 280
1854980 280
1854990 280
1855000 280
1855010 280
1855020 280
1855030 281
1855040 281
1855050 281
1855060 282
1855070 282
1855080 282
1855090 282
1855100 282
1855110 283
1855120 283
1855130 283
1855140 284
1855150 284
1855160 284
1855170 284
1855180 285
1855190 285
1855200 285
1855210 286
1855220 286
1855230 286
1855240 287
1855250 287
1855260 287
1855270 288
1855280 288
1855290 288
1855300 289
1855310 289
1855320 290
1855330 290
1855340 290
1855350 291
1855360 291
1855370 291
1855380 291
1855390 292
1855400 292
1855410 292
1855420 292
1855430 292
1855440 293
1855450 293
1855460 293
1855470 294
1855480 294
1855490 294
1855500 295
1855510 295
1855520 295
1855530 295
1855540 296
1855550 296
1855560 296
1855570 297
1855580 297
1855590 297
1855600 297
1855610 298
1855620 298
1855630 298
1855640 298
1855650 299
1855660 299
1855670 299
1855680 300
1855690 300
1855700 300
1855710 300
1855720 300
1855730 300
1855740 300
1855750 300
1855760 300
1855770 300
1855780 300
1855790 301
1855800 301
1855810 301
1855820 301
1855830 301
1855840 301
1855850 301
1855860 302
1855870 302
1855880 302
1855890 302
1855900 302
1855910 302
1855920 302
1855930 302
1855940 302
1855950 302
1855960 302
1855970 302
1855980 302
1855990 302
1856000 302
1856010 302
1856020 302
1856030 302
1856040 301
1856050 301
1856060 301
1856070 301
1856080 301
1856090 300
1856100 300
1856110 300
1856120 300
1856130 300
1856140 299
1856150 299
1856160 299
1856170 299
1856180 298
1856190 298
1856200 298
1856210 297
1856220 297
1856230 297
1856240 296
1856250 296
1856260 295
1856270 295
1856280 294
1856290 294
1856300 293
1856310 293
1856320 293
1856330 292
1856340 292
1856350 291
1856360 290
1856370 290
1856380 289
1856390 288
1856400 288
1856410 287
1856420 286
1856430 286
1856440 285
1856450 284
1856460 284
1856470 283
1856480 282
1856490 282
1856500 281
1856510 280
1856520 280
1856530 279
1856540 278
1856550 278
1856560 277
1856570 276
1856580 276
1856590 275
1856600 274
1856610 274
1856620 273
1856630 272
1856640 272
1856650 271
1856660 271
1856670 270
1856680 269
1856690 269
1856700 268
1856710 268
1856720 268
1856730 267
1856740 266
1856750 266
1856760 266
1856770 265
1856780 265
1856790 264
1856800 264
1856810 264
1856820 263
1856830 263
1856840 263
1856850 262
1856860 262
1856870 262
1856880 261
1856890 260
1856900 260
1856910 260
1856920 259
1856930 259
1856940 258
1856950 258
1856960 258
1856970 257
1856980 256
1856990 256
1857000 255
1857010 255
1857020 255
1857030 254
1857040 253
1857050 253
1857060 252
1857070 252
1857080 252
1857090 251
1857100 250
1857110 250
1857120 250
1857130 249
1857140 249
1857150 248
1857160 248
1857170 248
1857180 247
1857190 246
1857200 246
1857210 246
1857220 246
1857230 245
1857240 244
1857250 244
1857260 244
1857270 243
1857280 243
1857290 243
1857300 242
1857310 242
1857320 241
1857330 240
1857340 240
1857350 240
1857360 239
1857370 239
1857380 238
1857390 236
1857400 236
1857410 235
1857420 234
1857430 234
1857440 234
1857450 233
1857460 233
1857470 232
1857480 230
1857490 230
1857500 229
1857510 228
1857520 228
1857530 228
1857540 228
1857550 228
1857560 227
1857570 227
1857580 227
1857590 227
1857600 227
1857610 227
1857620 227
1857630 228
1857640 228
1857650 229
1857660 230
1857670 230
1857680 232
1857690 235
1857700 235
1857710 236
1857720 238
1857730 238
1857740 239
1857750 239
1857760 241
1857770 242
1857780 242
1857790 244
1857800 246
1857810 246
1857820 248
1857830 249
1857840 249
1857850 249
1857860 250
1857870 250
1857880 250
1857890 250
1857900 250
1857910 250
1857920 250
1857930 250
1857940 250
1857950 250
1857960 250
1857970 250
1857980 249
1857990 249
1858000 249
1858010 248
1858020 248
1858030 248
1858040 248
1858050 248
1858060 247
1858070 247
1858080 247
1858090 246
1858100 245
1858110 245
1858120 244
1858130 243
1858140 243
1858150 243
1858160 242
1858170 242
1858180 240
1858190 239
1858200 239
1858210 238
1858220 237
1858230 237
1858240 235
1858250 234
1858260 234
1858270 233
1858280 233
1858290 232
1858300 230
1858310 230
1858320 229
1858330 228
1858340 228
1858350 226
1858360 226
1858370 226
1858380 226
1858390 226
1858400 226
1858410 226
1858420 227
1858430 227
1858440 227
1858450 228
1858460 228
1858470 229
1858480 230
1858490 230
1858500 231
1858510 232
1858520 232
1858530 232
1858540 233
1858550 233
1858560 233
1858570 234
1858580 234
1858590 234
1858600 234
1858610 234
1858620 234
1858630 235
1858640 235
1858650 236
1858660 238
1858670 238
1858680 240
1858690 241
1858700 241
1858710 242
1858720 243
1858730 243
1858740 245
1858750 247
1858760 247
1858770 248
1858780 249
1858790 249
1858800 249
1858810 249
1858820 250
1858830 251
1858840 251
1858850 252
1858860 253
1858870 253
1858880 253
1858890 253
1858900 253
1858910 253
1858920 254
1858930 254
1858940 254
1858950 255
1858960 255
1858970 255
1858980 256
1858990 256
1859000 256
1859010 256
1859020 256
1859030 257
1859040 257
1859050 257
1859060 257
1859070 257
1859080 257
1859090 259
1859100 259
1859110 259
1859120 259
1859130 260
1859140 260
1859150 260
1859160 260
1859170 260
1859180 261
1859190 261
1859200 261
1859210 261
1859220 261
1859230 261
1859240 261
1859250 261
1859260 261
1859270 261
1859280 261
1859290 261
1859300 261
1859310 261
1859320 261
1859330 261
1859340 261
1859350 261
1859360 261
1859370 261
1859380 261
1859390 261
1859400 261
1859410 260
1859420 260
1859430 260
1859440 260
1859450 260
1859460 260
1859470 260
1859480 259
1859490 259
1859500 259
1859510 258
1859520 258
1859530 257
1859540 257
1859550 257
1859560 256
1859570 256
1859580 256
1859590 256
1859600 255
1859610 255
1859620 255
1859630 254
1859640 254
1859650 254
1859660 254
1859670 254
1859680 253
1859690 252
1859700 252
1859710 252
1859720 251
1859730 251
1859740 251
1859750 251
1859760 251
1859770 251
1859780 251
1859790 252
1859800 252
1859810 252
1859820 252
1859830 252
1859840 252
1859850 252
1859860 252
1859870 253
1859880 253
1859890 253
1859900 253
1859910 254
1859920 254
1859930 254
1859940 254
1859950 254
1859960 254
1859970 254
1859980 254
1859990 254
