1840000 251
1840010 251
1840020 251
1840030 252
1840040 252
1840050 252
1840060 252
1840070 252
1840080 252
1840090 253
1840100 253
1840110 254
1840120 254
1840130 254
1840140 254
1840150 255
1840160 255
1840170 255
1840180 256
1840190 256
1840200 256
1840210 256
1840220 257
1840230 257
1840240 257
1840250 257
1840260 258
1840270 258
1840280 258
1840290 259
1840300 259
1840310 259
1840320 259
1840330 259
1840340 259
1840350 259
1840360 259
1840370 259
1840380 260
1840390 260
1840400 260
1840410 260
1840420 260
1840430 261
1840440 261
1840450 261
1840460 261
1840470 261
1840480 261
1840490 261
1840500 261
1840510 261
1840520 262
1840530 262
1840540 262
1840550 262
1840560 262
1840570 262
1840580 263
1840590 263
1840600 263
1840610 264
1840620 265
1840630 265
1840640 265
1840650 265
1840660 265
1840670 266
1840680 266
1840690 266
1840700 266
1840710 266
1840720 266
1840730 267
1840740 267
1840750 267
1840760 267
1840770 267
1840780 268
1840790 268
1840800 268
1840810 269
1840820 269
1840830 269
1840840 270
1840850 271
1840860 271
1840870 272
1840880 273
1840890 273
1840900 275
1840910 277
1840920 277
1840930 278
1840940 279
1840950 279
1840960 280
1840970 281
1840980 281
1840990 282
1841000 283
1841010 283
1841020 284
1841030 285
1841040 285
1841050 286
1841060 288
1841070 288
1841080 292
1841090 295
1841100 295
1841110 295
1841120 296
1841130 296
1841140 297
1841150 297
1841160 297
1841170 298
1841180 298
1841190 298
1841200 297
1841210 298
1841220 298
1841230 298
1841240 298
1841250 298
1841260 298
1841270 298
1841280 299
1841290 299
1841300 299
1841310 300
1841320 300
1841330 300
1841340 301
1841350 301
1841360 301
1841370 301
1841380 301
1841390 301
1841400 301
1841410 300
1841420 300
1841430 300
1841440 300
1841450 300
1841460 300
1841470 300
1841480 300
1841490 301
1841500 301
1841510 301
1841520 302
1841530 303
1841540 303
1841550 304
1841560 305
1841570 305
1841580 306
1841590 307
1841600 307
1841610 309
1841620 309
1841630 309
1841640 309
1841650 310
1841660 310
1841670 311
1841680 312
1841690 312
1841700 314
1841710 315
1841720 315
1841730 317
1841740 319
1841750 319
1841760 320
1841770 322
1841780 322
1841790 324
1841800 324
1841810 326
1841820 327
1841830 327
1841840 329
1841850 330
1841860 330
1841870 331
1841880 332
1841890 332
1841900 333
1841910 334
1841920 334
1841930 335
1841940 336
1841950 336
1841960 336
1841970 337
1841980 337
1841990 338
1842000 339
1842010 339
1842020 339
1842030 340
1842040 340
1842050 341
1842060 341
1842070 341
1842080 342
1842090 343
1842100 343
1842110 343
1842120 342
1842130 342
1842140 337
1842150 331
1842160 331
1842170 330
1842180 330
1842190 330
1842200 331
1842210 331
1842220 331
1842230 334
1842240 341
1842250 341
1842260 339
1842270 343
1842280 343
1842290 345
1842300 345
1842310 348
1842320 349
1842330 349
1842340 349
1842350 350
1842360 350
1842370 350
1842380 351
1842390 351
1842400 352
1842410 353
1842420 353
1842430 354
1842440 355
1842450 355
1842460 355
1842470 356
1842480 356
1842490 357
1842500 357
1842510 357
1842520 358
1842530 358
1842540 358
1842550 359
1842560 360
1842570 360
1842580 361
1842590 362
1842600 362
1842610 363
1842620 363
1842630 363
1842640 364
1842650 365
1842660 365
1842670 367
1842680 367
1842690 367
1842700 368
1842710 368
1842720 368
1842730 368
1842740 369
1842750 369
1842760 369
1842770 369
1842780 369
1842790 369
1842800 369
1842810 369
1842820 370
1842830 370
1842840 370
1842850 371
1842860 371
1842870 371
1842880 371
1842890 371
1842900 372
1842910 372
1842920 372
1842930 373
1842940 373
1842950 373
1842960 374
1842970 375
1842980 375
1842990 375
1843000 376
1843010 376
1843020 377
1843030 378
1843040 379
1843050 380
1843060 381
1843070 381
1843080 382
1843090 383
1843100 383
1843110 384
1843120 385
1843130 385
1843140 385
1843150 386
1843160 386
1843170 387
1843180 388
1843190 388
1843200 389
1843210 390
1843220 390
1843230 391
1843240 392
1843250 392
1843260 393
1843270 394
1843280 394
1843290 395
1843300 396
1843310 396
1843320 397
1843330 398
1843340 398
1843350 399
1843360 400
1843370 400
1843380 401
1843390 402
1843400 402
1843410 403
1843420 403
1843430 403
1843440 404
1843450 404
1843460 405
1843470 406
1843480 406
1843490 407
1843500 407
1843510 407
1843520 408
1843530 409
1843540 409
1843550 409
1843560 410
1843570 410
1843580 410
1843590 411
1843600 411
1843610 411
1843620 411
1843630 411
1843640 411
1843650 411
1843660 411
1843670 411
1843680 411
1843690 411
1843700 410
1843710 409
1843720 409
1843730 409
1843740 408
1843750 408
1843760 407
1843770 405
1843780 405
1843790 403
1843800 401
1843810 401
1843820 399
1843830 397
1843840 397
1843850 393
1843860 390
1843870 390
1843880 386
1843890 382
1843900 382
1843910 379
1843920 377
1843930 377
1843940 375
1843950 375
1843960 373
1843970 371
1843980 371
1843990 369
1844000 368
1844010 368
1844020 366
1844030 365
1844040 365
1844050 363
1844060 362
1844070 362
1844080 361
1844090 360
1844100 360
1844110 359
1844120 358
1844130 360
1844140 359
1844150 358
1844160 358
1844170 357
1844180 355
1844190 355
1844200 354
1844210 352
1844220 352
1844230 351
1844240 350
1844250 350
1844260 349
1844270 348
1844280 348
1844290 347
1844300 346
1844310 346
1844320 345
1844330 344
1844340 344
1844350 343
1844360 342
1844370 342
1844380 341
1844390 341
1844400 341
1844410 340
1844420 339
1844430 339
1844440 338
1844450 337
1844460 337
1844470 335
1844480 335
1844490 334
1844500 333
1844510 333
1844520 331
1844530 330
1844540 330
1844550 329
1844560 328
1844570 328
1844580 327
1844590 326
1844600 326
1844610 325
1844620 323
1844630 323
1844640 322
1844650 321
1844660 321
1844670 320
1844680 318
1844690 318
1844700 317
1844710 316
1844720 316
1844730 315
1844740 315
1844750 315
1844760 314
1844770 314
1844780 314
1844790 313
1844800 312
1844810 312
1844820 312
1844830 311
1844840 311
1844850 311
1844860 310
1844870 310
1844880 309
1844890 309
1844900 309
1844910 308
1844920 308
1844930 308
1844940 307
1844950 307
1844960 307
1844970 306
1844980 306
1844990 306
1845000 306
1845010 306
1845020 305
1845030 305
1845040 305
1845050 305
1845060 305
1845070 305
1845080 304
1845090 304
1845100 304
1845110 304
1845120 304
1845130 304
1845140 303
1845150 303
1845160 303
1845170 303
1845180 303
1845190 303
1845200 302
1845210 302
1845220 302
1845230 302
1845240 302
1845250 302
1845260 302
1845270 302
1845280 302
1845290 302
1845300 302
1845310 302
1845320 301
1845330 302
1845340 302
1845350 305
1845360 309
1845370 309
1845380 310
1845390 311
1845400 311
1845410 313
1845420 315
1845430 315
1845440 316
1845450 315
1845460 315
1845470 314
1845480 314
1845490 314
1845500 314
1845510 314
1845520 314
1845530 315
1845540 315
1845550 315
1845560 316
1845570 316
1845580 317
1845590 317
1845600 317
1845610 319
1845620 321
1845630 321
1845640 321
1845650 323
1845660 323
1845670 324
1845680 325
1845690 325
1845700 327
1845710 331
1845720 331
1845730 332
1845740 333
1845750 333
1845760 334
1845770 335
1845780 335
1845790 336
1845800 338
1845810 338
1845820 341
1845830 344
1845840 344
1845850 345
1845860 346
1845870 346
1845880 347
1845890 349
1845900 349
1845910 350
1845920 349
1845930 349
1845940 348
1845950 343
1845960 343
1845970 344
1845980 345
1845990 345
1846000 346
1846010 348
1846020 348
1846030 351
1846040 354
1846050 354
1846060 357
1846070 357
1846080 359
1846090 360
1846100 360
1846110 361
1846120 362
1846130 362
1846140 362
1846150 362
1846160 362
1846170 363
1846180 363
1846190 363
1846200 363
1846210 363
1846220 363
1846230 362
1846240 362
1846250 362
1846260 361
1846270 360
1846280 360
1846290 360
1846300 359
1846310 358
1846320 358
1846330 357
1846340 357
1846350 355
1846360 354
1846370 354
1846380 353
1846390 352
1846400 352
1846410 351
1846420 350
1846430 350
1846440 348
1846450 347
1846460 347
1846470 345
1846480 344
1846490 344
1846500 342
1846510 340
1846520 340
1846530 339
1846540 337
1846550 337
1846560 335
1846570 333
1846580 333
1846590 330
1846600 330
1846610 328
1846620 326
1846630 326
1846640 324
1846650 322
1846660 322
1846670 320
1846680 318
1846690 318
1846700 316
1846710 314
1846720 314
1846730 312
1846740 311
1846750 311
1846760 309
1846770 305
1846780 305
1846790 304
1846800 304
1846810 304
1846820 303
1846830 303
1846840 303
1846850 304
1846860 305
1846870 305
1846880 307
1846890 309
1846900 309
1846910 310
1846920 311
1846930 311
1846940 315
1846950 318
1846960 318
1846970 319
1846980 320
1846990 320
1847000 325
1847010 330
1847020 330
1847030 332
1847040 333
1847050 333
1847060 335
1847070 336
1847080 336
1847090 336
1847100 336
1847110 336
1847120 335
1847130 335
1847140 335
1847150 334
1847160 334
1847170 333
1847180 333
1847190 333
1847200 332
1847210 331
1847220 331
1847230 330
1847240 328
1847250 328
1847260 327
1847270 326
1847280 326
1847290 326
1847300 325
1847310 325
1847320 324
1847330 323
1847340 323
1847350 322
1847360 321
1847370 321
1847380 320
1847390 319
1847400 319
1847410 319
1847420 318
1847430 318
1847440 316
1847450 314
1847460 314
1847470 313
1847480 311
1847490 311
1847500 310
1847510 310
1847520 310
1847530 310
1847540 310
1847550 310
1847560 310
1847570 309
1847580 309
1847590 309
1847600 308
1847610 308
1847620 308
1847630 307
1847640 307
1847650 306
1847660 306
1847670 306
1847680 306
1847690 306
1847700 306
1847710 307
1847720 307
1847730 307
1847740 306
1847750 308
1847760 307
1847770 306
1847780 306
1847790 305
1847800 304
1847810 304
1847820 302
1847830 301
1847840 301
1847850 300
1847860 298
1847870 298
1847880 297
1847890 295
1847900 295
1847910 294
1847920 293
1847930 293
1847940 292
1847950 290
1847960 290
1847970 289
1847980 287
1847990 287
1848000 286
1848010 285
1848020 285
1848030 285
1848040 286
1848050 286
1848060 286
1848070 287
1848080 287
1848090 286
1848100 286
1848110 288
1848120 287
1848130 287
1848140 287
1848150 287
1848160 286
1848170 286
1848180 285
1848190 285
1848200 284
1848210 283
1848220 283
1848230 282
1848240 281
1848250 281
1848260 280
1848270 279
1848280 279
1848290 278
1848300 276
1848310 276
1848320 274
1848330 273
1848340 273
1848350 272
1848360 271
1848370 271
1848380 270
1848390 269
1848400 269
1848410 269
1848420 268
1848430 268
1848440 267
1848450 267
1848460 267
1848470 267
1848480 267
1848490 267
1848500 267
1848510 266
1848520 266
1848530 266
1848540 266
1848550 266
1848560 266
1848570 265
1848580 265
1848590 265
1848600 265
1848610 265
1848620 265
1848630 265
1848640 265
1848650 265
1848660 265
1848670 265
1848680 266
1848690 267
1848700 267
1848710 267
1848720 267
1848730 268
1848740 269
1848750 269
1848760 270
1848770 270
1848780 270
1848790 271
1848800 270
1848810 270
1848820 270
1848830 273
1848840 273
1848850 273
1848860 274
1848870 274
1848880 275
1848890 276
1848900 276
1848910 277
1848920 278
1848930 278
1848940 279
1848950 280
1848960 280
1848970 280
1848980 281
1848990 281
1849000 281
1849010 281
1849020 281
1849030 281
1849040 281
1849050 281
1849060 281
1849070 281
1849080 281
1849090 280
1849100 280
1849110 280
1849120 279
1849130 278
1849140 278
1849150 276
1849160 274
1849170 274
1849180 272
1849190 271
1849200 271
1849210 269
1849220 267
1849230 267
1849240 265
1849250 263
1849260 263
1849270 262
1849280 262
1849290 262
1849300 262
1849310 262
1849320 263
1849330 265
1849340 265
1849350 266
1849360 269
1849370 269
1849380 270
1849390 271
1849400 271
1849410 272
1849420 273
1849430 273
1849440 273
1849450 273
1849460 273
1849470 273
1849480 272
1849490 272
1849500 272
1849510 272
1849520 272
1849530 271
1849540 271
1849550 273
1849560 273
1849570 272
1849580 272
1849590 273
1849600 273
1849610 273
1849620 273
1849630 274
1849640 274
1849650 274
1849660 274
1849670 274
1849680 273
1849690 273
1849700 273
1849710 272
1849720 272
1849730 272
1849740 271
1849750 270
1849760 270
1849770 269
1849780 268
1849790 268
1849800 267
1849810 267
1849820 267
1849830 267
1849840 267
1849850 268
1849860 269
1849870 269
1849880 270
1849890 270
1849900 270
1849910 272
1849920 273
1849930 273
1849940 273
1849950 273
1849960 273
1849970 273
1849980 273
1849990 273
1850000 273
1850010 273
1850020 273
1850030 273
1850040 273
1850050 273
1850060 273
1850070 273
1850080 273
1850090 273
1850100 273
1850110 273
1850120 273
1850130 273
1850140 273
1850150 273
1850160 272
1850170 272
1850180 271
1850190 269
1850200 269
1850210 268
1850220 269
1850230 269
1850240 270
1850250 271
1850260 271
1850270 269
1850280 269
1850290 269
1850300 268
1850310 268
1850320 268
1850330 268
1850340 268
1850350 268
1850360 267
1850370 267
1850380 267
1850390 267
1850400 267
1850410 267
1850420 267
1850430 267
1850440 267
1850450 267
1850460 267
1850470 266
1850480 264
1850490 264
1850500 263
1850510 262
1850520 262
1850530 261
1850540 259
1850550 259
1850560 257
1850570 256
1850580 256
1850590 257
1850600 258
1850610 258
1850620 257
1850630 256
1850640 256
1850650 255
1850660 255
1850670 255
1850680 255
1850690 255
1850700 255
1850710 255
1850720 255
1850730 255
1850740 255
1850750 255
1850760 255
1850770 255
1850780 255
1850790 255
1850800 255
1850810 255
1850820 255
1850830 255
1850840 255
1850850 255
1850860 255
1850870 255
1850880 255
1850890 255
1850900 255
1850910 254
1850920 254
1850930 254
1850940 254
1850950 254
1850960 254
1850970 253
1850980 252
1850990 252
1851000 251
1851010 251
1851020 251
1851030 251
1851040 250
1851050 250
1851060 249
1851070 249
1851080 249
1851090 248
1851100 247
1851110 247
1851120 246
1851130 245
1851140 245
1851150 244
1851160 243
1851170 243
1851180 243
1851190 242
1851200 242
1851210 242
1851220 241
1851230 241
1851240 240
1851250 240
1851260 240
1851270 239
1851280 239
1851290 239
1851300 239
1851310 238
1851320 238
1851330 237
1851340 235
1851350 235
1851360 235
1851370 234
1851380 234
1851390 234
1851400 234
1851410 233
1851420 233
1851430 233
1851440 233
1851450 233
1851460 233
1851470 232
1851480 232
1851490 232
1851500 232
1851510 232
1851520 232
1851530 232
1851540 232
1851550 232
1851560 231
1851570 231
1851580 231
1851590 232
1851600 232
1851610 232
1851620 232
1851630 232
1851640 232
1851650 230
1851660 229
1851670 229
1851680 228
1851690 228
1851700 228
1851710 227
1851720 227
1851730 227
1851740 227
1851750 227
1851760 227
1851770 226
1851780 226
1851790 226
1851800 226
1851810 226
1851820 226
1851830 226
1851840 226
1851850 226
1851860 227
1851870 227
1851880 227
1851890 227
1851900 227
1851910 227
1851920 227
1851930 227
1851940 227
1851950 228
1851960 228
1851970 228
1851980 228
1851990 228
1852000 228
1852010 229
1852020 229
1852030 230
1852040 231
1852050 230
1852060 231
1852070 232
1852080 232
1852090 232
1852100 232
1852110 232
1852120 233
1852130 233
1852140 233
1852150 233
1852160 233
1852170 233
1852180 233
1852190 233
1852200 233
1852210 234
1852220 234
1852230 234
1852240 234
1852250 234
1852260 234
1852270 234
1852280 234
1852290 234
1852300 234
1852310 234
1852320 234
1852330 234
1852340 233
1852350 233
1852360 233
1852370 232
1852380 232
1852390 232
1852400 232
1852410 231
1852420 231
1852430 230
1852440 230
1852450 230
1852460 230
1852470 229
1852480 229
1852490 229
1852500 228
1852510 228
1852520 228
1852530 228
1852540 228
1852550 228
1852560 227
1852570 227
1852580 227
1852590 227
1852600 227
1852610 227
1852620 227
1852630 227
1852640 227
1852650 227
1852660 227
1852670 227
1852680 227
1852690 227
1852700 227
1852710 227
1852720 227
1852730 227
1852740 227
1852750 227
1852760 227
1852770 227
1852780 227
1852790 227
1852800 228
1852810 228
1852820 228
1852830 228
1852840 228
1852850 228
1852860 229
1852870 229
1852880 229
1852890 230
1852900 230
1852910 230
1852920 231
1852930 232
1852940 232
1852950 233
1852960 234
1852970 234
1852980 234
1852990 234
1853000 235
1853010 236
1853020 236
1853030 236
1853040 237
1853050 237
1853060 238
1853070 238
1853080 238
1853090 239
1853100 239
1853110 239
1853120 241
1853130 241
1853140 241
1853150 242
1853160 242
1853170 242
1853180 243
1853190 243
1853200 243
1853210 244
1853220 244
1853230 244
1853240 245
1853250 245
1853260 245
1853270 245
1853280 246
1853290 246
1853300 246
1853310 246
1853320 246
1853330 247
1853340 247
1853350 247
1853360 247
1853370 248
1853380 248
1853390 248
1853400 248
1853410 248
1853420 248
1853430 249
1853440 249
1853450 249
1853460 249
1853470 249
1853480 249
1853490 249
1853500 249
1853510 249
1853520 249
1853530 250
1853540 250
1853550 250
1853560 250
1853570 251
1853580 251
1853590 252
1853600 252
1853610 252
1853620 253
1853630 253
1853640 253
1853650 254
1853660 255
1853670 255
1853680 255
1853690 256
1853700 256
1853710 257
1853720 257
1853730 257
1853740 258
1853750 259
1853760 259
1853770 260
1853780 260
1853790 260
1853800 261
1853810 262
1853820 262
1853830 261
1853840 262
1853850 262
1853860 263
1853870 263
1853880 263
1853890 264
1853900 265
1853910 265
1853920 266
1853930 267
1853940 267
1853950 268
1853960 268
1853970 268
1853980 269
1853990 271
1854000 271
1854010 271
1854020 272
1854030 272
1854040 273
1854050 273
1854060 273
1854070 274
1854080 274
1854090 274
1854100 275
1854110 275
1854120 275
1854130 275
1854140 275
1854150 275
1854160 276
1854170 276
1854180 276
1854190 276
1854200 276
1854210 276
1854220 276
1854230 276
1854240 277
1854250 277
1854260 277
1854270 277
1854280 277
1854290 277
1854300 278
1854310 278
1854320 278
1854330 278
1854340 278
1854350 278
1854360 278
1854370 278
1854380 278
1854390 278
1854400 278
1854410 278
1854420 277
1854430 276
1854440 276
1854450 275
1854460 273
1854470 273
1854480 271
1854490 270
1854500 270
1854510 268
1854520 267
1854530 267
1854540 265
1854550 265
1854560 265
1854570 265
1854580 265
1854590 266
1854600 269
1854610 269
1854620 271
1854630 272
1854640 272
1854650 273
1854660 273
1854670 273
1854680 274
1854690 274
1854700 274
1854710 274
1854720 274
1854730 274
1854740 274
1854750 274
1854760 274
1854770 273
1854780 273
1854790 273
1854800 273
1854810 273
1854820 273
1854830 273
1854840 273
1854850 273
1854860 272
1854870 272
1854880 272
1854890 272
1854900 272
1854910 272
1854920 271
1854930 271
1854940 271
1854950 271
1854960 270
1854970 270
1854980 270
1854990 270
1855000 270
1855010 269
1855020 269
1855030 269
1855040 269
1855050 269
1855060 269
1855070 268
1855080 268
1855090 268
1855100 268
1855110 268
1855120 267
1855130 266
1855140 266
1855150 266
1855160 265
1855170 265
1855180 265
1855190 264
1855200 264
1855210 264
1855220 263
1855230 263
1855240 263
1855250 263
1855260 263
1855270 263
1855280 263
1855290 263
1855300 263
1855310 264
1855320 264
1855330 263
1855340 264
1855350 264
1855360 264
1855370 265
1855380 265
1855390 266
1855400 267
1855410 267
1855420 268
1855430 268
1855440 268
1855450 269
1855460 270
1855470 270
1855480 271
1855490 272
1855500 272
1855510 272
1855520 273
1855530 273
1855540 274
1855550 275
1855560 275
1855570 276
1855580 277
1855590 277
1855600 277
1855610 278
1855620 278
1855630 278
1855640 278
1855650 279
1855660 280
1855670 280
1855680 280
1855690 281
1855700 281
1855710 281
1855720 282
1855730 282
1855740 283
1855750 283
1855760 283
1855770 284
1855780 284
1855790 284
1855800 285
1855810 286
1855820 286
1855830 286
1855840 287
1855850 287
1855860 287
1855870 288
1855880 288
1855890 288
1855900 289
1855910 289
1855920 289
1855930 290
1855940 290
1855950 290
1855960 290
1855970 290
1855980 291
1855990 291
1856000 291
1856010 292
1856020 292
1856030 292
1856040 293
1856050 293
1856060 293
1856070 293
1856080 294
1856090 294
1856100 294
1856110 295
1856120 295
1856130 295
1856140 295
1856150 295
1856160 295
1856170 295
1856180 296
1856190 296
1856200 296
1856210 296
1856220 295
1856230 295
1856240 295
1856250 295
1856260 295
1856270 294
1856280 293
1856290 293
1856300 291
1856310 289
1856320 289
1856330 287
1856340 285
1856350 285
1856360 284
1856370 282
1856380 282
1856390 280
1856400 278
1856410 278
1856420 277
1856430 275
1856440 275
1856450 274
1856460 272
1856470 272
1856480 271
1856490 269
1856500 269
1856510 268
1856520 268
1856530 268
1856540 267
1856550 267
1856560 267
1856570 267
1856580 267
1856590 267
1856600 268
1856610 269
1856620 269
1856630 270
1856640 271
1856650 272
1856660 274
1856670 276
1856680 276
1856690 277
1856700 277
1856710 279
1856720 280
1856730 280
1856740 282
1856750 283
1856760 283
1856770 285
1856780 286
1856790 286
1856800 286
1856810 287
1856820 287
1856830 287
1856840 287
1856850 287
1856860 287
1856870 287
1856880 287
1856890 287
1856900 287
1856910 287
1856920 287
1856930 287
1856940 287
1856950 288
1856960 288
1856970 288
1856980 288
1856990 289
1857000 290
1857010 290
1857020 290
1857030 290
1857040 290
1857050 290
1857060 290
1857070 290
1857080 289
1857090 289
1857100 289
1857110 289
1857120 289
1857130 289
1857140 289
1857150 289
1857160 289
1857170 289
1857180 289
1857190 289
1857200 289
1857210 289
1857220 289
1857230 289
1857240 288
1857250 288
1857260 288
1857270 288
1857280 287
1857290 287
1857300 287
1857310 286
1857320 286
1857330 286
1857340 285
1857350 285
1857360 285
1857370 284
1857380 284
1857390 284
1857400 283
1857410 283
1857420 282
1857430 282
1857440 282
1857450 281
1857460 281
1857470 281
1857480 280
1857490 280
1857500 280
1857510 279
1857520 279
1857530 279
1857540 278
1857550 277
1857560 277
1857570 277
1857580 276
1857590 276
1857600 276
1857610 275
1857620 275
1857630 275
1857640 275
1857650 275
1857660 274
1857670 274
1857680 274
1857690 273
1857700 273
1857710 273
1857720 272
1857730 272
1857740 272
1857750 272
1857760 272
1857770 271
1857780 271
1857790 271
1857800 270
1857810 270
1857820 270
1857830 269
1857840 269
1857850 269
1857860 268
1857870 268
1857880 268
1857890 268
1857900 267
1857910 267
1857920 267
1857930 267
1857940 267
1857950 266
1857960 266
1857970 266
1857980 265
1857990 265
1858000 265
1858010 264
1858020 264
1858030 264
1858040 263
1858050 263
1858060 262
1858070 262
1858080 261
1858090 261
1858100 261
1858110 260
1858120 260
1858130 260
1858140 259
1858150 259
1858160 258
1858170 258
1858180 258
1858190 257
1858200 256
1858210 256
1858220 255
1858230 254
1858240 254
1858250 254
1858260 254
1858270 254
1858280 254
1858290 254
1858300 253
1858310 253
1858320 253
1858330 252
1858340 251
1858350 251
1858360 250
1858370 249
1858380 249
1858390 247
1858400 245
1858410 244
1858420 244
1858430 244
1858440 244
1858450 246
1858460 247
1858470 247
1858480 249
1858490 251
1858500 251
1858510 252
1858520 252
1858530 252
1858540 253
1858550 253
1858560 253
1858570 253
1858580 253
1858590 253
1858600 253
1858610 253
1858620 253
1858630 253
1858640 253
1858650 253
1858660 252
1858670 251
1858680 251
1858690 251
1858700 250
1858710 250
1858720 250
1858730 250
1858740 250
1858750 250
1858760 249
1858770 249
1858780 248
1858790 248
1858800 248
1858810 249
1858820 249
1858830 250
1858840 251
1858850 251
1858860 251
1858870 252
1858880 252
1858890 252
1858900 252
1858910 252
1858920 252
1858930 253
1858940 253
1858950 253
1858960 252
1858970 252
1858980 252
1858990 252
1859000 252
1859010 252
1859020 252
1859030 252
1859040 252
1859050 252
1859060 252
1859070 252
1859080 252
1859090 252
1859100 252
1859110 251
1859120 251
1859130 251
1859140 251
1859150 251
1859160 251
1859170 251
1859180 251
1859190 251
1859200 251
1859210 251
1859220 250
1859230 250
1859240 250
1859250 250
1859260 250
1859270 250
1859280 250
1859290 249
1859300 249
1859310 249
1859320 249
1859330 249
1859340 249
1859350 249
1859360 249
1859370 249
1859380 249
1859390 250
1859400 250
1859410 250
1859420 250
1859430 250
1859440 250
1859450 250
1859460 250
1859470 250
1859480 250
1859490 250
1859500 250
1859510 250
1859520 250
1859530 250
1859540 250
1859550 250
1859560 250
1859570 250
1859580 250
1859590 250
1859600 250
1859610 250
1859620 250
1859630 250
1859640 251
1859650 251
1859660 250
1859670 250
1859680 250
1859690 250
1859700 250
1859710 250
1859720 250
1859730 250
1859740 250
1859750 250
1859760 250
1859770 250
1859780 250
1859790 250
1859800 250
1859810 249
1859820 249
1859830 249
1859840 249
1859850 249
1859860 249
1859870 249
1859880 249
1859890 249
1859900 249
1859910 249
1859920 249
1859930 249
1859940 249
1859950 249
1859960 249
1859970 249
1859980 249
1859990 249
