1840000 252
1840010 252
1840020 252
1840030 252
1840040 252
1840050 253
1840060 253
1840070 253
1840080 253
1840090 253
1840100 253
1840110 254
1840120 254
1840130 254
1840140 254
1840150 254
1840160 255
1840170 255
1840180 255
1840190 256
1840200 256
1840210 256
1840220 256
1840230 257
1840240 257
1840250 257
1840260 257
1840270 257
1840280 258
1840290 258
1840300 258
1840310 259
1840320 259
1840330 259
1840340 259
1840350 259
1840360 259
1840370 259
1840380 259
1840390 259
1840400 260
1840410 260
1840420 260
1840430 260
1840440 260
1840450 260
1840460 261
1840470 261
1840480 261
1840490 261
1840500 261
1840510 261
1840520 261
1840530 262
1840540 262
1840550 262
1840560 262
1840570 262
1840580 262
1840590 263
1840600 263
1840610 264
1840620 264
1840630 264
1840640 265
1840650 265
1840660 266
1840670 266
1840680 266
1840690 266
1840700 266
1840710 266
1840720 266
1840730 267
1840740 267
1840750 267
1840760 267
1840770 267
1840780 268
1840790 268
1840800 268
1840810 269
1840820 269
1840830 269
1840840 270
1840850 271
1840860 271
1840870 272
1840880 273
1840890 273
1840900 275
1840910 276
1840920 276
1840930 278
1840940 279
1840950 279
1840960 280
1840970 281
1840980 281
1840990 283
1841000 283
1841010 283
1841020 284
1841030 285
1841040 285
1841050 286
1841060 286
1841070 286
1841080 290
1841090 293
1841100 293
1841110 294
1841120 296
1841130 296
1841140 297
1841150 298
1841160 298
1841170 299
1841180 299
1841190 299
1841200 300
1841210 300
1841220 300
1841230 300
1841240 300
1841250 300
1841260 300
1841270 300
1841280 300
1841290 300
1841300 300
1841310 301
1841320 301
1841330 301
1841340 302
1841350 302
1841360 302
1841370 302
1841380 302
1841390 302
1841400 302
1841410 302
1841420 302
1841430 301
1841440 301
1841450 301
1841460 303
1841470 303
1841480 303
1841490 303
1841500 303
1841510 303
1841520 304
1841530 305
1841540 305
1841550 305
1841560 306
1841570 306
1841580 307
1841590 308
1841600 308
1841610 309
1841620 310
1841630 310
1841640 310
1841650 311
1841660 311
1841670 311
1841680 312
1841690 312
1841700 313
1841710 315
1841720 315
1841730 316
1841740 316
1841750 318
1841760 320
1841770 320
1841780 322
1841790 324
1841800 324
1841810 326
1841820 327
1841830 327
1841840 329
1841850 330
1841860 330
1841870 331
1841880 332
1841890 332
1841900 333
1841910 334
1841920 334
1841930 335
1841940 336
1841950 336
1841960 336
1841970 337
1841980 337
1841990 338
1842000 339
1842010 339
1842020 340
1842030 340
1842040 340
1842050 341
1842060 342
1842070 342
1842080 342
1842090 343
1842100 343
1842110 344
1842120 343
1842130 343
1842140 338
1842150 333
1842160 333
1842170 331
1842180 331
1842190 335
1842200 337
1842210 340
1842220 340
1842230 344
1842240 347
1842250 347
1842260 344
1842270 344
1842280 345
1842290 348
1842300 348
1842310 350
1842320 350
1842330 350
1842340 351
1842350 351
1842360 351
1842370 352
1842380 353
1842390 353
1842400 354
1842410 354
1842420 354
1842430 355
1842440 356
1842450 356
1842460 357
1842470 357
1842480 357
1842490 358
1842500 359
1842510 359
1842520 359
1842530 360
1842540 360
1842550 360
1842560 362
1842570 362
1842580 363
1842590 364
1842600 364
1842610 364
1842620 365
1842630 365
1842640 366
1842650 367
1842660 367
1842670 367
1842680 368
1842690 368
1842700 368
1842710 369
1842720 369
1842730 369
1842740 370
1842750 370
1842760 370
1842770 370
1842780 370
1842790 370
1842800 370
1842810 371
1842820 371
1842830 371
1842840 371
1842850 372
1842860 372
1842870 372
1842880 373
1842890 373
1842900 373
1842910 374
1842920 375
1842930 375
1842940 376
1842950 376
1842960 376
1842970 377
1842980 377
1842990 378
1843000 378
1843010 378
1843020 379
1843030 380
1843040 380
1843050 381
1843060 382
1843070 382
1843080 383
1843090 383
1843100 383
1843110 384
1843120 385
1843130 385
1843140 386
1843150 387
1843160 387
1843170 388
1843180 389
1843190 389
1843200 390
1843210 391
1843220 391
1843230 392
1843240 392
1843250 392
1843260 393
1843270 394
1843280 394
1843290 396
1843300 396
1843310 396
1843320 397
1843330 397
1843340 398
1843350 399
1843360 399
1843370 400
1843380 401
1843390 401
1843400 402
1843410 403
1843420 403
1843430 404
1843440 404
1843450 404
1843460 405
1843470 406
1843480 406
1843490 407
1843500 407
1843510 407
1843520 408
1843530 409
1843540 409
1843550 409
1843560 410
1843570 410
1843580 410
1843590 410
1843600 410
1843610 411
1843620 411
1843630 411
1843640 411
1843650 411
1843660 411
1843670 411
1843680 410
1843690 410
1843700 410
1843710 409
1843720 409
1843730 409
1843740 408
1843750 408
1843760 407
1843770 405
1843780 405
1843790 403
1843800 401
1843810 401
1843820 399
1843830 396
1843840 396
1843850 393
1843860 393
1843870 390
1843880 387
1843890 387
1843900 383
1843910 380
1843920 380
1843930 378
1843940 376
1843950 376
1843960 375
1843970 373
1843980 373
1843990 371
1844000 369
1844010 369
1844020 371
1844030 370
1844040 370
1844050 368
1844060 367
1844070 367
1844080 366
1844090 365
1844100 365
1844110 363
1844120 362
1844130 362
1844140 360
1844150 359
1844160 359
1844170 358
1844180 356
1844190 356
1844200 355
1844210 354
1844220 354
1844230 352
1844240 351
1844250 351
1844260 350
1844270 349
1844280 349
1844290 347
1844300 347
1844310 347
1844320 345
1844330 344
1844340 344
1844350 343
1844360 342
1844370 342
1844380 341
1844390 341
1844400 340
1844410 339
1844420 339
1844430 338
1844440 337
1844450 337
1844460 336
1844470 335
1844480 335
1844490 333
1844500 332
1844510 332
1844520 331
1844530 330
1844540 330
1844550 328
1844560 327
1844570 327
1844580 326
1844590 325
1844600 325
1844610 324
1844620 323
1844630 323
1844640 322
1844650 320
1844660 320
1844670 319
1844680 318
1844690 318
1844700 317
1844710 316
1844720 316
1844730 315
1844740 314
1844750 314
1844760 313
1844770 313
1844780 313
1844790 312
1844800 312
1844810 312
1844820 311
1844830 311
1844840 311
1844850 310
1844860 309
1844870 309
1844880 309
1844890 308
1844900 308
1844910 307
1844920 307
1844930 307
1844940 306
1844950 306
1844960 306
1844970 306
1844980 306
1844990 305
1845000 305
1845010 305
1845020 305
1845030 305
1845040 305
1845050 305
1845060 304
1845070 304
1845080 304
1845090 304
1845100 304
1845110 304
1845120 303
1845130 303
1845140 303
1845150 303
1845160 303
1845170 303
1845180 303
1845190 303
1845200 302
1845210 302
1845220 302
1845230 302
1845240 302
1845250 302
1845260 302
1845270 301
1845280 301
1845290 301
1845300 301
1845310 301
1845320 301
1845330 301
1845340 301
1845350 303
1845360 305
1845370 305
1845380 307
1845390 308
1845400 308
1845410 310
1845420 311
1845430 311
1845440 312
1845450 312
1845460 313
1845470 310
1845480 310
1845490 310
1845500 311
1845510 311
1845520 311
1845530 311
1845540 311
1845550 312
1845560 313
1845570 313
1845580 314
1845590 315
1845600 315
1845610 317
1845620 319
1845630 319
1845640 320
1845650 320
1845660 320
1845670 321
1845680 323
1845690 323
1845700 324
1845710 325
1845720 325
1845730 327
1845740 327
1845750 327
1845760 328
1845770 330
1845780 330
1845790 331
1845800 333
1845810 333
1845820 336
1845830 335
1845840 335
1845850 337
1845860 340
1845870 340
1845880 342
1845890 343
1845900 343
1845910 344
1845920 344
1845930 344
1845940 341
1845950 339
1845960 339
1845970 339
1845980 339
1845990 341
1846000 344
1846010 344
1846020 347
1846030 350
1846040 350
1846050 353
1846060 356
1846070 356
1846080 357
1846090 358
1846100 358
1846110 359
1846120 360
1846130 360
1846140 360
1846150 361
1846160 361
1846170 361
1846180 361
1846190 361
1846200 358
1846210 358
1846220 358
1846230 358
1846240 357
1846250 357
1846260 357
1846270 356
1846280 356
1846290 356
1846300 357
1846310 357
1846320 357
1846330 355
1846340 355
1846350 353
1846360 352
1846370 352
1846380 351
1846390 351
1846400 351
1846410 350
1846420 349
1846430 349
1846440 348
1846450 346
1846460 346
1846470 345
1846480 343
1846490 343
1846500 342
1846510 342
1846520 340
1846530 338
1846540 338
1846550 337
1846560 335
1846570 335
1846580 332
1846590 329
1846600 329
1846610 327
1846620 325
1846630 325
1846640 323
1846650 321
1846660 321
1846670 319
1846680 317
1846690 317
1846700 315
1846710 313
1846720 313
1846730 312
1846740 310
1846750 310
1846760 307
1846770 305
1846780 305
1846790 304
1846800 303
1846810 303
1846820 302
1846830 303
1846840 303
1846850 304
1846860 305
1846870 305
1846880 308
1846890 310
1846900 310
1846910 311
1846920 315
1846930 315
1846940 319
1846950 320
1846960 320
1846970 321
1846980 324
1846990 324
1847000 329
1847010 330
1847020 330
1847030 332
1847040 332
1847050 334
1847060 335
1847070 335
1847080 335
1847090 335
1847100 335
1847110 335
1847120 334
1847130 334
1847140 334
1847150 333
1847160 333
1847170 333
1847180 332
1847190 332
1847200 332
1847210 331
1847220 331
1847230 329
1847240 328
1847250 328
1847260 327
1847270 326
1847280 326
1847290 326
1847300 325
1847310 325
1847320 324
1847330 323
1847340 323
1847350 322
1847360 321
1847370 321
1847380 320
1847390 319
1847400 319
1847410 319
1847420 319
1847430 319
1847440 317
1847450 315
1847460 315
1847470 314
1847480 312
1847490 312
1847500 312
1847510 312
1847520 312
1847530 312
1847540 312
1847550 312
1847560 312
1847570 312
1847580 311
1847590 311
1847600 311
1847610 310
1847620 310
1847630 310
1847640 311
1847650 311
1847660 311
1847670 311
1847680 311
1847690 311
1847700 311
1847710 311
1847720 311
1847730 311
1847740 310
1847750 310
1847760 309
1847770 308
1847780 308
1847790 307
1847800 306
1847810 306
1847820 304
1847830 303
1847840 303
1847850 301
1847860 300
1847870 300
1847880 298
1847890 297
1847900 297
1847910 296
1847920 295
1847930 295
1847940 293
1847950 292
1847960 292
1847970 290
1847980 288
1847990 288
1848000 289
1848010 289
1848020 289
1848030 289
1848040 289
1848050 289
1848060 290
1848070 290
1848080 290
1848090 290
1848100 290
1848110 290
1848120 289
1848130 289
1848140 289
1848150 289
1848160 289
1848170 288
1848180 287
1848190 287
1848200 286
1848210 284
1848220 284
1848230 283
1848240 282
1848250 282
1848260 280
1848270 279
1848280 279
1848290 278
1848300 276
1848310 276
1848320 275
1848330 274
1848340 274
1848350 272
1848360 272
1848370 272
1848380 271
1848390 271
1848400 271
1848410 270
1848420 270
1848430 270
1848440 269
1848450 269
1848460 269
1848470 268
1848480 268
1848490 268
1848500 267
1848510 267
1848520 267
1848530 267
1848540 266
1848550 266
1848560 266
1848570 266
1848580 266
1848590 265
1848600 265
1848610 265
1848620 265
1848630 266
1848640 266
1848650 266
1848660 266
1848670 267
1848680 268
1848690 268
1848700 269
1848710 270
1848720 273
1848730 274
1848740 275
1848750 275
1848760 275
1848770 276
1848780 276
1848790 276
1848800 275
1848810 275
1848820 275
1848830 275
1848840 275
1848850 276
1848860 276
1848870 276
1848880 277
1848890 278
1848900 278
1848910 279
1848920 280
1848930 280
1848940 281
1848950 282
1848960 282
1848970 282
1848980 282
1848990 282
1849000 283
1849010 283
1849020 283
1849030 283
1849040 283
1849050 283
1849060 282
1849070 282
1849080 284
1849090 283
1849100 282
1849110 282
1849120 281
1849130 279
1849140 279
1849150 277
1849160 275
1849170 275
1849180 273
1849190 273
1849200 271
1849210 269
1849220 269
1849230 267
1849240 265
1849250 265
1849260 263
1849270 262
1849280 262
1849290 262
1849300 263
1849310 263
1849320 264
1849330 266
1849340 266
1849350 268
1849360 270
1849370 270
1849380 271
1849390 273
1849400 273
1849410 273
1849420 274
1849430 274
1849440 276
1849450 276
1849460 276
1849470 276
1849480 276
1849490 276
1849500 276
1849510 276
1849520 276
1849530 276
1849540 276
1849550 276
1849560 276
1849570 276
1849580 276
1849590 275
1849600 275
1849610 275
1849620 275
1849630 275
1849640 275
1849650 275
1849660 275
1849670 275
1849680 275
1849690 274
1849700 274
1849710 274
1849720 274
1849730 273
1849740 272
1849750 272
1849760 271
1849770 270
1849780 270
1849790 269
1849800 269
1849810 269
1849820 270
1849830 270
1849840 270
1849850 271
1849860 271
1849870 271
1849880 272
1849890 273
1849900 273
1849910 273
1849920 273
1849930 273
1849940 274
1849950 274
1849960 274
1849970 274
1849980 274
1849990 274
1850000 274
1850010 274
1850020 274
1850030 274
1850040 274
1850050 274
1850060 274
1850070 274
1850080 274
1850090 274
1850100 273
1850110 273
1850120 273
1850130 274
1850140 274
1850150 272
1850160 271
1850170 271
1850180 269
1850190 268
1850200 268
1850210 268
1850220 268
1850230 268
1850240 268
1850250 268
1850260 268
1850270 268
1850280 268
1850290 268
1850300 268
1850310 268
1850320 268
1850330 268
1850340 268
1850350 268
1850360 267
1850370 267
1850380 267
1850390 267
1850400 267
1850410 267
1850420 267
1850430 267
1850440 267
1850450 266
1850460 266
1850470 265
1850480 263
1850490 263
1850500 262
1850510 260
1850520 260
1850530 259
1850540 258
1850550 258
1850560 257
1850570 256
1850580 256
1850590 255
1850600 253
1850610 253
1850620 253
1850630 254
1850640 254
1850650 254
1850660 254
1850670 254
1850680 254
1850690 254
1850700 254
1850710 254
1850720 254
1850730 254
1850740 254
1850750 254
1850760 254
1850770 254
1850780 254
1850790 254
1850800 253
1850810 253
1850820 253
1850830 253
1850840 253
1850850 253
1850860 253
1850870 252
1850880 252
1850890 252
1850900 252
1850910 252
1850920 252
1850930 252
1850940 252
1850950 251
1850960 251
1850970 251
1850980 251
1850990 251
1851000 250
1851010 250
1851020 250
1851030 249
1851040 249
1851050 249
1851060 248
1851070 247
1851080 247
1851090 247
1851100 245
1851110 245
1851120 244
1851130 243
1851140 243
1851150 243
1851160 242
1851170 242
1851180 241
1851190 241
1851200 241
1851210 240
1851220 239
1851230 238
1851240 237
1851250 237
1851260 237
1851270 236
1851280 236
1851290 236
1851300 236
1851310 236
1851320 235
1851330 235
1851340 235
1851350 234
1851360 233
1851370 233
1851380 233
1851390 233
1851400 233
1851410 232
1851420 232
1851430 232
1851440 232
1851450 231
1851460 231
1851470 231
1851480 231
1851490 231
1851500 231
1851510 230
1851520 230
1851530 231
1851540 230
1851550 230
1851560 230
1851570 230
1851580 227
1851590 227
1851600 227
1851610 227
1851620 227
1851630 228
1851640 228
1851650 228
1851660 228
1851670 228
1851680 228
1851690 227
1851700 227
1851710 227
1851720 227
1851730 227
1851740 227
1851750 226
1851760 226
1851770 226
1851780 226
1851790 226
1851800 226
1851810 226
1851820 226
1851830 226
1851840 226
1851850 226
1851860 226
1851870 226
1851880 226
1851890 226
1851900 226
1851910 226
1851920 226
1851930 226
1851940 226
1851950 227
1851960 227
1851970 227
1851980 227
1851990 227
1852000 228
1852010 228
1852020 228
1852030 229
1852040 230
1852050 230
1852060 231
1852070 231
1852080 231
1852090 232
1852100 232
1852110 232
1852120 232
1852130 232
1852140 232
1852150 233
1852160 233
1852170 233
1852180 233
1852190 233
1852200 233
1852210 233
1852220 233
1852230 233
1852240 234
1852250 234
1852260 234
1852270 234
1852280 234
1852290 234
1852300 233
1852310 233
1852320 233
1852330 233
1852340 232
1852350 232
1852360 232
1852370 232
1852380 232
1852390 231
1852400 231
1852410 231
1852420 230
1852430 230
1852440 230
1852450 229
1852460 229
1852470 229
1852480 228
1852490 228
1852500 228
1852510 228
1852520 228
1852530 227
1852540 227
1852550 227
1852560 227
1852570 227
1852580 227
1852590 227
1852600 227
1852610 227
1852620 226
1852630 226
1852640 226
1852650 226
1852660 226
1852670 226
1852680 226
1852690 226
1852700 226
1852710 226
1852720 226
1852730 226
1852740 227
1852750 227
1852760 227
1852770 227
1852780 227
1852790 227
1852800 228
1852810 228
1852820 228
1852830 228
1852840 229
1852850 229
1852860 229
1852870 229
1852880 229
1852890 230
1852900 230
1852910 231
1852920 232
1852930 232
1852940 233
1852950 234
1852960 234
1852970 234
1852980 235
1852990 235
1853000 236
1853010 237
1853020 237
1853030 238
1853040 238
1853050 238
1853060 239
1853070 239
1853080 239
1853090 240
1853100 241
1853110 241
1853120 241
1853130 242
1853140 242
1853150 243
1853160 243
1853170 243
1853180 244
1853190 244
1853200 244
1853210 245
1853220 245
1853230 245
1853240 245
1853250 246
1853260 246
1853270 246
1853280 246
1853290 246
1853300 247
1853310 247
1853320 247
1853330 247
1853340 247
1853350 247
1853360 247
1853370 247
1853380 247
1853390 247
1853400 247
1853410 247
1853420 247
1853430 247
1853440 248
1853450 248
1853460 248
1853470 248
1853480 248
1853490 248
1853500 248
1853510 248
1853520 248
1853530 249
1853540 249
1853550 249
1853560 250
1853570 250
1853580 250
1853590 251
1853600 252
1853610 252
1853620 252
1853630 253
1853640 253
1853650 254
1853660 254
1853670 254
1853680 255
1853690 256
1853700 256
1853710 256
1853720 256
1853730 256
1853740 257
1853750 258
1853760 258
1853770 258
1853780 259
1853790 259
1853800 259
1853810 260
1853820 260
1853830 261
1853840 261
1853850 261
1853860 262
1853870 263
1853880 263
1853890 263
1853900 264
1853910 264
1853920 265
1853930 266
1853940 266
1853950 268
1853960 268
1853970 268
1853980 268
1853990 268
1854000 270
1854010 271
1854020 271
1854030 272
1854040 272
1854050 272
1854060 273
1854070 274
1854080 274
1854090 274
1854100 274
1854110 274
1854120 275
1854130 275
1854140 275
1854150 275
1854160 275
1854170 275
1854180 275
1854190 276
1854200 276
1854210 276
1854220 276
1854230 276
1854240 276
1854250 277
1854260 277
1854270 277
1854280 277
1854290 277
1854300 278
1854310 278
1854320 278
1854330 278
1854340 278
1854350 278
1854360 278
1854370 278
1854380 278
1854390 278
1854400 278
1854410 278
1854420 277
1854430 276
1854440 276
1854450 275
1854460 273
1854470 273
1854480 271
1854490 271
1854500 269
1854510 267
1854520 267
1854530 266
1854540 265
1854550 265
1854560 264
1854570 264
1854580 264
1854590 265
1854600 268
1854610 268
1854620 270
1854630 271
1854640 271
1854650 273
1854660 273
1854670 273
1854680 273
1854690 273
1854700 273
1854710 274
1854720 274
1854730 274
1854740 274
1854750 273
1854760 273
1854770 273
1854780 273
1854790 273
1854800 273
1854810 273
1854820 273
1854830 273
1854840 273
1854850 273
1854860 272
1854870 272
1854880 272
1854890 272
1854900 272
1854910 272
1854920 271
1854930 271
1854940 271
1854950 271
1854960 270
1854970 270
1854980 270
1854990 270
1855000 270
1855010 269
1855020 269
1855030 269
1855040 269
1855050 269
1855060 268
1855070 268
1855080 268
1855090 268
1855100 267
1855110 267
1855120 267
1855130 266
1855140 266
1855150 266
1855160 265
1855170 265
1855180 264
1855190 264
1855200 264
1855210 264
1855220 263
1855230 263
1855240 263
1855250 263
1855260 263
1855270 263
1855280 263
1855290 263
1855300 263
1855310 263
1855320 263
1855330 263
1855340 264
1855350 264
1855360 264
1855370 265
1855380 265
1855390 266
1855400 267
1855410 267
1855420 267
1855430 268
1855440 268
1855450 269
1855460 270
1855470 270
1855480 270
1855490 271
1855500 271
1855510 272
1855520 273
1855530 273
1855540 274
1855550 274
1855560 274
1855570 275
1855580 275
1855590 276
1855600 277
1855610 277
1855620 277
1855630 278
1855640 278
1855650 279
1855660 279
1855670 279
1855680 280
1855690 281
1855700 281
1855710 281
1855720 282
1855730 282
1855740 282
1855750 283
1855760 283
1855770 284
1855780 284
1855790 284
1855800 285
1855810 285
1855820 285
1855830 286
1855840 286
1855850 286
1855860 287
1855870 288
1855880 288
1855890 288
1855900 288
1855910 288
1855920 289
1855930 289
1855940 289
1855950 290
1855960 290
1855970 290
1855980 291
1855990 291
1856000 291
1856010 292
1856020 292
1856030 292
1856040 292
1856050 293
1856060 293
1856070 293
1856080 293
1856090 294
1856100 294
1856110 294
1856120 294
1856130 295
1856140 295
1856150 295
1856160 295
1856170 295
1856180 296
1856190 296
1856200 296
1856210 296
1856220 295
1856230 295
1856240 295
1856250 294
1856260 294
1856270 294
1856280 293
1856290 293
1856300 291
1856310 290
1856320 290
1856330 288
1856340 286
1856350 286
1856360 284
1856370 282
1856380 282
1856390 280
1856400 279
1856410 279
1856420 277
1856430 276
1856440 276
1856450 274
1856460 273
1856470 273
1856480 271
1856490 270
1856500 270
1856510 269
1856520 268
1856530 268
1856540 269
1856550 269
1856560 269
1856570 270
1856580 270
1856590 270
1856600 271
1856610 271
1856620 272
1856630 273
1856640 273
1856650 274
1856660 276
1856670 276
1856680 277
1856690 279
1856700 279
1856710 280
1856720 282
1856730 282
1856740 284
1856750 285
1856760 285
1856770 286
1856780 287
1856790 287
1856800 287
1856810 288
1856820 288
1856830 288
1856840 288
1856850 288
1856860 288
1856870 288
1856880 288
1856890 290
1856900 290
1856910 290
1856920 290
1856930 291
1856940 291
1856950 291
1856960 291
1856970 291
1856980 291
1856990 291
1857000 291
1857010 291
1857020 291
1857030 291
1857040 291
1857050 290
1857060 290
1857070 290
1857080 290
1857090 290
1857100 290
1857110 290
1857120 290
1857130 290
1857140 290
1857150 290
1857160 290
1857170 290
1857180 290
1857190 289
1857200 289
1857210 289
1857220 289
1857230 289
1857240 289
1857250 288
1857260 288
1857270 288
1857280 287
1857290 287
1857300 287
1857310 286
1857320 286
1857330 286
1857340 285
1857350 285
1857360 285
1857370 284
1857380 284
1857390 284
1857400 283
1857410 283
1857420 282
1857430 282
1857440 282
1857450 281
1857460 280
1857470 280
1857480 280
1857490 279
1857500 279
1857510 279
1857520 278
1857530 278
1857540 278
1857550 277
1857560 277
1857570 277
1857580 276
1857590 276
1857600 276
1857610 275
1857620 275
1857630 274
1857640 274
1857650 274
1857660 274
1857670 274
1857680 273
1857690 273
1857700 273
1857710 272
1857720 272
1857730 272
1857740 272
1857750 271
1857760 271
1857770 271
1857780 270
1857790 270
1857800 270
1857810 269
1857820 269
1857830 269
1857840 269
1857850 269
1857860 268
1857870 268
1857880 268
1857890 267
1857900 267
1857910 267
1857920 267
1857930 266
1857940 266
1857950 265
1857960 265
1857970 265
1857980 265
1857990 264
1858000 264
1858010 264
1858020 263
1858030 263
1858040 263
1858050 262
1858060 262
1858070 262
1858080 261
1858090 261
1858100 260
1858110 260
1858120 260
1858130 259
1858140 258
1858150 258
1858160 257
1858170 257
1858180 257
1858190 256
1858200 256
1858210 256
1858220 255
1858230 255
1858240 253
1858250 252
1858260 252
1858270 252
1858280 252
1858290 252
1858300 251
1858310 250
1858320 250
1858330 250
1858340 248
1858350 248
1858360 247
1858370 246
1858380 246
1858390 244
1858400 243
1858410 243
1858420 243
1858430 244
1858440 244
1858450 246
1858460 247
1858470 247
1858480 249
1858490 250
1858500 250
1858510 251
1858520 252
1858530 252
1858540 253
1858550 253
1858560 253
1858570 253
1858580 253
1858590 253
1858600 253
1858610 253
1858620 253
1858630 252
1858640 252
1858650 252
1858660 251
1858670 250
1858680 250
1858690 249
1858700 249
1858710 249
1858720 248
1858730 248
1858740 248
1858750 248
1858760 248
1858770 248
1858780 248
1858790 248
1858800 248
1858810 249
1858820 249
1858830 249
1858840 250
1858850 250
1858860 251
1858870 251
1858880 251
1858890 252
1858900 252
1858910 252
1858920 252
1858930 252
1858940 252
1858950 252
1858960 252
1858970 252
1858980 252
1858990 252
1859000 251
1859010 251
1859020 251
1859030 251
1859040 251
1859050 251
1859060 251
1859070 251
1859080 251
1859090 251
1859100 251
1859110 251
1859120 251
1859130 251
1859140 251
1859150 251
1859160 251
1859170 251
1859180 251
1859190 250
1859200 250
1859210 250
1859220 250
1859230 250
1859240 250
1859250 250
1859260 250
1859270 250
1859280 249
1859290 249
1859300 249
1859310 249
1859320 249
1859330 249
1859340 249
1859350 248
1859360 248
1859370 249
1859380 249
1859390 249
1859400 249
1859410 249
1859420 249
1859430 249
1859440 249
1859450 250
1859460 250
1859470 250
1859480 250
1859490 250
1859500 250
1859510 250
1859520 250
1859530 250
1859540 250
1859550 250
1859560 250
1859570 250
1859580 250
1859590 250
1859600 250
1859610 250
1859620 250
1859630 250
1859640 250
1859650 250
1859660 250
1859670 250
1859680 250
1859690 249
1859700 249
1859710 249
1859720 249
1859730 249
1859740 249
1859750 249
1859760 249
1859770 249
1859780 249
1859790 249
1859800 249
1859810 249
1859820 249
1859830 249
1859840 249
1859850 249
1859860 249
1859870 249
1859880 249
1859890 249
1859900 249
1859910 249
1859920 249
1859930 249
1859940 249
1859950 249
1859960 249
1859970 249
1859980 249
1859990 249
