1840000 276
1840010 276
1840020 276
1840030 276
1840040 276
1840050 276
1840060 276
1840070 276
1840080 276
1840090 277
1840100 277
1840110 277
1840120 277
1840130 278
1840140 278
1840150 278
1840160 279
1840170 279
1840180 279
1840190 279
1840200 279
1840210 280
1840220 280
1840230 280
1840240 280
1840250 280
1840260 280
1840270 280
1840280 279
1840290 279
1840300 279
1840310 279
1840320 279
1840330 278
1840340 278
1840350 278
1840360 278
1840370 278
1840380 278
1840390 278
1840400 278
1840410 279
1840420 279
1840430 279
1840440 280
1840450 281
1840460 281
1840470 281
1840480 281
1840490 281
1840500 281
1840510 282
1840520 282
1840530 282
1840540 282
1840550 282
1840560 282
1840570 282
1840580 282
1840590 282
1840600 283
1840610 283
1840620 283
1840630 283
1840640 283
1840650 284
1840660 284
1840670 284
1840680 284
1840690 284
1840700 284
1840710 284
1840720 285
1840730 285
1840740 286
1840750 286
1840760 286
1840770 286
1840780 286
1840790 286
1840800 285
1840810 285
1840820 285
1840830 284
1840840 284
1840850 284
1840860 282
1840870 282
1840880 282
1840890 283
1840900 284
1840910 284
1840920 285
1840930 285
1840940 286
1840950 286
1840960 286
1840970 286
1840980 287
1840990 287
1841000 287
1841010 287
1841020 287
1841030 288
1841040 288
1841050 288
1841060 289
1841070 289
1841080 289
1841090 290
1841100 291
1841110 291
1841120 291
1841130 292
1841140 292
1841150 293
1841160 294
1841170 294
1841180 295
1841190 296
1841200 296
1841210 296
1841220 298
1841230 298
1841240 299
1841250 301
1841260 301
1841270 302
1841280 303
1841290 303
1841300 303
1841310 304
1841320 304
1841330 305
1841340 305
1841350 305
1841360 305
1841370 306
1841380 306
1841390 309
1841400 309
1841410 309
1841420 310
1841430 310
1841440 310
1841450 311
1841460 311
1841470 311
1841480 310
1841490 310
1841500 309
1841510 309
1841520 309
1841530 309
1841540 310
1841550 310
1841560 312
1841570 315
1841580 315
1841590 317
1841600 319
1841610 324
1841620 325
1841630 325
1841640 325
1841650 326
1841660 328
1841670 328
1841680 330
1841690 331
1841700 331
1841710 332
1841720 332
1841730 332
1841740 330
1841750 328
1841760 328
1841770 325
1841780 323
1841790 323
1841800 321
1841810 321
1841820 321
1841830 321
1841840 321
1841850 321
1841860 321
1841870 322
1841880 322
1841890 322
1841900 323
1841910 323
1841920 325
1841930 328
1841940 328
1841950 329
1841960 331
1841970 331
1841980 337
1841990 337
1842000 341
1842010 343
1842020 343
1842030 343
1842040 344
1842050 344
1842060 346
1842070 347
1842080 347
1842090 349
1842100 351
1842110 351
1842120 352
1842130 352
1842140 352
1842150 351
1842160 351
1842170 351
1842180 354
1842190 356
1842200 356
1842210 358
1842220 358
1842230 358
1842240 358
1842250 358
1842260 358
1842270 359
1842280 361
1842290 361
1842300 361
1842310 362
1842320 362
1842330 363
1842340 364
1842350 364
1842360 364
1842370 365
1842380 365
1842390 366
1842400 367
1842410 367
1842420 367
1842430 368
1842440 368
1842450 369
1842460 369
1842470 369
1842480 370
1842490 370
1842500 370
1842510 371
1842520 371
1842530 371
1842540 372
1842550 372
1842560 372
1842570 373
1842580 373
1842590 373
1842600 373
1842610 373
1842620 374
1842630 374
1842640 374
1842650 375
1842660 375
1842670 375
1842680 376
1842690 376
1842700 376
1842710 378
1842720 378
1842730 378
1842740 378
1842750 379
1842760 379
1842770 380
1842780 380
1842790 380
1842800 380
1842810 381
1842820 381
1842830 381
1842840 381
1842850 381
1842860 382
1842870 382
1842880 382
1842890 382
1842900 382
1842910 382
1842920 382
1842930 382
1842940 382
1842950 382
1842960 383
1842970 383
1842980 383
1842990 383
1843000 383
1843010 383
1843020 384
1843030 384
1843040 384
1843050 384
1843060 384
1843070 385
1843080 385
1843090 386
1843100 386
1843110 386
1843120 387
1843130 387
1843140 387
1843150 388
1843160 388
1843170 388
1843180 389
1843190 389
1843200 389
1843210 390
1843220 390
1843230 390
1843240 391
1843250 392
1843260 392
1843270 392
1843280 393
1843290 393
1843300 394
1843310 394
1843320 394
1843330 395
1843340 396
1843350 396
1843360 397
1843370 397
1843380 397
1843390 398
1843400 399
1843410 399
1843420 399
1843430 400
1843440 400
1843450 401
1843460 402
1843470 402
1843480 402
1843490 403
1843500 403
1843510 403
1843520 403
1843530 403
1843540 403
1843550 403
1843560 403
1843570 402
1843580 402
1843590 402
1843600 402
1843610 402
1843620 401
1843630 401
1843640 401
1843650 401
1843660 400
1843670 400
1843680 399
1843690 398
1843700 398
1843710 396
1843720 396
1843730 396
1843740 395
1843750 395
1843760 395
1843770 396
1843780 398
1843790 398
1843800 400
1843810 402
1843820 402
1843830 404
1843840 405
1843850 405
1843860 406
1843870 407
1843880 407
1843890 408
1843900 408
1843910 408
1843920 408
1843930 409
1843940 409
1843950 409
1843960 409
1843970 409
1843980 408
1843990 408
1844000 408
1844010 407
1844020 405
1844030 405
1844040 403
1844050 401
1844060 401
1844070 398
1844080 398
1844090 395
1844100 393
1844110 393
1844120 390
1844130 387
1844140 387
1844150 384
1844160 381
1844170 379
1844180 377
1844190 374
1844200 374
1844210 370
1844220 367
1844230 367
1844240 365
1844250 364
1844260 364
1844270 364
1844280 365
1844290 365
1844300 367
1844310 368
1844320 368
1844330 367
1844340 366
1844350 366
1844360 365
1844370 364
1844380 364
1844390 363
1844400 361
1844410 361
1844420 360
1844430 359
1844440 359
1844450 356
1844460 354
1844470 354
1844480 353
1844490 351
1844500 351
1844510 351
1844520 351
1844530 351
1844540 348
1844550 348
1844560 348
1844570 347
1844580 346
1844590 346
1844600 344
1844610 344
1844620 343
1844630 342
1844640 342
1844650 343
1844660 343
1844670 343
1844680 342
1844690 341
1844700 341
1844710 341
1844720 340
1844730 340
1844740 339
1844750 339
1844760 339
1844770 339
1844780 338
1844790 338
1844800 337
1844810 337
1844820 337
1844830 337
1844840 338
1844850 338
1844860 338
1844870 337
1844880 337
1844890 337
1844900 334
1844910 334
1844920 333
1844930 333
1844940 333
1844950 334
1844960 335
1844970 335
1844980 335
1844990 335
1845000 335
1845010 335
1845020 336
1845030 336
1845040 336
1845050 337
1845060 337
1845070 337
1845080 337
1845090 337
1845100 337
1845110 336
1845120 336
1845130 336
1845140 336
1845150 335
1845160 335
1845170 335
1845180 335
1845190 334
1845200 334
1845210 334
1845220 333
1845230 333
1845240 333
1845250 332
1845260 331
1845270 331
1845280 330
1845290 330
1845300 330
1845310 329
1845320 329
1845330 328
1845340 327
1845350 327
1845360 325
1845370 323
1845380 323
1845390 321
1845400 318
1845410 318
1845420 315
1845430 313
1845440 313
1845450 311
1845460 309
1845470 309
1845480 307
1845490 305
1845500 305
1845510 303
1845520 302
1845530 302
1845540 301
1845550 300
1845560 300
1845570 299
1845580 298
1845590 298
1845600 295
1845610 293
1845620 293
1845630 292
1845640 292
1845650 292
1845660 291
1845670 291
1845680 290
1845690 290
1845700 290
1845710 290
1845720 289
1845730 289
1845740 289
1845750 288
1845760 288
1845770 288
1845780 288
1845790 288
1845800 287
1845810 287
1845820 287
1845830 287
1845840 289
1845850 289
1845860 290
1845870 290
1845880 290
1845890 291
1845900 292
1845910 292
1845920 294
1845930 295
1845940 295
1845950 297
1845960 297
1845970 297
1845980 298
1845990 298
1846000 298
1846010 296
1846020 295
1846030 295
1846040 293
1846050 291
1846060 291
1846070 289
1846080 286
1846090 286
1846100 286
1846110 284
1846120 284
1846130 282
1846140 281
1846150 281
1846160 279
1846170 279
1846180 279
1846190 278
1846200 278
1846210 278
1846220 278
1846230 278
1846240 277
1846250 276
1846260 276
1846270 276
1846280 275
1846290 275
1846300 275
1846310 274
1846320 274
1846330 274
1846340 273
1846350 273
1846360 273
1846370 273
1846380 273
1846390 273
1846400 274
1846410 274
1846420 274
1846430 275
1846440 275
1846450 275
1846460 277
1846470 277
1846480 280
1846490 282
1846500 282
1846510 283
1846520 285
1846530 285
1846540 286
1846550 287
1846560 287
1846570 288
1846580 289
1846590 289
1846600 289
1846610 290
1846620 290
1846630 290
1846640 290
1846650 290
1846660 290
1846670 289
1846680 289
1846690 288
1846700 284
1846710 282
1846720 282
1846730 282
1846740 286
1846750 288
1846760 288
1846770 288
1846780 288
1846790 288
1846800 288
1846810 288
1846820 288
1846830 287
1846840 286
1846850 286
1846860 285
1846870 285
1846880 285
1846890 284
1846900 283
1846910 283
1846920 281
1846930 280
1846940 280
1846950 278
1846960 277
1846970 277
1846980 276
1846990 275
1847000 275
1847010 274
1847020 273
1847030 273
1847040 273
1847050 272
1847060 272
1847070 270
1847080 270
1847090 270
1847100 270
1847110 270
1847120 270
1847130 270
1847140 271
1847150 271
1847160 271
1847170 272
1847180 272
1847190 272
1847200 273
1847210 273
1847220 274
1847230 276
1847240 276
1847250 277
1847260 277
1847270 279
1847280 281
1847290 281
1847300 282
1847310 283
1847320 283
1847330 285
1847340 286
1847350 286
1847360 288
1847370 290
1847380 290
1847390 291
1847400 292
1847410 292
1847420 293
1847430 293
1847440 293
1847450 293
1847460 293
1847470 293
1847480 293
1847490 293
1847500 293
1847510 293
1847520 293
1847530 293
1847540 293
1847550 293
1847560 293
1847570 293
1847580 293
1847590 293
1847600 293
1847610 293
1847620 293
1847630 292
1847640 292
1847650 292
1847660 292
1847670 291
1847680 291
1847690 291
1847700 290
1847710 290
1847720 290
1847730 289
1847740 289
1847750 288
1847760 287
1847770 287
1847780 286
1847790 286
1847800 285
1847810 284
1847820 284
1847830 283
1847840 282
1847850 282
1847860 281
1847870 280
1847880 280
1847890 278
1847900 277
1847910 277
1847920 276
1847930 276
1847940 276
1847950 275
1847960 275
1847970 275
1847980 274
1847990 273
1848000 273
1848010 273
1848020 272
1848030 272
1848040 272
1848050 272
1848060 272
1848070 272
1848080 272
1848090 272
1848100 272
1848110 272
1848120 272
1848130 271
1848140 271
1848150 270
1848160 269
1848170 269
1848180 269
1848190 268
1848200 268
1848210 268
1848220 268
1848230 268
1848240 268
1848250 267
1848260 266
1848270 266
1848280 265
1848290 265
1848300 264
1848310 263
1848320 263
1848330 264
1848340 264
1848350 264
1848360 265
1848370 266
1848380 266
1848390 266
1848400 267
1848410 267
1848420 267
1848430 268
1848440 268
1848450 268
1848460 267
1848470 267
1848480 267
1848490 267
1848500 267
1848510 264
1848520 264
1848530 264
1848540 263
1848550 263
1848560 263
1848570 263
1848580 263
1848590 263
1848600 263
1848610 263
1848620 263
1848630 263
1848640 262
1848650 262
1848660 262
1848670 262
1848680 262
1848690 261
1848700 261
1848710 261
1848720 261
1848730 260
1848740 260
1848750 260
1848760 259
1848770 259
1848780 258
1848790 257
1848800 257
1848810 256
1848820 256
1848830 256
1848840 256
1848850 256
1848860 256
1848870 255
1848880 255
1848890 255
1848900 255
1848910 255
1848920 255
1848930 255
1848940 255
1848950 255
1848960 256
1848970 256
1848980 256
1848990 257
1849000 257
1849010 258
1849020 259
1849030 259
1849040 260
1849050 261
1849060 261
1849070 262
1849080 263
1849090 263
1849100 263
1849110 263
1849120 263
1849130 264
1849140 264
1849150 264
1849160 265
1849170 265
1849180 265
1849190 265
1849200 264
1849210 264
1849220 264
1849230 262
1849240 262
1849250 262
1849260 262
1849270 262
1849280 261
1849290 261
1849300 261
1849310 260
1849320 260
1849330 260
1849340 260
1849350 260
1849360 260
1849370 259
1849380 259
1849390 259
1849400 259
1849410 259
1849420 259
1849430 260
1849440 260
1849450 261
1849460 262
1849470 262
1849480 262
1849490 262
1849500 262
1849510 263
1849520 262
1849530 262
1849540 262
1849550 262
1849560 262
1849570 262
1849580 262
1849590 261
1849600 260
1849610 260
1849620 260
1849630 260
1849640 259
1849650 259
1849660 259
1849670 259
1849680 259
1849690 259
1849700 259
1849710 259
1849720 258
1849730 258
1849740 258
1849750 258
1849760 258
1849770 258
1849780 258
1849790 258
1849800 258
1849810 257
1849820 257
1849830 257
1849840 257
1849850 257
1849860 257
1849870 256
1849880 256
1849890 256
1849900 255
1849910 255
1849920 254
1849930 253
1849940 253
1849950 252
1849960 251
1849970 251
1849980 250
1849990 249
1850000 249
1850010 249
1850020 248
1850030 248
1850040 248
1850050 247
1850060 247
1850070 247
1850080 247
1850090 247
1850100 248
1850110 248
1850120 248
1850130 248
1850140 249
1850150 249
1850160 249
1850170 249
1850180 249
1850190 250
1850200 250
1850210 250
1850220 250
1850230 250
1850240 250
1850250 250
1850260 250
1850270 250
1850280 250
1850290 249
1850300 249
1850310 249
1850320 249
1850330 249
1850340 248
1850350 248
1850360 248
1850370 248
1850380 247
1850390 247
1850400 247
1850410 247
1850420 246
1850430 246
1850440 246
1850450 245
1850460 244
1850470 244
1850480 243
1850490 242
1850500 242
1850510 241
1850520 240
1850530 240
1850540 240
1850550 239
1850560 239
1850570 238
1850580 238
1850590 238
1850600 237
1850610 236
1850620 236
1850630 236
1850640 235
1850650 235
1850660 235
1850670 233
1850680 233
1850690 233
1850700 232
1850710 232
1850720 232
1850730 231
1850740 231
1850750 231
1850760 231
1850770 231
1850780 230
1850790 230
1850800 230
1850810 230
1850820 230
1850830 230
1850840 230
1850850 229
1850860 229
1850870 229
1850880 229
1850890 229
1850900 229
1850910 229
1850920 229
1850930 229
1850940 229
1850950 229
1850960 229
1850970 229
1850980 229
1850990 229
1851000 229
1851010 229
1851020 230
1851030 230
1851040 232
1851050 233
1851060 233
1851070 234
1851080 234
1851090 234
1851100 235
1851110 236
1851120 236
1851130 237
1851140 238
1851150 238
1851160 238
1851170 239
1851180 239
1851190 240
1851200 241
1851210 241
1851220 241
1851230 242
1851240 242
1851250 243
1851260 244
1851270 244
1851280 245
1851290 246
1851300 246
1851310 247
1851320 248
1851330 248
1851340 249
1851350 250
1851360 250
1851370 251
1851380 252
1851390 252
1851400 254
1851410 255
1851420 255
1851430 256
1851440 256
1851450 257
1851460 257
1851470 257
1851480 258
1851490 258
1851500 258
1851510 258
1851520 258
1851530 258
1851540 258
1851550 258
1851560 258
1851570 258
1851580 258
1851590 258
1851600 257
1851610 257
1851620 257
1851630 256
1851640 255
1851650 255
1851660 254
1851670 253
1851680 253
1851690 252
1851700 251
1851710 251
1851720 250
1851730 249
1851740 249
1851750 248
1851760 247
1851770 247
1851780 246
1851790 245
1851800 245
1851810 244
1851820 243
1851830 243
1851840 243
1851850 242
1851860 242
1851870 242
1851880 242
1851890 242
1851900 241
1851910 241
1851920 241
1851930 240
1851940 240
1851950 240
1851960 239
1851970 239
1851980 239
1851990 239
1852000 239
1852010 238
1852020 238
1852030 238
1852040 237
1852050 237
1852060 237
1852070 236
1852080 236
1852090 236
1852100 235
1852110 235
1852120 235
1852130 234
1852140 233
1852150 233
1852160 233
1852170 232
1852180 232
1852190 231
1852200 231
1852210 231
1852220 230
1852230 229
1852240 229
1852250 229
1852260 228
1852270 228
1852280 228
1852290 227
1852300 227
1852310 227
1852320 227
1852330 227
1852340 227
1852350 227
1852360 227
1852370 227
1852380 227
1852390 227
1852400 227
1852410 227
1852420 227
1852430 227
1852440 227
1852450 227
1852460 227
1852470 227
1852480 227
1852490 227
1852500 227
1852510 226
1852520 226
1852530 226
1852540 226
1852550 226
1852560 226
1852570 226
1852580 227
1852590 227
1852600 228
1852610 228
1852620 228
1852630 227
1852640 227
1852650 227
1852660 227
1852670 226
1852680 226
1852690 226
1852700 225
1852710 225
1852720 224
1852730 223
1852740 223
1852750 223
1852760 222
1852770 222
1852780 222
1852790 222
1852800 222
1852810 222
1852820 221
1852830 221
1852840 221
1852850 221
1852860 221
1852870 221
1852880 220
1852890 220
1852900 220
1852910 220
1852920 220
1852930 220
1852940 220
1852950 220
1852960 220
1852970 220
1852980 220
1852990 219
1853000 219
1853010 219
1853020 219
1853030 219
1853040 219
1853050 219
1853060 219
1853070 219
1853080 218
1853090 218
1853100 218
1853110 219
1853120 219
1853130 219
1853140 218
1853150 218
1853160 218
1853170 218
1853180 218
1853190 218
1853200 218
1853210 218
1853220 218
1853230 218
1853240 218
1853250 218
1853260 218
1853270 218
1853280 218
1853290 218
1853300 218
1853310 218
1853320 218
1853330 218
1853340 218
1853350 218
1853360 218
1853370 218
1853380 219
1853390 219
1853400 219
1853410 220
1853420 220
1853430 220
1853440 221
1853450 221
1853460 221
1853470 222
1853480 222
1853490 222
1853500 223
1853510 222
1853520 223
1853530 224
1853540 224
1853550 225
1853560 225
1853570 226
1853580 227
1853590 227
1853600 228
1853610 230
1853620 230
1853630 231
1853640 232
1853650 232
1853660 233
1853670 234
1853680 234
1853690 235
1853700 236
1853710 236
1853720 236
1853730 237
1853740 237
1853750 238
1853760 239
1853770 239
1853780 240
1853790 240
1853800 240
1853810 240
1853820 241
1853830 241
1853840 241
1853850 242
1853860 242
1853870 242
1853880 242
1853890 242
1853900 243
1853910 244
1853920 244
1853930 244
1853940 245
1853950 245
1853960 245
1853970 245
1853980 245
1853990 245
1854000 245
1854010 245
1854020 245
1854030 244
1854040 244
1854050 244
1854060 244
1854070 244
1854080 243
1854090 243
1854100 242
1854110 242
1854120 242
1854130 242
1854140 242
1854150 242
1854160 240
1854170 239
1854180 239
1854190 239
1854200 238
1854210 238
1854220 237
1854230 236
1854240 236
1854250 235
1854260 234
1854270 234
1854280 233
1854290 233
1854300 233
1854310 232
1854320 232
1854330 232
1854340 232
1854350 232
1854360 232
1854370 233
1854380 233
1854390 233
1854400 234
1854410 235
1854420 235
1854430 236
1854440 237
1854450 237
1854460 238
1854470 240
1854480 240
1854490 241
1854500 242
1854510 242
1854520 244
1854530 246
1854540 246
1854550 247
1854560 249
1854570 249
1854580 252
1854590 252
1854600 254
1854610 255
1854620 255
1854630 257
1854640 258
1854650 258
1854660 260
1854670 261
1854680 261
1854690 261
1854700 262
1854710 262
1854720 263
1854730 263
1854740 263
1854750 264
1854760 265
1854770 265
1854780 265
1854790 266
1854800 266
1854810 266
1854820 267
1854830 267
1854840 267
1854850 268
1854860 268
1854870 268
1854880 268
1854890 268
1854900 268
1854910 268
1854920 268
1854930 268
1854940 268
1854950 268
1854960 268
1854970 268
1854980 268
1854990 268
1855000 267
1855010 267
1855020 267
1855030 267
1855040 267
1855050 267
1855060 267
1855070 267
1855080 267
1855090 266
1855100 266
1855110 266
1855120 266
1855130 266
1855140 266
1855150 266
1855160 265
1855170 265
1855180 265
1855190 265
1855200 264
1855210 264
1855220 264
1855230 263
1855240 263
1855250 263
1855260 262
1855270 262
1855280 261
1855290 260
1855300 260
1855310 260
1855320 260
1855330 260
1855340 260
1855350 260
1855360 260
1855370 260
1855380 259
1855390 259
1855400 258
1855410 256
1855420 256
1855430 254
1855440 253
1855450 253
1855460 252
1855470 251
1855480 251
1855490 252
1855500 252
1855510 252
1855520 253
1855530 255
1855540 255
1855550 256
1855560 257
1855570 257
1855580 258
1855590 259
1855600 259
1855610 260
1855620 261
1855630 261
1855640 261
1855650 261
1855660 262
1855670 263
1855680 263
1855690 264
1855700 265
1855710 265
1855720 266
1855730 266
1855740 266
1855750 267
1855760 268
1855770 268
1855780 269
1855790 270
1855800 270
1855810 270
1855820 271
1855830 271
1855840 272
1855850 273
1855860 273
1855870 273
1855880 274
1855890 274
1855900 275
1855910 276
1855920 276
1855930 276
1855940 277
1855950 277
1855960 277
1855970 278
1855980 278
1855990 277
1856000 277
1856010 277
1856020 277
1856030 277
1856040 277
1856050 278
1856060 278
1856070 278
1856080 278
1856090 278
1856100 278
1856110 279
1856120 279
1856130 279
1856140 280
1856150 280
1856160 280
1856170 281
1856180 281
1856190 282
1856200 283
1856210 283
1856220 283
1856230 284
1856240 284
1856250 285
1856260 286
1856270 286
1856280 287
1856290 288
1856300 288
1856310 289
1856320 289
1856330 289
1856340 289
1856350 290
1856360 290
1856370 290
1856380 290
1856390 290
1856400 291
1856410 291
1856420 291
1856430 291
1856440 292
1856450 292
1856460 293
1856470 293
1856480 293
1856490 293
1856500 294
1856510 294
1856520 295
1856530 296
1856540 296
1856550 297
1856560 297
1856570 297
1856580 298
1856590 298
1856600 298
1856610 299
1856620 299
1856630 299
1856640 299
1856650 300
1856660 300
1856670 300
1856680 300
1856690 300
1856700 301
1856710 301
1856720 301
1856730 301
1856740 301
1856750 302
1856760 302
1856770 302
1856780 302
1856790 302
1856800 302
1856810 302
1856820 301
1856830 301
1856840 301
1856850 301
1856860 301
1856870 301
1856880 300
1856890 300
1856900 300
1856910 300
1856920 300
1856930 301
1856940 301
1856950 301
1856960 300
1856970 300
1856980 300
1856990 299
1857000 299
1857010 299
1857020 298
1857030 298
1857040 298
1857050 297
1857060 296
1857070 296
1857080 296
1857090 295
1857100 295
1857110 294
1857120 293
1857130 293
1857140 293
1857150 292
1857160 292
1857170 291
1857180 291
1857190 291
1857200 290
1857210 290
1857220 290
1857230 289
1857240 289
1857250 289
1857260 288
1857270 288
1857280 288
1857290 287
1857300 287
1857310 287
1857320 286
1857330 286
1857340 286
1857350 285
1857360 285
1857370 285
1857380 285
1857390 285
1857400 284
1857410 284
1857420 284
1857430 283
1857440 282
1857450 282
1857460 282
1857470 282
1857480 282
1857490 281
1857500 281
1857510 281
1857520 280
1857530 280
1857540 280
1857550 279
1857560 279
1857570 279
1857580 278
1857590 277
1857600 277
1857610 277
1857620 276
1857630 276
1857640 275
1857650 274
1857660 274
1857670 274
1857680 273
1857690 273
1857700 272
1857710 272
1857720 272
1857730 271
1857740 271
1857750 270
1857760 269
1857770 269
1857780 268
1857790 268
1857800 268
1857810 267
1857820 267
1857830 267
1857840 266
1857850 266
1857860 266
1857870 265
1857880 265
1857890 265
1857900 264
1857910 264
1857920 264
1857930 264
1857940 263
1857950 263
1857960 263
1857970 262
1857980 262
1857990 262
1858000 261
1858010 261
1858020 261
1858030 260
1858040 260
1858050 259
1858060 259
1858070 259
1858080 258
1858090 258
1858100 257
1858110 257
1858120 256
1858130 256
1858140 256
1858150 255
1858160 255
1858170 255
1858180 254
1858190 254
1858200 254
1858210 253
1858220 253
1858230 253
1858240 252
1858250 252
1858260 252
1858270 252
1858280 251
1858290 251
1858300 251
1858310 250
1858320 250
1858330 250
1858340 249
1858350 249
1858360 249
1858370 248
1858380 248
1858390 248
1858400 247
1858410 246
1858420 246
1858430 245
1858440 245
1858450 244
1858460 244
1858470 243
1858480 243
1858490 242
1858500 242
1858510 242
1858520 241
1858530 240
1858540 240
1858550 239
1858560 239
1858570 239
1858580 238
1858590 238
1858600 238
1858610 237
1858620 237
1858630 237
1858640 236
1858650 236
1858660 236
1858670 235
1858680 235
1858690 235
1858700 234
1858710 234
1858720 234
1858730 233
1858740 232
1858750 232
1858760 231
1858770 231
1858780 231
1858790 230
1858800 229
1858810 228
1858820 227
1858830 227
1858840 227
1858850 226
1858860 226
1858870 225
1858880 225
1858890 225
1858900 224
1858910 224
1858920 224
1858930 223
1858940 223
1858950 223
1858960 222
1858970 222
1858980 222
1858990 222
1859000 223
1859010 223
1859020 222
1859030 222
1859040 222
1859050 222
1859060 222
1859070 222
1859080 221
1859090 221
1859100 221
1859110 221
1859120 221
1859130 221
1859140 221
1859150 221
1859160 221
1859170 221
1859180 221
1859190 221
1859200 221
1859210 221
1859220 221
1859230 221
1859240 221
1859250 221
1859260 220
1859270 220
1859280 220
1859290 220
1859300 220
1859310 220
1859320 220
1859330 220
1859340 219
1859350 219
1859360 219
1859370 219
1859380 219
1859390 219
1859400 219
1859410 219
1859420 219
1859430 218
1859440 218
1859450 218
1859460 218
1859470 218
1859480 218
1859490 218
1859500 218
1859510 218
1859520 218
1859530 217
1859540 217
1859550 217
1859560 217
1859570 217
1859580 217
1859590 217
1859600 217
1859610 217
1859620 217
1859630 217
1859640 216
1859650 216
1859660 216
1859670 216
1859680 216
1859690 216
1859700 216
1859710 216
1859720 216
1859730 215
1859740 215
1859750 215
1859760 215
1859770 215
1859780 215
1859790 215
1859800 215
1859810 215
1859820 216
1859830 216
1859840 215
1859850 215
1859860 215
1859870 215
1859880 215
1859890 215
1859900 215
1859910 215
1859920 215
1859930 216
1859940 216
1859950 216
1859960 217
1859970 217
1859980 217
1859990 217
