1840000 284
1840010 284
1840020 284
1840030 284
1840040 285
1840050 285
1840060 285
1840070 285
1840080 286
1840090 286
1840100 286
1840110 286
1840120 286
1840130 286
1840140 287
1840150 287
1840160 287
1840170 287
1840180 287
1840190 288
1840200 288
1840210 289
1840220 290
1840230 290
1840240 290
1840250 291
1840260 291
1840270 291
1840280 291
1840290 291
1840300 291
1840310 291
1840320 291
1840330 291
1840340 291
1840350 291
1840360 291
1840370 291
1840380 291
1840390 291
1840400 290
1840410 289
1840420 289
1840430 289
1840440 289
1840450 289
1840460 289
1840470 290
1840480 290
1840490 290
1840500 290
1840510 290
1840520 291
1840530 291
1840540 291
1840550 292
1840560 292
1840570 292
1840580 294
1840590 294
1840600 294
1840610 295
1840620 295
1840630 295
1840640 296
1840650 296
1840660 296
1840670 296
1840680 296
1840690 296
1840700 296
1840710 296
1840720 296
1840730 297
1840740 297
1840750 297
1840760 298
1840770 298
1840780 298
1840790 297
1840800 297
1840810 296
1840820 296
1840830 296
1840840 294
1840850 294
1840860 294
1840870 293
1840880 293
1840890 293
1840900 293
1840910 293
1840920 293
1840930 292
1840940 292
1840950 292
1840960 291
1840970 291
1840980 291
1840990 291
1841000 291
1841010 291
1841020 292
1841030 293
1841040 293
1841050 296
1841060 296
1841070 296
1841080 299
1841090 299
1841100 303
1841110 307
1841120 307
1841130 312
1841140 315
1841150 315
1841160 318
1841170 319
1841180 319
1841190 320
1841200 321
1841210 321
1841220 322
1841230 322
1841240 322
1841250 323
1841260 323
1841270 323
1841280 324
1841290 324
1841300 324
1841310 325
1841320 326
1841330 326
1841340 327
1841350 328
1841360 328
1841370 328
1841380 329
1841390 329
1841400 330
1841410 331
1841420 331
1841430 331
1841440 332
1841450 332
1841460 333
1841470 333
1841480 333
1841490 334
1841500 335
1841510 335
1841520 335
1841530 336
1841540 336
1841550 337
1841560 337
1841570 337
1841580 338
1841590 339
1841600 339
1841610 339
1841620 339
1841630 340
1841640 341
1841650 341
1841660 342
1841670 343
1841680 343
1841690 344
1841700 345
1841710 345
1841720 346
1841730 346
1841740 346
1841750 347
1841760 348
1841770 348
1841780 348
1841790 349
1841800 349
1841810 350
1841820 350
1841830 350
1841840 351
1841850 351
1841860 351
1841870 352
1841880 352
1841890 352
1841900 353
1841910 354
1841920 354
1841930 354
1841940 355
1841950 355
1841960 356
1841970 356
1841980 356
1841990 357
1842000 358
1842010 358
1842020 358
1842030 358
1842040 359
1842050 359
1842060 359
1842070 359
1842080 360
1842090 361
1842100 361
1842110 361
1842120 361
1842130 361
1842140 362
1842150 362
1842160 362
1842170 363
1842180 363
1842190 363
1842200 363
1842210 363
1842220 364
1842230 364
1842240 364
1842250 365
1842260 365
1842270 365
1842280 366
1842290 366
1842300 366
1842310 367
1842320 367
1842330 367
1842340 368
1842350 368
1842360 368
1842370 369
1842380 369
1842390 369
1842400 370
1842410 370
1842420 370
1842430 371
1842440 371
1842450 371
1842460 372
1842470 373
1842480 373
1842490 373
1842500 374
1842510 374
1842520 374
1842530 375
1842540 375
1842550 375
1842560 375
1842570 375
1842580 376
1842590 376
1842600 376
1842610 376
1842620 376
1842630 376
1842640 377
1842650 377
1842660 377
1842670 377
1842680 377
1842690 377
1842700 377
1842710 377
1842720 377
1842730 377
1842740 377
1842750 377
1842760 378
1842770 378
1842780 378
1842790 379
1842800 379
1842810 379
1842820 380
1842830 380
1842840 381
1842850 381
1842860 381
1842870 382
1842880 382
1842890 382
1842900 383
1842910 384
1842920 384
1842930 384
1842940 385
1842950 385
1842960 386
1842970 386
1842980 386
1842990 387
1843000 388
1843010 388
1843020 388
1843030 389
1843040 389
1843050 389
1843060 390
1843070 390
1843080 390
1843090 390
1843100 390
1843110 391
1843120 392
1843130 392
1843140 393
1843150 394
1843160 394
1843170 394
1843180 394
1843190 395
1843200 396
1843210 396
1843220 396
1843230 397
1843240 397
1843250 397
1843260 398
1843270 398
1843280 399
1843290 399
1843300 399
1843310 400
1843320 401
1843330 401
1843340 402
1843350 403
1843360 403
1843370 404
1843380 405
1843390 405
1843400 406
1843410 407
1843420 407
1843430 407
1843440 408
1843450 408
1843460 409
1843470 410
1843480 410
1843490 411
1843500 411
1843510 412
1843520 412
1843530 413
1843540 413
1843550 413
1843560 413
1843570 413
1843580 413
1843590 414
1843600 414
1843610 414
1843620 414
1843630 414
1843640 413
1843650 413
1843660 413
1843670 413
1843680 412
1843690 412
1843700 412
1843710 412
1843720 411
1843730 410
1843740 410
1843750 409
1843760 409
1843770 409
1843780 409
1843790 409
1843800 409
1843810 409
1843820 409
1843830 409
1843840 409
1843850 408
1843860 408
1843870 409
1843880 409
1843890 409
1843900 409
1843910 408
1843920 408
1843930 408
1843940 409
1843950 409
1843960 409
1843970 408
1843980 408
1843990 408
1844000 406
1844010 406
1844020 404
1844030 401
1844040 401
1844050 397
1844060 393
1844070 393
1844080 389
1844090 385
1844100 385
1844110 382
1844120 379
1844130 379
1844140 377
1844150 375
1844160 375
1844170 372
1844180 369
1844190 369
1844200 366
1844210 364
1844220 364
1844230 361
1844240 361
1844250 358
1844260 356
1844270 356
1844280 355
1844290 354
1844300 354
1844310 352
1844320 352
1844330 352
1844340 352
1844350 351
1844360 351
1844370 349
1844380 348
1844390 348
1844400 347
1844410 346
1844420 346
1844430 345
1844440 344
1844450 344
1844460 344
1844470 343
1844480 343
1844490 342
1844500 342
1844510 342
1844520 341
1844530 341
1844540 341
1844550 340
1844560 340
1844570 340
1844580 340
1844590 339
1844600 341
1844610 340
1844620 339
1844630 339
1844640 339
1844650 338
1844660 338
1844670 337
1844680 337
1844690 337
1844700 336
1844710 335
1844720 335
1844730 334
1844740 333
1844750 333
1844760 332
1844770 332
1844780 331
1844790 330
1844800 330
1844810 329
1844820 327
1844830 327
1844840 326
1844850 325
1844860 325
1844870 324
1844880 323
1844890 323
1844900 322
1844910 321
1844920 321
1844930 321
1844940 320
1844950 320
1844960 320
1844970 319
1844980 319
1844990 319
1845000 318
1845010 318
1845020 317
1845030 317
1845040 317
1845050 316
1845060 315
1845070 315
1845080 315
1845090 314
1845100 314
1845110 314
1845120 314
1845130 314
1845140 314
1845150 314
1845160 314
1845170 314
1845180 315
1845190 315
1845200 315
1845210 314
1845220 314
1845230 314
1845240 314
1845250 314
1845260 313
1845270 313
1845280 313
1845290 313
1845300 313
1845310 312
1845320 309
1845330 309
1845340 308
1845350 307
1845360 307
1845370 306
1845380 305
1845390 305
1845400 304
1845410 303
1845420 303
1845430 303
1845440 302
1845450 302
1845460 302
1845470 301
1845480 301
1845490 301
1845500 301
1845510 301
1845520 301
1845530 301
1845540 301
1845550 301
1845560 303
1845570 303
1845580 304
1845590 304
1845600 304
1845610 305
1845620 305
1845630 305
1845640 306
1845650 306
1845660 306
1845670 307
1845680 308
1845690 310
1845700 311
1845710 312
1845720 312
1845730 314
1845740 314
1845750 314
1845760 315
1845770 316
1845780 316
1845790 317
1845800 317
1845810 317
1845820 317
1845830 317
1845840 317
1845850 317
1845860 317
1845870 316
1845880 315
1845890 315
1845900 314
1845910 313
1845920 313
1845930 313
1845940 311
1845950 311
1845960 307
1845970 305
1845980 305
1845990 303
1846000 302
1846010 302
1846020 301
1846030 300
1846040 300
1846050 300
1846060 299
1846070 299
1846080 297
1846090 296
1846100 296
1846110 295
1846120 293
1846130 293
1846140 292
1846150 291
1846160 291
1846170 288
1846180 287
1846190 287
1846200 286
1846210 283
1846220 283
1846230 281
1846240 282
1846250 282
1846260 282
1846270 281
1846280 281
1846290 280
1846300 279
1846310 279
1846320 278
1846330 278
1846340 277
1846350 276
1846360 276
1846370 276
1846380 275
1846390 275
1846400 275
1846410 275
1846420 275
1846430 274
1846440 273
1846450 273
1846460 273
1846470 273
1846480 273
1846490 272
1846500 272
1846510 272
1846520 272
1846530 271
1846540 271
1846550 271
1846560 271
1846570 271
1846580 271
1846590 271
1846600 271
1846610 271
1846620 271
1846630 271
1846640 271
1846650 271
1846660 271
1846670 271
1846680 271
1846690 271
1846700 270
1846710 270
1846720 270
1846730 269
1846740 270
1846750 270
1846760 270
1846770 269
1846780 269
1846790 269
1846800 269
1846810 269
1846820 269
1846830 269
1846840 269
1846850 270
1846860 270
1846870 269
1846880 270
1846890 270
1846900 270
1846910 270
1846920 270
1846930 270
1846940 271
1846950 271
1846960 271
1846970 270
1846980 270
1846990 270
1847000 269
1847010 269
1847020 268
1847030 267
1847040 267
1847050 266
1847060 266
1847070 266
1847080 266
1847090 266
1847100 266
1847110 266
1847120 266
1847130 266
1847140 266
1847150 266
1847160 266
1847170 267
1847180 269
1847190 269
1847200 270
1847210 272
1847220 272
1847230 273
1847240 275
1847250 275
1847260 277
1847270 278
1847280 278
1847290 279
1847300 280
1847310 280
1847320 280
1847330 281
1847340 281
1847350 281
1847360 281
1847370 281
1847380 282
1847390 282
1847400 282
1847410 282
1847420 282
1847430 282
1847440 282
1847450 282
1847460 282
1847470 282
1847480 282
1847490 282
1847500 280
1847510 280
1847520 280
1847530 280
1847540 280
1847550 280
1847560 280
1847570 280
1847580 280
1847590 280
1847600 280
1847610 280
1847620 280
1847630 280
1847640 280
1847650 279
1847660 279
1847670 279
1847680 279
1847690 279
1847700 279
1847710 279
1847720 279
1847730 278
1847740 278
1847750 278
1847760 277
1847770 277
1847780 277
1847790 277
1847800 276
1847810 276
1847820 276
1847830 276
1847840 276
1847850 275
1847860 274
1847870 274
1847880 274
1847890 273
1847900 273
1847910 272
1847920 272
1847930 272
1847940 271
1847950 271
1847960 271
1847970 270
1847980 270
1847990 270
1848000 269
1848010 269
1848020 268
1848030 268
1848040 268
1848050 267
1848060 267
1848070 267
1848080 266
1848090 265
1848100 265
1848110 265
1848120 264
1848130 264
1848140 264
1848150 263
1848160 263
1848170 262
1848180 261
1848190 261
1848200 260
1848210 259
1848220 259
1848230 259
1848240 258
1848250 258
1848260 257
1848270 257
1848280 257
1848290 256
1848300 256
1848310 256
1848320 255
1848330 255
1848340 255
1848350 254
1848360 253
1848370 253
1848380 253
1848390 252
1848400 252
1848410 252
1848420 252
1848430 252
1848440 251
1848450 251
1848460 251
1848470 251
1848480 251
1848490 251
1848500 251
1848510 251
1848520 251
1848530 250
1848540 250
1848550 250
1848560 249
1848570 249
1848580 249
1848590 249
1848600 249
1848610 248
1848620 248
1848630 248
1848640 248
1848650 248
1848660 248
1848670 247
1848680 247
1848690 247
1848700 247
1848710 247
1848720 247
1848730 247
1848740 247
1848750 247
1848760 247
1848770 247
1848780 247
1848790 247
1848800 247
1848810 247
1848820 247
1848830 247
1848840 247
1848850 247
1848860 247
1848870 247
1848880 248
1848890 248
1848900 248
1848910 248
1848920 248
1848930 248
1848940 247
1848950 247
1848960 247
1848970 248
1848980 248
1848990 248
1849000 249
1849010 249
1849020 251
1849030 252
1849040 252
1849050 253
1849060 254
1849070 254
1849080 254
1849090 255
1849100 255
1849110 255
1849120 255
1849130 255
1849140 255
1849150 255
1849160 255
1849170 254
1849180 254
1849190 254
1849200 253
1849210 252
1849220 252
1849230 251
1849240 251
1849250 251
1849260 250
1849270 250
1849280 250
1849290 249
1849300 248
1849310 248
1849320 248
1849330 248
1849340 248
1849350 247
1849360 248
1849370 248
1849380 249
1849390 250
1849400 250
1849410 251
1849420 251
1849430 251
1849440 251
1849450 251
1849460 251
1849470 251
1849480 251
1849490 251
1849500 251
1849510 251
1849520 251
1849530 251
1849540 251
1849550 250
1849560 250
1849570 250
1849580 250
1849590 250
1849600 250
1849610 250
1849620 250
1849630 250
1849640 249
1849650 248
1849660 248
1849670 248
1849680 248
1849690 248
1849700 248
1849710 248
1849720 248
1849730 248
1849740 247
1849750 247
1849760 247
1849770 247
1849780 247
1849790 246
1849800 246
1849810 246
1849820 246
1849830 246
1849840 246
1849850 246
1849860 246
1849870 246
1849880 246
1849890 246
1849900 246
1849910 245
1849920 245
1849930 245
1849940 245
1849950 244
1849960 244
1849970 244
1849980 243
1849990 243
1850000 243
1850010 242
1850020 242
1850030 241
1850040 241
1850050 241
1850060 240
1850070 240
1850080 240
1850090 239
1850100 239
1850110 239
1850120 239
1850130 239
1850140 239
1850150 239
1850160 239
1850170 239
1850180 239
1850190 239
1850200 240
1850210 240
1850220 240
1850230 241
1850240 241
1850250 241
1850260 241
1850270 241
1850280 241
1850290 241
1850300 241
1850310 241
1850320 240
1850330 240
1850340 240
1850350 241
1850360 241
1850370 240
1850380 239
1850390 239
1850400 239
1850410 239
1850420 238
1850430 238
1850440 238
1850450 237
1850460 237
1850470 237
1850480 236
1850490 236
1850500 235
1850510 235
1850520 235
1850530 235
1850540 235
1850550 234
1850560 234
1850570 234
1850580 233
1850590 232
1850600 232
1850610 232
1850620 232
1850630 232
1850640 232
1850650 232
1850660 232
1850670 231
1850680 231
1850690 231
1850700 232
1850710 232
1850720 232
1850730 231
1850740 231
1850750 231
1850760 230
1850770 231
1850780 231
1850790 231
1850800 231
1850810 231
1850820 231
1850830 231
1850840 231
1850850 231
1850860 231
1850870 231
1850880 231
1850890 231
1850900 231
1850910 231
1850920 232
1850930 232
1850940 232
1850950 232
1850960 232
1850970 233
1850980 234
1850990 234
1851000 234
1851010 235
1851020 235
1851030 235
1851040 236
1851050 236
1851060 238
1851070 238
1851080 240
1851090 241
1851100 241
1851110 242
1851120 243
1851130 243
1851140 244
1851150 245
1851160 245
1851170 246
1851180 247
1851190 247
1851200 248
1851210 249
1851220 249
1851230 250
1851240 251
1851250 251
1851260 252
1851270 253
1851280 253
1851290 254
1851300 254
1851310 254
1851320 255
1851330 256
1851340 256
1851350 256
1851360 257
1851370 257
1851380 258
1851390 258
1851400 258
1851410 259
1851420 259
1851430 259
1851440 259
1851450 258
1851460 258
1851470 258
1851480 258
1851490 258
1851500 257
1851510 257
1851520 257
1851530 256
1851540 255
1851550 255
1851560 255
1851570 255
1851580 254
1851590 253
1851600 253
1851610 253
1851620 252
1851630 252
1851640 251
1851650 250
1851660 250
1851670 249
1851680 249
1851690 249
1851700 248
1851710 247
1851720 247
1851730 246
1851740 245
1851750 245
1851760 244
1851770 244
1851780 244
1851790 243
1851800 242
1851810 242
1851820 241
1851830 240
1851840 240
1851850 240
1851860 239
1851870 239
1851880 239
1851890 239
1851900 239
1851910 239
1851920 238
1851930 238
1851940 238
1851950 238
1851960 238
1851970 238
1851980 238
1851990 238
1852000 238
1852010 237
1852020 237
1852030 237
1852040 237
1852050 237
1852060 237
1852070 238
1852080 238
1852090 238
1852100 238
1852110 238
1852120 238
1852130 238
1852140 238
1852150 238
1852160 238
1852170 238
1852180 238
1852190 238
1852200 237
1852210 237
1852220 237
1852230 237
1852240 238
1852250 238
1852260 238
1852270 239
1852280 239
1852290 239
1852300 240
1852310 240
1852320 240
1852330 241
1852340 241
1852350 241
1852360 241
1852370 241
1852380 242
1852390 242
1852400 242
1852410 242
1852420 242
1852430 242
1852440 242
1852450 242
1852460 242
1852470 242
1852480 242
1852490 242
1852500 242
1852510 242
1852520 242
1852530 242
1852540 242
1852550 242
1852560 241
1852570 241
1852580 241
1852590 240
1852600 239
1852610 239
1852620 239
1852630 239
1852640 238
1852650 237
1852660 237
1852670 237
1852680 236
1852690 236
1852700 235
1852710 235
1852720 235
1852730 234
1852740 233
1852750 233
1852760 232
1852770 232
1852780 232
1852790 231
1852800 230
1852810 230
1852820 230
1852830 229
1852840 229
1852850 228
1852860 228
1852870 228
1852880 227
1852890 227
1852900 227
1852910 226
1852920 226
1852930 226
1852940 225
1852950 225
1852960 225
1852970 224
1852980 224
1852990 224
1853000 223
1853010 223
1853020 223
1853030 222
1853040 221
1853050 221
1853060 221
1853070 220
1853080 220
1853090 220
1853100 219
1853110 219
1853120 219
1853130 219
1853140 219
1853150 219
1853160 219
1853170 218
1853180 218
1853190 218
1853200 218
1853210 218
1853220 218
1853230 218
1853240 217
1853250 217
1853260 217
1853270 217
1853280 217
1853290 217
1853300 217
1853310 217
1853320 217
1853330 217
1853340 217
1853350 217
1853360 217
1853370 217
1853380 217
1853390 217
1853400 217
1853410 217
1853420 217
1853430 217
1853440 217
1853450 217
1853460 217
1853470 218
1853480 218
1853490 218
1853500 219
1853510 220
1853520 220
1853530 221
1853540 221
1853550 221
1853560 222
1853570 223
1853580 222
1853590 222
1853600 223
1853610 223
1853620 224
1853630 225
1853640 225
1853650 226
1853660 226
1853670 227
1853680 228
1853690 228
1853700 228
1853710 229
1853720 229
1853730 230
1853740 230
1853750 230
1853760 231
1853770 231
1853780 231
1853790 232
1853800 232
1853810 232
1853820 233
1853830 234
1853840 234
1853850 235
1853860 236
1853870 236
1853880 237
1853890 238
1853900 238
1853910 239
1853920 240
1853930 239
1853940 240
1853950 240
1853960 240
1853970 240
1853980 240
1853990 240
1854000 240
1854010 240
1854020 240
1854030 239
1854040 239
1854050 239
1854060 239
1854070 238
1854080 238
1854090 238
1854100 237
1854110 237
1854120 237
1854130 236
1854140 236
1854150 236
1854160 235
1854170 235
1854180 234
1854190 234
1854200 232
1854210 231
1854220 231
1854230 230
1854240 230
1854250 230
1854260 229
1854270 228
1854280 228
1854290 227
1854300 227
1854310 227
1854320 227
1854330 227
1854340 227
1854350 228
1854360 229
1854370 229
1854380 230
1854390 231
1854400 231
1854410 233
1854420 234
1854430 234
1854440 235
1854450 237
1854460 237
1854470 238
1854480 239
1854490 239
1854500 240
1854510 241
1854520 241
1854530 243
1854540 244
1854550 244
1854560 245
1854570 246
1854580 246
1854590 247
1854600 248
1854610 248
1854620 250
1854630 251
1854640 250
1854650 252
1854660 253
1854670 253
1854680 254
1854690 255
1854700 255
1854710 256
1854720 256
1854730 258
1854740 259
1854750 259
1854760 260
1854770 261
1854780 261
1854790 261
1854800 262
1854810 262
1854820 263
1854830 263
1854840 263
1854850 264
1854860 264
1854870 264
1854880 265
1854890 265
1854900 265
1854910 265
1854920 266
1854930 266
1854940 266
1854950 266
1854960 266
1854970 266
1854980 266
1854990 266
1855000 266
1855010 266
1855020 266
1855030 266
1855040 265
1855050 265
1855060 265
1855070 265
1855080 265
1855090 265
1855100 265
1855110 265
1855120 265
1855130 265
1855140 265
1855150 264
1855160 264
1855170 264
1855180 264
1855190 264
1855200 264
1855210 264
1855220 264
1855230 264
1855240 264
1855250 264
1855260 264
1855270 264
1855280 264
1855290 264
1855300 264
1855310 264
1855320 264
1855330 264
1855340 264
1855350 264
1855360 263
1855370 263
1855380 263
1855390 263
1855400 263
1855410 262
1855420 262
1855430 262
1855440 261
1855450 260
1855460 260
1855470 259
1855480 258
1855490 258
1855500 256
1855510 255
1855520 255
1855530 253
1855540 251
1855550 251
1855560 249
1855570 249
1855580 249
1855590 249
1855600 250
1855610 250
1855620 253
1855630 254
1855640 254
1855650 255
1855660 256
1855670 256
1855680 256
1855690 257
1855700 256
1855710 257
1855720 258
1855730 258
1855740 259
1855750 259
1855760 260
1855770 261
1855780 261
1855790 262
1855800 263
1855810 263
1855820 264
1855830 265
1855840 265
1855850 266
1855860 267
1855870 267
1855880 268
1855890 269
1855900 269
1855910 270
1855920 271
1855930 271
1855940 271
1855950 272
1855960 272
1855970 273
1855980 273
1855990 273
1856000 274
1856010 274
1856020 274
1856030 274
1856040 275
1856050 274
1856060 274
1856070 275
1856080 275
1856090 275
1856100 276
1856110 276
1856120 276
1856130 277
1856140 277
1856150 278
1856160 278
1856170 278
1856180 278
1856190 279
1856200 279
1856210 279
1856220 279
1856230 279
1856240 280
1856250 280
1856260 280
1856270 281
1856280 281
1856290 281
1856300 282
1856310 282
1856320 282
1856330 283
1856340 283
1856350 283
1856360 283
1856370 283
1856380 284
1856390 285
1856400 284
1856410 285
1856420 288
1856430 288
1856440 286
1856450 287
1856460 287
1856470 287
1856480 288
1856490 288
1856500 289
1856510 290
1856520 290
1856530 290
1856540 291
1856550 291
1856560 292
1856570 292
1856580 292
1856590 293
1856600 293
1856610 293
1856620 294
1856630 295
1856640 295
1856650 296
1856660 297
1856670 297
1856680 298
1856690 298
1856700 298
1856710 298
1856720 299
1856730 299
1856740 299
1856750 300
1856760 300
1856770 300
1856780 301
1856790 301
1856800 301
1856810 301
1856820 302
1856830 302
1856840 302
1856850 302
1856860 303
1856870 303
1856880 303
1856890 303
1856900 303
1856910 303
1856920 303
1856930 303
1856940 302
1856950 302
1856960 302
1856970 302
1856980 301
1856990 301
1857000 301
1857010 300
1857020 300
1857030 299
1857040 298
1857050 298
1857060 297
1857070 297
1857080 297
1857090 296
1857100 295
1857110 295
1857120 295
1857130 294
1857140 294
1857150 293
1857160 292
1857170 292
1857180 291
1857190 290
1857200 290
1857210 289
1857220 288
1857230 288
1857240 287
1857250 287
1857260 287
1857270 286
1857280 285
1857290 285
1857300 285
1857310 285
1857320 285
1857330 284
1857340 284
1857350 284
1857360 284
1857370 284
1857380 283
1857390 283
1857400 283
1857410 282
1857420 282
1857430 282
1857440 281
1857450 280
1857460 280
1857470 279
1857480 278
1857490 278
1857500 277
1857510 276
1857520 276
1857530 275
1857540 274
1857550 274
1857560 274
1857570 273
1857580 273
1857590 272
1857600 270
1857610 270
1857620 269
1857630 268
1857640 268
1857650 267
1857660 267
1857670 267
1857680 266
1857690 266
1857700 266
1857710 266
1857720 266
1857730 266
1857740 266
1857750 266
1857760 266
1857770 266
1857780 265
1857790 265
1857800 264
1857810 263
1857820 263
1857830 263
1857840 263
1857850 262
1857860 261
1857870 261
1857880 260
1857890 260
1857900 260
1857910 259
1857920 258
1857930 258
1857940 257
1857950 257
1857960 257
1857970 256
1857980 256
1857990 256
1858000 255
1858010 255
1858020 255
1858030 254
1858040 253
1858050 253
1858060 253
1858070 252
1858080 252
1858090 251
1858100 250
1858110 250
1858120 250
1858130 249
1858140 249
1858150 248
1858160 247
1858170 247
1858180 246
1858190 245
1858200 245
1858210 245
1858220 244
1858230 244
1858240 243
1858250 243
1858260 243
1858270 242
1858280 241
1858290 241
1858300 241
1858310 240
1858320 240
1858330 240
1858340 240
1858350 240
1858360 239
1858370 239
1858380 239
1858390 238
1858400 238
1858410 237
1858420 237
1858430 237
1858440 236
1858450 235
1858460 235
1858470 235
1858480 234
1858490 234
1858500 234
1858510 233
1858520 233
1858530 233
1858540 233
1858550 233
1858560 232
1858570 232
1858580 232
1858590 231
1858600 231
1858610 231
1858620 231
1858630 231
1858640 231
1858650 231
1858660 231
1858670 231
1858680 231
1858690 230
1858700 230
1858710 230
1858720 230
1858730 230
1858740 229
1858750 229
1858760 229
1858770 229
1858780 228
1858790 228
1858800 228
1858810 228
1858820 228
1858830 228
1858840 227
1858850 227
1858860 228
1858870 228
1858880 228
1858890 228
1858900 228
1858910 228
1858920 228
1858930 228
1858940 229
1858950 229
1858960 229
1858970 230
1858980 231
1858990 231
1859000 231
1859010 232
1859020 232
1859030 232
1859040 233
1859050 233
1859060 233
1859070 233
1859080 233
1859090 233
1859100 233
1859110 233
1859120 233
1859130 232
1859140 232
1859150 232
1859160 232
1859170 232
1859180 231
1859190 231
1859200 231
1859210 231
1859220 231
1859230 231
1859240 231
1859250 231
1859260 231
1859270 231
1859280 231
1859290 231
1859300 230
1859310 230
1859320 230
1859330 230
1859340 230
1859350 230
1859360 229
1859370 229
1859380 229
1859390 229
1859400 229
1859410 229
1859420 228
1859430 228
1859440 228
1859450 228
1859460 228
1859470 227
1859480 227
1859490 227
1859500 226
1859510 226
1859520 226
1859530 225
1859540 225
1859550 225
1859560 225
1859570 224
1859580 224
1859590 223
1859600 222
1859610 222
1859620 221
1859630 220
1859640 220
1859650 219
1859660 219
1859670 219
1859680 219
1859690 219
1859700 219
1859710 219
1859720 219
1859730 219
1859740 218
1859750 218
1859760 218
1859770 218
1859780 218
1859790 218
1859800 217
1859810 217
1859820 217
1859830 217
1859840 217
1859850 217
1859860 217
1859870 217
1859880 217
1859890 217
1859900 217
1859910 219
1859920 219
1859930 219
1859940 219
1859950 218
1859960 218
1859970 218
1859980 218
1859990 218
