1840000 259
1840010 259
1840020 259
1840030 259
1840040 259
1840050 259
1840060 259
1840070 259
1840080 259
1840090 259
1840100 260
1840110 260
1840120 260
1840130 260
1840140 260
1840150 260
1840160 260
1840170 260
1840180 260
1840190 261
1840200 261
1840210 261
1840220 261
1840230 261
1840240 261
1840250 262
1840260 262
1840270 262
1840280 262
1840290 262
1840300 262
1840310 262
1840320 262
1840330 263
1840340 263
1840350 263
1840360 263
1840370 264
1840380 264
1840390 264
1840400 265
1840410 265
1840420 265
1840430 265
1840440 265
1840450 265
1840460 266
1840470 266
1840480 266
1840490 266
1840500 266
1840510 266
1840520 267
1840530 267
1840540 267
1840550 267
1840560 267
1840570 267
1840580 267
1840590 267
1840600 268
1840610 268
1840620 268
1840630 269
1840640 269
1840650 269
1840660 269
1840670 270
1840680 270
1840690 270
1840700 270
1840710 270
1840720 270
1840730 270
1840740 270
1840750 271
1840760 271
1840770 271
1840780 271
1840790 271
1840800 272
1840810 272
1840820 272
1840830 273
1840840 274
1840850 274
1840860 274
1840870 274
1840880 274
1840890 275
1840900 276
1840910 276
1840920 277
1840930 278
1840940 278
1840950 279
1840960 279
1840970 279
1840980 279
1840990 280
1841000 280
1841010 281
1841020 282
1841030 282
1841040 282
1841050 283
1841060 283
1841070 284
1841080 285
1841090 285
1841100 285
1841110 286
1841120 286
1841130 287
1841140 288
1841150 288
1841160 289
1841170 290
1841180 290
1841190 292
1841200 293
1841210 293
1841220 294
1841230 295
1841240 295
1841250 296
1841260 297
1841270 297
1841280 298
1841290 298
1841300 298
1841310 299
1841320 299
1841330 300
1841340 300
1841350 301
1841360 301
1841370 302
1841380 302
1841390 302
1841400 303
1841410 303
1841420 304
1841430 304
1841440 304
1841450 305
1841460 307
1841470 307
1841480 308
1841490 309
1841500 309
1841510 310
1841520 311
1841530 311
1841540 312
1841550 313
1841560 313
1841570 314
1841580 315
1841590 315
1841600 316
1841610 317
1841620 317
1841630 318
1841640 318
1841650 318
1841660 319
1841670 320
1841680 320
1841690 321
1841700 322
1841710 322
1841720 323
1841730 324
1841740 324
1841750 325
1841760 326
1841770 326
1841780 327
1841790 328
1841800 328
1841810 329
1841820 330
1841830 330
1841840 330
1841850 330
1841860 331
1841870 332
1841880 332
1841890 333
1841900 334
1841910 334
1841920 334
1841930 335
1841940 335
1841950 336
1841960 337
1841970 337
1841980 337
1841990 338
1842000 338
1842010 339
1842020 339
1842030 339
1842040 340
1842050 340
1842060 340
1842070 341
1842080 341
1842090 341
1842100 341
1842110 341
1842120 341
1842130 342
1842140 343
1842150 343
1842160 343
1842170 344
1842180 344
1842190 344
1842200 345
1842210 345
1842220 345
1842230 346
1842240 346
1842250 347
1842260 347
1842270 347
1842280 348
1842290 349
1842300 349
1842310 349
1842320 350
1842330 350
1842340 350
1842350 351
1842360 351
1842370 351
1842380 351
1842390 352
1842400 352
1842410 352
1842420 353
1842430 353
1842440 353
1842450 353
1842460 353
1842470 353
1842480 353
1842490 354
1842500 354
1842510 354
1842520 354
1842530 354
1842540 354
1842550 354
1842560 354
1842570 354
1842580 354
1842590 354
1842600 354
1842610 354
1842620 354
1842630 353
1842640 353
1842650 353
1842660 353
1842670 354
1842680 354
1842690 355
1842700 357
1842710 357
1842720 358
1842730 359
1842740 359
1842750 360
1842760 361
1842770 361
1842780 362
1842790 363
1842800 363
1842810 364
1842820 365
1842830 365
1842840 365
1842850 366
1842860 366
1842870 367
1842880 367
1842890 367
1842900 368
1842910 368
1842920 368
1842930 368
1842940 368
1842950 369
1842960 369
1842970 369
1842980 370
1842990 370
1843000 370
1843010 371
1843020 372
1843030 372
1843040 372
1843050 373
1843060 373
1843070 374
1843080 374
1843090 374
1843100 375
1843110 376
1843120 376
1843130 376
1843140 377
1843150 377
1843160 378
1843170 379
1843180 378
1843190 378
1843200 379
1843210 379
1843220 380
1843230 380
1843240 380
1843250 380
1843260 380
1843270 380
1843280 380
1843290 380
1843300 380
1843310 380
1843320 379
1843330 379
1843340 379
1843350 379
1843360 379
1843370 380
1843380 381
1843390 381
1843400 383
1843410 385
1843420 385
1843430 386
1843440 386
1843450 388
1843460 389
1843470 389
1843480 391
1843490 392
1843500 392
1843510 394
1843520 395
1843530 395
1843540 396
1843550 397
1843560 397
1843570 399
1843580 400
1843590 400
1843600 401
1843610 402
1843620 402
1843630 403
1843640 403
1843650 403
1843660 404
1843670 405
1843680 405
1843690 406
1843700 406
1843710 406
1843720 407
1843730 407
1843740 407
1843750 407
1843760 407
1843770 407
1843780 407
1843790 406
1843800 406
1843810 407
1843820 405
1843830 405
1843840 404
1843850 404
1843860 404
1843870 404
1843880 402
1843890 402
1843900 399
1843910 397
1843920 397
1843930 393
1843940 389
1843950 389
1843960 386
1843970 386
1843980 384
1843990 382
1844000 382
1844010 381
1844020 379
1844030 379
1844040 376
1844050 374
1844060 374
1844070 373
1844080 371
1844090 371
1844100 369
1844110 367
1844120 367
1844130 365
1844140 363
1844150 363
1844160 360
1844170 358
1844180 358
1844190 356
1844200 355
1844210 355
1844220 353
1844230 353
1844240 353
1844250 351
1844260 351
1844270 351
1844280 352
1844290 352
1844300 352
1844310 353
1844320 352
1844330 352
1844340 352
1844350 352
1844360 352
1844370 352
1844380 352
1844390 352
1844400 352
1844410 352
1844420 352
1844430 352
1844440 352
1844450 352
1844460 352
1844470 352
1844480 352
1844490 352
1844500 352
1844510 351
1844520 350
1844530 350
1844540 349
1844550 348
1844560 348
1844570 347
1844580 346
1844590 346
1844600 345
1844610 344
1844620 344
1844630 343
1844640 343
1844650 343
1844660 342
1844670 341
1844680 341
1844690 340
1844700 340
1844710 340
1844720 339
1844730 338
1844740 338
1844750 337
1844760 336
1844770 336
1844780 335
1844790 334
1844800 334
1844810 333
1844820 333
1844830 333
1844840 332
1844850 331
1844860 331
1844870 330
1844880 330
1844890 330
1844900 329
1844910 328
1844920 328
1844930 328
1844940 327
1844950 327
1844960 327
1844970 326
1844980 326
1844990 325
1845000 324
1845010 324
1845020 323
1845030 323
1845040 322
1845050 323
1845060 323
1845070 325
1845080 325
1845090 325
1845100 324
1845110 323
1845120 323
1845130 322
1845140 322
1845150 322
1845160 321
1845170 320
1845180 320
1845190 320
1845200 319
1845210 319
1845220 318
1845230 317
1845240 317
1845250 317
1845260 316
1845270 316
1845280 315
1845290 315
1845300 315
1845310 314
1845320 312
1845330 312
1845340 311
1845350 310
1845360 310
1845370 311
1845380 310
1845390 310
1845400 309
1845410 308
1845420 308
1845430 307
1845440 306
1845450 306
1845460 305
1845470 304
1845480 304
1845490 303
1845500 301
1845510 301
1845520 298
1845530 298
1845540 298
1845550 297
1845560 297
1845570 295
1845580 294
1845590 294
1845600 293
1845610 293
1845620 293
1845630 292
1845640 291
1845650 291
1845660 291
1845670 292
1845680 292
1845690 292
1845700 291
1845710 291
1845720 292
1845730 291
1845740 291
1845750 292
1845760 292
1845770 292
1845780 293
1845790 294
1845800 294
1845810 295
1845820 295
1845830 295
1845840 295
1845850 295
1845860 295
1845870 295
1845880 295
1845890 295
1845900 296
1845910 296
1845920 296
1845930 296
1845940 297
1845950 297
1845960 297
1845970 298
1845980 298
1845990 301
1846000 302
1846010 302
1846020 302
1846030 302
1846040 302
1846050 301
1846060 300
1846070 300
1846080 300
1846090 299
1846100 299
1846110 298
1846120 298
1846130 298
1846140 298
1846150 298
1846160 298
1846170 297
1846180 297
1846190 296
1846200 296
1846210 296
1846220 295
1846230 296
1846240 296
1846250 296
1846260 296
1846270 296
1846280 296
1846290 297
1846300 297
1846310 298
1846320 299
1846330 299
1846340 299
1846350 300
1846360 300
1846370 301
1846380 303
1846390 303
1846400 304
1846410 305
1846420 305
1846430 306
1846440 307
1846450 307
1846460 308
1846470 309
1846480 309
1846490 310
1846500 311
1846510 311
1846520 311
1846530 311
1846540 311
1846550 311
1846560 311
1846570 311
1846580 311
1846590 311
1846600 311
1846610 311
1846620 311
1846630 311
1846640 310
1846650 310
1846660 310
1846670 309
1846680 309
1846690 308
1846700 306
1846710 306
1846720 306
1846730 306
1846740 306
1846750 306
1846760 304
1846770 304
1846780 302
1846790 301
1846800 301
1846810 299
1846820 298
1846830 298
1846840 297
1846850 296
1846860 296
1846870 295
1846880 292
1846890 292
1846900 291
1846910 289
1846920 289
1846930 287
1846940 287
1846950 287
1846960 287
1846970 287
1846980 287
1846990 288
1847000 289
1847010 289
1847020 290
1847030 293
1847040 293
1847050 297
1847060 301
1847070 301
1847080 304
1847090 306
1847100 306
1847110 309
1847120 313
1847130 313
1847140 315
1847150 315
1847160 316
1847170 317
1847180 317
1847190 317
1847200 318
1847210 318
1847220 318
1847230 318
1847240 318
1847250 318
1847260 318
1847270 318
1847280 318
1847290 318
1847300 318
1847310 318
1847320 317
1847330 317
1847340 317
1847350 316
1847360 316
1847370 315
1847380 315
1847390 315
1847400 314
1847410 314
1847420 314
1847430 314
1847440 313
1847450 313
1847460 313
1847470 313
1847480 313
1847490 313
1847500 314
1847510 314
1847520 314
1847530 315
1847540 314
1847550 315
1847560 315
1847570 315
1847580 316
1847590 316
1847600 316
1847610 316
1847620 316
1847630 316
1847640 315
1847650 315
1847660 315
1847670 315
1847680 315
1847690 315
1847700 315
1847710 315
1847720 315
1847730 315
1847740 315
1847750 315
1847760 314
1847770 314
1847780 314
1847790 314
1847800 314
1847810 314
1847820 313
1847830 313
1847840 313
1847850 313
1847860 313
1847870 312
1847880 312
1847890 312
1847900 310
1847910 310
1847920 310
1847930 310
1847940 309
1847950 309
1847960 309
1847970 308
1847980 308
1847990 308
1848000 307
1848010 307
1848020 307
1848030 306
1848040 306
1848050 306
1848060 306
1848070 306
1848080 305
1848090 305
1848100 305
1848110 304
1848120 304
1848130 304
1848140 303
1848150 303
1848160 303
1848170 302
1848180 301
1848190 301
1848200 301
1848210 301
1848220 300
1848230 300
1848240 300
1848250 299
1848260 298
1848270 298
1848280 298
1848290 298
1848300 298
1848310 298
1848320 298
1848330 298
1848340 298
1848350 298
1848360 298
1848370 297
1848380 297
1848390 297
1848400 297
1848410 297
1848420 297
1848430 297
1848440 297
1848450 297
1848460 297
1848470 297
1848480 297
1848490 297
1848500 297
1848510 297
1848520 297
1848530 297
1848540 297
1848550 297
1848560 297
1848570 297
1848580 296
1848590 296
1848600 296
1848610 296
1848620 296
1848630 296
1848640 296
1848650 295
1848660 295
1848670 295
1848680 295
1848690 295
1848700 295
1848710 294
1848720 294
1848730 294
1848740 294
1848750 294
1848760 294
1848770 294
1848780 293
1848790 293
1848800 293
1848810 293
1848820 292
1848830 292
1848840 292
1848850 292
1848860 292
1848870 292
1848880 291
1848890 291
1848900 291
1848910 291
1848920 291
1848930 290
1848940 290
1848950 290
1848960 290
1848970 290
1848980 289
1848990 289
1849000 289
1849010 289
1849020 289
1849030 289
1849040 289
1849050 288
1849060 288
1849070 288
1849080 288
1849090 288
1849100 288
1849110 288
1849120 288
1849130 288
1849140 288
1849150 287
1849160 287
1849170 287
1849180 287
1849190 287
1849200 287
1849210 287
1849220 287
1849230 286
1849240 286
1849250 286
1849260 286
1849270 286
1849280 286
1849290 286
1849300 286
1849310 285
1849320 285
1849330 285
1849340 285
1849350 284
1849360 284
1849370 284
1849380 284
1849390 284
1849400 284
1849410 283
1849420 283
1849430 283
1849440 283
1849450 283
1849460 282
1849470 282
1849480 282
1849490 282
1849500 282
1849510 282
1849520 281
1849530 281
1849540 281
1849550 281
1849560 280
1849570 280
1849580 280
1849590 280
1849600 280
1849610 279
1849620 278
1849630 278
1849640 278
1849650 277
1849660 277
1849670 277
1849680 276
1849690 276
1849700 276
1849710 275
1849720 275
1849730 275
1849740 275
1849750 275
1849760 275
1849770 275
1849780 275
1849790 274
1849800 274
1849810 274
1849820 273
1849830 273
1849840 273
1849850 273
1849860 273
1849870 272
1849880 272
1849890 272
1849900 271
1849910 271
1849920 271
1849930 270
1849940 270
1849950 270
1849960 269
1849970 269
1849980 269
1849990 268
1850000 268
1850010 268
1850020 267
1850030 267
1850040 267
1850050 266
1850060 265
1850070 265
1850080 265
1850090 265
1850100 265
1850110 264
1850120 264
1850130 264
1850140 263
1850150 263
1850160 263
1850170 263
1850180 262
1850190 262
1850200 262
1850210 261
1850220 261
1850230 261
1850240 260
1850250 260
1850260 260
1850270 259
1850280 259
1850290 259
1850300 259
1850310 259
1850320 258
1850330 258
1850340 258
1850350 257
1850360 257
1850370 256
1850380 255
1850390 255
1850400 254
1850410 254
1850420 254
1850430 252
1850440 250
1850450 250
1850460 249
1850470 249
1850480 249
1850490 248
1850500 247
1850510 247
1850520 246
1850530 245
1850540 245
1850550 243
1850560 241
1850570 241
1850580 240
1850590 239
1850600 239
1850610 240
1850620 240
1850630 240
1850640 240
1850650 240
1850660 240
1850670 239
1850680 238
1850690 238
1850700 239
1850710 240
1850720 240
1850730 239
1850740 238
1850750 238
1850760 239
1850770 238
1850780 238
1850790 238
1850800 237
1850810 237
1850820 237
1850830 237
1850840 237
1850850 236
1850860 236
1850870 236
1850880 236
1850890 236
1850900 236
1850910 236
1850920 236
1850930 236
1850940 234
1850950 234
1850960 234
1850970 233
1850980 233
1850990 232
1851000 231
1851010 231
1851020 230
1851030 230
1851040 230
1851050 228
1851060 228
1851070 228
1851080 228
1851090 228
1851100 228
1851110 228
1851120 228
1851130 228
1851140 227
1851150 227
1851160 227
1851170 227
1851180 227
1851190 227
1851200 227
1851210 227
1851220 227
1851230 227
1851240 227
1851250 227
1851260 227
1851270 227
1851280 227
1851290 227
1851300 227
1851310 227
1851320 226
1851330 227
1851340 227
1851350 227
1851360 228
1851370 228
1851380 229
1851390 229
1851400 232
1851410 233
1851420 233
1851430 234
1851440 234
1851450 234
1851460 234
1851470 235
1851480 236
1851490 237
1851500 239
1851510 239
1851520 240
1851530 241
1851540 241
1851550 242
1851560 243
1851570 243
1851580 244
1851590 245
1851600 245
1851610 245
1851620 245
1851630 245
1851640 245
1851650 244
1851660 244
1851670 243
1851680 241
1851690 241
1851700 240
1851710 238
1851720 238
1851730 236
1851740 234
1851750 234
1851760 233
1851770 231
1851780 231
1851790 230
1851800 230
1851810 230
1851820 230
1851830 229
1851840 229
1851850 229
1851860 227
1851870 227
1851880 226
1851890 226
1851900 226
1851910 226
1851920 226
1851930 225
1851940 225
1851950 225
1851960 224
1851970 224
1851980 224
1851990 223
1852000 223
1852010 223
1852020 223
1852030 223
1852040 223
1852050 223
1852060 223
1852070 223
1852080 223
1852090 223
1852100 223
1852110 223
1852120 223
1852130 223
1852140 223
1852150 223
1852160 223
1852170 223
1852180 223
1852190 223
1852200 223
1852210 223
1852220 223
1852230 223
1852240 223
1852250 223
1852260 223
1852270 223
1852280 223
1852290 223
1852300 223
1852310 223
1852320 223
1852330 223
1852340 223
1852350 223
1852360 223
1852370 223
1852380 223
1852390 223
1852400 223
1852410 223
1852420 223
1852430 223
1852440 222
1852450 222
1852460 222
1852470 222
1852480 222
1852490 222
1852500 222
1852510 222
1852520 222
1852530 222
1852540 222
1852550 222
1852560 222
1852570 222
1852580 222
1852590 222
1852600 222
1852610 222
1852620 222
1852630 222
1852640 223
1852650 223
1852660 223
1852670 223
1852680 224
1852690 224
1852700 224
1852710 225
1852720 225
1852730 225
1852740 225
1852750 225
1852760 225
1852770 225
1852780 225
1852790 226
1852800 226
1852810 226
1852820 227
1852830 227
1852840 227
1852850 228
1852860 229
1852870 229
1852880 229
1852890 230
1852900 230
1852910 229
1852920 229
1852930 229
1852940 229
1852950 229
1852960 229
1852970 229
1852980 229
1852990 229
1853000 228
1853010 228
1853020 228
1853030 227
1853040 227
1853050 227
1853060 227
1853070 227
1853080 226
1853090 226
1853100 226
1853110 226
1853120 226
1853130 226
1853140 226
1853150 226
1853160 226
1853170 226
1853180 226
1853190 226
1853200 226
1853210 226
1853220 226
1853230 227
1853240 227
1853250 227
1853260 227
1853270 227
1853280 227
1853290 227
1853300 227
1853310 227
1853320 228
1853330 228
1853340 228
1853350 229
1853360 230
1853370 230
1853380 231
1853390 232
1853400 232
1853410 234
1853420 235
1853430 235
1853440 236
1853450 238
1853460 238
1853470 239
1853480 239
1853490 241
1853500 242
1853510 242
1853520 244
1853530 245
1853540 245
1853550 246
1853560 248
1853570 248
1853580 249
1853590 250
1853600 250
1853610 251
1853620 253
1853630 253
1853640 254
1853650 255
1853660 255
1853670 256
1853680 257
1853690 257
1853700 258
1853710 259
1853720 259
1853730 260
1853740 262
1853750 262
1853760 262
1853770 263
1853780 263
1853790 264
1853800 264
1853810 264
1853820 264
1853830 265
1853840 265
1853850 265
1853860 265
1853870 265
1853880 265
1853890 265
1853900 265
1853910 265
1853920 264
1853930 264
1853940 263
1853950 263
1853960 263
1853970 261
1853980 260
1853990 260
1854000 259
1854010 259
1854020 258
1854030 258
1854040 258
1854050 257
1854060 257
1854070 257
1854080 256
1854090 255
1854100 255
1854110 254
1854120 253
1854130 253
1854140 253
1854150 252
1854160 252
1854170 252
1854180 251
1854190 251
1854200 251
1854210 250
1854220 250
1854230 249
1854240 249
1854250 249
1854260 249
1854270 249
1854280 249
1854290 248
1854300 248
1854310 248
1854320 246
1854330 245
1854340 245
1854350 245
1854360 244
1854370 244
1854380 243
1854390 243
1854400 243
1854410 243
1854420 243
1854430 243
1854440 245
1854450 246
1854460 246
1854470 247
1854480 249
1854490 249
1854500 250
1854510 252
1854520 252
1854530 254
1854540 254
1854550 255
1854560 257
1854570 257
1854580 258
1854590 260
1854600 260
1854610 262
1854620 263
1854630 263
1854640 264
1854650 265
1854660 265
1854670 266
1854680 267
1854690 267
1854700 267
1854710 268
1854720 268
1854730 268
1854740 268
1854750 268
1854760 269
1854770 269
1854780 269
1854790 269
1854800 269
1854810 269
1854820 269
1854830 269
1854840 269
1854850 269
1854860 269
1854870 269
1854880 269
1854890 269
1854900 269
1854910 268
1854920 268
1854930 268
1854940 268
1854950 268
1854960 268
1854970 267
1854980 267
1854990 267
1855000 267
1855010 266
1855020 266
1855030 266
1855040 265
1855050 265
1855060 265
1855070 265
1855080 264
1855090 264
1855100 264
1855110 263
1855120 262
1855130 262
1855140 262
1855150 261
1855160 261
1855170 260
1855180 260
1855190 260
1855200 259
1855210 258
1855220 258
1855230 258
1855240 257
1855250 257
1855260 257
1855270 256
1855280 256
1855290 256
1855300 256
1855310 256
1855320 257
1855330 257
1855340 257
1855350 258
1855360 259
1855370 259
1855380 259
1855390 260
1855400 260
1855410 261
1855420 262
1855430 262
1855440 263
1855450 264
1855460 264
1855470 265
1855480 265
1855490 265
1855500 266
1855510 267
1855520 267
1855530 267
1855540 268
1855550 268
1855560 269
1855570 269
1855580 269
1855590 269
1855600 269
1855610 270
1855620 270
1855630 270
1855640 270
1855650 270
1855660 270
1855670 270
1855680 270
1855690 270
1855700 270
1855710 271
1855720 271
1855730 271
1855740 272
1855750 272
1855760 273
1855770 273
1855780 273
1855790 274
1855800 275
1855810 275
1855820 276
1855830 277
1855840 277
1855850 278
1855860 278
1855870 278
1855880 279
1855890 280
1855900 280
1855910 280
1855920 282
1855930 282
1855940 282
1855950 283
1855960 283
1855970 284
1855980 284
1855990 284
1856000 285
1856010 286
1856020 286
1856030 286
1856040 287
1856050 287
1856060 288
1856070 288
1856080 288
1856090 289
1856100 289
1856110 289
1856120 290
1856130 290
1856140 290
1856150 291
1856160 291
1856170 291
1856180 292
1856190 292
1856200 292
1856210 292
1856220 292
1856230 292
1856240 294
1856250 294
1856260 295
1856270 296
1856280 296
1856290 296
1856300 297
1856310 297
1856320 298
1856330 298
1856340 298
1856350 299
1856360 299
1856370 299
1856380 300
1856390 300
1856400 300
1856410 301
1856420 301
1856430 301
1856440 301
1856450 302
1856460 302
1856470 302
1856480 302
1856490 302
1856500 303
1856510 303
1856520 303
1856530 304
1856540 304
1856550 304
1856560 304
1856570 305
1856580 305
1856590 305
1856600 305
1856610 305
1856620 305
1856630 306
1856640 306
1856650 306
1856660 306
1856670 306
1856680 306
1856690 306
1856700 306
1856710 306
1856720 306
1856730 306
1856740 306
1856750 306
1856760 306
1856770 306
1856780 306
1856790 305
1856800 305
1856810 305
1856820 305
1856830 305
1856840 305
1856850 305
1856860 305
1856870 305
1856880 304
1856890 304
1856900 304
1856910 304
1856920 303
1856930 303
1856940 303
1856950 303
1856960 303
1856970 302
1856980 301
1856990 301
1857000 301
1857010 300
1857020 300
1857030 299
1857040 299
1857050 299
1857060 298
1857070 297
1857080 297
1857090 296
1857100 295
1857110 295
1857120 294
1857130 293
1857140 293
1857150 292
1857160 292
1857170 291
1857180 290
1857190 290
1857200 289
1857210 288
1857220 288
1857230 287
1857240 286
1857250 286
1857260 285
1857270 284
1857280 284
1857290 282
1857300 280
1857310 280
1857320 280
1857330 280
1857340 280
1857350 279
1857360 278
1857370 278
1857380 277
1857390 276
1857400 276
1857410 275
1857420 274
1857430 274
1857440 272
1857450 271
1857460 271
1857470 271
1857480 270
1857490 271
1857500 270
1857510 270
1857520 270
1857530 269
1857540 269
1857550 269
1857560 268
1857570 268
1857580 268
1857590 267
1857600 266
1857610 266
1857620 265
1857630 264
1857640 264
1857650 263
1857660 262
1857670 262
1857680 261
1857690 261
1857700 261
1857710 260
1857720 260
1857730 259
1857740 258
1857750 258
1857760 257
1857770 256
1857780 256
1857790 255
1857800 253
1857810 253
1857820 252
1857830 251
1857840 251
1857850 249
1857860 249
1857870 249
1857880 248
1857890 248
1857900 248
1857910 248
1857920 247
1857930 247
1857940 247
1857950 247
1857960 247
1857970 247
1857980 247
1857990 247
1858000 247
1858010 247
1858020 247
1858030 247
1858040 247
1858050 247
1858060 247
1858070 246
1858080 246
1858090 246
1858100 247
1858110 247
1858120 246
1858130 246
1858140 246
1858150 246
1858160 246
1858170 246
1858180 246
1858190 246
1858200 246
1858210 246
1858220 246
1858230 246
1858240 246
1858250 246
1858260 246
1858270 246
1858280 246
1858290 246
1858300 245
1858310 245
1858320 245
1858330 245
1858340 245
1858350 244
1858360 244
1858370 244
1858380 243
1858390 243
1858400 243
1858410 242
1858420 242
1858430 242
1858440 241
1858450 240
1858460 240
1858470 239
1858480 239
1858490 239
1858500 238
1858510 237
1858520 237
1858530 236
1858540 236
1858550 236
1858560 235
1858570 234
1858580 234
1858590 234
1858600 233
1858610 233
1858620 232
1858630 231
1858640 231
1858650 230
1858660 229
1858670 229
1858680 229
1858690 228
1858700 228
1858710 228
1858720 228
1858730 228
1858740 228
1858750 228
1858760 229
1858770 229
1858780 229
1858790 230
1858800 231
1858810 231
1858820 231
1858830 232
1858840 232
1858850 233
1858860 235
1858870 235
1858880 236
1858890 237
1858900 236
1858910 237
1858920 237
1858930 237
1858940 236
1858950 235
1858960 235
1858970 234
1858980 234
1858990 234
1859000 233
1859010 232
1859020 232
1859030 231
1859040 232
1859050 232
1859060 233
1859070 235
1859080 235
1859090 236
1859100 238
1859110 238
1859120 238
1859130 239
1859140 239
1859150 240
1859160 240
1859170 240
1859180 240
1859190 240
1859200 240
1859210 240
1859220 240
1859230 240
1859240 240
1859250 239
1859260 239
1859270 238
1859280 238
1859290 237
1859300 237
1859310 237
1859320 235
1859330 234
1859340 234
1859350 233
1859360 232
1859370 232
1859380 231
1859390 232
1859400 232
1859410 233
1859420 234
1859430 234
1859440 236
1859450 237
1859460 237
1859470 238
1859480 240
1859490 240
1859500 241
1859510 241
1859520 241
1859530 242
1859540 242
1859550 242
1859560 243
1859570 243
1859580 243
1859590 243
1859600 242
1859610 242
1859620 242
1859630 242
1859640 242
1859650 242
1859660 241
1859670 241
1859680 240
1859690 239
1859700 239
1859710 239
1859720 238
1859730 238
1859740 237
1859750 236
1859760 236
1859770 236
1859780 236
1859790 236
1859800 236
1859810 236
1859820 237
1859830 237
1859840 237
1859850 238
1859860 239
1859870 239
1859880 240
1859890 240
1859900 240
1859910 241
1859920 241
1859930 241
1859940 241
1859950 242
1859960 242
1859970 242
1859980 242
1859990 242
