1840000 280
1840010 280
1840020 280
1840030 280
1840040 280
1840050 281
1840060 281
1840070 281
1840080 281
1840090 282
1840100 282
1840110 282
1840120 282
1840130 282
1840140 282
1840150 282
1840160 282
1840170 283
1840180 284
1840190 284
1840200 284
1840210 284
1840220 284
1840230 285
1840240 285
1840250 285
1840260 285
1840270 285
1840280 285
1840290 285
1840300 286
1840310 286
1840320 286
1840330 286
1840340 286
1840350 286
1840360 286
1840370 286
1840380 286
1840390 285
1840400 285
1840410 285
1840420 285
1840430 285
1840440 285
1840450 285
1840460 285
1840470 286
1840480 286
1840490 287
1840500 287
1840510 287
1840520 288
1840530 288
1840540 288
1840550 289
1840560 289
1840570 289
1840580 289
1840590 289
1840600 289
1840610 290
1840620 290
1840630 290
1840640 290
1840650 290
1840660 290
1840670 291
1840680 291
1840690 291
1840700 291
1840710 291
1840720 291
1840730 292
1840740 293
1840750 293
1840760 294
1840770 295
1840780 295
1840790 295
1840800 294
1840810 294
1840820 292
1840830 290
1840840 290
1840850 289
1840860 289
1840870 289
1840880 288
1840890 288
1840900 288
1840910 288
1840920 288
1840930 288
1840940 288
1840950 288
1840960 288
1840970 288
1840980 288
1840990 288
1841000 289
1841010 289
1841020 290
1841030 291
1841040 291
1841050 293
1841060 296
1841070 296
1841080 300
1841090 305
1841100 305
1841110 308
1841120 310
1841130 310
1841140 312
1841150 313
1841160 313
1841170 314
1841180 315
1841190 315
1841200 315
1841210 315
1841220 315
1841230 316
1841240 316
1841250 316
1841260 317
1841270 317
1841280 318
1841290 319
1841300 319
1841310 319
1841320 320
1841330 320
1841340 320
1841350 321
1841360 322
1841370 322
1841380 322
1841390 324
1841400 324
1841410 325
1841420 326
1841430 326
1841440 326
1841450 327
1841460 327
1841470 327
1841480 327
1841490 327
1841500 328
1841510 328
1841520 329
1841530 331
1841540 331
1841550 331
1841560 332
1841570 332
1841580 333
1841590 333
1841600 333
1841610 333
1841620 334
1841630 334
1841640 335
1841650 337
1841660 337
1841670 338
1841680 339
1841690 339
1841700 340
1841710 341
1841720 341
1841730 342
1841740 343
1841750 343
1841760 344
1841770 345
1841780 345
1841790 345
1841800 346
1841810 346
1841820 347
1841830 347
1841840 347
1841850 348
1841860 348
1841870 348
1841880 349
1841890 349
1841900 349
1841910 350
1841920 351
1841930 351
1841940 351
1841950 352
1841960 352
1841970 353
1841980 353
1841990 353
1842000 354
1842010 354
1842020 355
1842030 356
1842040 356
1842050 357
1842060 358
1842070 358
1842080 358
1842090 359
1842100 359
1842110 359
1842120 360
1842130 360
1842140 361
1842150 361
1842160 361
1842170 362
1842180 362
1842190 362
1842200 363
1842210 363
1842220 363
1842230 364
1842240 364
1842250 364
1842260 365
1842270 365
1842280 365
1842290 366
1842300 366
1842310 366
1842320 367
1842330 367
1842340 367
1842350 368
1842360 368
1842370 368
1842380 369
1842390 370
1842400 370
1842410 370
1842420 371
1842430 371
1842440 371
1842450 372
1842460 372
1842470 372
1842480 373
1842490 373
1842500 373
1842510 373
1842520 374
1842530 374
1842540 374
1842550 375
1842560 375
1842570 375
1842580 376
1842590 376
1842600 376
1842610 377
1842620 377
1842630 377
1842640 377
1842650 378
1842660 378
1842670 378
1842680 379
1842690 379
1842700 379
1842710 379
1842720 379
1842730 379
1842740 380
1842750 380
1842760 380
1842770 380
1842780 380
1842790 380
1842800 380
1842810 380
1842820 381
1842830 381
1842840 381
1842850 381
1842860 382
1842870 382
1842880 382
1842890 383
1842900 383
1842910 383
1842920 383
1842930 383
1842940 384
1842950 384
1842960 384
1842970 385
1842980 385
1842990 385
1843000 386
1843010 386
1843020 386
1843030 386
1843040 386
1843050 387
1843060 387
1843070 387
1843080 388
1843090 388
1843100 388
1843110 389
1843120 390
1843130 390
1843140 390
1843150 391
1843160 391
1843170 392
1843180 392
1843190 392
1843200 393
1843210 394
1843220 394
1843230 394
1843240 395
1843250 395
1843260 396
1843270 396
1843280 396
1843290 397
1843300 398
1843310 398
1843320 398
1843330 399
1843340 399
1843350 400
1843360 401
1843370 401
1843380 402
1843390 403
1843400 403
1843410 404
1843420 404
1843430 404
1843440 406
1843450 407
1843460 407
1843470 407
1843480 408
1843490 408
1843500 409
1843510 409
1843520 409
1843530 410
1843540 410
1843550 410
1843560 410
1843570 410
1843580 410
1843590 410
1843600 410
1843610 410
1843620 410
1843630 410
1843640 410
1843650 409
1843660 409
1843670 409
1843680 408
1843690 408
1843700 408
1843710 407
1843720 407
1843730 407
1843740 405
1843750 405
1843760 404
1843770 403
1843780 403
1843790 402
1843800 402
1843810 402
1843820 402
1843830 402
1843840 404
1843850 404
1843860 405
1843870 405
1843880 405
1843890 406
1843900 406
1843910 407
1843920 407
1843930 407
1843940 407
1843950 407
1843960 407
1843970 406
1843980 406
1843990 406
1844000 405
1844010 403
1844020 403
1844030 400
1844040 398
1844050 398
1844060 394
1844070 391
1844080 391
1844090 388
1844100 388
1844110 385
1844120 382
1844130 382
1844140 380
1844150 377
1844160 377
1844170 374
1844180 371
1844190 371
1844200 369
1844210 367
1844220 367
1844230 365
1844240 362
1844250 362
1844260 360
1844270 358
1844280 358
1844290 355
1844300 353
1844310 353
1844320 351
1844330 349
1844340 349
1844350 348
1844360 348
1844370 348
1844380 347
1844390 347
1844400 347
1844410 346
1844420 345
1844430 345
1844440 344
1844450 342
1844460 342
1844470 341
1844480 339
1844490 339
1844500 338
1844510 338
1844520 338
1844530 337
1844540 337
1844550 337
1844560 336
1844570 334
1844580 334
1844590 333
1844600 332
1844610 332
1844620 332
1844630 332
1844640 331
1844650 331
1844660 331
1844670 331
1844680 331
1844690 331
1844700 330
1844710 330
1844720 330
1844730 330
1844740 329
1844750 329
1844760 328
1844770 328
1844780 328
1844790 327
1844800 326
1844810 326
1844820 325
1844830 324
1844840 324
1844850 324
1844860 323
1844870 323
1844880 323
1844890 322
1844900 322
1844910 322
1844920 321
1844930 321
1844940 320
1844950 320
1844960 320
1844970 319
1844980 319
1844990 319
1845000 319
1845010 319
1845020 319
1845030 319
1845040 319
1845050 319
1845060 320
1845070 321
1845080 321
1845090 321
1845100 322
1845110 322
1845120 323
1845130 323
1845140 323
1845150 323
1845160 323
1845170 323
1845180 323
1845190 323
1845200 323
1845210 323
1845220 323
1845230 322
1845240 322
1845250 322
1845260 322
1845270 321
1845280 321
1845290 320
1845300 318
1845310 318
1845320 317
1845330 316
1845340 316
1845350 315
1845360 313
1845370 313
1845380 311
1845390 310
1845400 310
1845410 308
1845420 306
1845430 306
1845440 305
1845450 303
1845460 303
1845470 302
1845480 300
1845490 300
1845500 299
1845510 298
1845520 298
1845530 298
1845540 297
1845550 297
1845560 297
1845570 297
1845580 297
1845590 297
1845600 297
1845610 297
1845620 296
1845630 296
1845640 296
1845650 296
1845660 299
1845670 299
1845680 300
1845690 300
1845700 301
1845710 302
1845720 302
1845730 303
1845740 304
1845750 304
1845760 305
1845770 305
1845780 305
1845790 306
1845800 306
1845810 306
1845820 307
1845830 309
1845840 309
1845850 310
1845860 311
1845870 311
1845880 310
1845890 310
1845900 310
1845910 309
1845920 309
1845930 309
1845940 308
1845950 306
1845960 306
1845970 305
1845980 303
1845990 303
1846000 301
1846010 300
1846020 300
1846030 298
1846040 297
1846050 297
1846060 295
1846070 294
1846080 294
1846090 293
1846100 292
1846110 292
1846120 290
1846130 289
1846140 289
1846150 289
1846160 287
1846170 287
1846180 284
1846190 284
1846200 283
1846210 282
1846220 282
1846230 280
1846240 278
1846250 278
1846260 277
1846270 277
1846280 277
1846290 277
1846300 276
1846310 276
1846320 276
1846330 275
1846340 275
1846350 275
1846360 274
1846370 274
1846380 274
1846390 273
1846400 273
1846410 273
1846420 272
1846430 272
1846440 272
1846450 272
1846460 272
1846470 272
1846480 272
1846490 272
1846500 272
1846510 272
1846520 272
1846530 273
1846540 274
1846550 274
1846560 274
1846570 275
1846580 275
1846590 275
1846600 276
1846610 276
1846620 276
1846630 276
1846640 276
1846650 276
1846660 277
1846670 277
1846680 277
1846690 277
1846700 277
1846710 278
1846720 278
1846730 278
1846740 278
1846750 277
1846760 278
1846770 278
1846780 278
1846790 278
1846800 279
1846810 279
1846820 279
1846830 279
1846840 279
1846850 279
1846860 279
1846870 279
1846880 278
1846890 278
1846900 278
1846910 277
1846920 277
1846930 277
1846940 276
1846950 276
1846960 276
1846970 275
1846980 274
1846990 274
1847000 272
1847010 271
1847020 271
1847030 270
1847040 269
1847050 269
1847060 268
1847070 268
1847080 268
1847090 268
1847100 267
1847110 267
1847120 267
1847130 267
1847140 267
1847150 267
1847160 268
1847170 268
1847180 270
1847190 272
1847200 272
1847210 274
1847220 276
1847230 276
1847240 278
1847250 278
1847260 280
1847270 282
1847280 282
1847290 283
1847300 284
1847310 284
1847320 285
1847330 286
1847340 286
1847350 286
1847360 287
1847370 287
1847380 287
1847390 288
1847400 288
1847410 288
1847420 288
1847430 288
1847440 288
1847450 288
1847460 288
1847470 287
1847480 287
1847490 287
1847500 287
1847510 287
1847520 287
1847530 286
1847540 286
1847550 286
1847560 286
1847570 286
1847580 286
1847590 286
1847600 286
1847610 286
1847620 285
1847630 285
1847640 285
1847650 285
1847660 285
1847670 285
1847680 284
1847690 284
1847700 284
1847710 284
1847720 283
1847730 283
1847740 283
1847750 282
1847760 282
1847770 282
1847780 282
1847790 281
1847800 281
1847810 281
1847820 280
1847830 279
1847840 279
1847850 278
1847860 278
1847870 278
1847880 277
1847890 276
1847900 276
1847910 276
1847920 275
1847930 275
1847940 274
1847950 274
1847960 274
1847970 273
1847980 272
1847990 272
1848000 272
1848010 271
1848020 271
1848030 270
1848040 269
1848050 269
1848060 268
1848070 267
1848080 267
1848090 266
1848100 265
1848110 265
1848120 264
1848130 264
1848140 264
1848150 263
1848160 263
1848170 263
1848180 262
1848190 261
1848200 261
1848210 261
1848220 260
1848230 260
1848240 260
1848250 259
1848260 259
1848270 259
1848280 259
1848290 259
1848300 258
1848310 258
1848320 258
1848330 257
1848340 257
1848350 257
1848360 257
1848370 257
1848380 256
1848390 256
1848400 256
1848410 256
1848420 256
1848430 256
1848440 256
1848450 256
1848460 256
1848470 256
1848480 255
1848490 255
1848500 255
1848510 255
1848520 255
1848530 255
1848540 255
1848550 254
1848560 254
1848570 254
1848580 254
1848590 253
1848600 253
1848610 253
1848620 253
1848630 253
1848640 253
1848650 253
1848660 253
1848670 253
1848680 253
1848690 252
1848700 252
1848710 252
1848720 251
1848730 251
1848740 250
1848750 249
1848760 249
1848770 249
1848780 249
1848790 249
1848800 249
1848810 249
1848820 249
1848830 249
1848840 249
1848850 249
1848860 249
1848870 249
1848880 249
1848890 249
1848900 249
1848910 249
1848920 249
1848930 249
1848940 250
1848950 251
1848960 251
1848970 252
1848980 253
1848990 253
1849000 255
1849010 256
1849020 256
1849030 257
1849040 258
1849050 258
1849060 259
1849070 260
1849080 260
1849090 260
1849100 260
1849110 260
1849120 261
1849130 260
1849140 260
1849150 260
1849160 259
1849170 259
1849180 259
1849190 258
1849200 258
1849210 257
1849220 256
1849230 256
1849240 256
1849250 256
1849260 256
1849270 254
1849280 254
1849290 254
1849300 254
1849310 253
1849320 253
1849330 253
1849340 253
1849350 252
1849360 252
1849370 252
1849380 252
1849390 253
1849400 253
1849410 254
1849420 255
1849430 255
1849440 256
1849450 256
1849460 256
1849470 257
1849480 257
1849490 257
1849500 257
1849510 256
1849520 256
1849530 256
1849540 256
1849550 256
1849560 256
1849570 256
1849580 256
1849590 256
1849600 255
1849610 255
1849620 255
1849630 254
1849640 254
1849650 253
1849660 253
1849670 253
1849680 253
1849690 253
1849700 253
1849710 253
1849720 253
1849730 253
1849740 252
1849750 252
1849760 252
1849770 252
1849780 252
1849790 252
1849800 252
1849810 252
1849820 252
1849830 252
1849840 252
1849850 252
1849860 251
1849870 251
1849880 251
1849890 251
1849900 251
1849910 250
1849920 249
1849930 249
1849940 249
1849950 248
1849960 248
1849970 247
1849980 246
1849990 246
1850000 245
1850010 245
1850020 245
1850030 244
1850040 244
1850050 244
1850060 243
1850070 243
1850080 243
1850090 242
1850100 242
1850110 242
1850120 242
1850130 242
1850140 242
1850150 243
1850160 243
1850170 243
1850180 244
1850190 245
1850200 245
1850210 245
1850220 246
1850230 246
1850240 246
1850250 247
1850260 247
1850270 247
1850280 247
1850290 247
1850300 247
1850310 246
1850320 246
1850330 246
1850340 245
1850350 245
1850360 244
1850370 244
1850380 244
1850390 243
1850400 243
1850410 243
1850420 242
1850430 242
1850440 242
1850450 241
1850460 241
1850470 240
1850480 240
1850490 240
1850500 239
1850510 239
1850520 239
1850530 238
1850540 238
1850550 238
1850560 237
1850570 237
1850580 237
1850590 236
1850600 236
1850610 236
1850620 235
1850630 234
1850640 234
1850650 234
1850660 233
1850670 233
1850680 232
1850690 232
1850700 232
1850710 231
1850720 231
1850730 231
1850740 231
1850750 230
1850760 230
1850770 230
1850780 230
1850790 230
1850800 230
1850810 230
1850820 230
1850830 230
1850840 230
1850850 230
1850860 230
1850870 230
1850880 230
1850890 230
1850900 230
1850910 230
1850920 231
1850930 231
1850940 231
1850950 231
1850960 231
1850970 232
1850980 232
1850990 232
1851000 232
1851010 234
1851020 234
1851030 234
1851040 234
1851050 234
1851060 235
1851070 236
1851080 236
1851090 236
1851100 237
1851110 237
1851120 238
1851130 239
1851140 239
1851150 241
1851160 241
1851170 241
1851180 242
1851190 243
1851200 243
1851210 244
1851220 245
1851230 245
1851240 246
1851250 247
1851260 247
1851270 248
1851280 249
1851290 249
1851300 250
1851310 250
1851320 250
1851330 252
1851340 253
1851350 253
1851360 254
1851370 254
1851380 254
1851390 255
1851400 256
1851410 257
1851420 258
1851430 258
1851440 258
1851450 259
1851460 259
1851470 260
1851480 260
1851490 260
1851500 260
1851510 260
1851520 260
1851530 260
1851540 260
1851550 260
1851560 259
1851570 259
1851580 259
1851590 258
1851600 257
1851610 257
1851620 256
1851630 255
1851640 255
1851650 254
1851660 253
1851670 253
1851680 252
1851690 251
1851700 251
1851710 250
1851720 249
1851730 249
1851740 248
1851750 247
1851760 247
1851770 246
1851780 245
1851790 245
1851800 244
1851810 243
1851820 243
1851830 243
1851840 242
1851850 242
1851860 241
1851870 240
1851880 240
1851890 240
1851900 239
1851910 239
1851920 238
1851930 238
1851940 238
1851950 237
1851960 237
1851970 237
1851980 236
1851990 236
1852000 236
1852010 235
1852020 235
1852030 235
1852040 234
1852050 234
1852060 234
1852070 234
1852080 234
1852090 233
1852100 233
1852110 233
1852120 233
1852130 233
1852140 233
1852150 233
1852160 233
1852170 233
1852180 233
1852190 232
1852200 232
1852210 232
1852220 232
1852230 232
1852240 232
1852250 233
1852260 233
1852270 233
1852280 233
1852290 233
1852300 234
1852310 234
1852320 234
1852330 234
1852340 234
1852350 234
1852360 235
1852370 235
1852380 235
1852390 235
1852400 235
1852410 235
1852420 235
1852430 235
1852440 235
1852450 235
1852460 236
1852470 236
1852480 237
1852490 237
1852500 237
1852510 237
1852520 237
1852530 237
1852540 237
1852550 237
1852560 237
1852570 237
1852580 237
1852590 236
1852600 235
1852610 235
1852620 235
1852630 235
1852640 235
1852650 234
1852660 233
1852670 233
1852680 232
1852690 231
1852700 231
1852710 230
1852720 230
1852730 230
1852740 230
1852750 229
1852760 229
1852770 229
1852780 229
1852790 229
1852800 228
1852810 228
1852820 228
1852830 227
1852840 227
1852850 227
1852860 227
1852870 226
1852880 226
1852890 226
1852900 225
1852910 225
1852920 224
1852930 224
1852940 224
1852950 223
1852960 223
1852970 223
1852980 222
1852990 222
1853000 222
1853010 221
1853020 221
1853030 221
1853040 220
1853050 220
1853060 220
1853070 219
1853080 219
1853090 219
1853100 219
1853110 219
1853120 219
1853130 218
1853140 218
1853150 218
1853160 218
1853170 218
1853180 218
1853190 218
1853200 218
1853210 218
1853220 218
1853230 218
1853240 217
1853250 217
1853260 217
1853270 218
1853280 218
1853290 218
1853300 217
1853310 217
1853320 217
1853330 217
1853340 217
1853350 217
1853360 217
1853370 218
1853380 218
1853390 217
1853400 217
1853410 217
1853420 218
1853430 218
1853440 218
1853450 219
1853460 219
1853470 219
1853480 220
1853490 221
1853500 221
1853510 222
1853520 224
1853530 224
1853540 225
1853550 224
1853560 225
1853570 226
1853580 226
1853590 227
1853600 227
1853610 227
1853620 228
1853630 228
1853640 228
1853650 229
1853660 229
1853670 229
1853680 230
1853690 230
1853700 230
1853710 231
1853720 232
1853730 232
1853740 233
1853750 234
1853760 234
1853770 235
1853780 235
1853790 235
1853800 236
1853810 236
1853820 236
1853830 237
1853840 237
1853850 237
1853860 237
1853870 238
1853880 238
1853890 238
1853900 239
1853910 239
1853920 240
1853930 240
1853940 240
1853950 241
1853960 242
1853970 242
1853980 242
1853990 242
1854000 242
1854010 242
1854020 242
1854030 242
1854040 241
1854050 241
1854060 241
1854070 240
1854080 240
1854090 239
1854100 238
1854110 238
1854120 238
1854130 238
1854140 238
1854150 238
1854160 238
1854170 238
1854180 235
1854190 234
1854200 234
1854210 233
1854220 232
1854230 232
1854240 232
1854250 231
1854260 230
1854270 230
1854280 229
1854290 229
1854300 229
1854310 229
1854320 229
1854330 229
1854340 230
1854350 230
1854360 231
1854370 232
1854380 232
1854390 233
1854400 236
1854410 236
1854420 237
1854430 238
1854440 238
1854450 240
1854460 241
1854470 241
1854480 243
1854490 244
1854500 244
1854510 245
1854520 247
1854530 247
1854540 248
1854550 249
1854560 249
1854570 251
1854580 251
1854590 252
1854600 253
1854610 253
1854620 253
1854630 254
1854640 254
1854650 255
1854660 256
1854670 256
1854680 257
1854690 258
1854700 258
1854710 259
1854720 260
1854730 260
1854740 261
1854750 261
1854760 261
1854770 262
1854780 263
1854790 263
1854800 263
1854810 264
1854820 264
1854830 265
1854840 265
1854850 265
1854860 266
1854870 266
1854880 266
1854890 266
1854900 267
1854910 267
1854920 267
1854930 267
1854940 267
1854950 267
1854960 267
1854970 267
1854980 266
1854990 266
1855000 266
1855010 266
1855020 266
1855030 266
1855040 266
1855050 265
1855060 265
1855070 265
1855080 265
1855090 265
1855100 265
1855110 265
1855120 265
1855130 264
1855140 264
1855150 264
1855160 264
1855170 264
1855180 264
1855190 264
1855200 264
1855210 263
1855220 263
1855230 263
1855240 263
1855250 263
1855260 263
1855270 264
1855280 264
1855290 264
1855300 264
1855310 264
1855320 264
1855330 264
1855340 264
1855350 264
1855360 263
1855370 263
1855380 263
1855390 262
1855400 262
1855410 262
1855420 261
1855430 260
1855440 260
1855450 259
1855460 257
1855470 257
1855480 255
1855490 253
1855500 253
1855510 251
1855520 250
1855530 250
1855540 250
1855550 250
1855560 250
1855570 252
1855580 254
1855590 254
1855600 255
1855610 256
1855620 256
1855630 258
1855640 258
1855650 259
1855660 260
1855670 260
1855680 261
1855690 261
1855700 261
1855710 262
1855720 263
1855730 263
1855740 264
1855750 265
1855760 265
1855770 266
1855780 266
1855790 266
1855800 267
1855810 268
1855820 268
1855830 268
1855840 268
1855850 268
1855860 269
1855870 269
1855880 269
1855890 269
1855900 270
1855910 270
1855920 270
1855930 271
1855940 271
1855950 271
1855960 272
1855970 272
1855980 272
1855990 273
1856000 273
1856010 274
1856020 275
1856030 275
1856040 275
1856050 276
1856060 276
1856070 277
1856080 277
1856090 277
1856100 278
1856110 278
1856120 278
1856130 279
1856140 279
1856150 279
1856160 280
1856170 280
1856180 280
1856190 281
1856200 281
1856210 282
1856220 283
1856230 283
1856240 283
1856250 284
1856260 284
1856270 284
1856280 284
1856290 284
1856300 285
1856310 285
1856320 285
1856330 286
1856340 287
1856350 287
1856360 287
1856370 287
1856380 287
1856390 287
1856400 288
1856410 288
1856420 288
1856430 289
1856440 289
1856450 290
1856460 290
1856470 290
1856480 291
1856490 291
1856500 291
1856510 292
1856520 292
1856530 292
1856540 292
1856550 293
1856560 293
1856570 294
1856580 295
1856590 295
1856600 296
1856610 296
1856620 296
1856630 297
1856640 297
1856650 297
1856660 298
1856670 298
1856680 298
1856690 299
1856700 299
1856710 299
1856720 300
1856730 300
1856740 300
1856750 301
1856760 301
1856770 301
1856780 301
1856790 301
1856800 301
1856810 302
1856820 302
1856830 302
1856840 302
1856850 302
1856860 302
1856870 302
1856880 302
1856890 301
1856900 301
1856910 301
1856920 301
1856930 301
1856940 301
1856950 301
1856960 301
1856970 301
1856980 301
1856990 300
1857000 300
1857010 299
1857020 299
1857030 299
1857040 298
1857050 298
1857060 298
1857070 297
1857080 296
1857090 296
1857100 296
1857110 295
1857120 295
1857130 294
1857140 293
1857150 293
1857160 293
1857170 292
1857180 292
1857190 291
1857200 291
1857210 290
1857220 289
1857230 289
1857240 289
1857250 288
1857260 288
1857270 287
1857280 286
1857290 286
1857300 285
1857310 285
1857320 285
1857330 284
1857340 283
1857350 283
1857360 283
1857370 282
1857380 282
1857390 282
1857400 281
1857410 281
1857420 281
1857430 279
1857440 279
1857450 279
1857460 278
1857470 278
1857480 277
1857490 277
1857500 277
1857510 276
1857520 276
1857530 276
1857540 275
1857550 275
1857560 275
1857570 274
1857580 274
1857590 274
1857600 273
1857610 272
1857620 272
1857630 272
1857640 272
1857650 272
1857660 272
1857670 271
1857680 271
1857690 271
1857700 271
1857710 271
1857720 270
1857730 270
1857740 269
1857750 269
1857760 269
1857770 268
1857780 267
1857790 267
1857800 266
1857810 265
1857820 265
1857830 264
1857840 264
1857850 264
1857860 263
1857870 263
1857880 263
1857890 262
1857900 262
1857910 262
1857920 261
1857930 261
1857940 261
1857950 260
1857960 260
1857970 260
1857980 260
1857990 259
1858000 259
1858010 258
1858020 258
1858030 258
1858040 257
1858050 256
1858060 256
1858070 256
1858080 255
1858090 255
1858100 254
1858110 254
1858120 254
1858130 253
1858140 252
1858150 252
1858160 251
1858170 251
1858180 251
1858190 250
1858200 250
1858210 250
1858220 249
1858230 249
1858240 249
1858250 248
1858260 248
1858270 247
1858280 247
1858290 247
1858300 246
1858310 246
1858320 246
1858330 245
1858340 245
1858350 245
1858360 244
1858370 243
1858380 243
1858390 243
1858400 242
1858410 242
1858420 241
1858430 240
1858440 240
1858450 240
1858460 239
1858470 239
1858480 237
1858490 236
1858500 236
1858510 236
1858520 235
1858530 235
1858540 234
1858550 234
1858560 234
1858570 233
1858580 233
1858590 233
1858600 232
1858610 231
1858620 231
1858630 231
1858640 230
1858650 230
1858660 230
1858670 229
1858680 229
1858690 228
1858700 228
1858710 228
1858720 228
1858730 227
1858740 227
1858750 227
1858760 227
1858770 227
1858780 227
1858790 227
1858800 226
1858810 226
1858820 226
1858830 226
1858840 226
1858850 226
1858860 226
1858870 226
1858880 226
1858890 226
1858900 226
1858910 226
1858920 226
1858930 226
1858940 226
1858950 226
1858960 226
1858970 226
1858980 226
1858990 226
1859000 226
1859010 226
1859020 226
1859030 226
1859040 226
1859050 226
1859060 226
1859070 226
1859080 226
1859090 226
1859100 226
1859110 226
1859120 226
1859130 227
1859140 227
1859150 227
1859160 227
1859170 227
1859180 228
1859190 227
1859200 227
1859210 227
1859220 226
1859230 226
1859240 226
1859250 226
1859260 225
1859270 225
1859280 225
1859290 225
1859300 225
1859310 225
1859320 225
1859330 225
1859340 224
1859350 224
1859360 224
1859370 224
1859380 224
1859390 224
1859400 224
1859410 224
1859420 224
1859430 223
1859440 223
1859450 223
1859460 222
1859470 222
1859480 222
1859490 221
1859500 221
1859510 221
1859520 220
1859530 221
1859540 220
1859550 220
1859560 220
1859570 219
1859580 219
1859590 219
1859600 218
1859610 218
1859620 218
1859630 217
1859640 217
1859650 217
1859660 217
1859670 217
1859680 217
1859690 217
1859700 216
1859710 216
1859720 216
1859730 216
1859740 216
1859750 215
1859760 215
1859770 215
1859780 215
1859790 215
1859800 215
1859810 215
1859820 215
1859830 215
1859840 214
1859850 214
1859860 214
1859870 214
1859880 214
1859890 214
1859900 214
1859910 214
1859920 214
1859930 213
1859940 213
1859950 213
1859960 213
1859970 213
1859980 213
1859990 213
