1840000 282
1840010 283
1840020 284
1840030 284
1840040 285
1840050 286
1840060 286
1840070 287
1840080 288
1840090 288
1840100 288
1840110 289
1840120 289
1840130 290
1840140 290
1840150 290
1840160 290
1840170 291
1840180 291
1840190 291
1840200 291
1840210 291
1840220 292
1840230 292
1840240 292
1840250 293
1840260 294
1840270 294
1840280 294
1840290 295
1840300 295
1840310 295
1840320 296
1840330 296
1840340 296
1840350 297
1840360 297
1840370 297
1840380 298
1840390 298
1840400 298
1840410 299
1840420 299
1840430 300
1840440 302
1840450 302
1840460 303
1840470 305
1840480 305
1840490 307
1840500 307
1840510 309
1840520 311
1840530 311
1840540 313
1840550 315
1840560 315
1840570 316
1840580 318
1840590 318
1840600 320
1840610 321
1840620 321
1840630 323
1840640 324
1840650 324
1840660 325
1840670 326
1840680 326
1840690 327
1840700 328
1840710 328
1840720 329
1840730 329
1840740 329
1840750 330
1840760 331
1840770 331
1840780 332
1840790 332
1840800 332
1840810 333
1840820 334
1840830 334
1840840 334
1840850 335
1840860 335
1840870 335
1840880 335
1840890 335
1840900 336
1840910 336
1840920 336
1840930 336
1840940 336
1840950 336
1840960 336
1840970 335
1840980 335
1840990 335
1841000 335
1841010 335
1841020 334
1841030 334
1841040 334
1841050 333
1841060 333
1841070 333
1841080 332
1841090 332
1841100 331
1841110 331
1841120 331
1841130 331
1841140 331
1841150 331
1841160 330
1841170 330
1841180 330
1841190 329
1841200 328
1841210 328
1841220 327
1841230 326
1841240 326
1841250 325
1841260 324
1841270 324
1841280 324
1841290 324
1841300 324
1841310 324
1841320 325
1841330 325
1841340 325
1841350 325
1841360 325
1841370 325
1841380 326
1841390 326
1841400 328
1841410 330
1841420 330
1841430 331
1841440 332
1841450 332
1841460 332
1841470 333
1841480 333
1841490 333
1841500 334
1841510 334
1841520 335
1841530 335
1841540 336
1841550 337
1841560 337
1841570 338
1841580 338
1841590 338
1841600 339
1841610 340
1841620 340
1841630 340
1841640 341
1841650 341
1841660 342
1841670 343
1841680 343
1841690 344
1841700 344
1841710 344
1841720 345
1841730 346
1841740 346
1841750 347
1841760 348
1841770 348
1841780 349
1841790 350
1841800 350
1841810 351
1841820 352
1841830 352
1841840 353
1841850 354
1841860 354
1841870 355
1841880 357
1841890 357
1841900 357
1841910 358
1841920 358
1841930 359
1841940 360
1841950 360
1841960 361
1841970 362
1841980 362
1841990 363
1842000 364
1842010 364
1842020 365
1842030 365
1842040 365
1842050 366
1842060 366
1842070 367
1842080 368
1842090 368
1842100 369
1842110 370
1842120 370
1842130 371
1842140 372
1842150 372
1842160 373
1842170 374
1842180 374
1842190 375
1842200 375
1842210 375
1842220 376
1842230 377
1842240 377
1842250 378
1842260 379
1842270 379
1842280 379
1842290 380
1842300 380
1842310 381
1842320 382
1842330 382
1842340 382
1842350 383
1842360 383
1842370 384
1842380 385
1842390 385
1842400 385
1842410 386
1842420 386
1842430 386
1842440 387
1842450 387
1842460 387
1842470 388
1842480 388
1842490 388
1842500 388
1842510 389
1842520 389
1842530 389
1842540 389
1842550 390
1842560 390
1842570 390
1842580 390
1842590 390
1842600 390
1842610 389
1842620 389
1842630 388
1842640 389
1842650 389
1842660 389
1842670 388
1842680 388
1842690 388
1842700 389
1842710 389
1842720 389
1842730 389
1842740 389
1842750 389
1842760 390
1842770 390
1842780 390
1842790 390
1842800 390
1842810 390
1842820 391
1842830 391
1842840 391
1842850 392
1842860 392
1842870 392
1842880 393
1842890 393
1842900 393
1842910 393
1842920 393
1842930 394
1842940 394
1842950 394
1842960 394
1842970 395
1842980 395
1842990 395
1843000 396
1843010 396
1843020 396
1843030 396
1843040 396
1843050 397
1843060 397
1843070 397
1843080 398
1843090 398
1843100 398
1843110 399
1843120 399
1843130 399
1843140 399
1843150 399
1843160 400
1843170 400
1843180 400
1843190 400
1843200 400
1843210 400
1843220 400
1843230 400
1843240 400
1843250 400
1843260 400
1843270 400
1843280 400
1843290 399
1843300 399
1843310 399
1843320 399
1843330 399
1843340 398
1843350 398
1843360 398
1843370 398
1843380 397
1843390 397
1843400 397
1843410 397
1843420 397
1843430 396
1843440 396
1843450 396
1843460 395
1843470 395
1843480 395
1843490 395
1843500 394
1843510 394
1843520 393
1843530 393
1843540 393
1843550 392
1843560 392
1843570 392
1843580 391
1843590 391
1843600 390
1843610 389
1843620 389
1843630 388
1843640 387
1843650 387
1843660 385
1843670 382
1843680 382
1843690 379
1843700 376
1843710 376
1843720 374
1843730 371
1843740 371
1843750 368
1843760 367
1843770 367
1843780 367
1843790 369
1843800 369
1843810 372
1843820 376
1843830 376
1843840 379
1843850 383
1843860 383
1843870 385
1843880 387
1843890 387
1843900 388
1843910 389
1843920 389
1843930 390
1843940 390
1843950 390
1843960 390
1843970 389
1843980 389
1843990 389
1844000 390
1844010 390
1844020 390
1844030 391
1844040 391
1844050 391
1844060 392
1844070 392
1844080 393
1844090 393
1844100 393
1844110 394
1844120 394
1844130 394
1844140 394
1844150 394
1844160 394
1844170 394
1844180 394
1844190 394
1844200 393
1844210 393
1844220 393
1844230 392
1844240 392
1844250 391
1844260 389
1844270 389
1844280 387
1844290 386
1844300 386
1844310 384
1844320 382
1844330 382
1844340 380
1844350 378
1844360 378
1844370 375
1844380 373
1844390 373
1844400 370
1844410 368
1844420 368
1844430 366
1844440 365
1844450 365
1844460 363
1844470 361
1844480 361
1844490 358
1844500 356
1844510 356
1844520 354
1844530 352
1844540 352
1844550 350
1844560 348
1844570 348
1844580 346
1844590 344
1844600 344
1844610 343
1844620 342
1844630 342
1844640 341
1844650 341
1844660 340
1844670 339
1844680 339
1844690 338
1844700 337
1844710 337
1844720 335
1844730 334
1844740 334
1844750 333
1844760 332
1844770 332
1844780 331
1844790 330
1844800 330
1844810 330
1844820 329
1844830 329
1844840 329
1844850 329
1844860 329
1844870 329
1844880 328
1844890 328
1844900 328
1844910 327
1844920 327
1844930 327
1844940 328
1844950 328
1844960 328
1844970 328
1844980 328
1844990 329
1845000 329
1845010 329
1845020 331
1845030 333
1845040 333
1845050 336
1845060 337
1845070 337
1845080 340
1845090 341
1845100 341
1845110 342
1845120 342
1845130 342
1845140 342
1845150 342
1845160 342
1845170 342
1845180 342
1845190 342
1845200 342
1845210 342
1845220 342
1845230 341
1845240 341
1845250 341
1845260 341
1845270 341
1845280 341
1845290 340
1845300 340
1845310 340
1845320 340
1845330 340
1845340 339
1845350 339
1845360 339
1845370 339
1845380 338
1845390 338
1845400 338
1845410 338
1845420 336
1845430 336
1845440 336
1845450 336
1845460 336
1845470 337
1845480 337
1845490 338
1845500 339
1845510 339
1845520 340
1845530 341
1845540 341
1845550 342
1845560 343
1845570 343
1845580 345
1845590 346
1845600 346
1845610 347
1845620 348
1845630 348
1845640 350
1845650 350
1845660 350
1845670 351
1845680 351
1845690 351
1845700 351
1845710 351
1845720 351
1845730 351
1845740 351
1845750 351
1845760 351
1845770 351
1845780 352
1845790 352
1845800 352
1845810 353
1845820 353
1845830 353
1845840 353
1845850 353
1845860 353
1845870 353
1845880 353
1845890 353
1845900 352
1845910 352
1845920 352
1845930 352
1845940 352
1845950 352
1845960 353
1845970 353
1845980 353
1845990 354
1846000 354
1846010 354
1846020 355
1846030 356
1846040 356
1846050 357
1846060 358
1846070 358
1846080 358
1846090 359
1846100 359
1846110 359
1846120 358
1846130 358
1846140 359
1846150 362
1846160 362
1846170 363
1846180 363
1846190 363
1846200 363
1846210 363
1846220 363
1846230 363
1846240 363
1846250 363
1846260 362
1846270 362
1846280 360
1846290 358
1846300 358
1846310 357
1846320 357
1846330 357
1846340 356
1846350 356
1846360 356
1846370 356
1846380 355
1846390 355
1846400 354
1846410 354
1846420 354
1846430 354
1846440 354
1846450 354
1846460 354
1846470 354
1846480 354
1846490 354
1846500 354
1846510 355
1846520 355
1846530 354
1846540 354
1846550 354
1846560 354
1846570 354
1846580 354
1846590 352
1846600 352
1846610 345
1846620 342
1846630 342
1846640 342
1846650 342
1846660 342
1846670 341
1846680 341
1846690 341
1846700 341
1846710 341
1846720 341
1846730 341
1846740 341
1846750 343
1846760 348
1846770 348
1846780 348
1846790 345
1846800 345
1846810 343
1846820 341
1846830 341
1846840 340
1846850 338
1846860 338
1846870 337
1846880 336
1846890 336
1846900 335
1846910 333
1846920 333
1846930 332
1846940 331
1846950 331
1846960 329
1846970 328
1846980 328
1846990 327
1847000 326
1847010 326
1847020 325
1847030 323
1847040 323
1847050 321
1847060 320
1847070 320
1847080 319
1847090 319
1847100 319
1847110 318
1847120 317
1847130 317
1847140 316
1847150 315
1847160 315
1847170 314
1847180 313
1847190 313
1847200 312
1847210 312
1847220 312
1847230 312
1847240 312
1847250 311
1847260 311
1847270 311
1847280 310
1847290 309
1847300 309
1847310 309
1847320 308
1847330 308
1847340 308
1847350 307
1847360 307
1847370 306
1847380 306
1847390 306
1847400 305
1847410 304
1847420 304
1847430 304
1847440 304
1847450 304
1847460 303
1847470 303
1847480 303
1847490 303
1847500 303
1847510 303
1847520 303
1847530 304
1847540 304
1847550 304
1847560 304
1847570 304
1847580 304
1847590 304
1847600 304
1847610 304
1847620 305
1847630 305
1847640 305
1847650 305
1847660 305
1847670 305
1847680 305
1847690 305
1847700 305
1847710 305
1847720 305
1847730 305
1847740 305
1847750 305
1847760 305
1847770 305
1847780 305
1847790 305
1847800 305
1847810 305
1847820 305
1847830 305
1847840 305
1847850 305
1847860 305
1847870 305
1847880 305
1847890 305
1847900 305
1847910 305
1847920 305
1847930 305
1847940 304
1847950 305
1847960 305
1847970 304
1847980 304
1847990 304
1848000 304
1848010 304
1848020 304
1848030 303
1848040 303
1848050 303
1848060 303
1848070 303
1848080 303
1848090 303
1848100 303
1848110 303
1848120 303
1848130 303
1848140 303
1848150 303
1848160 303
1848170 303
1848180 303
1848190 303
1848200 304
1848210 304
1848220 304
1848230 304
1848240 304
1848250 304
1848260 304
1848270 304
1848280 304
1848290 303
1848300 303
1848310 302
1848320 302
1848330 302
1848340 301
1848350 301
1848360 301
1848370 300
1848380 300
1848390 300
1848400 299
1848410 299
1848420 299
1848430 298
1848440 298
1848450 298
1848460 297
1848470 296
1848480 296
1848490 296
1848500 295
1848510 295
1848520 295
1848530 294
1848540 294
1848550 294
1848560 293
1848570 293
1848580 293
1848590 293
1848600 293
1848610 292
1848620 291
1848630 291
1848640 290
1848650 289
1848660 289
1848670 286
1848680 284
1848690 284
1848700 283
1848710 281
1848720 281
1848730 281
1848740 280
1848750 280
1848760 280
1848770 281
1848780 281
1848790 282
1848800 282
1848810 282
1848820 282
1848830 282
1848840 282
1848850 282
1848860 282
1848870 281
1848880 281
1848890 281
1848900 280
1848910 279
1848920 279
1848930 278
1848940 277
1848950 277
1848960 276
1848970 275
1848980 275
1848990 275
1849000 275
1849010 275
1849020 275
1849030 273
1849040 273
1849050 272
1849060 272
1849070 272
1849080 272
1849090 272
1849100 272
1849110 271
1849120 271
1849130 271
1849140 270
1849150 269
1849160 269
1849170 268
1849180 268
1849190 268
1849200 267
1849210 267
1849220 267
1849230 267
1849240 267
1849250 267
1849260 266
1849270 266
1849280 266
1849290 266
1849300 266
1849310 266
1849320 265
1849330 265
1849340 265
1849350 265
1849360 265
1849370 265
1849380 265
1849390 265
1849400 265
1849410 265
1849420 265
1849430 265
1849440 265
1849450 265
1849460 265
1849470 265
1849480 265
1849490 266
1849500 267
1849510 267
1849520 268
1849530 268
1849540 268
1849550 269
1849560 269
1849570 269
1849580 269
1849590 269
1849600 269
1849610 269
1849620 269
1849630 269
1849640 268
1849650 268
1849660 268
1849670 268
1849680 268
1849690 268
1849700 268
1849710 267
1849720 267
1849730 267
1849740 267
1849750 266
1849760 266
1849770 267
1849780 267
1849790 267
1849800 267
1849810 267
1849820 267
1849830 267
1849840 267
1849850 267
1849860 267
1849870 267
1849880 267
1849890 267
1849900 267
1849910 267
1849920 267
1849930 267
1849940 267
1849950 267
1849960 267
1849970 266
1849980 266
1849990 266
1850000 266
1850010 266
1850020 266
1850030 267
1850040 267
1850050 267
1850060 267
1850070 267
1850080 266
1850090 266
1850100 266
1850110 265
1850120 265
1850130 265
1850140 265
1850150 265
1850160 265
1850170 264
1850180 264
1850190 264
1850200 264
1850210 264
1850220 264
1850230 265
1850240 265
1850250 265
1850260 265
1850270 265
1850280 265
1850290 265
1850300 264
1850310 264
1850320 264
1850330 264
1850340 263
1850350 263
1850360 263
1850370 262
1850380 261
1850390 261
1850400 261
1850410 260
1850420 260
1850430 259
1850440 258
1850450 258
1850460 257
1850470 255
1850480 255
1850490 254
1850500 252
1850510 252
1850520 250
1850530 249
1850540 249
1850550 248
1850560 247
1850570 247
1850580 247
1850590 247
1850600 247
1850610 247
1850620 248
1850630 248
1850640 248
1850650 248
1850660 248
1850670 248
1850680 248
1850690 248
1850700 247
1850710 247
1850720 247
1850730 247
1850740 247
1850750 247
1850760 247
1850770 247
1850780 247
1850790 246
1850800 246
1850810 246
1850820 244
1850830 244
1850840 244
1850850 244
1850860 244
1850870 244
1850880 244
1850890 244
1850900 245
1850910 247
1850920 247
1850930 248
1850940 248
1850950 248
1850960 249
1850970 249
1850980 249
1850990 248
1851000 248
1851010 248
1851020 247
1851030 246
1851040 246
1851050 246
1851060 245
1851070 245
1851080 245
1851090 244
1851100 244
1851110 244
1851120 243
1851130 243
1851140 243
1851150 242
1851160 242
1851170 241
1851180 241
1851190 241
1851200 240
1851210 240
1851220 240
1851230 240
1851240 240
1851250 240
1851260 240
1851270 240
1851280 240
1851290 241
1851300 241
1851310 241
1851320 241
1851330 241
1851340 241
1851350 242
1851360 242
1851370 242
1851380 242
1851390 242
1851400 243
1851410 243
1851420 243
1851430 243
1851440 243
1851450 243
1851460 243
1851470 243
1851480 243
1851490 242
1851500 242
1851510 242
1851520 242
1851530 242
1851540 241
1851550 241
1851560 241
1851570 241
1851580 241
1851590 241
1851600 241
1851610 241
1851620 241
1851630 241
1851640 241
1851650 240
1851660 240
1851670 240
1851680 240
1851690 240
1851700 239
1851710 238
1851720 238
1851730 238
1851740 238
1851750 238
1851760 237
1851770 237
1851780 237
1851790 236
1851800 236
1851810 236
1851820 236
1851830 235
1851840 235
1851850 235
1851860 234
1851870 234
1851880 234
1851890 234
1851900 233
1851910 232
1851920 232
1851930 232
1851940 231
1851950 231
1851960 230
1851970 230
1851980 230
1851990 230
1852000 229
1852010 229
1852020 230
1852030 230
1852040 230
1852050 231
1852060 232
1852070 232
1852080 233
1852090 234
1852100 234
1852110 234
1852120 235
1852130 235
1852140 235
1852150 236
1852160 236
1852170 236
1852180 236
1852190 236
1852200 236
1852210 235
1852220 235
1852230 235
1852240 235
1852250 235
1852260 234
1852270 234
1852280 234
1852290 233
1852300 233
1852310 233
1852320 232
1852330 232
1852340 232
1852350 232
1852360 231
1852370 231
1852380 231
1852390 231
1852400 231
1852410 230
1852420 230
1852430 230
1852440 230
1852450 230
1852460 230
1852470 230
1852480 230
1852490 231
1852500 231
1852510 231
1852520 231
1852530 232
1852540 232
1852550 232
1852560 232
1852570 232
1852580 233
1852590 233
1852600 233
1852610 232
1852620 232
1852630 232
1852640 232
1852650 232
1852660 232
1852670 232
1852680 232
1852690 232
1852700 232
1852710 232
1852720 232
1852730 232
1852740 232
1852750 232
1852760 232
1852770 232
1852780 232
1852790 232
1852800 232
1852810 232
1852820 232
1852830 232
1852840 232
1852850 232
1852860 231
1852870 231
1852880 231
1852890 231
1852900 231
1852910 230
1852920 230
1852930 230
1852940 230
1852950 230
1852960 229
1852970 229
1852980 229
1852990 229
1853000 229
1853010 229
1853020 229
1853030 229
1853040 229
1853050 229
1853060 229
1853070 229
1853080 228
1853090 228
1853100 228
1853110 228
1853120 228
1853130 228
1853140 228
1853150 228
1853160 228
1853170 228
1853180 228
1853190 228
1853200 228
1853210 228
1853220 228
1853230 228
1853240 228
1853250 228
1853260 228
1853270 228
1853280 228
1853290 228
1853300 228
1853310 228
1853320 228
1853330 228
1853340 228
1853350 228
1853360 228
1853370 228
1853380 228
1853390 228
1853400 228
1853410 227
1853420 227
1853430 227
1853440 227
1853450 227
1853460 226
1853470 226
1853480 226
1853490 226
1853500 225
1853510 225
1853520 225
1853530 225
1853540 225
1853550 224
1853560 224
1853570 224
1853580 224
1853590 223
1853600 223
1853610 223
1853620 222
1853630 222
1853640 222
1853650 221
1853660 221
1853670 221
1853680 220
1853690 220
1853700 220
1853710 219
1853720 219
1853730 219
1853740 218
1853750 218
1853760 217
1853770 217
1853780 217
1853790 217
1853800 217
1853810 217
1853820 216
1853830 215
1853840 215
1853850 214
1853860 214
1853870 214
1853880 213
1853890 213
1853900 213
1853910 213
1853920 213
1853930 213
1853940 213
1853950 213
1853960 213
1853970 213
1853980 213
1853990 212
1854000 212
1854010 212
1854020 213
1854030 212
1854040 212
1854050 212
1854060 213
1854070 213
1854080 213
1854090 213
1854100 213
1854110 212
1854120 213
1854130 213
1854140 213
1854150 213
1854160 213
1854170 213
1854180 213
1854190 213
1854200 213
1854210 213
1854220 213
1854230 213
1854240 213
1854250 213
1854260 214
1854270 215
1854280 215
1854290 217
1854300 218
1854310 218
1854320 220
1854330 222
1854340 222
1854350 222
1854360 222
1854370 222
1854380 222
1854390 223
1854400 223
1854410 224
1854420 225
1854430 225
1854440 225
1854450 226
1854460 226
1854470 227
1854480 227
1854490 228
1854500 229
1854510 229
1854520 230
1854530 231
1854540 231
1854550 232
1854560 233
1854570 233
1854580 233
1854590 233
1854600 233
1854610 233
1854620 233
1854630 233
1854640 232
1854650 231
1854660 231
1854670 231
1854680 230
1854690 230
1854700 229
1854710 228
1854720 228
1854730 226
1854740 226
1854750 226
1854760 225
1854770 224
1854780 224
1854790 224
1854800 224
1854810 224
1854820 225
1854830 225
1854840 225
1854850 226
1854860 228
1854870 228
1854880 229
1854890 231
1854900 231
1854910 233
1854920 235
1854930 235
1854940 236
1854950 238
1854960 238
1854970 239
1854980 239
1854990 240
1855000 240
1855010 240
1855020 241
1855030 241
1855040 241
1855050 241
1855060 242
1855070 242
1855080 242
1855090 241
1855100 241
1855110 241
1855120 241
1855130 241
1855140 242
1855150 242
1855160 242
1855170 242
1855180 242
1855190 242
1855200 242
1855210 242
1855220 242
1855230 241
1855240 240
1855250 240
1855260 239
1855270 238
1855280 238
1855290 236
1855300 235
1855310 235
1855320 234
1855330 232
1855340 232
1855350 230
1855360 227
1855370 227
1855380 224
1855390 222
1855400 222
1855410 222
1855420 222
1855430 222
1855440 222
1855450 223
1855460 223
1855470 224
1855480 226
1855490 226
1855500 228
1855510 228
1855520 229
1855530 230
1855540 230
1855550 231
1855560 235
1855570 235
1855580 237
1855590 238
1855600 238
1855610 238
1855620 239
1855630 239
1855640 240
1855650 241
1855660 241
1855670 242
1855680 243
1855690 243
1855700 244
1855710 244
1855720 244
1855730 245
1855740 246
1855750 246
1855760 247
1855770 248
1855780 248
1855790 249
1855800 250
1855810 250
1855820 251
1855830 252
1855840 252
1855850 253
1855860 254
1855870 254
1855880 255
1855890 256
1855900 256
1855910 257
1855920 257
1855930 257
1855940 258
1855950 259
1855960 259
1855970 259
1855980 260
1855990 260
1856000 261
1856010 261
1856020 261
1856030 262
1856040 262
1856050 263
1856060 263
1856070 263
1856080 264
1856090 264
1856100 264
1856110 265
1856120 266
1856130 266
1856140 266
1856150 267
1856160 267
1856170 267
1856180 268
1856190 268
1856200 268
1856210 269
1856220 269
1856230 269
1856240 270
1856250 270
1856260 270
1856270 271
1856280 271
1856290 271
1856300 272
1856310 272
1856320 272
1856330 273
1856340 273
1856350 273
1856360 274
1856370 274
1856380 275
1856390 275
1856400 275
1856410 276
1856420 276
1856430 276
1856440 277
1856450 277
1856460 277
1856470 278
1856480 279
1856490 279
1856500 279
1856510 280
1856520 280
1856530 280
1856540 280
1856550 281
1856560 281
1856570 281
1856580 282
1856590 283
1856600 283
1856610 283
1856620 284
1856630 284
1856640 284
1856650 285
1856660 285
1856670 286
1856680 286
1856690 286
1856700 287
1856710 287
1856720 287
1856730 288
1856740 289
1856750 289
1856760 289
1856770 290
1856780 290
1856790 291
1856800 291
1856810 291
1856820 292
1856830 293
1856840 293
1856850 294
1856860 294
1856870 294
1856880 295
1856890 296
1856900 296
1856910 296
1856920 297
1856930 297
1856940 297
1856950 298
1856960 298
1856970 298
1856980 299
1856990 299
1857000 299
1857010 300
1857020 300
1857030 300
1857040 300
1857050 301
1857060 301
1857070 301
1857080 301
1857090 302
1857100 302
1857110 302
1857120 301
1857130 301
1857140 302
1857150 302
1857160 302
1857170 302
1857180 302
1857190 302
1857200 301
1857210 301
1857220 301
1857230 301
1857240 300
1857250 300
1857260 300
1857270 299
1857280 299
1857290 299
1857300 298
1857310 298
1857320 297
1857330 296
1857340 296
1857350 296
1857360 295
1857370 295
1857380 294
1857390 293
1857400 293
1857410 292
1857420 291
1857430 291
1857440 290
1857450 289
1857460 289
1857470 288
1857480 288
1857490 288
1857500 287
1857510 286
1857520 286
1857530 286
1857540 285
1857550 284
1857560 284
1857570 284
1857580 283
1857590 283
1857600 283
1857610 282
1857620 282
1857630 282
1857640 281
1857650 281
1857660 281
1857670 280
1857680 279
1857690 279
1857700 279
1857710 278
1857720 278
1857730 278
1857740 277
1857750 277
1857760 276
1857770 276
1857780 276
1857790 275
1857800 274
1857810 274
1857820 274
1857830 273
1857840 273
1857850 273
1857860 272
1857870 272
1857880 272
1857890 271
1857900 271
1857910 271
1857920 270
1857930 270
1857940 270
1857950 269
1857960 269
1857970 269
1857980 268
1857990 268
1858000 268
1858010 267
1858020 267
1858030 267
1858040 266
1858050 266
1858060 266
1858070 266
1858080 265
1858090 264
1858100 264
1858110 264
1858120 263
1858130 263
1858140 263
1858150 262
1858160 262
1858170 261
1858180 261
1858190 261
1858200 260
1858210 259
1858220 259
1858230 259
1858240 258
1858250 259
1858260 258
1858270 258
1858280 258
1858290 258
1858300 257
1858310 257
1858320 257
1858330 256
1858340 256
1858350 256
1858360 255
1858370 255
1858380 255
1858390 254
1858400 254
1858410 254
1858420 253
1858430 253
1858440 252
1858450 251
1858460 251
1858470 250
1858480 250
1858490 250
1858500 249
1858510 248
1858520 248
1858530 248
1858540 248
1858550 248
1858560 247
1858570 247
1858580 247
1858590 247
1858600 248
1858610 247
1858620 247
1858630 247
1858640 246
1858650 245
1858660 245
1858670 245
1858680 244
1858690 244
1858700 244
1858710 243
1858720 243
1858730 242
1858740 241
1858750 241
1858760 240
1858770 240
1858780 240
1858790 239
1858800 239
1858810 239
1858820 238
1858830 238
1858840 238
1858850 238
1858860 238
1858870 238
1858880 238
1858890 238
1858900 238
1858910 238
1858920 238
1858930 238
1858940 238
1858950 238
1858960 238
1858970 238
1858980 238
1858990 238
1859000 238
1859010 238
1859020 238
1859030 239
1859040 239
1859050 239
1859060 238
1859070 238
1859080 238
1859090 238
1859100 238
1859110 238
1859120 237
1859130 237
1859140 237
1859150 237
1859160 237
1859170 237
1859180 236
1859190 236
1859200 236
1859210 235
1859220 235
1859230 234
1859240 234
1859250 234
1859260 233
1859270 233
1859280 233
1859290 232
1859300 231
1859310 231
1859320 231
1859330 231
1859340 231
1859350 231
1859360 230
1859370 230
1859380 230
1859390 229
1859400 229
1859410 229
1859420 229
1859430 229
1859440 228
1859450 228
1859460 228
1859470 228
1859480 227
1859490 227
1859500 227
1859510 227
1859520 227
1859530 227
1859540 226
1859550 226
1859560 226
1859570 226
1859580 226
1859590 226
1859600 225
1859610 225
1859620 225
1859630 225
1859640 225
1859650 224
1859660 224
1859670 223
1859680 223
1859690 223
1859700 223
1859710 223
1859720 223
1859730 223
1859740 223
1859750 223
1859760 223
1859770 223
1859780 223
1859790 223
1859800 223
1859810 223
1859820 223
1859830 223
1859840 223
1859850 223
1859860 223
1859870 223
1859880 223
1859890 223
1859900 223
1859910 222
1859920 222
1859930 222
1859940 222
1859950 222
1859960 222
1859970 222
1859980 222
1859990 222
