1840000 281
1840010 281
1840020 281
1840030 281
1840040 280
1840050 280
1840060 279
1840070 277
1840080 277
1840090 276
1840100 274
1840110 274
1840120 272
1840130 272
1840140 270
1840150 269
1840160 269
1840170 269
1840180 269
1840190 269
1840200 269
1840210 270
1840220 270
1840230 271
1840240 273
1840250 273
1840260 277
1840270 279
1840280 279
1840290 279
1840300 280
1840310 280
1840320 280
1840330 281
1840340 281
1840350 281
1840360 282
1840370 282
1840380 282
1840390 283
1840400 283
1840410 283
1840420 284
1840430 284
1840440 285
1840450 286
1840460 286
1840470 287
1840480 289
1840490 289
1840500 291
1840510 292
1840520 292
1840530 293
1840540 293
1840550 293
1840560 293
1840570 292
1840580 292
1840590 291
1840600 290
1840610 290
1840620 288
1840630 286
1840640 286
1840650 286
1840660 286
1840670 286
1840680 287
1840690 287
1840700 287
1840710 287
1840720 287
1840730 286
1840740 286
1840750 286
1840760 286
1840770 286
1840780 286
1840790 287
1840800 287
1840810 287
1840820 288
1840830 289
1840840 289
1840850 290
1840860 290
1840870 290
1840880 291
1840890 292
1840900 292
1840910 292
1840920 293
1840930 293
1840940 294
1840950 295
1840960 295
1840970 296
1840980 297
1840990 297
1841000 296
1841010 296
1841020 296
1841030 297
1841040 300
1841050 300
1841060 303
1841070 305
1841080 305
1841090 307
1841100 309
1841110 309
1841120 310
1841130 312
1841140 312
1841150 313
1841160 314
1841170 314
1841180 315
1841190 315
1841200 317
1841210 318
1841220 318
1841230 320
1841240 321
1841250 321
1841260 322
1841270 323
1841280 323
1841290 324
1841300 325
1841310 325
1841320 326
1841330 327
1841340 327
1841350 328
1841360 329
1841370 329
1841380 331
1841390 332
1841400 332
1841410 333
1841420 335
1841430 335
1841440 336
1841450 337
1841460 337
1841470 339
1841480 339
1841490 339
1841500 340
1841510 340
1841520 340
1841530 340
1841540 340
1841550 340
1841560 341
1841570 342
1841580 342
1841590 343
1841600 343
1841610 343
1841620 344
1841630 345
1841640 345
1841650 345
1841660 346
1841670 346
1841680 347
1841690 347
1841700 347
1841710 348
1841720 348
1841730 349
1841740 349
1841750 349
1841760 349
1841770 349
1841780 349
1841790 349
1841800 350
1841810 350
1841820 350
1841830 350
1841840 350
1841850 350
1841860 351
1841870 351
1841880 351
1841890 351
1841900 351
1841910 351
1841920 352
1841930 352
1841940 352
1841950 352
1841960 352
1841970 353
1841980 353
1841990 353
1842000 354
1842010 354
1842020 354
1842030 354
1842040 355
1842050 355
1842060 356
1842070 356
1842080 356
1842090 357
1842100 356
1842110 356
1842120 357
1842130 358
1842140 358
1842150 358
1842160 359
1842170 359
1842180 360
1842190 361
1842200 361
1842210 362
1842220 362
1842230 363
1842240 364
1842250 364
1842260 365
1842270 366
1842280 366
1842290 367
1842300 368
1842310 368
1842320 369
1842330 371
1842340 371
1842350 372
1842360 373
1842370 373
1842380 374
1842390 375
1842400 375
1842410 376
1842420 377
1842430 377
1842440 377
1842450 378
1842460 378
1842470 379
1842480 380
1842490 380
1842500 381
1842510 382
1842520 382
1842530 382
1842540 383
1842550 383
1842560 383
1842570 384
1842580 384
1842590 385
1842600 385
1842610 385
1842620 386
1842630 386
1842640 386
1842650 387
1842660 387
1842670 387
1842680 388
1842690 388
1842700 388
1842710 389
1842720 390
1842730 390
1842740 390
1842750 390
1842760 391
1842770 391
1842780 391
1842790 392
1842800 392
1842810 392
1842820 393
1842830 394
1842840 394
1842850 395
1842860 395
1842870 395
1842880 396
1842890 397
1842900 397
1842910 397
1842920 398
1842930 398
1842940 399
1842950 399
1842960 399
1842970 400
1842980 401
1842990 401
1843000 401
1843010 402
1843020 402
1843030 402
1843040 403
1843050 403
1843060 403
1843070 404
1843080 404
1843090 404
1843100 405
1843110 405
1843120 405
1843130 406
1843140 406
1843150 406
1843160 407
1843170 407
1843180 407
1843190 407
1843200 407
1843210 407
1843220 407
1843230 407
1843240 407
1843250 408
1843260 408
1843270 408
1843280 408
1843290 408
1843300 408
1843310 408
1843320 408
1843330 408
1843340 408
1843350 408
1843360 408
1843370 408
1843380 408
1843390 408
1843400 408
1843410 408
1843420 408
1843430 408
1843440 408
1843450 408
1843460 408
1843470 408
1843480 408
1843490 408
1843500 409
1843510 409
1843520 409
1843530 409
1843540 409
1843550 409
1843560 409
1843570 408
1843580 408
1843590 408
1843600 407
1843610 407
1843620 407
1843630 406
1843640 406
1843650 405
1843660 404
1843670 404
1843680 404
1843690 403
1843700 403
1843710 403
1843720 404
1843730 404
1843740 405
1843750 405
1843760 405
1843770 405
1843780 405
1843790 405
1843800 406
1843810 406
1843820 406
1843830 406
1843840 406
1843850 406
1843860 406
1843870 406
1843880 406
1843890 405
1843900 405
1843910 406
1843920 406
1843930 405
1843940 405
1843950 405
1843960 405
1843970 406
1843980 406
1843990 406
1844000 406
1844010 406
1844020 406
1844030 406
1844040 406
1844050 406
1844060 405
1844070 405
1844080 405
1844090 404
1844100 403
1844110 403
1844120 402
1844130 401
1844140 401
1844150 400
1844160 399
1844170 399
1844180 397
1844190 396
1844200 396
1844210 394
1844220 393
1844230 393
1844240 391
1844250 390
1844260 390
1844270 388
1844280 388
1844290 389
1844300 389
1844310 389
1844320 389
1844330 388
1844340 388
1844350 388
1844360 387
1844370 387
1844380 386
1844390 385
1844400 385
1844410 384
1844420 382
1844430 382
1844440 381
1844450 379
1844460 379
1844470 377
1844480 375
1844490 375
1844500 374
1844510 374
1844520 374
1844530 373
1844540 372
1844550 372
1844560 371
1844570 370
1844580 370
1844590 369
1844600 369
1844610 369
1844620 368
1844630 367
1844640 367
1844650 365
1844660 364
1844670 364
1844680 363
1844690 361
1844700 361
1844710 360
1844720 359
1844730 359
1844740 358
1844750 357
1844760 357
1844770 356
1844780 356
1844790 356
1844800 355
1844810 354
1844820 354
1844830 352
1844840 352
1844850 351
1844860 350
1844870 350
1844880 349
1844890 348
1844900 348
1844910 347
1844920 346
1844930 346
1844940 345
1844950 344
1844960 344
1844970 344
1844980 343
1844990 343
1845000 343
1845010 343
1845020 344
1845030 344
1845040 344
1845050 344
1845060 344
1845070 344
1845080 344
1845090 345
1845100 345
1845110 345
1845120 346
1845130 347
1845140 347
1845150 348
1845160 348
1845170 348
1845180 349
1845190 350
1845200 350
1845210 351
1845220 353
1845230 353
1845240 354
1845250 355
1845260 355
1845270 357
1845280 358
1845290 358
1845300 360
1845310 362
1845320 362
1845330 363
1845340 364
1845350 364
1845360 366
1845370 366
1845380 368
1845390 369
1845400 369
1845410 371
1845420 372
1845430 372
1845440 374
1845450 376
1845460 376
1845470 377
1845480 378
1845490 378
1845500 378
1845510 378
1845520 378
1845530 377
1845540 376
1845550 376
1845560 375
1845570 374
1845580 374
1845590 373
1845600 372
1845610 372
1845620 370
1845630 369
1845640 369
1845650 368
1845660 367
1845670 367
1845680 366
1845690 365
1845700 365
1845710 364
1845720 363
1845730 363
1845740 360
1845750 359
1845760 359
1845770 358
1845780 357
1845790 357
1845800 357
1845810 357
1845820 357
1845830 356
1845840 356
1845850 356
1845860 356
1845870 356
1845880 355
1845890 354
1845900 354
1845910 354
1845920 353
1845930 353
1845940 351
1845950 350
1845960 350
1845970 349
1845980 348
1845990 348
1846000 346
1846010 345
1846020 345
1846030 343
1846040 341
1846050 341
1846060 339
1846070 337
1846080 337
1846090 334
1846100 332
1846110 332
1846120 331
1846130 329
1846140 329
1846150 327
1846160 325
1846170 325
1846180 324
1846190 322
1846200 322
1846210 320
1846220 318
1846230 318
1846240 316
1846250 314
1846260 314
1846270 313
1846280 312
1846290 312
1846300 309
1846310 303
1846320 303
1846330 303
1846340 303
1846350 303
1846360 303
1846370 303
1846380 303
1846390 303
1846400 303
1846410 304
1846420 305
1846430 305
1846440 306
1846450 307
1846460 307
1846470 310
1846480 311
1846490 311
1846500 313
1846510 315
1846520 315
1846530 317
1846540 319
1846550 319
1846560 320
1846570 322
1846580 322
1846590 323
1846600 320
1846610 320
1846620 318
1846630 316
1846640 316
1846650 315
1846660 314
1846670 314
1846680 312
1846690 311
1846700 311
1846710 309
1846720 308
1846730 308
1846740 306
1846750 304
1846760 304
1846770 303
1846780 302
1846790 302
1846800 301
1846810 298
1846820 298
1846830 299
1846840 297
1846850 297
1846860 297
1846870 297
1846880 297
1846890 297
1846900 297
1846910 297
1846920 297
1846930 297
1846940 296
1846950 296
1846960 296
1846970 295
1846980 295
1846990 295
1847000 295
1847010 295
1847020 295
1847030 295
1847040 295
1847050 295
1847060 294
1847070 290
1847080 290
1847090 289
1847100 288
1847110 288
1847120 286
1847130 284
1847140 284
1847150 282
1847160 281
1847170 281
1847180 280
1847190 279
1847200 279
1847210 278
1847220 277
1847230 277
1847240 277
1847250 276
1847260 276
1847270 273
1847280 272
1847290 272
1847300 270
1847310 269
1847320 269
1847330 267
1847340 266
1847350 266
1847360 265
1847370 265
1847380 265
1847390 264
1847400 263
1847410 263
1847420 263
1847430 263
1847440 263
1847450 263
1847460 263
1847470 263
1847480 264
1847490 264
1847500 265
1847510 266
1847520 266
1847530 266
1847540 266
1847550 268
1847560 268
1847570 267
1847580 267
1847590 267
1847600 266
1847610 266
1847620 266
1847630 265
1847640 265
1847650 264
1847660 263
1847670 263
1847680 262
1847690 261
1847700 261
1847710 261
1847720 261
1847730 261
1847740 260
1847750 260
1847760 260
1847770 259
1847780 259
1847790 259
1847800 258
1847810 258
1847820 258
1847830 258
1847840 257
1847850 257
1847860 257
1847870 257
1847880 257
1847890 257
1847900 256
1847910 257
1847920 256
1847930 255
1847940 255
1847950 255
1847960 255
1847970 255
1847980 255
1847990 255
1848000 255
1848010 255
1848020 255
1848030 255
1848040 255
1848050 255
1848060 256
1848070 256
1848080 256
1848090 258
1848100 259
1848110 259
1848120 261
1848130 262
1848140 262
1848150 263
1848160 263
1848170 263
1848180 263
1848190 263
1848200 263
1848210 262
1848220 262
1848230 262
1848240 262
1848250 262
1848260 262
1848270 265
1848280 265
1848290 265
1848300 264
1848310 264
1848320 264
1848330 263
1848340 262
1848350 262
1848360 260
1848370 260
1848380 260
1848390 260
1848400 260
1848410 260
1848420 260
1848430 261
1848440 261
1848450 263
1848460 264
1848470 264
1848480 265
1848490 265
1848500 266
1848510 267
1848520 267
1848530 268
1848540 270
1848550 270
1848560 271
1848570 272
1848580 272
1848590 274
1848600 276
1848610 276
1848620 278
1848630 279
1848640 279
1848650 280
1848660 281
1848670 281
1848680 282
1848690 282
1848700 282
1848710 282
1848720 282
1848730 282
1848740 281
1848750 280
1848760 280
1848770 279
1848780 277
1848790 277
1848800 275
1848810 273
1848820 273
1848830 271
1848840 269
1848850 269
1848860 267
1848870 265
1848880 265
1848890 263
1848900 262
1848910 262
1848920 261
1848930 260
1848940 260
1848950 260
1848960 260
1848970 260
1848980 259
1848990 261
1849000 261
1849010 261
1849020 261
1849030 261
1849040 261
1849050 261
1849060 262
1849070 264
1849080 264
1849090 265
1849100 266
1849110 266
1849120 266
1849130 267
1849140 267
1849150 268
1849160 268
1849170 268
1849180 268
1849190 269
1849200 269
1849210 268
1849220 268
1849230 268
1849240 267
1849250 267
1849260 267
1849270 266
1849280 265
1849290 265
1849300 265
1849310 264
1849320 264
1849330 263
1849340 262
1849350 263
1849360 262
1849370 261
1849380 261
1849390 259
1849400 258
1849410 258
1849420 257
1849430 256
1849440 256
1849450 255
1849460 255
1849470 255
1849480 255
1849490 255
1849500 255
1849510 254
1849520 254
1849530 254
1849540 254
1849550 254
1849560 254
1849570 253
1849580 253
1849590 253
1849600 253
1849610 253
1849620 252
1849630 252
1849640 252
1849650 252
1849660 251
1849670 251
1849680 251
1849690 251
1849700 251
1849710 252
1849720 252
1849730 252
1849740 252
1849750 252
1849760 252
1849770 253
1849780 253
1849790 253
1849800 253
1849810 253
1849820 253
1849830 253
1849840 253
1849850 253
1849860 253
1849870 253
1849880 253
1849890 253
1849900 252
1849910 252
1849920 252
1849930 251
1849940 251
1849950 251
1849960 250
1849970 250
1849980 250
1849990 250
1850000 250
1850010 250
1850020 250
1850030 250
1850040 250
1850050 250
1850060 250
1850070 252
1850080 252
1850090 252
1850100 252
1850110 252
1850120 252
1850130 253
1850140 253
1850150 253
1850160 254
1850170 254
1850180 254
1850190 255
1850200 255
1850210 256
1850220 257
1850230 257
1850240 258
1850250 258
1850260 258
1850270 258
1850280 258
1850290 258
1850300 259
1850310 259
1850320 259
1850330 259
1850340 259
1850350 259
1850360 259
1850370 260
1850380 260
1850390 261
1850400 261
1850410 261
1850420 262
1850430 263
1850440 263
1850450 263
1850460 264
1850470 264
1850480 264
1850490 263
1850500 263
1850510 263
1850520 263
1850530 263
1850540 262
1850550 262
1850560 262
1850570 262
1850580 262
1850590 262
1850600 262
1850610 262
1850620 262
1850630 262
1850640 262
1850650 262
1850660 262
1850670 262
1850680 263
1850690 263
1850700 263
1850710 263
1850720 263
1850730 263
1850740 263
1850750 262
1850760 262
1850770 262
1850780 263
1850790 263
1850800 263
1850810 264
1850820 264
1850830 264
1850840 264
1850850 264
1850860 265
1850870 265
1850880 265
1850890 266
1850900 266
1850910 266
1850920 266
1850930 266
1850940 266
1850950 266
1850960 266
1850970 266
1850980 266
1850990 265
1851000 265
1851010 265
1851020 265
1851030 265
1851040 265
1851050 265
1851060 265
1851070 264
1851080 264
1851090 264
1851100 265
1851110 265
1851120 265
1851130 265
1851140 265
1851150 265
1851160 265
1851170 265
1851180 264
1851190 264
1851200 264
1851210 264
1851220 264
1851230 264
1851240 263
1851250 263
1851260 263
1851270 263
1851280 262
1851290 262
1851300 262
1851310 261
1851320 261
1851330 261
1851340 260
1851350 260
1851360 259
1851370 258
1851380 258
1851390 258
1851400 257
1851410 257
1851420 256
1851430 256
1851440 256
1851450 255
1851460 255
1851470 255
1851480 254
1851490 254
1851500 253
1851510 253
1851520 252
1851530 252
1851540 251
1851550 251
1851560 251
1851570 250
1851580 250
1851590 250
1851600 249
1851610 249
1851620 249
1851630 249
1851640 249
1851650 249
1851660 249
1851670 249
1851680 249
1851690 249
1851700 249
1851710 249
1851720 249
1851730 249
1851740 249
1851750 249
1851760 249
1851770 250
1851780 250
1851790 250
1851800 250
1851810 251
1851820 251
1851830 251
1851840 251
1851850 250
1851860 250
1851870 250
1851880 250
1851890 251
1851900 251
1851910 251
1851920 251
1851930 251
1851940 251
1851950 251
1851960 252
1851970 252
1851980 252
1851990 252
1852000 252
1852010 251
1852020 251
1852030 251
1852040 251
1852050 251
1852060 251
1852070 251
1852080 251
1852090 251
1852100 250
1852110 250
1852120 250
1852130 250
1852140 250
1852150 249
1852160 249
1852170 249
1852180 249
1852190 249
1852200 249
1852210 248
1852220 248
1852230 248
1852240 248
1852250 248
1852260 248
1852270 247
1852280 247
1852290 247
1852300 247
1852310 247
1852320 247
1852330 246
1852340 246
1852350 246
1852360 246
1852370 246
1852380 246
1852390 245
1852400 245
1852410 245
1852420 245
1852430 245
1852440 245
1852450 244
1852460 244
1852470 244
1852480 244
1852490 244
1852500 244
1852510 244
1852520 243
1852530 243
1852540 243
1852550 243
1852560 243
1852570 243
1852580 243
1852590 243
1852600 243
1852610 243
1852620 243
1852630 243
1852640 243
1852650 243
1852660 242
1852670 242
1852680 242
1852690 242
1852700 242
1852710 242
1852720 241
1852730 241
1852740 241
1852750 241
1852760 241
1852770 240
1852780 240
1852790 240
1852800 240
1852810 239
1852820 239
1852830 238
1852840 238
1852850 238
1852860 237
1852870 236
1852880 236
1852890 235
1852900 234
1852910 234
1852920 233
1852930 231
1852940 231
1852950 230
1852960 229
1852970 229
1852980 228
1852990 227
1853000 227
1853010 225
1853020 225
1853030 225
1853040 224
1853050 223
1853060 223
1853070 222
1853080 222
1853090 222
1853100 221
1853110 220
1853120 220
1853130 219
1853140 219
1853150 219
1853160 218
1853170 218
1853180 217
1853190 217
1853200 217
1853210 216
1853220 216
1853230 216
1853240 216
1853250 216
1853260 216
1853270 216
1853280 216
1853290 216
1853300 216
1853310 216
1853320 216
1853330 215
1853340 215
1853350 215
1853360 215
1853370 215
1853380 215
1853390 215
1853400 215
1853410 215
1853420 215
1853430 215
1853440 215
1853450 216
1853460 217
1853470 217
1853480 217
1853490 216
1853500 216
1853510 215
1853520 215
1853530 215
1853540 214
1853550 214
1853560 214
1853570 214
1853580 214
1853590 214
1853600 214
1853610 214
1853620 214
1853630 214
1853640 214
1853650 214
1853660 214
1853670 214
1853680 214
1853690 215
1853700 215
1853710 215
1853720 215
1853730 215
1853740 216
1853750 216
1853760 216
1853770 217
1853780 218
1853790 218
1853800 218
1853810 219
1853820 219
1853830 220
1853840 221
1853850 221
1853860 221
1853870 222
1853880 222
1853890 223
1853900 223
1853910 223
1853920 223
1853930 223
1853940 223
1853950 224
1853960 224
1853970 224
1853980 224
1853990 223
1854000 223
1854010 222
1854020 222
1854030 222
1854040 222
1854050 221
1854060 221
1854070 221
1854080 220
1854090 220
1854100 220
1854110 219
1854120 219
1854130 218
1854140 218
1854150 218
1854160 218
1854170 218
1854180 218
1854190 218
1854200 218
1854210 218
1854220 218
1854230 218
1854240 218
1854250 221
1854260 221
1854270 224
1854280 222
1854290 222
1854300 221
1854310 221
1854320 221
1854330 221
1854340 222
1854350 222
1854360 223
1854370 224
1854380 224
1854390 224
1854400 225
1854410 225
1854420 226
1854430 227
1854440 227
1854450 228
1854460 229
1854470 229
1854480 230
1854490 231
1854500 231
1854510 233
1854520 234
1854530 234
1854540 235
1854550 236
1854560 236
1854570 237
1854580 238
1854590 238
1854600 240
1854610 241
1854620 241
1854630 242
1854640 242
1854650 242
1854660 243
1854670 244
1854680 244
1854690 244
1854700 244
1854710 244
1854720 244
1854730 244
1854740 244
1854750 245
1854760 245
1854770 244
1854780 244
1854790 244
1854800 244
1854810 243
1854820 243
1854830 243
1854840 244
1854850 244
1854860 244
1854870 245
1854880 245
1854890 245
1854900 246
1854910 246
1854920 247
1854930 248
1854940 248
1854950 249
1854960 250
1854970 250
1854980 251
1854990 252
1855000 252
1855010 252
1855020 253
1855030 253
1855040 254
1855050 254
1855060 254
1855070 255
1855080 255
1855090 255
1855100 256
1855110 257
1855120 257
1855130 257
1855140 258
1855150 258
1855160 258
1855170 258
1855180 258
1855190 259
1855200 259
1855210 259
1855220 259
1855230 259
1855240 259
1855250 259
1855260 259
1855270 259
1855280 259
1855290 259
1855300 259
1855310 259
1855320 259
1855330 259
1855340 259
1855350 259
1855360 259
1855370 259
1855380 259
1855390 258
1855400 258
1855410 258
1855420 258
1855430 257
1855440 257
1855450 257
1855460 257
1855470 257
1855480 256
1855490 256
1855500 256
1855510 255
1855520 254
1855530 254
1855540 253
1855550 252
1855560 252
1855570 250
1855580 247
1855590 247
1855600 244
1855610 241
1855620 241
1855630 239
1855640 236
1855650 236
1855660 233
1855670 231
1855680 231
1855690 233
1855700 237
1855710 237
1855720 241
1855730 244
1855740 244
1855750 244
1855760 244
1855770 244
1855780 245
1855790 245
1855800 246
1855810 246
1855820 246
1855830 247
1855840 248
1855850 248
1855860 250
1855870 251
1855880 251
1855890 252
1855900 253
1855910 253
1855920 254
1855930 255
1855940 255
1855950 256
1855960 258
1855970 258
1855980 258
1855990 259
1856000 259
1856010 260
1856020 261
1856030 261
1856040 262
1856050 263
1856060 263
1856070 263
1856080 264
1856090 264
1856100 265
1856110 265
1856120 265
1856130 266
1856140 266
1856150 266
1856160 267
1856170 269
1856180 269
1856190 270
1856200 271
1856210 271
1856220 271
1856230 272
1856240 272
1856250 273
1856260 274
1856270 274
1856280 275
1856290 275
1856300 275
1856310 276
1856320 276
1856330 277
1856340 278
1856350 278
1856360 278
1856370 279
1856380 279
1856390 279
1856400 280
1856410 280
1856420 280
1856430 281
1856440 281
1856450 281
1856460 282
1856470 282
1856480 282
1856490 283
1856500 283
1856510 283
1856520 284
1856530 284
1856540 284
1856550 285
1856560 285
1856570 286
1856580 286
1856590 286
1856600 287
1856610 287
1856620 287
1856630 288
1856640 289
1856650 289
1856660 289
1856670 290
1856680 290
1856690 290
1856700 291
1856710 291
1856720 291
1856730 292
1856740 292
1856750 292
1856760 293
1856770 293
1856780 294
1856790 294
1856800 294
1856810 295
1856820 295
1856830 295
1856840 296
1856850 296
1856860 296
1856870 296
1856880 296
1856890 297
1856900 297
1856910 297
1856920 297
1856930 298
1856940 298
1856950 299
1856960 299
1856970 299
1856980 300
1856990 300
1857000 300
1857010 301
1857020 301
1857030 301
1857040 301
1857050 300
1857060 300
1857070 300
1857080 300
1857090 300
1857100 300
1857110 300
1857120 300
1857130 300
1857140 299
1857150 299
1857160 299
1857170 298
1857180 298
1857190 298
1857200 297
1857210 297
1857220 296
1857230 295
1857240 295
1857250 295
1857260 294
1857270 294
1857280 294
1857290 293
1857300 293
1857310 291
1857320 291
1857330 290
1857340 289
1857350 289
1857360 289
1857370 288
1857380 288
1857390 287
1857400 286
1857410 286
1857420 285
1857430 285
1857440 285
1857450 284
1857460 283
1857470 283
1857480 283
1857490 282
1857500 282
1857510 282
1857520 282
1857530 282
1857540 281
1857550 281
1857560 281
1857570 280
1857580 279
1857590 279
1857600 279
1857610 278
1857620 278
1857630 278
1857640 277
1857650 277
1857660 276
1857670 276
1857680 276
1857690 275
1857700 274
1857710 274
1857720 274
1857730 273
1857740 273
1857750 273
1857760 273
1857770 273
1857780 272
1857790 272
1857800 272
1857810 272
1857820 272
1857830 271
1857840 271
1857850 271
1857860 271
1857870 271
1857880 271
1857890 271
1857900 270
1857910 270
1857920 270
1857930 270
1857940 270
1857950 269
1857960 269
1857970 269
1857980 269
1857990 268
1858000 268
1858010 268
1858020 268
1858030 268
1858040 267
1858050 267
1858060 267
1858070 266
1858080 266
1858090 266
1858100 266
1858110 266
1858120 266
1858130 265
1858140 265
1858150 265
1858160 265
1858170 264
1858180 264
1858190 264
1858200 264
1858210 264
1858220 263
1858230 263
1858240 263
1858250 263
1858260 262
1858270 262
1858280 262
1858290 261
1858300 261
1858310 261
1858320 261
1858330 261
1858340 260
1858350 260
1858360 260
1858370 259
1858380 259
1858390 259
1858400 258
1858410 258
1858420 258
1858430 257
1858440 257
1858450 257
1858460 256
1858470 256
1858480 256
1858490 255
1858500 255
1858510 255
1858520 254
1858530 254
1858540 254
1858550 253
1858560 254
1858570 254
1858580 253
1858590 253
1858600 253
1858610 253
1858620 253
1858630 253
1858640 253
1858650 253
1858660 253
1858670 253
1858680 253
1858690 253
1858700 252
1858710 252
1858720 253
1858730 253
1858740 253
1858750 253
1858760 253
1858770 253
1858780 252
1858790 253
1858800 253
1858810 253
1858820 252
1858830 252
1858840 252
1858850 252
1858860 252
1858870 252
1858880 252
1858890 252
1858900 252
1858910 252
1858920 252
1858930 252
1858940 252
1858950 252
1858960 252
1858970 252
1858980 252
1858990 252
1859000 252
1859010 252
1859020 252
1859030 252
1859040 252
1859050 252
1859060 252
1859070 252
1859080 252
1859090 252
1859100 252
1859110 252
1859120 252
1859130 252
1859140 252
1859150 252
1859160 251
1859170 251
1859180 251
1859190 251
1859200 251
1859210 251
1859220 251
1859230 251
1859240 251
1859250 251
1859260 250
1859270 250
1859280 250
1859290 250
1859300 250
1859310 249
1859320 249
1859330 249
1859340 249
1859350 248
1859360 248
1859370 248
1859380 248
1859390 248
1859400 247
1859410 247
1859420 247
1859430 246
1859440 246
1859450 246
1859460 245
1859470 245
1859480 245
1859490 245
1859500 245
1859510 244
1859520 244
1859530 244
1859540 243
1859550 243
1859560 243
1859570 242
1859580 242
1859590 242
1859600 241
1859610 240
1859620 240
1859630 240
1859640 239
1859650 239
1859660 239
1859670 238
1859680 238
1859690 238
1859700 237
1859710 237
1859720 237
1859730 237
1859740 237
1859750 236
1859760 236
1859770 236
1859780 235
1859790 235
1859800 235
1859810 235
1859820 234
1859830 234
1859840 234
1859850 234
1859860 234
1859870 233
1859880 233
1859890 233
1859900 233
1859910 233
1859920 232
1859930 232
1859940 232
1859950 232
1859960 232
1859970 232
1859980 231
1859990 231
