1840000 308
1840010 310
1840020 310
1840030 312
1840040 312
1840050 313
1840060 314
1840070 314
1840080 316
1840090 317
1840100 317
1840110 320
1840120 322
1840130 322
1840140 324
1840150 325
1840160 325
1840170 326
1840180 327
1840190 327
1840200 328
1840210 328
1840220 328
1840230 329
1840240 329
1840250 329
1840260 329
1840270 329
1840280 329
1840290 329
1840300 329
1840310 329
1840320 329
1840330 330
1840340 330
1840350 331
1840360 331
1840370 331
1840380 332
1840390 333
1840400 333
1840410 333
1840420 334
1840430 334
1840440 334
1840450 334
1840460 334
1840470 335
1840480 335
1840490 335
1840500 335
1840510 334
1840520 334
1840530 334
1840540 334
1840550 334
1840560 333
1840570 333
1840580 333
1840590 332
1840600 332
1840610 332
1840620 331
1840630 331
1840640 331
1840650 330
1840660 330
1840670 330
1840680 329
1840690 329
1840700 329
1840710 330
1840720 330
1840730 329
1840740 330
1840750 330
1840760 330
1840770 331
1840780 331
1840790 331
1840800 331
1840810 331
1840820 332
1840830 332
1840840 332
1840850 333
1840860 333
1840870 333
1840880 334
1840890 335
1840900 335
1840910 336
1840920 337
1840930 337
1840940 338
1840950 338
1840960 338
1840970 339
1840980 340
1840990 340
1841000 341
1841010 341
1841020 341
1841030 342
1841040 343
1841050 343
1841060 343
1841070 343
1841080 344
1841090 344
1841100 344
1841110 345
1841120 346
1841130 346
1841140 347
1841150 348
1841160 348
1841170 348
1841180 349
1841190 349
1841200 350
1841210 351
1841220 351
1841230 351
1841240 352
1841250 352
1841260 352
1841270 353
1841280 353
1841290 354
1841300 354
1841310 354
1841320 355
1841330 355
1841340 355
1841350 356
1841360 356
1841370 356
1841380 356
1841390 357
1841400 357
1841410 357
1841420 357
1841430 357
1841440 358
1841450 358
1841460 358
1841470 358
1841480 358
1841490 358
1841500 359
1841510 359
1841520 359
1841530 359
1841540 360
1841550 360
1841560 360
1841570 360
1841580 361
1841590 361
1841600 361
1841610 362
1841620 362
1841630 362
1841640 363
1841650 363
1841660 363
1841670 363
1841680 364
1841690 364
1841700 364
1841710 364
1841720 364
1841730 364
1841740 365
1841750 365
1841760 365
1841770 364
1841780 364
1841790 365
1841800 366
1841810 366
1841820 366
1841830 366
1841840 366
1841850 367
1841860 368
1841870 368
1841880 369
1841890 370
1841900 370
1841910 371
1841920 371
1841930 371
1841940 372
1841950 373
1841960 373
1841970 373
1841980 374
1841990 374
1842000 374
1842010 375
1842020 375
1842030 375
1842040 376
1842050 376
1842060 377
1842070 377
1842080 377
1842090 378
1842100 378
1842110 378
1842120 378
1842130 378
1842140 379
1842150 379
1842160 379
1842170 379
1842180 380
1842190 379
1842200 379
1842210 379
1842220 379
1842230 379
1842240 379
1842250 379
1842260 379
1842270 379
1842280 379
1842290 379
1842300 378
1842310 378
1842320 378
1842330 378
1842340 378
1842350 378
1842360 377
1842370 377
1842380 377
1842390 376
1842400 376
1842410 376
1842420 376
1842430 376
1842440 375
1842450 374
1842460 374
1842470 374
1842480 374
1842490 374
1842500 374
1842510 374
1842520 374
1842530 374
1842540 374
1842550 374
1842560 373
1842570 373
1842580 373
1842590 373
1842600 373
1842610 373
1842620 372
1842630 372
1842640 372
1842650 371
1842660 371
1842670 371
1842680 370
1842690 370
1842700 369
1842710 368
1842720 368
1842730 367
1842740 367
1842750 367
1842760 366
1842770 366
1842780 366
1842790 367
1842800 368
1842810 368
1842820 370
1842830 372
1842840 372
1842850 373
1842860 374
1842870 374
1842880 375
1842890 375
1842900 375
1842910 376
1842920 376
1842930 376
1842940 376
1842950 376
1842960 376
1842970 376
1842980 375
1842990 375
1843000 374
1843010 373
1843020 373
1843030 372
1843040 371
1843050 371
1843060 370
1843070 370
1843080 370
1843090 369
1843100 368
1843110 368
1843120 367
1843130 367
1843140 366
1843150 365
1843160 365
1843170 364
1843180 362
1843190 362
1843200 362
1843210 361
1843220 361
1843230 359
1843240 357
1843250 357
1843260 354
1843270 353
1843280 353
1843290 352
1843300 352
1843310 352
1843320 352
1843330 351
1843340 351
1843350 350
1843360 349
1843370 349
1843380 348
1843390 346
1843400 346
1843410 343
1843420 342
1843430 342
1843440 342
1843450 340
1843460 340
1843470 339
1843480 338
1843490 338
1843500 337
1843510 335
1843520 335
1843530 333
1843540 331
1843550 331
1843560 330
1843570 330
1843580 330
1843590 330
1843600 329
1843610 329
1843620 327
1843630 327
1843640 324
1843650 322
1843660 322
1843670 323
1843680 325
1843690 325
1843700 327
1843710 329
1843720 329
1843730 330
1843740 332
1843750 332
1843760 333
1843770 335
1843780 335
1843790 336
1843800 338
1843810 338
1843820 340
1843830 341
1843840 341
1843850 343
1843860 344
1843870 344
1843880 346
1843890 346
1843900 346
1843910 347
1843920 347
1843930 347
1843940 348
1843950 348
1843960 348
1843970 347
1843980 346
1843990 346
1844000 346
1844010 345
1844020 343
1844030 342
1844040 341
1844050 341
1844060 340
1844070 338
1844080 338
1844090 337
1844100 338
1844110 338
1844120 340
1844130 340
1844140 342
1844150 345
1844160 345
1844170 347
1844180 349
1844190 349
1844200 351
1844210 353
1844220 353
1844230 354
1844240 356
1844250 356
1844260 357
1844270 358
1844280 358
1844290 359
1844300 360
1844310 360
1844320 361
1844330 361
1844340 361
1844350 362
1844360 362
1844370 362
1844380 361
1844390 361
1844400 361
1844410 362
1844420 362
1844430 362
1844440 362
1844450 363
1844460 363
1844470 363
1844480 363
1844490 363
1844500 363
1844510 363
1844520 363
1844530 363
1844540 363
1844550 363
1844560 362
1844570 362
1844580 362
1844590 361
1844600 361
1844610 361
1844620 360
1844630 359
1844640 359
1844650 358
1844660 358
1844670 358
1844680 356
1844690 356
1844700 355
1844710 353
1844720 353
1844730 352
1844740 351
1844750 351
1844760 349
1844770 348
1844780 348
1844790 347
1844800 346
1844810 346
1844820 345
1844830 343
1844840 343
1844850 342
1844860 342
1844870 342
1844880 341
1844890 339
1844900 339
1844910 338
1844920 337
1844930 337
1844940 336
1844950 334
1844960 334
1844970 333
1844980 332
1844990 332
1845000 331
1845010 330
1845020 330
1845030 329
1845040 327
1845050 327
1845060 326
1845070 324
1845080 324
1845090 323
1845100 322
1845110 321
1845120 319
1845130 317
1845140 317
1845150 316
1845160 316
1845170 314
1845180 312
1845190 312
1845200 311
1845210 309
1845220 309
1845230 308
1845240 306
1845250 306
1845260 305
1845270 303
1845280 303
1845290 303
1845300 302
1845310 302
1845320 301
1845330 301
1845340 301
1845350 301
1845360 300
1845370 300
1845380 300
1845390 299
1845400 299
1845410 297
1845420 297
1845430 297
1845440 296
1845450 296
1845460 296
1845470 296
1845480 296
1845490 296
1845500 296
1845510 297
1845520 297
1845530 297
1845540 297
1845550 297
1845560 298
1845570 299
1845580 299
1845590 301
1845600 302
1845610 302
1845620 303
1845630 304
1845640 304
1845650 306
1845660 307
1845670 307
1845680 309
1845690 309
1845700 310
1845710 311
1845720 311
1845730 312
1845740 313
1845750 313
1845760 314
1845770 314
1845780 314
1845790 315
1845800 316
1845810 316
1845820 317
1845830 317
1845840 315
1845850 313
1845860 315
1845870 315
1845880 314
1845890 314
1845900 314
1845910 313
1845920 312
1845930 312
1845940 311
1845950 311
1845960 311
1845970 311
1845980 311
1845990 311
1846000 311
1846010 311
1846020 311
1846030 311
1846040 311
1846050 311
1846060 311
1846070 311
1846080 311
1846090 311
1846100 310
1846110 310
1846120 310
1846130 309
1846140 309
1846150 308
1846160 307
1846170 307
1846180 307
1846190 307
1846200 306
1846210 306
1846220 306
1846230 306
1846240 307
1846250 307
1846260 308
1846270 309
1846280 309
1846290 311
1846300 312
1846310 312
1846320 314
1846330 316
1846340 316
1846350 317
1846360 319
1846370 319
1846380 321
1846390 322
1846400 322
1846410 324
1846420 326
1846430 326
1846440 327
1846450 329
1846460 329
1846470 330
1846480 332
1846490 332
1846500 333
1846510 334
1846520 334
1846530 336
1846540 337
1846550 337
1846560 340
1846570 342
1846580 342
1846590 344
1846600 344
1846610 344
1846620 345
1846630 346
1846640 346
1846650 346
1846660 346
1846670 346
1846680 347
1846690 347
1846700 347
1846710 347
1846720 347
1846730 347
1846740 347
1846750 347
1846760 346
1846770 346
1846780 346
1846790 345
1846800 344
1846810 344
1846820 343
1846830 342
1846840 342
1846850 341
1846860 339
1846870 339
1846880 338
1846890 337
1846900 337
1846910 336
1846920 336
1846930 336
1846940 335
1846950 333
1846960 333
1846970 332
1846980 331
1846990 331
1847000 330
1847010 330
1847020 330
1847030 329
1847040 329
1847050 329
1847060 328
1847070 327
1847080 327
1847090 326
1847100 325
1847110 325
1847120 324
1847130 323
1847140 323
1847150 323
1847160 322
1847170 322
1847180 321
1847190 320
1847200 320
1847210 320
1847220 320
1847230 319
1847240 318
1847250 318
1847260 318
1847270 317
1847280 317
1847290 316
1847300 315
1847310 315
1847320 314
1847330 314
1847340 314
1847350 313
1847360 312
1847370 312
1847380 312
1847390 311
1847400 311
1847410 311
1847420 311
1847430 311
1847440 310
1847450 310
1847460 310
1847470 310
1847480 310
1847490 310
1847500 309
1847510 308
1847520 308
1847530 308
1847540 308
1847550 308
1847560 308
1847570 308
1847580 308
1847590 309
1847600 309
1847610 309
1847620 309
1847630 309
1847640 310
1847650 310
1847660 310
1847670 310
1847680 310
1847690 310
1847700 310
1847710 311
1847720 311
1847730 311
1847740 311
1847750 311
1847760 311
1847770 311
1847780 311
1847790 311
1847800 311
1847810 311
1847820 311
1847830 312
1847840 312
1847850 312
1847860 312
1847870 312
1847880 312
1847890 312
1847900 312
1847910 312
1847920 312
1847930 312
1847940 312
1847950 312
1847960 312
1847970 312
1847980 312
1847990 312
1848000 312
1848010 312
1848020 312
1848030 311
1848040 311
1848050 311
1848060 311
1848070 311
1848080 311
1848090 310
1848100 310
1848110 310
1848120 310
1848130 310
1848140 310
1848150 309
1848160 309
1848170 309
1848180 308
1848190 308
1848200 308
1848210 307
1848220 307
1848230 307
1848240 306
1848250 306
1848260 305
1848270 304
1848280 304
1848290 304
1848300 303
1848310 303
1848320 302
1848330 301
1848340 301
1848350 301
1848360 300
1848370 299
1848380 298
1848390 298
1848400 298
1848410 297
1848420 296
1848430 296
1848440 295
1848450 294
1848460 294
1848470 294
1848480 293
1848490 293
1848500 293
1848510 292
1848520 292
1848530 291
1848540 290
1848550 290
1848560 289
1848570 289
1848580 289
1848590 288
1848600 288
1848610 288
1848620 287
1848630 287
1848640 287
1848650 287
1848660 287
1848670 287
1848680 287
1848690 287
1848700 287
1848710 287
1848720 288
1848730 289
1848740 290
1848750 290
1848760 290
1848770 291
1848780 291
1848790 292
1848800 293
1848810 293
1848820 293
1848830 294
1848840 294
1848850 295
1848860 296
1848870 296
1848880 298
1848890 299
1848900 299
1848910 300
1848920 301
1848930 301
1848940 302
1848950 303
1848960 303
1848970 304
1848980 305
1848990 305
1849000 306
1849010 307
1849020 307
1849030 307
1849040 307
1849050 307
1849060 308
1849070 308
1849080 309
1849090 309
1849100 309
1849110 309
1849120 309
1849130 308
1849140 308
1849150 308
1849160 308
1849170 308
1849180 308
1849190 309
1849200 309
1849210 309
1849220 309
1849230 309
1849240 309
1849250 310
1849260 310
1849270 310
1849280 310
1849290 310
1849300 311
1849310 311
1849320 312
1849330 312
1849340 312
1849350 312
1849360 312
1849370 312
1849380 313
1849390 313
1849400 313
1849410 313
1849420 314
1849430 314
1849440 314
1849450 314
1849460 314
1849470 315
1849480 315
1849490 315
1849500 314
1849510 314
1849520 314
1849530 314
1849540 314
1849550 314
1849560 313
1849570 313
1849580 313
1849590 313
1849600 312
1849610 312
1849620 312
1849630 312
1849640 312
1849650 311
1849660 311
1849670 311
1849680 310
1849690 310
1849700 310
1849710 309
1849720 309
1849730 309
1849740 308
1849750 308
1849760 308
1849770 307
1849780 307
1849790 307
1849800 306
1849810 306
1849820 306
1849830 305
1849840 305
1849850 304
1849860 303
1849870 303
1849880 303
1849890 302
1849900 302
1849910 301
1849920 301
1849930 301
1849940 300
1849950 299
1849960 299
1849970 298
1849980 297
1849990 297
1850000 296
1850010 295
1850020 295
1850030 293
1850040 292
1850050 292
1850060 291
1850070 289
1850080 289
1850090 288
1850100 288
1850110 288
1850120 287
1850130 286
1850140 286
1850150 286
1850160 286
1850170 286
1850180 285
1850190 284
1850200 284
1850210 284
1850220 283
1850230 283
1850240 283
1850250 282
1850260 282
1850270 281
1850280 281
1850290 280
1850300 279
1850310 279
1850320 279
1850330 280
1850340 280
1850350 280
1850360 279
1850370 279
1850380 276
1850390 273
1850400 273
1850410 270
1850420 268
1850430 268
1850440 265
1850450 263
1850460 263
1850470 261
1850480 259
1850490 259
1850500 257
1850510 256
1850520 256
1850530 255
1850540 254
1850550 254
1850560 255
1850570 256
1850580 256
1850590 258
1850600 258
1850610 258
1850620 258
1850630 257
1850640 257
1850650 255
1850660 253
1850670 253
1850680 250
1850690 248
1850700 248
1850710 246
1850720 244
1850730 244
1850740 242
1850750 241
1850760 241
1850770 240
1850780 239
1850790 239
1850800 239
1850810 239
1850820 238
1850830 237
1850840 237
1850850 237
1850860 237
1850870 237
1850880 237
1850890 238
1850900 238
1850910 239
1850920 239
1850930 239
1850940 239
1850950 240
1850960 240
1850970 240
1850980 241
1850990 241
1851000 242
1851010 244
1851020 244
1851030 245
1851040 247
1851050 247
1851060 248
1851070 248
1851080 248
1851090 248
1851100 248
1851110 248
1851120 248
1851130 247
1851140 247
1851150 246
1851160 245
1851170 245
1851180 244
1851190 243
1851200 243
1851210 242
1851220 241
1851230 241
1851240 240
1851250 239
1851260 239
1851270 238
1851280 237
1851290 237
1851300 237
1851310 237
1851320 236
1851330 235
1851340 235
1851350 233
1851360 232
1851370 232
1851380 231
1851390 230
1851400 230
1851410 229
1851420 228
1851430 228
1851440 228
1851450 227
1851460 227
1851470 227
1851480 227
1851490 227
1851500 227
1851510 227
1851520 227
1851530 226
1851540 226
1851550 226
1851560 226
1851570 226
1851580 226
1851590 226
1851600 227
1851610 227
1851620 227
1851630 227
1851640 227
1851650 227
1851660 227
1851670 227
1851680 227
1851690 227
1851700 227
1851710 227
1851720 227
1851730 227
1851740 226
1851750 226
1851760 226
1851770 226
1851780 226
1851790 226
1851800 226
1851810 226
1851820 226
1851830 226
1851840 226
1851850 226
1851860 226
1851870 226
1851880 226
1851890 225
1851900 225
1851910 225
1851920 224
1851930 224
1851940 224
1851950 224
1851960 224
1851970 223
1851980 223
1851990 223
1852000 223
1852010 223
1852020 223
1852030 223
1852040 223
1852050 223
1852060 224
1852070 225
1852080 225
1852090 226
1852100 228
1852110 228
1852120 229
1852130 231
1852140 231
1852150 232
1852160 233
1852170 233
1852180 234
1852190 235
1852200 235
1852210 236
1852220 236
1852230 236
1852240 237
1852250 237
1852260 237
1852270 237
1852280 238
1852290 238
1852300 239
1852310 240
1852320 240
1852330 241
1852340 241
1852350 241
1852360 242
1852370 242
1852380 243
1852390 243
1852400 243
1852410 244
1852420 244
1852430 244
1852440 244
1852450 244
1852460 244
1852470 243
1852480 243
1852490 243
1852500 242
1852510 242
1852520 242
1852530 242
1852540 242
1852550 242
1852560 243
1852570 244
1852580 244
1852590 245
1852600 245
1852610 245
1852620 246
1852630 246
1852640 246
1852650 246
1852660 246
1852670 246
1852680 246
1852690 245
1852700 245
1852710 245
1852720 244
1852730 244
1852740 244
1852750 243
1852760 243
1852770 243
1852780 242
1852790 242
1852800 242
1852810 242
1852820 242
1852830 242
1852840 242
1852850 242
1852860 242
1852870 242
1852880 242
1852890 243
1852900 243
1852910 243
1852920 244
1852930 244
1852940 244
1852950 245
1852960 245
1852970 245
1852980 246
1852990 246
1853000 247
1853010 248
1853020 248
1853030 249
1853040 249
1853050 249
1853060 250
1853070 250
1853080 250
1853090 251
1853100 251
1853110 251
1853120 251
1853130 252
1853140 252
1853150 252
1853160 252
1853170 252
1853180 252
1853190 252
1853200 252
1853210 252
1853220 252
1853230 252
1853240 252
1853250 252
1853260 252
1853270 252
1853280 252
1853290 252
1853300 252
1853310 252
1853320 252
1853330 251
1853340 251
1853350 251
1853360 251
1853370 251
1853380 251
1853390 251
1853400 251
1853410 251
1853420 251
1853430 251
1853440 250
1853450 250
1853460 250
1853470 250
1853480 249
1853490 249
1853500 249
1853510 249
1853520 249
1853530 248
1853540 248
1853550 248
1853560 247
1853570 247
1853580 247
1853590 246
1853600 246
1853610 246
1853620 245
1853630 244
1853640 244
1853650 244
1853660 243
1853670 243
1853680 243
1853690 242
1853700 242
1853710 242
1853720 242
1853730 242
1853740 242
1853750 241
1853760 241
1853770 241
1853780 241
1853790 241
1853800 240
1853810 240
1853820 240
1853830 240
1853840 240
1853850 240
1853860 240
1853870 240
1853880 240
1853890 240
1853900 240
1853910 240
1853920 240
1853930 240
1853940 240
1853950 240
1853960 240
1853970 240
1853980 240
1853990 240
1854000 240
1854010 240
1854020 240
1854030 240
1854040 241
1854050 241
1854060 241
1854070 241
1854080 241
1854090 241
1854100 241
1854110 241
1854120 241
1854130 240
1854140 240
1854150 237
1854160 237
1854170 237
1854180 239
1854190 240
1854200 240
1854210 240
1854220 239
1854230 239
1854240 239
1854250 239
1854260 239
1854270 238
1854280 237
1854290 237
1854300 237
1854310 236
1854320 236
1854330 235
1854340 234
1854350 234
1854360 233
1854370 233
1854380 232
1854390 231
1854400 231
1854410 230
1854420 229
1854430 230
1854440 229
1854450 228
1854460 228
1854470 227
1854480 226
1854490 226
1854500 225
1854510 224
1854520 224
1854530 223
1854540 222
1854550 222
1854560 222
1854570 221
1854580 221
1854590 220
1854600 219
1854610 219
1854620 218
1854630 217
1854640 217
1854650 217
1854660 216
1854670 216
1854680 216
1854690 215
1854700 215
1854710 215
1854720 214
1854730 214
1854740 213
1854750 213
1854760 213
1854770 213
1854780 212
1854790 212
1854800 212
1854810 211
1854820 211
1854830 211
1854840 210
1854850 210
1854860 210
1854870 210
1854880 210
1854890 210
1854900 210
1854910 210
1854920 209
1854930 209
1854940 210
1854950 210
1854960 210
1854970 209
1854980 208
1854990 208
1855000 209
1855010 208
1855020 208
1855030 208
1855040 208
1855050 208
1855060 209
1855070 210
1855080 210
1855090 211
1855100 211
1855110 211
1855120 212
1855130 213
1855140 213
1855150 214
1855160 214
1855170 214
1855180 215
1855190 216
1855200 216
1855210 217
1855220 218
1855230 218
1855240 219
1855250 220
1855260 220
1855270 221
1855280 221
1855290 221
1855300 222
1855310 223
1855320 223
1855330 225
1855340 228
1855350 228
1855360 230
1855370 231
1855380 231
1855390 232
1855400 232
1855410 233
1855420 234
1855430 234
1855440 235
1855450 235
1855460 235
1855470 236
1855480 237
1855490 237
1855500 237
1855510 238
1855520 238
1855530 238
1855540 239
1855550 239
1855560 239
1855570 240
1855580 240
1855590 240
1855600 241
1855610 241
1855620 242
1855630 243
1855640 243
1855650 244
1855660 245
1855670 245
1855680 245
1855690 246
1855700 246
1855710 247
1855720 248
1855730 248
1855740 248
1855750 249
1855760 249
1855770 250
1855780 251
1855790 251
1855800 252
1855810 252
1855820 252
1855830 253
1855840 254
1855850 254
1855860 255
1855870 255
1855880 255
1855890 256
1855900 256
1855910 257
1855920 257
1855930 257
1855940 258
1855950 258
1855960 258
1855970 259
1855980 259
1855990 259
1856000 259
1856010 260
1856020 260
1856030 260
1856040 261
1856050 261
1856060 261
1856070 261
1856080 261
1856090 262
1856100 262
1856110 262
1856120 263
1856130 263
1856140 263
1856150 263
1856160 264
1856170 264
1856180 264
1856190 264
1856200 265
1856210 265
1856220 266
1856230 266
1856240 266
1856250 266
1856260 266
1856270 267
1856280 267
1856290 267
1856300 268
1856310 268
1856320 268
1856330 269
1856340 269
1856350 269
1856360 270
1856370 271
1856380 271
1856390 272
1856400 272
1856410 272
1856420 273
1856430 273
1856440 274
1856450 274
1856460 274
1856470 275
1856480 276
1856490 276
1856500 277
1856510 278
1856520 278
1856530 279
1856540 280
1856550 280
1856560 281
1856570 281
1856580 281
1856590 282
1856600 283
1856610 283
1856620 283
1856630 284
1856640 284
1856650 285
1856660 285
1856670 285
1856680 286
1856690 287
1856700 287
1856710 287
1856720 288
1856730 288
1856740 289
1856750 289
1856760 289
1856770 290
1856780 290
1856790 290
1856800 291
1856810 291
1856820 291
1856830 291
1856840 292
1856850 292
1856860 292
1856870 292
1856880 292
1856890 293
1856900 293
1856910 293
1856920 293
1856930 293
1856940 293
1858420 228
1858430 228
1858440 228
1858450 227
1858460 227
1858470 227
1858480 227
1858490 227
1858500 227
1858510 226
1858520 226
1858530 226
1858540 226
1858550 226
1858560 226
1858570 225
1858580 225
1858590 225
1858600 225
1858610 225
1858620 225
1858630 225
1858640 225
1858650 225
1858660 225
1858670 225
1858680 225
1858690 224
1858700 224
1858710 224
1858720 225
1858730 225
1858740 225
1858750 225
1858760 225
1858770 227
1858780 228
1858790 228
1858800 229
1858810 231
1858820 231
1858830 231
1858840 232
1858850 232
1858860 233
1858870 233
1858880 233
1858890 233
1858900 233
1858910 233
1858920 233
1858930 232
1858940 232
1858950 232
1858960 232
1858970 231
1858980 231
1858990 231
1859000 232
1859010 231
1859020 231
1859030 230
1859040 231
1859050 231
1859060 231
1859070 230
1859080 230
1859090 230
1859100 230
1859110 230
1859120 229
1859130 229
1859140 229
1859150 229
1859160 230
1859170 230
1859180 230
1859190 231
1859200 231
1859210 232
1859220 233
1859230 233
1859240 233
1859250 233
1859260 233
1859270 233
1859280 233
1859290 233
1859300 233
1859310 233
1859320 233
1859330 233
1859340 233
1859350 233
1859360 233
1859370 233
1859380 233
1859390 233
1859400 233
1859410 233
1859420 233
1859430 233
1859440 233
1859450 233
1859460 233
1859470 232
1859480 232
1859490 232
1859500 232
1859510 232
1859520 232
1859530 232
1859540 232
1859550 232
1859560 232
1859570 232
1859580 232
1859590 231
1859600 231
1859610 231
1859620 231
1859630 231
1859640 231
1859650 231
1859660 230
1859670 230
1859680 230
1859690 230
1859700 230
1859710 229
1859720 229
1859730 229
1859740 229
1859750 228
1859760 228
1859770 228
1859780 228
1859790 228
1859800 228
1859810 228
1859820 228
1859830 228
1859840 228
1859850 228
1859860 228
1859870 228
1859880 228
1859890 228
1859900 228
1859910 228
1859920 228
1859930 228
1859940 228
1859950 228
1859960 228
1859970 228
1859980 227
1859990 227
