1840000 243
1840010 245
1840020 245
1840030 246
1840040 246
1840050 248
1840060 248
1840070 248
1840080 248
1840090 249
1840100 249
1840110 248
1840120 248
1840130 248
1840140 247
1840150 247
1840160 247
1840170 248
1840180 249
1840190 249
1840200 250
1840210 251
1840220 251
1840230 253
1840240 255
1840250 255
1840260 254
1840270 251
1840280 251
1840290 248
1840300 246
1840310 246
1840320 245
1840330 244
1840340 244
1840350 244
1840360 245
1840370 245
1840380 245
1840390 246
1840400 246
1840410 247
1840420 248
1840430 248
1840440 251
1840450 255
1840460 255
1840470 259
1840480 263
1840490 263
1840500 268
1840510 268
1840520 272
1840530 277
1840540 277
1840550 281
1840560 284
1840570 284
1840580 282
1840590 280
1840600 280
1840610 277
1840620 275
1840630 275
1840640 271
1840650 268
1840660 268
1840670 265
1840680 262
1840690 262
1840700 259
1840710 257
1840720 257
1840730 255
1840740 253
1840750 253
1840760 251
1840770 249
1840780 249
1840790 247
1840800 245
1840810 245
1840820 243
1840830 242
1840840 242
1840850 240
1840860 240
1840870 240
1840880 239
1840890 239
1840900 239
1840910 240
1840920 241
1840930 241
1840940 242
1840950 243
1840960 243
1840970 244
1840980 244
1840990 244
1841000 245
1841010 245
1841020 245
1841030 246
1841040 246
1841050 246
1841060 247
1841070 247
1841080 247
1841090 247
1841100 247
1841110 248
1841120 249
1841130 249
1841140 249
1841150 249
1841160 249
1841170 250
1841180 251
1841190 251
1841200 252
1841210 253
1841220 253
1841230 254
1841240 255
1841250 255
1841260 256
1841270 257
1841280 257
1841290 258
1841300 259
1841310 259
1841320 259
1841330 259
1841340 259
1841350 259
1841360 259
1841370 259
1841380 259
1841390 259
1841400 259
1841410 258
1841420 256
1841430 256
1841440 255
1841450 253
1841460 253
1841470 252
1841480 252
1841490 249
1841500 247
1841510 247
1841520 243
1841530 241
1841540 241
1841550 240
1841560 239
1841570 239
1841580 238
1841590 237
1841600 237
1841610 237
1841620 237
1841630 237
1841640 234
1841650 232
1841660 232
1841670 231
1841680 231
1841690 231
1841700 231
1841710 231
1841720 231
1841730 231
1841740 231
1841750 231
1841760 231
1841770 230
1841780 230
1841790 230
1841800 229
1841810 229
1841820 229
1841830 229
1841840 229
1841850 230
1841860 231
1841870 231
1841880 232
1841890 231
1841900 231
1841910 232
1841920 232
1841930 232
1841940 232
1841950 232
1841960 232
1841970 233
1841980 233
1841990 233
1842000 234
1842010 234
1842020 236
1842030 237
1842040 237
1842050 237
1842060 238
1842070 238
1842080 238
1842090 238
1842100 238
1842110 238
1842120 237
1842130 237
1842140 236
1842150 236
1842160 236
1842170 235
1842180 234
1842190 234
1842200 233
1842210 232
1842220 232
1842230 231
1842240 230
1842250 229
1842260 228
1842270 227
1842280 227
1842290 226
1842300 226
1842310 226
1842320 226
1842330 225
1842340 225
1842350 224
1842360 223
1842370 223
1842380 223
1842390 223
1842400 223
1842410 223
1842420 222
1842430 222
1842440 221
1842450 221
1842460 221
1842470 222
1842480 222
1842490 224
1842500 224
1842510 224
1842520 224
1842530 223
1842540 223
1842550 223
1842560 224
1842570 224
1842580 224
1842590 225
1842600 225
1842610 226
1842620 227
1842630 227
1842640 229
1842650 231
1842660 231
1842670 232
1842680 233
1842690 233
1842700 235
1842710 237
1842720 237
1842730 239
1842740 241
1842750 241
1842760 244
1842770 246
1842780 246
1842790 250
1842800 253
1842810 253
1842820 257
1842830 261
1842840 261
1842850 265
1842860 268
1842870 268
1842880 270
1842890 270
1842900 270
1842910 269
1842920 267
1842930 267
1842940 265
1842950 265
1842960 263
1842970 260
1842980 260
1842990 260
1843000 260
1843010 260
1843020 262
1843030 263
1843040 263
1843050 265
1843060 267
1843070 267
1843080 271
1843090 272
1843100 272
1843110 273
1843120 273
1843130 273
1843140 273
1843150 272
1843160 272
1843170 271
1843180 271
1843190 271
1843200 270
1843210 269
1843220 269
1843230 268
1843240 268
1843250 268
1843260 267
1843270 267
1843280 267
1843290 264
1843300 261
1843310 261
1843320 260
1843330 259
1843340 259
1843350 256
1843360 255
1843370 255
1843380 254
1843390 254
1843400 254
1843410 253
1843420 253
1843430 253
1843440 253
1843450 253
1843460 252
1843470 252
1843480 252
1843490 252
1843500 252
1843510 252
1843520 251
1843530 251
1843540 251
1843550 251
1843560 251
1843570 251
1843580 250
1843590 249
1843600 249
1843610 248
1843620 247
1843630 247
1843640 247
1843650 246
1843660 246
1843670 245
1843680 244
1843690 244
1843700 243
1843710 243
1843720 242
1843730 241
1843740 240
1843750 240
1843760 240
1843770 239
1843780 239
1843790 238
1843800 237
1843810 237
1843820 236
1843830 235
1843840 235
1843850 235
1843860 234
1843870 234
1843880 233
1843890 233
1843900 233
1843910 232
1843920 232
1843930 232
1843940 231
1843950 231
1843960 231
1843970 230
1843980 230
1843990 229
1844000 229
1844010 229
1844020 228
1844030 228
1844040 228
1844050 227
1844060 227
1844070 227
1844080 226
1844090 226
1844100 226
1844110 225
1844120 225
1844130 225
1844140 225
1844150 225
1844160 225
1844170 224
1844180 224
1844190 224
1844200 224
1844210 224
1844220 224
1844230 224
1844240 224
1844250 224
1844260 224
1844270 225
1844280 225
1844290 226
1844300 227
1844310 227
1844320 228
1844330 229
1844340 229
1844350 231
1844360 233
1844370 233
1844380 235
1844390 237
1844400 237
1844410 239
1844420 239
1844430 241
1844440 243
1844450 243
1844460 245
1844470 248
1844480 248
1844490 250
1844500 253
1844510 253
1844520 254
1844530 255
1844540 255
1844550 256
1844560 257
1844570 257
1844580 258
1844590 259
1844600 259
1844610 259
1844620 259
1844630 259
1844640 259
1844650 259
1844660 259
1844670 259
1844680 259
1844690 259
1844700 259
1844710 258
1844720 258
1844730 258
1844740 257
1844750 257
1844760 257
1844770 256
1844780 256
1844790 256
1844800 256
1844810 255
1844820 254
1844830 254
1844840 254
1844850 254
1844860 254
1844870 254
1844880 254
1844890 254
1844900 254
1844910 253
1844920 253
1844930 253
1844940 253
1844950 253
1844960 253
1844970 252
1844980 252
1844990 251
1845000 251
1845010 251
1845020 250
1845030 250
1845040 250
1845050 249
1845060 248
1845070 248
1845080 248
1845090 248
1845100 248
1845110 247
1845120 247
1845130 247
1845140 246
1845150 246
1845160 246
1845170 246
1845180 246
1845190 246
1845200 245
1845210 245
1845220 245
1845230 245
1845240 245
1845250 245
1845260 245
1845270 245
1845280 245
1845290 245
1845300 245
1845310 245
1845320 245
1845330 245
1845340 245
1845350 244
1845360 244
1845370 244
1845380 243
1845390 242
1845400 242
1845410 240
1845420 240
1845430 240
1845440 239
1845450 239
1845460 238
1845470 238
1845480 238
1845490 237
1845500 236
1845510 236
1845520 236
1845530 236
1845540 236
1845550 236
1845560 237
1845570 237
1845580 237
1845590 237
1845600 237
1845610 239
1845620 242
1845630 242
1845640 246
1845650 249
1845660 249
1845670 251
1845680 253
1845690 253
1845700 255
1845710 257
1845720 257
1845730 259
1845740 261
1845750 261
1845760 263
1845770 265
1845780 265
1845790 267
1845800 269
1845810 269
1845820 270
1845830 270
1845840 270
1845850 271
1845860 271
1845870 271
1845880 271
1845890 271
1845900 271
1845910 271
1845920 271
1845930 271
1845940 271
1845950 271
1845960 271
1845970 271
1845980 271
1845990 271
1846000 268
1846010 268
1846020 267
1846030 270
1846040 270
1846050 272
1846060 273
1846070 273
1846080 273
1846090 274
1846100 274
1846110 274
1846120 275
1846130 275
1846140 275
1846150 276
1846160 276
1846170 276
1846180 276
1846190 276
1846200 277
1846210 277
1846220 277
1846230 277
1846240 277
1846250 277
1846260 277
1846270 278
1846280 278
1846290 278
1846300 278
1846310 278
1846320 278
1846330 278
1846340 278
1846350 278
1846360 278
1846370 278
1846380 278
1846390 278
1846400 278
1846410 277
1846420 277
1846430 277
1846440 276
1846450 276
1846460 276
1846470 275
1846480 275
1846490 274
1846500 273
1846510 273
1846520 272
1846530 271
1846540 271
1846550 270
1846560 269
1846570 269
1846580 269
1846590 268
1846600 268
1846610 266
1846620 265
1846630 265
1846640 263
1846650 262
1846660 262
1846670 261
1846680 260
1846690 260
1846700 258
1846710 257
1846720 257
1846730 256
1846740 256
1846750 256
1846760 255
1846770 255
1846780 255
1846790 255
1846800 255
1846810 255
1846820 255
1846830 255
1846840 255
1846850 256
1846860 256
1846870 256
1846880 257
1846890 257
1846900 259
1846910 260
1846920 260
1846930 262
1846940 264
1846950 264
1846960 265
1846970 267
1846980 266
1846990 267
1847000 268
1847010 268
1847020 269
1847030 270
1847040 270
1847050 271
1847060 272
1847070 272
1847080 273
1847090 274
1847100 274
1847110 275
1847120 276
1847130 276
1847140 276
1847150 277
1847160 277
1847170 278
1847180 279
1847190 279
1847200 280
1847210 280
1847220 280
1847230 281
1847240 281
1847250 281
1847260 282
1847270 282
1847280 282
1847290 283
1847300 283
1847310 283
1847320 283
1847330 284
1847340 283
1847350 283
1847360 283
1847370 283
1847380 284
1847390 284
1847400 283
1847410 283
1847420 283
1847430 283
1847440 283
1847450 283
1847460 283
1847470 283
1847480 283
1847490 282
1847500 282
1847510 282
1847520 282
1847530 282
1847540 282
1847550 281
1847560 281
1847570 281
1847580 281
1847590 281
1847600 281
1847610 280
1847620 280
1847630 280
1847640 280
1847650 279
1847660 279
1847670 279
1847680 279
1847690 279
1847700 278
1847710 277
1847720 277
1847730 277
1847740 277
1847750 277
1847760 276
1847770 276
1847780 276
1847790 275
1847800 275
1847810 275
1847820 274
1847830 273
1847840 273
1847850 272
1847860 272
1847870 272
1847880 271
1847890 271
1847900 270
1847910 269
1847920 269
1847930 269
1847940 268
1847950 268
1847960 267
1847970 266
1847980 266
1847990 265
1848000 264
1848010 264
1848020 263
1848030 262
1848040 262
1848050 261
1848060 260
1848070 259
1848080 258
1848090 257
1848100 257
1848110 255
1848120 253
1848130 253
1848140 252
1848150 251
1848160 251
1848170 250
1848180 250
1848190 250
1848200 250
1848210 249
1848220 249
1848230 248
1848240 247
1848250 247
1848260 247
1848270 247
1848280 247
1848290 248
1848300 250
1848310 250
1848320 252
1848330 252
1848340 255
1848350 256
1848360 256
1848370 258
1848380 259
1848390 259
1848400 260
1848410 262
1848420 262
1848430 262
1848440 264
1848450 264
1848460 265
1848470 266
1848480 266
1848490 266
1848500 267
1848510 267
1848520 268
1848530 268
1848540 268
1848550 268
1848560 269
1848570 269
1848580 269
1848590 270
1848600 270
1848610 271
1848620 272
1848630 272
1848640 273
1848650 274
1848660 274
1848670 275
1848680 276
1848690 276
1848700 277
1848710 277
1848720 277
1848730 278
1848740 278
1848750 278
1848760 279
1848770 279
1848780 279
1848790 279
1848800 279
1848810 279
1848820 279
1848830 279
1848840 279
1848850 279
1848860 279
1848870 279
1848880 279
1848890 279
1848900 279
1848910 279
1848920 279
1848930 279
1848940 279
1848950 279
1848960 279
1848970 278
1848980 278
1848990 278
1849000 278
1849010 278
1849020 278
1849030 278
1849040 278
1849050 277
1849060 277
1849070 277
1849080 277
1849090 277
1849100 277
1849110 277
1849120 277
1849130 277
1849140 277
1849150 277
1849160 277
1849170 277
1849180 278
1849190 278
1849200 278
1849210 278
1849220 278
1849230 278
1849240 278
1849250 278
1849260 279
1849270 279
1849280 279
1849290 279
1849300 279
1849310 280
1849320 280
1849330 280
1849340 280
1849350 280
1849360 280
1849370 281
1849380 281
1849390 281
1849400 281
1849410 281
1849420 281
1849430 281
1849440 281
1849450 281
1849460 281
1849470 282
1849480 282
1849490 282
1849500 283
1849510 283
1849520 283
1849530 283
1849540 283
1849550 284
1849560 284
1849570 284
1849580 284
1849590 284
1849600 284
1849610 284
1849620 284
1849630 284
1849640 284
1849650 284
1849660 284
1849670 284
1849680 283
1849690 283
1849700 283
1849710 283
1849720 283
1849730 283
1849740 282
1849750 282
1849760 282
1849770 281
1849780 281
1849790 280
1849800 280
1849810 279
1849820 278
1849830 278
1849840 277
1849850 275
1849860 275
1849870 272
1849880 270
1849890 270
1849900 267
1849910 264
1849920 264
1849930 261
1849940 258
1849950 258
1849960 256
1849970 254
1849980 254
1849990 254
1850000 253
1850010 253
1850020 249
1850030 247
1850040 247
1850050 247
1850060 246
1850070 246
1850080 245
1850090 244
1850100 244
1850110 244
1850120 244
1850130 244
1850140 245
1850150 245
1850160 245
1850170 245
1850180 245
1850190 245
1850200 245
1850210 245
1850220 246
1850230 246
1850240 245
1850250 245
1850260 245
1850270 245
1850280 245
1850290 244
1850300 244
1850310 244
1850320 244
1850330 244
1850340 244
1850350 243
1850360 243
1850370 243
1850380 243
1850390 243
1850400 242
1850410 242
1850420 242
1850430 242
1850440 242
1850450 242
1850460 242
1850470 242
1850480 242
1850490 242
1850500 242
1850510 242
1850520 241
1850530 241
1850540 241
1850550 241
1850560 240
1850570 240
1850580 240
1850590 240
1850600 240
1850610 239
1850620 238
1850630 238
1850640 237
1850650 236
1850660 236
1850670 235
1850680 234
1850690 234
1850700 233
1850710 232
1850720 232
1850730 231
1850740 230
1850750 230
1850760 229
1850770 229
1850780 228
1850790 227
1850800 227
1850810 226
1850820 225
1850830 225
1850840 224
1850850 223
1850860 223
1850870 223
1850880 222
1850890 222
1850900 222
1850910 222
1850920 222
1850930 223
1850940 224
1850950 224
1850960 225
1850970 227
1850980 227
1850990 228
1851000 229
1851010 229
1851020 230
1851030 231
1851040 231
1851050 231
1851060 232
1851070 232
1851080 232
1851090 233
1851100 233
1851110 233
1851120 233
1851130 233
1851140 232
1851150 232
1851160 232
1851170 231
1851180 230
1851190 230
1851200 229
1851210 228
1851220 228
1851230 226
1851240 225
1851250 225
1851260 224
1851270 224
1851280 223
1851290 223
1851300 223
1851310 222
1851320 222
1851330 222
1851340 223
1851350 224
1851360 224
1851370 225
1851380 226
1851390 226
1851400 227
1851410 228
1851420 228
1851430 229
1851440 230
1851450 230
1851460 230
1851470 230
1851480 230
1851490 230
1851500 230
1851510 230
1851520 229
1851530 228
1851540 228
1851550 227
1851560 225
1851570 225
1851580 223
1851590 222
1851600 222
1851610 221
1851620 220
1851630 220
1851640 221
1851650 224
1851660 224
1851670 225
1851680 226
1851690 226
1851700 228
1851710 229
1851720 229
1851730 230
1851740 230
1851750 231
1851760 232
1851770 232
1851780 232
1851790 233
1851800 233
1851810 233
1851820 233
1851830 233
1851840 232
1851850 232
1851860 232
1851870 231
1851880 231
1851890 231
1851900 230
1851910 229
1851920 229
1851930 228
1851940 227
1851950 227
1851960 226
1851970 224
1851980 224
1851990 223
1852000 221
1852010 222
1852020 221
1852030 220
1852040 220
1852050 220
1852060 219
1852070 219
1852080 220
1852090 221
1852100 221
1852110 221
1852120 222
1852130 222
1852140 223
1852150 223
1852160 223
1852170 224
1852180 224
1852190 224
1852200 225
1852210 226
1852220 226
1852230 226
1852240 226
1852250 227
1852260 227
1852270 227
1852280 228
1852290 228
1852300 228
1852310 228
1852320 229
1852330 229
1852340 229
1852350 229
1852360 230
1852370 230
1852380 230
1852390 230
1852400 229
1852410 229
1852420 229
1852430 228
1852440 228
1852450 228
1852460 227
1852470 226
1852480 226
1852490 225
1852500 224
1852510 224
1852520 224
1852530 223
1852540 223
1852550 223
1852560 224
1852570 224
1852580 224
1852590 224
1852600 224
1852610 225
1852620 225
1852630 225
1852640 225
1852650 226
1852660 226
1852670 226
1852680 226
1852690 226
1852700 227
1852710 228
1852720 229
1852730 229
1852740 229
1852750 229
1852760 229
1852770 229
1852780 229
1852790 229
1852800 229
1852810 229
1852820 228
1852830 228
1852840 228
1852850 228
1852860 228
1852870 228
1852880 227
1852890 227
1852900 227
1852910 227
1852920 227
1852930 227
1852940 226
1852950 226
1852960 226
1852970 225
1852980 225
1852990 225
1853000 224
1853010 224
1853020 223
1853030 223
1853040 223
1853050 222
1853060 222
1853070 222
1853080 221
1853090 221
1853100 221
1853110 218
1853120 214
1853130 214
1853140 214
1853150 216
1853160 216
1853170 218
1853180 218
1853190 218
1853200 217
1853210 217
1853220 217
1853230 216
1853240 216
1853250 215
1853260 214
1853270 214
1853280 213
1853290 212
1853300 212
1853310 212
1853320 211
1853330 211
1853340 210
1853350 209
1853360 209
1853370 207
1853380 207
1853390 207
1853400 206
1853410 206
1853420 206
1853430 206
1853440 205
1853450 205
1853460 205
1853470 205
1853480 205
1853490 205
1853500 205
1853510 205
1853520 204
1853530 205
1853540 205
1853550 205
1853560 204
1853570 204
1853580 204
1853590 203
1853600 203
1853610 204
1853620 204
1853630 204
1853640 203
1853650 204
1853660 204
1853670 204
1853680 204
1853690 204
1853700 205
1853710 205
1853720 205
1853730 205
1853740 205
1853750 206
1853760 207
1853770 207
1853780 207
1853790 208
1853800 208
1853810 210
1853820 211
1853830 211
1853840 212
1853850 213
1853860 213
1853870 214
1853880 214
1853890 214
1853900 214
1853910 215
1853920 215
1853930 215
1853940 216
1853950 216
1853960 216
1853970 217
1853980 217
1853990 217
1854000 218
1854010 218
1854020 219
1854030 219
1854040 219
1854050 220
1854060 221
1854070 221
1854080 222
1854090 222
1854100 222
1854110 222
1854120 222
1854130 222
1854140 222
1854150 222
1854160 222
1854170 222
1854180 222
1854190 221
1854200 221
1854210 221
1854220 221
1854230 221
1854240 221
1854250 220
1854260 220
1854270 220
1854280 220
1854290 220
1854300 220
1854310 219
1854320 219
1854330 219
1854340 219
1854350 218
1854360 218
1854370 218
1854380 218
1854390 218
1854400 217
1854410 217
1854420 217
1854430 217
1854440 216
1854450 216
1854460 216
1854470 216
1854480 216
1854490 215
1854500 215
1854510 215
1854520 214
1854530 214
1854540 214
1854550 213
1854560 213
1854570 213
1854580 212
1854590 212
1854600 212
1854610 212
1854620 211
1854630 211
1854640 210
1854650 210
1854660 210
1854670 209
1854680 209
1854690 207
1854700 206
1854710 206
1854720 205
1854730 203
1854740 203
1854750 202
1854760 201
1854770 201
1854780 200
1854790 199
1854800 199
1854810 198
1854820 198
1854830 198
1854840 198
1854850 198
1854860 198
1854870 198
1854880 198
1854890 198
1854900 198
1854910 200
1854920 200
1854930 201
1854940 201
1854950 201
1854960 202
1854970 206
1854980 206
1854990 210
1855000 210
1855010 210
1855020 211
1855030 213
1855040 213
1855050 214
1855060 215
1855070 215
1855080 216
1855090 217
1855100 217
1855110 217
1855120 218
1855130 218
1855140 219
1855150 219
1855160 220
1855170 220
1855180 220
1855190 221
1855200 222
1855210 222
1855220 222
1855230 223
1855240 223
1855250 223
1855260 224
1855270 224
1855280 224
1855290 225
1855300 225
1855310 225
1855320 225
1855330 225
1855340 225
1855350 226
1855360 226
1855370 226
1855380 226
1855390 226
1855400 227
1855410 227
1855420 227
1855430 227
1855440 227
1855450 227
1855460 228
1855470 228
1855480 228
1855490 229
1855500 230
1855510 230
1855520 230
1855530 231
1855540 231
1855550 232
1855560 233
1855570 233
1855580 233
1855590 234
1855600 234
1855610 235
1855620 235
1855630 235
1855640 236
1855650 236
1855660 237
1855670 238
1855680 238
1855690 239
1855700 241
1855710 241
1855720 243
1855730 244
1855740 244
1855750 244
1855760 245
1855770 245
1855780 246
1855790 246
1855800 246
1855810 246
1855820 247
1855830 247
1855840 247
1855850 247
1855860 247
1855870 247
1855880 248
1855890 248
1855900 248
1855910 249
1855920 249
1855930 249
1855940 249
1855950 249
1855960 250
1855970 250
1855980 250
1855990 250
1856000 251
1856010 251
1856020 251
1856030 251
1856040 251
1856050 252
1856060 252
1856070 252
1856080 252
1856090 253
1856100 253
1856110 253
1856120 253
1856130 253
1856140 254
1856150 254
1856160 254
1856170 255
1856180 255
1856190 255
1856200 256
1856210 256
1856220 256
1856230 256
1856240 256
1856250 257
1856260 258
1856270 258
1856280 259
1856290 260
1856300 260
1856310 260
1856320 261
1856330 261
1856340 262
1856350 263
1856360 263
1856370 264
1856380 265
1856390 265
1856400 265
1856410 266
1856420 266
1856430 267
1856440 268
1856450 268
1856460 268
1856470 269
1856480 269
1856490 269
1856500 270
1856510 270
1856520 271
1856530 271
1856540 271
1856550 272
1856560 272
1856570 272
1856580 273
1856590 273
1856600 273
1856610 274
1856620 274
1856630 274
1856640 275
1856650 275
1856660 275
1856670 275
1856680 275
1856690 276
1856700 276
1856710 276
1856720 276
1856730 276
1856740 276
1856750 276
1856760 276
1856770 276
1856780 277
1856790 276
1856800 276
1856810 276
1856820 276
1856830 276
1856840 276
1856850 276
1856860 276
1856870 275
1856880 274
1856890 274
