1840000 286
1840010 286
1840020 285
1840030 285
1840040 285
1840050 285
1840060 285
1840070 286
1840080 286
1840090 286
1840100 287
1840110 286
1840120 286
1840130 285
1840140 285
1840150 283
1840160 282
1840170 282
1840180 281
1840190 280
1840200 280
1840210 279
1840220 278
1840230 278
1840240 278
1840250 278
1840260 276
1840270 276
1840280 275
1840290 275
1840300 274
1840310 274
1840320 274
1840330 273
1840340 272
1840350 272
1840360 271
1840370 270
1840380 270
1840390 268
1840400 268
1840410 268
1840420 267
1840430 267
1840440 267
1840450 266
1840460 266
1840470 266
1840480 266
1840490 266
1840500 266
1840510 265
1840520 265
1840530 265
1840540 265
1840550 266
1840560 266
1840570 266
1840580 266
1840590 266
1840600 266
1840610 266
1840620 265
1840630 265
1840640 265
1840650 266
1840660 266
1840670 266
1840680 266
1840690 266
1840700 266
1840710 266
1840720 266
1840730 266
1840740 266
1840750 267
1840760 267
1840770 267
1840780 267
1840790 267
1840800 267
1840810 267
1840820 267
1840830 266
1840840 266
1840850 266
1840860 266
1840870 265
1840880 265
1840890 266
1840900 266
1840910 266
1840920 266
1840930 266
1840940 266
1840950 266
1840960 266
1840970 266
1840980 266
1840990 266
1841000 266
1841010 266
1841020 266
1841030 266
1841040 266
1841050 266
1841060 266
1841070 266
1841080 265
1841090 265
1841100 265
1841110 265
1841120 265
1841130 264
1841140 264
1841150 264
1841160 264
1841170 264
1841180 263
1841190 262
1841200 262
1841210 261
1841220 260
1841230 260
1841240 258
1841250 258
1841260 258
1841270 257
1841280 257
1841290 257
1841300 257
1841310 257
1841320 257
1841330 257
1841340 258
1841350 258
1841360 259
1841370 260
1841380 260
1841390 262
1841400 264
1841410 264
1841420 266
1841430 267
1841440 267
1841450 268
1841460 269
1841470 269
1841480 271
1841490 273
1841500 273
1841510 274
1841520 276
1841530 276
1841540 277
1841550 279
1841560 279
1841570 280
1841580 282
1841590 282
1841600 283
1841610 283
1841620 284
1841630 285
1841640 285
1841650 286
1841660 287
1841670 287
1841680 288
1841690 289
1841700 289
1841710 290
1841720 291
1841730 290
1841740 291
1841750 291
1841760 291
1841770 292
1841780 293
1841790 293
1841800 295
1841810 295
1841820 295
1841830 296
1841840 296
1841850 296
1841860 296
1841870 296
1841880 296
1841890 295
1841900 295
1841910 295
1841920 295
1841930 294
1841940 294
1841950 294
1841960 294
1841970 294
1841980 294
1841990 294
1842000 294
1842010 294
1842020 293
1842030 293
1842040 292
1842050 292
1842060 292
1842070 291
1842080 290
1842090 289
1842100 288
1842110 288
1842120 287
1842130 286
1842140 286
1842150 285
1842160 283
1842170 283
1842180 282
1842190 280
1842200 280
1842210 279
1842220 277
1842230 277
1842240 276
1842250 276
1842260 276
1842270 275
1842280 274
1842290 274
1842300 273
1842310 271
1842320 271
1842330 270
1842340 270
1842350 270
1842360 272
1842370 274
1842380 274
1842390 275
1842400 277
1842410 277
1842420 278
1842430 279
1842440 279
1842450 279
1842460 279
1842470 279
1842480 279
1842490 279
1842500 279
1842510 279
1842520 278
1842530 278
1842540 278
1842550 277
1842560 277
1842570 277
1842580 278
1842590 278
1842600 279
1842610 279
1842620 280
1842630 281
1842640 281
1842650 282
1842660 283
1842670 283
1842680 284
1842690 286
1842700 286
1842710 287
1842720 288
1842730 288
1842740 288
1842750 289
1842760 289
1842770 290
1842780 290
1842790 290
1842800 291
1842810 291
1842820 291
1842830 291
1842840 291
1842850 291
1842860 292
1842870 292
1842880 292
1842890 292
1842900 292
1842910 292
1842920 292
1842930 292
1842940 292
1842950 293
1842960 293
1842970 293
1842980 294
1842990 294
1843000 294
1843010 293
1843020 293
1843030 293
1843040 293
1843050 292
1843060 292
1843070 292
1843080 292
1843090 292
1843100 291
1843110 291
1843120 291
1843130 290
1843140 290
1843150 290
1843160 289
1843170 289
1843180 289
1843190 289
1843200 289
1843210 288
1843220 286
1843230 286
1843240 284
1843250 283
1843260 283
1843270 282
1843280 280
1843290 280
1843300 278
1843310 276
1843320 276
1843330 274
1843340 272
1843350 272
1843360 271
1843370 269
1843380 269
1843390 267
1843400 266
1843410 266
1843420 264
1843430 263
1843440 263
1843450 261
1843460 259
1843470 259
1843480 258
1843490 256
1843500 256
1843510 255
1843520 254
1843530 254
1843540 251
1843550 246
1843560 246
1843570 244
1843580 242
1843590 242
1843600 240
1843610 240
1843620 239
1843630 239
1843640 239
1843650 239
1843660 239
1843670 239
1843680 240
1843690 241
1843700 241
1843710 242
1843720 243
1843730 243
1843740 245
1843750 247
1843760 247
1843770 249
1843780 251
1843790 251
1843800 253
1843810 255
1843820 255
1843830 257
1843840 259
1843850 259
1843860 261
1843870 263
1843880 263
1843890 264
1843900 266
1843910 266
1843920 266
1843930 267
1843940 267
1843950 268
1843960 269
1843970 269
1843980 269
1843990 270
1844000 270
1844010 271
1844020 272
1844030 272
1844040 273
1844050 273
1844060 273
1844070 274
1844080 274
1844090 275
1844100 276
1844110 276
1844120 276
1844130 277
1844140 277
1844150 277
1844160 277
1844170 277
1844180 277
1844190 277
1844200 277
1844210 277
1844220 278
1844230 278
1844240 279
1844250 280
1844260 280
1844270 281
1844280 281
1844290 281
1844300 282
1844310 283
1844320 283
1844330 283
1844340 283
1844350 283
1844360 283
1844370 284
1844380 284
1844390 284
1844400 284
1844410 284
1844420 284
1844430 284
1844440 284
1844450 284
1844460 284
1844470 284
1844480 284
1844490 284
1844500 284
1844510 284
1844520 284
1844530 284
1844540 284
1844550 284
1844560 284
1844570 284
1844580 284
1844590 285
1844600 285
1844610 285
1844620 285
1844630 285
1844640 285
1844650 284
1844660 284
1844670 284
1844680 285
1844690 284
1844700 284
1844710 284
1844720 284
1844730 284
1844740 284
1844750 284
1844760 284
1844770 284
1844780 284
1844790 284
1844800 284
1844810 284
1844820 284
1844830 283
1844840 283
1844850 283
1844860 283
1844870 283
1844880 283
1844890 282
1844900 282
1844910 282
1844920 282
1844930 281
1844940 281
1844950 281
1844960 281
1844970 281
1844980 280
1844990 279
1845000 279
1845010 278
1845020 278
1845030 278
1845040 277
1845050 276
1845060 276
1845070 274
1845080 274
1845090 273
1845100 272
1845110 272
1845120 271
1845130 269
1845140 269
1845150 268
1845160 266
1845170 266
1845180 265
1845190 263
1845200 263
1845210 261
1845220 260
1845230 260
1845240 257
1845250 255
1845260 255
1845270 253
1845280 251
1845290 251
1845300 250
1845310 249
1845320 249
1845330 249
1845340 249
1845350 249
1845360 249
1845370 248
1845380 248
1845390 248
1845400 248
1845410 248
1845420 249
1845430 248
1845440 248
1845450 249
1845460 249
1845470 249
1845480 249
1845490 249
1845500 249
1845510 250
1845520 251
1845530 251
1845540 252
1845550 254
1845560 254
1845570 255
1845580 255
1845590 256
1845600 258
1845610 258
1845620 260
1845630 263
1845640 263
1845650 265
1845660 267
1845670 267
1845680 269
1845690 271
1845700 271
1845710 274
1845720 276
1845730 276
1845740 278
1845750 280
1845760 280
1845770 281
1845780 283
1845790 283
1845800 284
1845810 286
1845820 286
1845830 287
1845840 287
1845850 287
1845860 288
1845870 289
1845880 289
1845890 289
1845900 290
1845910 290
1845920 290
1845930 291
1845940 291
1845950 291
1845960 292
1845970 292
1845980 293
1845990 293
1846000 293
1846010 294
1846020 294
1846030 294
1846040 295
1846050 295
1846060 296
1846070 296
1846080 296
1846090 297
1846100 297
1846110 297
1846120 297
1846130 297
1846140 297
1846150 297
1846160 297
1846170 297
1846180 297
1846190 297
1846200 297
1846210 297
1846220 296
1846230 296
1846240 296
1846250 296
1846260 296
1846270 295
1846280 295
1846290 295
1846300 294
1846310 294
1846320 294
1846330 293
1846340 292
1846350 292
1846360 291
1846370 291
1846380 291
1846390 290
1846400 290
1846410 290
1846420 289
1846430 289
1846440 289
1846450 289
1846460 288
1846470 288
1846480 287
1846490 286
1846500 286
1846510 285
1846520 285
1846530 285
1846540 284
1846550 284
1846560 283
1846570 282
1846580 282
1846590 281
1846600 280
1846610 280
1846620 279
1846630 278
1846640 278
1846650 277
1846660 277
1846670 277
1846680 276
1846690 275
1846700 275
1846710 274
1846720 274
1846730 274
1846740 274
1846750 274
1846760 274
1846770 274
1846780 274
1846790 274
1846800 274
1846810 275
1846820 275
1846830 276
1846840 277
1846850 277
1846860 279
1846870 280
1846880 280
1846890 281
1846900 282
1846910 282
1846920 283
1846930 284
1846940 284
1846950 285
1846960 285
1846970 285
1846980 285
1846990 285
1847000 285
1847010 285
1847020 285
1847030 285
1847040 285
1847050 285
1847060 284
1847070 284
1847080 284
1847090 283
1847100 283
1847110 283
1847120 282
1847130 282
1847140 282
1847150 282
1847160 282
1847170 282
1847180 280
1847190 280
1847200 280
1847210 280
1847220 281
1847230 281
1847240 281
1847250 282
1847260 282
1847270 283
1847280 284
1847290 284
1847300 284
1847310 284
1847320 284
1847330 285
1847340 286
1847350 286
1847360 286
1847370 287
1847380 287
1847390 288
1847400 288
1847410 288
1847420 289
1847430 289
1847440 289
1847450 290
1847460 290
1847470 290
1847480 290
1847490 290
1847500 290
1847510 290
1847520 290
1847530 290
1847540 290
1847550 290
1847560 290
1847570 290
1847580 290
1847590 290
1847600 290
1847610 290
1847620 289
1847630 289
1847640 289
1847650 288
1847660 288
1847670 288
1847680 287
1847690 287
1847700 287
1847710 286
1847720 285
1847730 285
1847740 285
1847750 284
1847760 284
1847770 283
1847780 283
1847790 283
1847800 282
1847810 282
1847820 282
1847830 281
1847840 278
1847850 278
1847860 275
1847870 275
1847880 275
1847890 276
1847900 275
1847910 276
1847920 275
1847930 274
1847940 274
1847950 274
1847960 273
1847970 273
1847980 273
1847990 273
1848000 273
1848010 272
1848020 272
1848030 272
1848040 271
1848050 271
1848060 271
1848070 271
1848080 271
1848090 271
1848100 270
1848110 270
1848120 270
1848130 271
1848140 271
1848150 271
1848160 271
1848170 271
1848180 271
1848190 272
1848200 272
1848210 272
1848220 272
1848230 272
1848240 272
1848250 272
1848260 272
1848270 273
1848280 274
1848290 274
1848300 275
1848310 276
1848320 276
1848330 278
1848340 280
1848350 280
1848360 281
1848370 282
1848380 282
1848390 282
1848400 283
1848410 283
1848420 284
1848430 285
1848440 285
1848450 286
1848460 287
1848470 287
1848480 288
1848490 288
1848500 288
1848510 289
1848520 289
1848530 289
1848540 289
1848550 289
1848560 289
1848570 290
1848580 290
1848590 291
1848600 291
1848610 291
1848620 291
1848630 291
1848640 291
1848650 291
1848660 291
1848670 291
1848680 291
1848690 291
1848700 291
1848710 292
1848720 292
1848730 292
1848740 292
1848750 293
1848760 293
1848770 293
1848780 294
1848790 294
1848800 294
1848810 294
1848820 294
1848830 295
1848840 295
1848850 295
1848860 295
1848870 295
1848880 295
1848890 295
1848900 295
1848910 295
1848920 295
1848930 296
1848940 296
1848950 296
1848960 296
1848970 296
1848980 296
1848990 295
1849000 295
1849010 295
1849020 295
1849030 295
1849040 295
1849050 295
1849060 295
1849070 295
1849080 295
1849090 295
1849100 295
1849110 295
1849120 295
1849130 295
1849140 295
1849150 295
1849160 294
1849170 294
1849180 294
1849190 294
1849200 294
1849210 294
1849220 293
1849230 293
1849240 293
1849250 292
1849260 292
1849270 292
1849280 291
1849290 291
1849300 291
1849310 290
1849320 290
1849330 289
1849340 289
1849350 288
1849360 288
1849370 287
1849380 287
1849390 286
1849400 286
1849410 286
1849420 285
1849430 284
1849440 284
1849450 282
1849460 281
1849470 281
1849480 280
1849490 278
1849500 278
1849510 276
1849520 276
1849530 274
1849540 272
1849550 272
1849560 270
1849570 268
1849580 268
1849590 266
1849600 265
1849610 265
1849620 263
1849630 261
1849640 261
1849650 259
1849660 258
1849670 258
1849680 256
1849690 255
1849700 255
1849710 254
1849720 253
1849730 253
1849740 251
1849750 250
1849760 250
1849770 248
1849780 247
1849790 247
1849800 246
1849810 244
1849820 244
1849830 243
1849840 242
1849850 242
1849860 240
1849870 239
1849880 239
1849890 237
1849900 236
1849910 236
1849920 235
1849930 234
1849940 234
1849950 233
1849960 233
1849970 233
1849980 232
1849990 231
1850000 231
1850010 231
1850020 231
1850030 230
1850040 230
1850050 230
1850060 229
1850070 229
1850080 229
1850090 228
1850100 228
1850110 228
1850120 228
1850130 227
1850140 227
1850150 227
1850160 226
1850170 226
1850180 226
1850190 226
1850200 226
1850210 225
1850220 225
1850230 225
1850240 225
1850250 225
1850260 225
1850270 226
1850280 226
1850290 226
1850300 226
1850310 226
1850320 226
1850330 226
1850340 227
1850350 227
1850360 227
1850370 227
1850380 227
1850390 227
1850400 228
1850410 228
1850420 228
1850430 229
1850440 229
1850450 230
1850460 231
1850470 231
1850480 232
1850490 232
1850500 233
1850510 234
1850520 234
1850530 235
1850540 236
1850550 236
1850560 236
1850570 237
1850580 237
1850590 237
1850600 237
1850610 237
1850620 237
1850630 237
1850640 237
1850650 237
1850660 236
1850670 236
1850680 236
1850690 235
1850700 235
1850710 235
1850720 234
1850730 234
1850740 234
1850750 233
1850760 233
1850770 232
1850780 230
1850790 230
1850800 229
1850810 228
1850820 228
1850830 227
1850840 226
1850850 226
1850860 226
1850870 225
1850880 225
1850890 224
1850900 223
1850910 223
1850920 222
1850930 221
1850940 221
1850950 221
1850960 221
1850970 221
1850980 221
1850990 221
1851000 221
1851010 221
1851020 221
1851030 222
1851040 224
1851050 224
1851060 226
1851070 228
1851080 228
1851090 229
1851100 231
1851110 231
1851120 233
1851130 234
1851140 234
1851150 236
1851160 237
1851170 237
1851180 238
1851190 239
1851200 239
1851210 239
1851220 240
1851230 240
1851240 240
1851250 241
1851260 241
1851270 241
1851280 241
1851290 241
1851300 241
1851310 241
1851320 241
1851330 241
1851340 241
1851350 241
1851360 240
1851370 240
1851380 240
1851390 239
1851400 239
1851410 239
1851420 239
1851430 238
1851440 238
1851450 237
1851460 237
1851470 237
1851480 236
1851490 236
1851500 235
1851510 235
1851520 235
1851530 234
1851540 233
1851550 233
1851560 233
1851570 232
1851580 232
1851590 232
1851600 231
1851610 231
1851620 231
1851630 231
1851640 231
1851650 231
1851660 231
1851670 231
1851680 231
1851690 232
1851700 232
1851710 232
1851720 233
1851730 233
1851740 233
1851750 233
1851760 233
1851770 233
1851780 234
1851790 234
1851800 234
1851810 234
1851820 234
1851830 235
1851840 235
1851850 234
1851860 234
1851870 234
1851880 234
1851890 234
1851900 234
1851910 234
1851920 234
1851930 235
1851940 235
1851950 234
1851960 234
1851970 234
1851980 234
1851990 234
1852000 234
1852010 234
1852020 234
1852030 234
1852040 234
1852050 234
1852060 233
1852070 233
1852080 233
1852090 233
1852100 233
1852110 233
1852120 232
1852130 232
1852140 232
1852150 232
1852160 232
1852170 232
1852180 231
1852190 231
1852200 231
1852210 230
1852220 230
1852230 230
1852240 230
1852250 229
1852260 229
1852270 229
1852280 229
1852290 229
1852300 229
1852310 228
1852320 228
1852330 228
1852340 228
1852350 228
1852360 228
1852370 228
1852380 228
1852390 228
1852400 228
1852410 228
1852420 227
1852430 227
1852440 227
1852450 227
1852460 227
1852470 227
1852480 227
1852490 227
1852500 226
1852510 226
1852520 226
1852530 226
1852540 225
1852550 225
1852560 224
1852570 223
1852580 223
1852590 222
1852600 222
1852610 222
1852620 221
1852630 220
1852640 220
1852650 219
1852660 218
1852670 218
1852680 218
1852690 217
1852700 217
1852710 216
1852720 215
1852730 215
1852740 214
1852750 213
1852760 213
1852770 213
1852780 213
1852790 213
1852800 212
1852810 212
1852820 212
1852830 212
1852840 212
1852850 212
1852860 213
1852870 213
1852880 213
1852890 214
1852900 215
1852910 215
1852920 216
1852930 218
1852940 218
1852950 219
1852960 219
1852970 221
1852980 223
1852990 223
1853000 224
1853010 226
1853020 226
1853030 227
1853040 227
1853050 227
1853060 228
1853070 228
1853080 228
1853090 228
1853100 228
1853110 228
1853120 229
1853130 229
1853140 229
1853150 229
1853160 229
1853170 229
1853180 229
1853190 229
1853200 229
1853210 230
1853220 229
1853230 229
1853240 230
1853250 228
1853260 228
1853270 228
1853280 230
1853290 230
1853300 230
1853310 230
1853320 230
1853330 231
1853340 231
1853350 231
1853360 231
1853370 232
1853380 232
1853390 232
1853400 232
1853410 232
1853420 233
1853430 233
1853440 233
1853450 233
1853460 233
1853470 233
1853480 233
1853490 233
1853500 233
1853510 233
1853520 233
1853530 233
1853540 232
1853550 232
1853560 232
1853570 232
1853580 232
1853590 232
1853600 231
1853610 231
1853620 231
1853630 231
1853640 231
1853650 231
1853660 230
1853670 230
1853680 230
1853690 230
1853700 230
1853710 230
1853720 230
1853730 230
1853740 229
1853750 229
1853760 229
1853770 229
1853780 229
1853790 229
1853800 228
1853810 228
1853820 228
1853830 228
1853840 228
1853850 228
1853860 228
1853870 227
1853880 227
1853890 227
1853900 227
1853910 227
1853920 226
1853930 226
1853940 226
1853950 225
1853960 225
1853970 225
1853980 225
1853990 225
1854000 224
1854010 224
1854020 224
1854030 223
1854040 223
1854050 223
1854060 222
1854070 222
1854080 222
1854090 222
1854100 221
1854110 221
1854120 221
1854130 220
1854140 220
1854150 220
1854160 220
1854170 220
1854180 219
1854190 219
1854200 219
1854210 218
1854220 218
1854230 218
1854240 218
1854250 217
1854260 217
1854270 217
1854280 216
1854290 216
1854300 216
1854310 216
1854320 216
1854330 215
1854340 215
1854350 215
1854360 214
1854370 214
1854380 214
1854390 213
1854400 213
1854410 213
1854420 213
1854430 213
1854440 212
1854450 212
1854460 212
1854470 211
1854480 211
1854490 211
1854500 211
1854510 210
1854520 210
1854530 210
1854540 209
1854550 209
1854560 209
1854570 209
1854580 209
1854590 208
1854600 208
1854610 208
1854620 208
1854630 208
1854640 208
1854650 208
1854660 207
1854670 207
1854680 207
1854690 206
1854700 206
1854710 206
1854720 205
1854730 205
1854740 205
1854750 205
1854760 205
1854770 205
1854780 204
1854790 204
1854800 204
1854810 204
1854820 204
1854830 203
1854840 203
1854850 203
1854860 202
1854870 202
1854880 202
1854890 202
1854900 201
1854910 201
1854920 201
1854930 201
1854940 201
1854950 201
1854960 201
1854970 201
1854980 200
1854990 200
1855000 202
1855010 202
1855020 202
1855030 202
1855040 202
1855050 203
1855060 203
1855070 203
1855080 203
1855090 203
1855100 203
1855110 203
1855120 204
1855130 205
1855140 205
1855150 205
1855160 206
1855170 206
1855180 206
1855190 206
1855200 206
1855210 206
1855220 207
1855230 207
1855240 208
1855250 211
1855260 211
1855270 212
1855280 214
1855290 214
1855300 215
1855310 217
1855320 217
1855330 218
1855340 219
1855350 219
1855360 220
1855370 220
1855380 220
1855390 220
1855400 222
1855410 222
1855420 221
1855430 221
1855440 221
1855450 221
1855460 221
1855470 221
1855480 221
1855490 221
1855500 221
1855510 222
1855520 222
1855530 222
1855540 222
1855550 222
1855560 223
1855570 223
1855580 223
1855590 224
1855600 225
1855610 225
1855620 226
1855630 227
1855640 227
1855650 228
1855660 229
1855670 229
1855680 231
1855690 232
1855700 232
1855710 233
1855720 233
1855730 233
1855740 234
1855750 235
1855760 235
1855770 236
1855780 237
1855790 237
1855800 238
1855810 239
1855820 239
1855830 240
1855840 241
1855850 241
1855860 242
1855870 243
1855880 243
1855890 244
1855900 245
1855910 245
1855920 246
1855930 246
1855940 247
1855950 247
1855960 247
1855970 248
1855980 249
1855990 249
1856000 250
1856010 251
1856020 251
1856030 252
1856040 252
1856050 252
1856060 253
1856070 254
1856080 254
1856090 255
1856100 255
1856110 255
1856120 256
1856130 257
1856140 257
1856150 257
1856160 258
1856170 258
1856180 258
1856190 259
1856200 259
1856210 260
1856220 260
1856230 260
1856240 261
1856250 262
1856260 262
1856270 262
1856280 263
1856290 263
1856300 264
1856310 264
1856320 264
1856330 265
1856340 266
1856350 266
1856360 267
1856370 267
1856380 267
1856390 268
1856400 268
1856410 269
1856420 270
1856430 270
1856440 270
1856450 271
1856460 271
1856470 272
1856480 272
1856490 272
1856500 273
1856510 273
1856520 273
1856530 274
1856540 274
1856550 274
1856560 275
1856570 275
1856580 275
1856590 276
1856600 277
1856610 277
1856620 277
1856630 278
1856640 278
1856650 278
1856660 278
1856670 278
1856680 278
1856690 278
1856700 278
1856710 279
1856720 279
1856730 279
1856740 279
1856750 279
1856760 279
1856770 279
1856780 279
1856790 279
1856800 279
1856810 278
1856820 278
1856830 278
1856840 277
1856850 277
1856860 277
1856870 276
1856880 276
1856890 276
1856900 276
1856910 275
1856920 275
1856930 275
1856940 274
1856950 273
1856960 273
1856970 272
1856980 271
1856990 271
1857000 271
