1840000 225
1840010 225
1840020 225
1840030 225
1840040 225
1840050 225
1840060 225
1840070 225
1840080 225
1840090 225
1840100 225
1840110 225
1840120 225
1840130 225
1840140 225
1840150 225
1840160 225
1840170 225
1840180 225
1840190 225
1840200 225
1840210 225
1840220 225
1840230 225
1840240 225
1840250 225
1840260 225
1840270 225
1840280 225
1840290 225
1840300 225
1840310 225
1840320 225
1840330 225
1840340 225
1840350 225
1840360 225
1840370 225
1840380 225
1840390 225
1840400 225
1840410 225
1840420 225
1840430 226
1840440 226
1840450 226
1840460 226
1840470 226
1840480 226
1840490 225
1840500 225
1840510 225
1840520 225
1840530 225
1840540 225
1840550 225
1840560 225
1840570 225
1840580 225
1840590 225
1840600 225
1840610 225
1840620 225
1840630 225
1840640 225
1840650 225
1840660 225
1840670 225
1840680 226
1840690 226
1840700 226
1840710 226
1840720 226
1840730 226
1840740 226
1840750 226
1840760 226
1840770 226
1840780 227
1840790 227
1840800 227
1840810 227
1840820 227
1840830 227
1840840 227
1840850 227
1840860 227
1840870 227
1840880 227
1840890 227
1840900 227
1840910 227
1840920 227
1840930 228
1840940 228
1840950 228
1840960 228
1840970 228
1840980 228
1840990 229
1841000 229
1841010 229
1841020 230
1841030 230
1841040 231
1841050 231
1841060 231
1841070 232
1841080 232
1841090 233
1841100 234
1841110 234
1841120 235
1841130 236
1841140 236
1841150 237
1841160 239
1841170 239
1841180 239
1841190 238
1841200 238
1841210 237
1841220 236
1841230 236
1841240 235
1841250 234
1841260 234
1841270 232
1841280 231
1841290 231
1841300 230
1841310 229
1841320 229
1841330 227
1841340 226
1841350 226
1841360 224
1841370 223
1841380 223
1841390 222
1841400 221
1841410 221
1841420 220
1841430 220
1841440 220
1841450 219
1841460 218
1841470 218
1841480 218
1841490 217
1841500 217
1841510 216
1841520 216
1841530 216
1841540 215
1841550 215
1841560 215
1841570 214
1841580 214
1841590 214
1841600 213
1841610 213
1841620 213
1841630 212
1841640 212
1841650 212
1841660 212
1841670 212
1841680 212
1841690 212
1841700 212
1841710 211
1841720 212
1841730 212
1841740 212
1841750 212
1841760 212
1841770 212
1841780 212
1841790 212
1841800 213
1841810 213
1841820 213
1841830 214
1841840 214
1841850 214
1841860 216
1841870 217
1841880 217
1841890 220
1841900 224
1841910 224
1841920 226
1841930 226
1841940 226
1841950 226
1841960 227
1841970 227
1841980 227
1841990 227
1842000 227
1842010 227
1842020 227
1842030 227
1842040 226
1842050 226
1842060 226
1842070 226
1842080 228
1842090 228
1842100 228
1842110 228
1842120 228
1842130 228
1842140 228
1842150 229
1842160 229
1842170 229
1842180 229
1842190 229
1842200 229
1842210 229
1842220 229
1842230 229
1842240 230
1842250 229
1842260 229
1842270 227
1842280 225
1842290 225
1842300 223
1842310 221
1842320 221
1842330 221
1842340 222
1842350 222
1842360 223
1842370 224
1842380 224
1842390 225
1842400 224
1842410 224
1842420 223
1842430 219
1842440 219
1842450 213
1842460 213
1842470 213
1842480 213
1842490 213
1842500 213
1842510 213
1842520 213
1842530 213
1842540 213
1842550 213
1842560 213
1842570 213
1842580 213
1842590 214
1842600 214
1842610 214
1842620 215
1842630 215
1842640 215
1842650 216
1842660 216
1842670 216
1842680 217
1842690 218
1842700 218
1842710 219
1842720 221
1842730 221
1842740 223
1842750 225
1842760 225
1842770 228
1842780 230
1842790 230
1842800 235
1842810 238
1842820 238
1842830 241
1842840 244
1842850 244
1842860 247
1842870 250
1842880 250
1842890 250
1842900 250
1842910 250
1842920 251
1842930 251
1842940 251
1842950 251
1842960 252
1842970 252
1842980 252
1842990 252
1843000 252
1843010 252
1843020 252
1843030 252
1843040 252
1843050 252
1843060 252
1843070 251
1843080 251
1843090 250
1843100 249
1843110 249
1843120 249
1843130 248
1843140 248
1843150 247
1843160 246
1843170 246
1843180 245
1843190 244
1843200 244
1843210 244
1843220 243
1843230 243
1843240 242
1843250 242
1843260 242
1843270 241
1843280 240
1843290 240
1843300 240
1843310 239
1843320 239
1843330 239
1843340 238
1843350 238
1843360 238
1843370 237
1843380 237
1843390 236
1843400 235
1843410 235
1843420 234
1843430 233
1843440 233
1843450 232
1843460 231
1843470 231
1843480 231
1843490 231
1843500 230
1843510 229
1843520 229
1843530 229
1843540 228
1843550 228
1843560 227
1843570 226
1843580 226
1843590 226
1843600 225
1843610 225
1843620 224
1843630 224
1843640 224
1843650 223
1843660 223
1843670 223
1843680 222
1843690 221
1843700 221
1843710 220
1843720 219
1843730 219
1843740 219
1843750 218
1843760 218
1843770 217
1843780 217
1843790 217
1843800 216
1843810 216
1843820 216
1843830 216
1843840 216
1843850 216
1843860 216
1843870 215
1843880 215
1843890 215
1843900 215
1843910 216
1843920 216
1843930 216
1843940 216
1843950 216
1843960 215
1843970 215
1843980 216
1843990 216
1844000 216
1844010 216
1844020 216
1844030 216
1844040 216
1844050 216
1844060 217
1844070 218
1844080 218
1844090 219
1844100 221
1844110 221
1844120 222
1844130 223
1844140 223
1844150 224
1844160 227
1844170 227
1844180 228
1844190 229
1844200 229
1844210 230
1844220 231
1844230 231
1844240 233
1844250 234
1844260 234
1844270 237
1844280 238
1844290 238
1844300 240
1844310 241
1844320 241
1844330 243
1844340 244
1844350 244
1844360 245
1844370 246
1844380 246
1844390 246
1844400 246
1844410 246
1844420 246
1844430 245
1844440 245
1844450 244
1844460 244
1844470 242
1844480 240
1844490 240
1844500 239
1844510 237
1844520 237
1844530 235
1844540 234
1844550 234
1844560 233
1844570 233
1844580 233
1844590 233
1844600 233
1844610 233
1844620 234
1844630 235
1844640 235
1844650 236
1844660 237
1844670 237
1844680 239
1844690 240
1844700 240
1844710 242
1844720 245
1844730 245
1844740 247
1844750 249
1844760 249
1844770 250
1844780 251
1844790 251
1844800 252
1844810 253
1844820 253
1844830 253
1844840 254
1844850 254
1844860 254
1844870 254
1844880 254
1844890 254
1844900 254
1844910 254
1844920 254
1844930 253
1844940 253
1844950 253
1844960 253
1844970 252
1844980 252
1844990 252
1845000 251
1845010 251
1845020 251
1845030 250
1845040 250
1845050 250
1845060 249
1845070 249
1845080 249
1845090 248
1845100 248
1845110 248
1845120 247
1845130 247
1845140 247
1845150 246
1845160 246
1845170 246
1845180 245
1845190 245
1845200 245
1845210 245
1845220 244
1845230 244
1845240 244
1845250 244
1845260 244
1845270 243
1845280 243
1845290 243
1845300 242
1845310 242
1845320 242
1845330 241
1845340 240
1845350 240
1845360 240
1845370 240
1845380 240
1845390 240
1845400 239
1845410 239
1845420 239
1845430 239
1845440 239
1845450 239
1845460 239
1845470 238
1845480 238
1845490 238
1845500 238
1845510 237
1845520 237
1845530 237
1845540 237
1845550 237
1845560 236
1845570 236
1845580 236
1845590 235
1845600 234
1845610 234
1845620 233
1845630 232
1845640 232
1845650 232
1845660 231
1845670 231
1845680 230
1845690 231
1845700 231
1845710 232
1845720 232
1845730 232
1845740 232
1845750 233
1845760 233
1845770 238
1845780 243
1845790 243
1845800 248
1845810 251
1845820 251
1845830 253
1845840 255
1845850 255
1845860 256
1845870 258
1845880 258
1845890 259
1845900 260
1845910 260
1845920 262
1845930 262
1845940 263
1845950 265
1845960 265
1845970 266
1845980 266
1845990 266
1846000 267
1846010 268
1846020 268
1846030 268
1846040 269
1846050 269
1846060 270
1846070 270
1846080 270
1846090 270
1846100 270
1846110 270
1846120 271
1846130 271
1846140 271
1846150 271
1846160 270
1846170 270
1846180 270
1846190 270
1846200 270
1846210 269
1846220 269
1846230 269
1846240 268
1846250 268
1846260 268
1846270 267
1846280 267
1846290 267
1846300 266
1846310 266
1846320 266
1846330 266
1846340 265
1846350 265
1846360 265
1846370 265
1846380 265
1846390 264
1846400 264
1846410 263
1846420 262
1846430 262
1846440 261
1846450 260
1846460 260
1846470 260
1846480 259
1846490 259
1846500 258
1846510 258
1846520 258
1846530 257
1846540 257
1846550 257
1846560 256
1846570 256
1846580 256
1846590 255
1846600 254
1846610 254
1846620 253
1846630 253
1846640 253
1846650 252
1846660 251
1846670 251
1846680 250
1846690 250
1846700 250
1846710 249
1846720 248
1846730 248
1846740 248
1846750 248
1846760 248
1846770 247
1846780 247
1846790 247
1846800 247
1846810 246
1846820 246
1846830 246
1846840 246
1846850 246
1846860 246
1846870 246
1846880 246
1846890 246
1846900 246
1846910 247
1846920 248
1846930 248
1846940 249
1846950 250
1846960 250
1846970 251
1846980 252
1846990 252
1847000 253
1847010 254
1847020 254
1847030 255
1847040 256
1847050 256
1847060 256
1847070 257
1847080 257
1847090 257
1847100 257
1847110 257
1847120 257
1847130 257
1847140 257
1847150 256
1847160 256
1847170 255
1847180 254
1847190 253
1847200 253
1847210 253
1847220 252
1847230 252
1847240 251
1847250 250
1847260 250
1847270 250
1847280 249
1847290 249
1847300 249
1847310 248
1847320 248
1847330 248
1847340 247
1847350 247
1847360 248
1847370 248
1847380 248
1847390 249
1847400 249
1847410 250
1847420 250
1847430 250
1847440 250
1847450 250
1847460 250
1847470 249
1847480 248
1847490 248
1847500 248
1847510 247
1847520 247
1847530 245
1847540 245
1847550 245
1847560 245
1847570 246
1847580 246
1847590 247
1847600 248
1847610 248
1847620 249
1847630 250
1847640 250
1847650 251
1847660 251
1847670 251
1847680 251
1847690 252
1847700 252
1847710 252
1847720 252
1847730 252
1847740 252
1847750 252
1847760 252
1847770 253
1847780 253
1847790 253
1847800 253
1847810 253
1847820 253
1847830 254
1847840 254
1847850 254
1847860 254
1847870 254
1847880 254
1847890 253
1847900 253
1847910 253
1847920 253
1847930 253
1847940 253
1847950 253
1847960 253
1847970 252
1847980 252
1847990 252
1848000 252
1848010 251
1848020 251
1848030 251
1848040 250
1848050 250
1848060 250
1848070 249
1848080 249
1848090 249
1848100 248
1848110 248
1848120 248
1848130 247
1848140 247
1848150 246
1848160 245
1848170 245
1848180 244
1848190 243
1848200 243
1848210 241
1848220 240
1848230 240
1848240 239
1848250 238
1848260 238
1848270 237
1848280 236
1848290 236
1848300 236
1848310 235
1848320 235
1848330 235
1848340 235
1848350 235
1848360 236
1848370 236
1848380 236
1848390 237
1848400 237
1848410 238
1848420 239
1848430 239
1848440 240
1848450 241
1848460 241
1848470 242
1848480 242
1848490 242
1848500 242
1848510 241
1848520 241
1848530 241
1848540 241
1848550 241
1848560 240
1848570 240
1848580 240
1848590 239
1848600 239
1848610 239
1848620 238
1848630 238
1848640 238
1848650 239
1848660 240
1848670 240
1848680 241
1848690 242
1848700 242
1848710 244
1848720 245
1848730 245
1848740 247
1848750 248
1848760 248
1848770 249
1848780 251
1848790 251
1848800 252
1848810 254
1848820 254
1848830 256
1848840 256
1848850 257
1848860 259
1848870 259
1848880 260
1848890 262
1848900 262
1848910 263
1848920 265
1848930 265
1848940 266
1848950 267
1848960 267
1848970 269
1848980 271
1848990 271
1849000 273
1849010 274
1849020 274
1849030 276
1849040 277
1849050 277
1849060 278
1849070 280
1849080 280
1849090 281
1849100 283
1849110 283
1849120 284
1849130 286
1849140 286
1849150 288
1849160 289
1849170 289
1849180 291
1849190 294
1849200 294
1849210 296
1849220 299
1849230 299
1849240 301
1849250 303
1849260 303
1849270 305
1849280 308
1849290 308
1849300 311
1849310 311
1849320 315
1849330 318
1849340 318
1849350 323
1849360 324
1849370 324
1849380 325
1849390 323
1849400 323
1849410 319
1849420 317
1849430 317
1849440 314
1849450 312
1849460 312
1849470 310
1849480 308
1849490 308
1849500 306
1849510 303
1849520 303
1849530 301
1849540 299
1849550 299
1849560 297
1849570 295
1849580 295
1849590 293
1849600 291
1849610 291
1849620 289
1849630 287
1849640 287
1849650 285
1849660 284
1849670 284
1849680 283
1849690 281
1849700 281
1849710 280
1849720 278
1849730 278
1849740 277
1849750 276
1849760 276
1849770 274
1849780 273
1849790 273
1849800 272
1849810 272
1849820 271
1849830 270
1849840 270
1849850 269
1849860 268
1849870 268
1849880 266
1849890 266
1849900 266
1849910 265
1849920 264
1849930 264
1849940 263
1849950 262
1849960 262
1849970 261
1849980 260
1849990 260
1850000 258
1850010 257
1850020 257
1850030 256
1850040 255
1850050 256
1850060 254
1850070 253
1850080 253
1850090 252
1850100 251
1850110 251
1850120 250
1850130 248
1850140 248
1850150 247
1850160 246
1850170 246
1850180 245
1850190 244
1850200 244
1850210 243
1850220 242
1850230 242
1850240 242
1850250 242
1850260 242
1850270 242
1850280 242
1850290 242
1850300 242
1850310 242
1850320 243
1850330 243
1850340 243
1850350 244
1850360 244
1850370 244
1850380 245
1850390 246
1850400 246
1850410 248
1850420 250
1850430 250
1850440 252
1850450 253
1850460 253
1850470 255
1850480 257
1850490 257
1850500 258
1850510 260
1850520 260
1850530 261
1850540 261
1850550 261
1850560 261
1850570 261
1850580 261
1850590 261
1850600 260
1850610 260
1850620 259
1850630 258
1850640 258
1850650 257
1850660 257
1850670 257
1850680 256
1850690 257
1850700 257
1850710 258
1850720 259
1850730 259
1850740 260
1850750 261
1850760 261
1850770 263
1850780 263
1850790 264
1850800 265
1850810 265
1850820 265
1850830 265
1850840 265
1850850 265
1850860 265
1850870 265
1850880 265
1850890 265
1850900 265
1850910 265
1850920 264
1850930 264
1850940 263
1850950 262
1850960 262
1850970 262
1850980 261
1850990 261
1851000 260
1851010 259
1851020 259
1851030 259
1851040 260
1851050 260
1851060 260
1851070 261
1851080 261
1851090 262
1851100 263
1851110 263
1851120 264
1851130 265
1851140 265
1851150 265
1851160 265
1851170 265
1851180 265
1851190 265
1851200 265
1851210 265
1851220 265
1851230 265
1851240 265
1851250 265
1851260 264
1851270 264
1851280 264
1851290 263
1851300 263
1851310 263
1851320 263
1851330 263
1851340 263
1851350 263
1851360 263
1851370 263
1851380 263
1851390 262
1851400 262
1851410 262
1851420 262
1851430 262
1851440 261
1851450 261
1851460 261
1851470 261
1851480 260
1851490 260
1851500 259
1851510 259
1851520 259
1851530 258
1851540 258
1851550 258
1851560 257
1851570 257
1851580 257
1851590 256
1851600 256
1851610 256
1851620 255
1851630 255
1851640 255
1851650 255
1851660 254
1851670 254
1851680 254
1851690 253
1851700 253
1851710 253
1851720 252
1851730 252
1851740 251
1851750 251
1851760 251
1851770 250
1851780 250
1851790 249
1851800 249
1851810 249
1851820 248
1851830 248
1851840 247
1851850 247
1851860 247
1851870 247
1851880 246
1851890 246
1851900 246
1851910 246
1851920 245
1851930 245
1851940 245
1851950 245
1851960 245
1851970 244
1851980 244
1851990 244
1852000 243
1852010 243
1852020 243
1852030 242
1852040 242
1852050 242
1852060 242
1852070 241
1852080 241
1852090 241
1852100 241
1852110 241
1852120 240
1852130 240
1852140 240
1852150 239
1852160 239
1852170 239
1852180 239
1852190 239
1852200 239
1852210 238
1852220 238
1852230 238
1852240 237
1852250 237
1852260 236
1852270 236
1852280 236
1852290 236
1852300 235
1852310 235
1852320 235
1852330 235
1852340 235
1852350 234
1852360 234
1852370 234
1852380 234
1852390 233
1852400 233
1852410 233
1852420 233
1852430 233
1852440 232
1852450 232
1852460 232
1852470 232
1852480 231
1852490 231
1852500 231
1852510 230
1852520 230
1852530 230
1852540 230
1852550 229
1852560 229
1852570 228
1852580 228
1852590 228
1852600 227
1852610 227
1852620 227
1852630 227
1852640 227
1852650 226
1852660 226
1852670 226
1852680 226
1852690 225
1852700 225
1852710 225
1852720 225
1852730 224
1852740 224
1852750 224
1852760 224
1852770 224
1852780 224
1852790 223
1852800 223
1852810 223
1852820 223
1852830 222
1852840 222
1852850 222
1852860 222
1852870 222
1852880 222
1852890 221
1852900 221
1852910 221
1852920 221
1852930 221
1852940 221
1852950 221
1852960 221
1852970 220
1852980 220
1852990 220
1853000 220
1853010 219
1853020 219
1853030 219
1853040 219
1853050 219
1853060 219
1853070 220
1853080 220
1853090 219
1853100 217
1853110 217
1853120 216
1853130 215
1853140 215
1853150 214
1853160 214
1853170 214
1853180 214
1853190 214
1853200 213
1853210 213
1853220 213
1853230 213
1853240 212
1853250 212
1853260 211
1853270 211
1853280 211
1853290 210
1853300 210
1853310 210
1853320 210
1853330 210
1853340 210
1853350 209
1853360 209
1853370 209
1853380 209
1853390 209
1853400 209
1853410 209
1853420 208
1853430 208
1853440 208
1853450 208
1853460 208
1853470 208
1853480 208
1853490 208
1853500 208
1853510 208
1853520 208
1853530 208
1853540 207
1853550 207
1853560 206
1853570 206
1853580 206
1853590 206
1853600 206
1853610 206
1853620 206
1853630 207
1853640 207
1853650 207
1853660 207
1853670 207
1853680 207
1853690 207
1853700 207
1853710 207
1853720 207
1853730 207
1853740 207
1853750 207
1853760 207
1853770 207
1853780 207
1853790 206
1853800 206
1853810 206
1853820 206
1853830 206
1853840 206
1853850 206
1853860 206
1853870 206
1853880 205
1853890 205
1853900 205
1853910 203
1853920 203
1853930 203
1853940 203
1853950 203
1853960 203
1853970 202
1853980 202
1853990 202
1854000 201
1854010 201
1854020 201
1854030 201
1854040 201
1854050 201
1854060 201
1854070 201
1854080 201
1854090 200
1854100 199
1854110 199
1854120 198
1854130 198
1854140 198
1854150 198
1854160 198
1854170 197
1854180 196
1854190 196
1854200 199
1854210 201
1854220 201
1854230 201
1854240 201
1854250 201
1854260 201
1854270 201
1854280 201
1854290 201
1854300 200
1854310 200
1854320 200
1854330 200
1854340 200
1854350 200
1854360 200
1854370 200
1854380 200
1854390 200
1854400 200
1854410 200
1854420 200
1854430 200
1854440 200
1854450 200
1854460 200
1854470 200
1854480 200
1854490 200
1854500 200
1854510 200
1854520 200
1854530 200
1854540 200
1854550 200
1854560 200
1854570 200
1854580 200
1854590 200
1854600 200
1854610 200
1854620 199
1854630 199
1854640 199
1854650 199
1854660 199
1854670 199
1854680 199
1854690 199
1854700 198
1854710 198
1854720 198
1854730 197
1854740 196
1854750 196
1854760 196
1854770 196
1854780 196
1854790 196
1854800 196
1854810 196
1854820 195
1854830 196
1854840 196
1854850 196
1854860 196
1854870 196
1854880 196
1854890 196
1854900 196
1854910 196
1854920 196
1854930 196
1854940 197
1854950 197
1854960 197
1854970 198
1854980 200
1854990 200
1855000 201
1855010 202
1855020 202
1855030 204
1855040 205
1855050 205
1855060 206
1855070 207
1855080 207
1855090 207
1855100 208
1855110 208
1855120 208
1855130 208
1855140 209
1855150 209
1855160 209
1855170 210
1855180 211
1855190 211
1855200 212
1855210 212
1855220 212
1855230 213
1855240 213
1855250 213
1855260 213
1855270 213
1855280 213
1855290 211
1855300 213
1855310 213
1855320 214
1855330 214
1855340 214
1855350 216
1855360 217
1855370 217
1855380 218
1855390 218
1855400 218
1855410 219
1855420 220
1855430 220
1855440 221
1855450 222
1855460 222
1855470 223
1855480 225
1855490 225
1855500 226
1855510 227
1855520 227
1855530 228
1855540 229
1855550 229
1855560 230
1855570 230
1855580 230
1855590 231
1855600 231
1855610 231
1855620 233
1855630 233
1855640 237
1855650 240
1855660 240
1855670 240
1855680 241
1855690 241
1855700 241
1855710 242
1855720 242
1855730 242
1855740 243
1855750 243
1855760 243
1855770 244
1855780 244
1855790 245
1855800 247
1855810 247
1855820 247
1855830 247
1855840 247
1855850 248
1855860 248
1855870 248
1855880 249
1855890 249
1855900 249
1855910 250
1855920 250
1855930 250
1855940 251
1855950 251
1855960 251
1855970 252
1855980 252
1855990 252
1856000 253
1856010 253
1856020 253
1856030 253
1856040 254
1856050 254
1856060 254
1856070 255
1856080 255
1856090 256
1856100 256
1856110 256
1856120 257
1856130 257
1856140 257
1856150 257
1856160 257
1856170 258
1856180 258
1856190 258
1856200 259
1856210 259
1856220 259
1856230 260
1856240 260
1856250 260
1856260 261
1856270 262
1856280 262
1856290 262
1856300 263
1856310 263
1856320 263
1856330 264
1856340 264
1856350 265
1856360 265
1856370 265
1856380 266
1856390 266
1856400 266
1856410 267
1856420 268
1856430 268
1856440 268
1856450 269
1856460 269
1856470 269
1856480 270
1856490 270
1856500 271
1856510 271
1856520 271
1856530 272
1856540 272
1856550 272
1856560 273
1856570 273
1856580 273
1856590 274
1856600 274
1856610 274
1856620 275
1856630 275
1856640 275
1856650 276
1856660 276
1856670 276
1856680 277
1856690 277
1856700 277
1856710 277
1856720 277
1856730 277
1856740 277
1856750 277
1856760 277
