1840000 220
1840010 220
1840020 220
1840030 220
1840040 220
1840050 220
1840060 220
1840070 220
1840080 220
1840090 220
1840100 220
1840110 220
1840120 220
1840130 220
1840140 220
1840150 220
1840160 221
1840170 221
1840180 221
1840190 221
1840200 221
1840210 221
1840220 221
1840230 221
1840240 221
1840250 221
1840260 221
1840270 221
1840280 221
1840290 221
1840300 221
1840310 221
1840320 221
1840330 221
1840340 221
1840350 221
1840360 221
1840370 221
1840380 221
1840390 222
1840400 222
1840410 222
1840420 222
1840430 222
1840440 222
1840450 222
1840460 222
1840470 222
1840480 222
1840490 222
1840500 222
1840510 223
1840520 223
1840530 223
1840540 223
1840550 223
1840560 223
1840570 224
1840580 224
1840590 224
1840600 224
1840610 224
1840620 224
1840630 224
1840640 224
1840650 224
1840660 225
1840670 225
1840680 225
1840690 225
1840700 226
1840710 226
1840720 226
1840730 227
1840740 227
1840750 227
1840760 228
1840770 228
1840780 228
1840790 228
1840800 228
1840810 228
1840820 229
1840830 229
1840840 229
1840850 229
1840860 230
1840870 230
1840880 230
1840890 231
1840900 231
1840910 231
1840920 231
1840930 231
1840940 231
1840950 232
1840960 232
1840970 232
1840980 233
1840990 233
1841000 233
1841010 234
1841020 234
1841030 234
1841040 235
1841050 235
1841060 235
1841070 236
1841080 238
1841090 238
1841100 238
1841110 238
1841120 238
1841130 238
1841140 237
1841150 237
1841160 236
1841170 235
1841180 235
1841190 234
1841200 233
1841210 233
1841220 232
1841230 230
1841240 230
1841250 229
1841260 228
1841270 228
1841280 227
1841290 226
1841300 226
1841310 225
1841320 225
1841330 225
1841340 224
1841350 224
1841360 223
1841370 222
1841380 222
1841390 222
1841400 221
1841410 221
1841420 220
1841430 219
1841440 220
1841450 219
1841460 218
1841470 218
1841480 217
1841490 218
1841500 218
1841510 217
1841520 216
1841530 216
1841540 215
1841550 214
1841560 214
1841570 213
1841580 212
1841590 212
1841600 211
1841610 211
1841620 211
1841630 211
1841640 211
1841650 211
1841660 211
1841670 212
1841680 212
1841690 213
1841700 214
1841710 214
1841720 215
1841730 216
1841740 216
1841750 217
1841760 218
1841770 218
1841780 219
1841790 219
1841800 219
1841810 219
1841820 219
1841830 220
1841840 220
1841850 220
1841860 220
1841870 221
1841880 221
1841890 221
1841900 220
1841910 220
1841920 220
1841930 220
1841940 220
1841950 220
1841960 220
1841970 220
1841980 219
1841990 217
1842000 217
1842010 217
1842020 215
1842030 215
1842040 212
1842050 210
1842060 210
1842070 208
1842080 206
1842090 206
1842100 206
1842110 206
1842120 206
1842130 206
1842140 205
1842150 205
1842160 205
1842170 205
1842180 205
1842190 205
1842200 205
1842210 205
1842220 205
1842230 205
1842240 205
1842250 205
1842260 205
1842270 205
1842280 205
1842290 205
1842300 205
1842310 205
1842320 205
1842330 205
1842340 205
1842350 205
1842360 205
1842370 205
1842380 205
1842390 205
1842400 205
1842410 205
1842420 205
1842430 205
1842440 205
1842450 205
1842460 206
1842470 206
1842480 206
1842490 206
1842500 206
1842510 206
1842520 206
1842530 206
1842540 207
1842550 207
1842560 207
1842570 207
1842580 208
1842590 208
1842600 208
1842610 209
1842620 209
1842630 210
1842640 211
1842650 211
1842660 212
1842670 212
1842680 212
1842690 213
1842700 214
1842710 214
1842720 214
1842730 215
1842740 215
1842750 215
1842760 215
1842770 215
1842780 215
1842790 215
1842800 215
1842810 215
1842820 215
1842830 215
1842840 215
1842850 215
1842860 215
1842870 214
1842880 214
1842890 214
1842900 214
1842910 213
1842920 212
1842930 212
1842940 212
1842950 212
1842960 212
1842970 212
1842980 212
1842990 212
1843000 212
1843010 212
1843020 212
1843030 212
1843040 213
1843050 213
1843060 213
1843070 213
1843080 213
1843090 213
1843100 214
1843110 214
1843120 214
1843130 214
1843140 215
1843150 215
1843160 215
1843170 215
1843180 215
1843190 216
1843200 216
1843210 216
1843220 217
1843230 217
1843240 217
1843250 218
1843260 218
1843270 220
1843280 220
1843290 220
1843300 221
1843310 222
1843320 222
1843330 223
1843340 224
1843350 224
1843360 224
1843370 224
1843380 224
1843390 224
1843400 225
1843410 225
1843420 225
1843430 224
1843440 224
1843450 224
1843460 224
1843470 224
1843480 224
1843490 223
1843500 223
1843510 223
1843520 222
1843530 222
1843540 222
1843550 221
1843560 221
1843570 221
1843580 220
1843590 220
1843600 219
1843610 219
1843620 219
1843630 218
1843640 217
1843650 217
1843660 216
1843670 216
1843680 216
1843690 215
1843700 214
1843710 214
1843720 214
1843730 213
1843740 213
1843750 213
1843760 213
1843770 213
1843780 213
1843790 213
1843800 213
1843810 213
1843820 213
1843830 213
1843840 213
1843850 213
1843860 214
1843870 216
1843880 216
1843890 217
1843900 219
1843910 219
1843920 222
1843930 225
1843940 225
1843950 229
1843960 232
1843970 232
1843980 236
1843990 239
1844000 242
1844010 245
1844020 246
1844030 246
1844040 248
1844050 250
1844060 250
1844070 252
1844080 253
1844090 253
1844100 254
1844110 255
1844120 255
1844130 256
1844140 256
1844150 256
1844160 257
1844170 257
1844180 257
1844190 258
1844200 259
1844210 259
1844220 259
1844230 259
1844240 259
1844250 260
1844260 260
1844270 260
1844280 260
1844290 260
1844300 260
1844310 260
1844320 260
1844330 260
1844340 259
1844350 259
1844360 259
1844370 258
1844380 258
1844390 257
1844400 257
1844410 257
1844420 256
1844430 256
1844440 256
1844450 256
1844460 256
1844470 256
1844480 257
1844490 257
1844500 257
1844510 257
1844520 258
1844530 258
1844540 257
1844550 257
1844560 257
1844570 257
1844580 256
1844590 256
1844600 256
1844610 255
1844620 255
1844630 255
1844640 254
1844650 254
1844660 254
1844670 254
1844680 254
1844690 254
1844700 254
1844710 254
1844720 254
1844730 255
1844740 255
1844750 255
1844760 255
1844770 254
1844780 254
1844790 254
1844800 253
1844810 253
1844820 253
1844830 252
1844840 252
1844850 252
1844860 251
1844870 251
1844880 251
1844890 250
1844900 249
1844910 249
1844920 249
1844930 248
1844940 248
1844950 248
1844960 247
1844970 247
1844980 246
1844990 246
1845000 246
1845010 245
1845020 244
1845030 244
1845040 243
1845050 243
1845060 243
1845070 242
1845080 242
1845090 242
1845100 240
1845110 240
1845120 240
1845130 239
1845140 239
1845150 239
1845160 238
1845170 238
1845180 238
1845190 237
1845200 237
1845210 237
1845220 237
1845230 237
1845240 236
1845250 236
1845260 236
1845270 236
1845280 236
1845290 236
1845300 236
1845310 236
1845320 236
1845330 235
1845340 235
1845350 235
1845360 235
1845370 234
1845380 234
1845390 233
1845400 233
1845410 233
1845420 232
1845430 232
1845440 232
1845450 231
1845460 231
1845470 231
1845480 230
1845490 229
1845500 229
1845510 229
1845520 229
1845530 229
1845540 229
1845550 229
1845560 229
1845570 229
1845580 229
1845590 229
1845600 229
1845610 229
1845620 229
1845630 229
1845640 228
1845650 228
1845660 229
1845670 229
1845680 229
1845690 230
1845700 230
1845710 230
1845720 230
1845730 230
1845740 232
1845750 235
1845760 235
1845770 237
1845780 238
1845790 238
1845800 241
1845810 243
1845820 244
1845830 247
1845840 249
1845850 249
1845860 251
1845870 253
1845880 253
1845890 255
1845900 258
1845910 258
1845920 261
1845930 262
1845940 262
1845950 263
1845960 263
1845970 263
1845980 264
1845990 265
1846000 265
1846010 266
1846020 266
1846030 266
1846040 266
1846050 266
1846060 266
1846070 266
1846080 266
1846090 266
1846100 266
1846110 266
1846120 266
1846130 266
1846140 266
1846150 266
1846160 266
1846170 266
1846180 266
1846190 266
1846200 266
1846210 266
1846220 265
1846230 265
1846240 265
1846250 265
1846260 265
1846270 265
1846280 264
1846290 264
1846300 264
1846310 264
1846320 264
1846330 264
1846340 264
1846350 264
1846360 263
1846370 263
1846380 263
1846390 263
1846400 263
1846410 263
1846420 263
1846430 262
1846440 262
1846450 262
1846460 262
1846470 262
1846480 262
1846490 261
1846500 261
1846510 261
1846520 261
1846530 261
1846540 261
1846550 260
1846560 260
1846570 260
1846580 260
1846590 260
1846600 259
1846610 259
1846620 259
1846630 259
1846640 259
1846650 259
1846660 258
1846670 258
1846680 258
1846690 258
1846700 258
1846710 257
1846720 257
1846730 257
1846740 256
1846750 255
1846760 255
1846770 254
1846780 253
1846790 253
1846800 252
1846810 251
1846820 251
1846830 250
1846840 249
1846850 249
1846860 247
1846870 246
1846880 246
1846890 245
1846900 245
1846910 245
1846920 244
1846930 244
1846940 244
1846950 243
1846960 243
1846970 243
1846980 242
1846990 242
1847000 242
1847010 242
1847020 241
1847030 241
1847040 241
1847050 241
1847060 241
1847070 241
1847080 240
1847090 240
1847100 239
1847110 239
1847120 239
1847130 239
1847140 239
1847150 238
1847160 238
1847170 238
1847180 238
1847190 239
1847200 239
1847210 238
1847220 238
1847230 238
1847240 238
1847250 238
1847260 238
1847270 238
1847280 240
1847290 240
1847300 239
1847310 238
1847320 238
1847330 238
1847340 238
1847350 238
1847360 237
1847370 237
1847380 237
1847390 237
1847400 237
1847410 237
1847420 237
1847430 237
1847440 237
1847450 237
1847460 237
1847470 237
1847480 237
1847490 237
1847500 237
1847510 237
1847520 236
1847530 236
1847540 236
1847550 236
1847560 236
1847570 236
1847580 237
1847590 237
1847600 237
1847610 237
1847620 237
1847630 236
1847640 236
1847650 236
1847660 236
1847670 236
1847680 236
1847690 236
1847700 236
1847710 235
1847720 235
1847730 235
1847740 235
1847750 235
1847760 235
1847770 235
1847780 235
1847790 235
1847800 235
1847810 235
1847820 235
1847830 234
1847840 234
1847850 234
1847860 234
1847870 234
1847880 234
1847890 235
1847900 235
1847910 235
1847920 235
1847930 235
1847940 235
1847950 236
1847960 236
1847970 236
1847980 236
1847990 234
1848000 234
1848010 234
1848020 234
1848030 234
1848040 235
1848050 235
1848060 235
1848070 236
1848080 237
1848090 237
1848100 238
1848110 238
1848120 239
1848130 239
1848140 239
1848150 239
1848160 239
1848170 239
1848180 239
1848190 239
1848200 239
1848210 239
1848220 238
1848230 238
1848240 237
1848250 236
1848260 236
1848270 234
1848280 233
1848290 233
1848300 231
1848310 231
1848320 231
1848330 231
1848340 231
1848350 231
1848360 231
1848370 231
1848380 231
1848390 231
1848400 232
1848410 232
1848420 232
1848430 233
1848440 233
1848450 233
1848460 233
1848470 233
1848480 234
1848490 235
1848500 235
1848510 236
1848520 238
1848530 238
1848540 240
1848550 241
1848560 241
1848570 243
1848580 243
1848590 245
1848600 246
1848610 246
1848620 247
1848630 249
1848640 249
1848650 250
1848660 251
1848670 251
1848680 252
1848690 253
1848700 253
1848710 255
1848720 256
1848730 256
1848740 257
1848750 258
1848760 258
1848770 259
1848780 260
1848790 260
1848800 261
1848810 262
1848820 262
1848830 263
1848840 264
1848850 264
1848860 265
1848870 265
1848880 265
1848890 266
1848900 267
1848910 267
1848920 267
1848930 268
1848940 268
1848950 268
1848960 268
1848970 268
1848980 269
1848990 269
1849000 269
1849010 270
1849020 271
1849030 271
1849040 272
1849050 273
1849060 273
1849070 272
1849080 272
1849090 273
1849100 274
1849110 274
1849120 275
1849130 276
1849140 276
1849150 277
1849160 278
1849170 278
1849180 278
1849190 279
1849200 279
1849210 279
1849220 280
1849230 280
1849240 281
1849250 282
1849260 282
1849270 283
1849280 284
1849290 284
1849300 285
1849310 287
1849320 287
1849330 288
1849340 290
1849350 290
1849360 292
1849370 294
1849380 294
1849390 296
1849400 299
1849410 299
1849420 301
1849430 300
1849440 300
1849450 301
1849460 301
1849470 301
1849480 303
1849490 305
1849500 305
1849510 303
1849520 300
1849530 300
1849540 298
1849550 298
1849560 296
1849570 295
1849580 295
1849590 293
1849600 292
1849610 292
1849620 291
1849630 289
1849640 289
1849650 288
1849660 288
1849670 288
1849680 287
1849690 286
1849700 286
1849710 285
1849720 284
1849730 284
1849740 283
1849750 281
1849760 281
1849770 280
1849780 279
1849790 279
1849800 277
1849810 276
1849820 276
1849830 275
1849840 274
1849850 274
1849860 273
1849870 271
1849880 271
1849890 270
1849900 269
1849910 269
1849920 268
1849930 267
1849940 267
1849950 265
1849960 264
1849970 264
1849980 263
1849990 261
1850000 261
1850010 260
1850020 259
1850030 259
1850040 258
1850050 258
1850060 257
1850070 257
1850080 257
1850090 256
1850100 257
1850110 257
1850120 258
1850130 257
1850140 257
1850150 259
1850160 259
1850170 259
1850180 260
1850190 261
1850200 261
1850210 261
1850220 262
1850230 262
1850240 263
1850250 264
1850260 264
1850270 265
1850280 266
1850290 266
1850300 267
1850310 268
1850320 268
1850330 268
1850340 269
1850350 269
1850360 270
1850370 270
1850380 270
1850390 271
1850400 272
1850410 272
1850420 272
1850430 272
1850440 272
1850450 273
1850460 273
1850470 273
1850480 273
1850490 273
1850500 273
1850510 274
1850520 274
1850530 274
1850540 274
1850550 274
1850560 274
1850570 274
1850580 274
1850590 274
1850600 274
1850610 274
1850620 274
1850630 274
1850640 274
1850650 274
1850660 274
1850670 274
1850680 273
1850690 273
1850700 273
1850710 273
1850720 273
1850730 273
1850740 273
1850750 272
1850760 272
1850770 272
1850780 272
1850790 272
1850800 272
1850810 272
1850820 272
1850830 271
1850840 271
1850850 271
1850860 271
1850870 271
1850880 271
1850890 270
1850900 270
1850910 270
1850920 270
1850930 270
1850940 270
1850950 269
1850960 269
1850970 269
1850980 269
1850990 268
1851000 268
1851010 268
1851020 268
1851030 268
1851040 267
1851050 267
1851060 267
1851070 267
1851080 267
1851090 266
1851100 266
1851110 266
1851120 266
1851130 266
1851140 266
1851150 266
1851160 265
1851170 265
1851180 265
1851190 264
1851200 264
1851210 264
1851220 263
1851230 263
1851240 263
1851250 262
1851260 262
1851270 262
1851280 262
1851290 262
1851300 261
1851310 261
1851320 261
1851330 260
1851340 260
1851350 260
1851360 259
1851370 259
1851380 259
1851390 258
1851400 257
1851410 257
1851420 257
1851430 257
1851440 257
1851450 256
1851460 256
1851470 256
1851480 255
1851490 255
1851500 255
1851510 254
1851520 254
1851530 254
1851540 254
1851550 254
1851560 254
1851570 254
1851580 254
1851590 253
1851600 252
1851610 252
1851620 252
1851630 251
1851640 251
1851650 251
1851660 250
1851670 250
1851680 250
1851690 249
1851700 249
1851710 248
1851720 248
1851730 248
1851740 247
1851750 247
1851760 247
1851770 246
1851780 246
1851790 246
1851800 245
1851810 245
1851820 245
1851830 244
1851840 244
1851850 244
1851860 243
1851870 243
1851880 243
1851890 243
1851900 242
1851910 242
1851920 242
1851930 241
1851940 241
1851950 241
1851960 241
1851970 240
1851980 240
1851990 240
1852000 239
1852010 239
1852020 239
1852030 238
1852040 238
1852050 238
1852060 237
1852070 237
1852080 237
1852090 237
1852100 236
1852110 236
1852120 236
1852130 236
1852140 236
1852150 235
1852160 235
1852170 235
1852180 235
1852190 235
1852200 235
1852210 235
1852220 234
1852230 234
1852240 233
1852250 232
1852260 232
1852270 232
1852280 232
1852290 232
1852300 231
1852310 231
1852320 231
1852330 230
1852340 230
1852350 230
1852360 230
1852370 229
1852380 229
1852390 229
1852400 228
1852410 228
1852420 228
1852430 228
1852440 228
1852450 227
1852460 227
1852470 227
1852480 226
1852490 226
1852500 225
1852510 225
1852520 225
1852530 224
1852540 224
1852550 224
1852560 224
1852570 224
1852580 224
1852590 223
1852600 223
1852610 223
1852620 223
1852630 222
1852640 222
1852650 221
1852660 221
1852670 221
1852680 221
1852690 220
1852700 220
1852710 220
1852720 220
1852730 220
1852740 219
1852750 219
1852760 219
1852770 219
1852780 218
1852790 218
1852800 218
1852810 218
1852820 218
1852830 218
1852840 219
1852850 219
1852860 219
1852870 219
1852880 219
1852890 219
1852900 219
1852910 219
1852920 219
1852930 219
1852940 218
1852950 217
1852960 217
1852970 217
1852980 217
1852990 217
1853000 218
1853010 218
1853020 218
1853030 218
1853040 219
1853050 219
1853060 219
1853070 219
1853080 219
1853090 218
1853100 218
1853110 218
1853120 218
1853130 218
1853140 218
1853150 218
1853160 218
1853170 218
1853180 217
1853190 217
1853200 217
1853210 217
1853220 217
1853230 217
1853240 216
1853250 216
1853260 216
1853270 216
1853280 215
1853290 215
1853300 215
1853310 215
1853320 215
1853330 214
1853340 214
1853350 214
1853360 214
1853370 214
1853380 214
1853390 213
1853400 213
1853410 213
1853420 213
1853430 213
1853440 213
1853450 213
1853460 213
1853470 212
1853480 212
1853490 212
1853500 212
1853510 212
1853520 212
1853530 211
1853540 211
1853550 211
1853560 211
1853570 211
1853580 211
1853590 210
1853600 210
1853610 210
1853620 210
1853630 209
1853640 209
1853650 209
1853660 209
1853670 209
1853680 209
1853690 209
1853700 209
1853710 208
1853720 208
1853730 208
1853740 207
1853750 207
1853760 207
1853770 207
1853780 206
1853790 206
1853800 206
1853810 205
1853820 205
1853830 205
1853840 204
1853850 204
1853860 204
1853870 203
1853880 203
1853890 203
1853900 203
1853910 202
1853920 202
1853930 202
1853940 201
1853950 201
1853960 201
1853970 200
1853980 200
1853990 200
1854000 199
1854010 199
1854020 199
1854030 199
1854040 198
1854050 198
1854060 198
1854070 197
1854080 197
1854090 196
1854100 196
1854110 196
1854120 196
1854130 196
1854140 196
1854150 196
1854160 196
1854170 196
1854180 196
1854190 196
1854200 196
1854210 196
1854220 196
1854230 196
1854240 196
1854250 196
1854260 196
1854270 196
1854280 195
1854290 195
1854300 195
1854310 195
1854320 195
1854330 195
1854340 195
1854350 195
1854360 195
1854370 195
1854380 195
1854390 195
1854400 195
1854410 194
1854420 194
1854430 194
1854440 194
1854450 194
1854460 194
1854470 194
1854480 194
1854490 194
1854500 194
1854510 194
1854520 194
1854530 194
1854540 194
1854550 194
1854560 194
1854570 194
1854580 194
1854590 194
1854600 194
1854610 194
1854620 194
1854630 195
1854640 195
1854650 195
1854660 195
1854670 195
1854680 195
1854690 195
1854700 195
1854710 194
1854720 194
1854730 194
1854740 195
1854750 195
1854760 195
1854770 196
1854780 196
1854790 196
1854800 196
1854810 197
1854820 197
1854830 197
1854840 197
1854850 197
1854860 198
1854870 198
1854880 198
1854890 198
1854900 198
1854910 198
1854920 198
1854930 198
1854940 198
1854950 199
1854960 199
1854970 199
1854980 199
1854990 199
1855000 199
1855010 200
1855020 200
1855030 200
1855040 201
1855050 201
1855060 202
1855070 203
1855080 203
1855090 204
1855100 204
1855110 204
1855120 205
1855130 206
1855140 206
1855150 207
1855160 208
1855170 208
1855180 208
1855190 209
1855200 209
1855210 210
1855220 210
1855230 210
1855240 211
1855250 212
1855260 212
1855270 212
1855280 213
1855290 213
1855300 214
1855310 215
1855320 215
1855330 216
1855340 216
1855350 217
1855360 217
1855370 217
1855380 217
1855390 218
1855400 218
1855410 218
1855420 219
1855430 219
1855440 219
1855450 220
1855460 220
1855470 221
1855480 221
1855490 221
1855500 223
1855510 224
1855520 224
1855530 224
1855540 225
1855550 225
1855560 225
1855570 225
1855580 225
1855590 226
1855600 227
1855610 227
1855620 229
1855630 230
1855640 230
1855650 231
1855660 233
1855670 233
1855680 234
1855690 235
1855700 235
1855710 237
1855720 238
1855730 238
1855740 240
1855750 241
1855760 241
1855770 240
1855780 241
1855790 241
1855800 242
1855810 244
1855820 244
1855830 245
1855840 245
1855850 246
1855860 246
1855870 246
1855880 247
1855890 247
1855900 247
1855910 247
1855920 248
1855930 248
1855940 248
1855950 249
1855960 249
1855970 249
1855980 250
1855990 250
1856000 251
1856010 251
1856020 251
1856030 252
1856040 253
1856050 253
1856060 253
1856070 254
1856080 254
1856090 255
1856100 255
1856110 255
1856120 255
1856130 256
1856140 256
1856150 256
1856160 257
1856170 257
1856180 257
1856190 257
1856200 257
1856210 258
1856220 259
1856230 259
1856240 259
1856250 260
1856260 260
1856270 260
1856280 261
1856290 261
1856300 261
1856310 261
1856320 262
1856330 262
1856340 262
1856350 263
1856360 263
1856370 263
1856380 264
1856390 265
1856400 265
1856410 265
1856420 266
1856430 266
1856440 266
1856450 267
1856460 267
1856470 267
1856480 268
1856490 268
1856500 268
1856510 269
1856520 269
1856530 269
1856540 269
1856550 269
1856560 270
1856570 270
1856580 270
1856590 270
1856600 270
1856610 270
1856620 271
1856630 271
1856640 271
1856650 272
1856660 272
1856670 272
1856680 272
1856690 272
1856700 272
1856710 272
