1840000 212
1840010 212
1840020 213
1840030 213
1840040 213
1840050 213
1840060 213
1840070 214
1840080 214
1840090 214
1840100 214
1840110 215
1840120 215
1840130 215
1840140 215
1840150 215
1840160 216
1840170 216
1840180 216
1840190 217
1840200 217
1840210 217
1840220 218
1840230 218
1840240 218
1840250 219
1840260 219
1840270 219
1840280 220
1840290 221
1840300 221
1840310 222
1840320 222
1840330 222
1840340 223
1840350 224
1840360 224
1840370 225
1840380 226
1840390 226
1840400 227
1840410 228
1840420 228
1840430 228
1840440 229
1840450 229
1840460 230
1840470 230
1840480 231
1840490 232
1840500 232
1840510 233
1840520 234
1840530 234
1840540 235
1840550 236
1840560 236
1840570 237
1840580 238
1840590 238
1840600 239
1840610 240
1840620 240
1840630 240
1840640 241
1840650 241
1840660 241
1840670 241
1840680 241
1840690 240
1840700 239
1840710 239
1840720 239
1840730 238
1840740 238
1840750 238
1840760 237
1840770 237
1840780 236
1840790 235
1840800 235
1840810 234
1840820 231
1840830 231
1840840 229
1840850 228
1840860 228
1840870 227
1840880 226
1840890 226
1840900 225
1840910 224
1840920 224
1840930 223
1840940 223
1840950 221
1840960 221
1840970 221
1840980 220
1840990 219
1841000 219
1841010 219
1841020 218
1841030 218
1841040 218
1841050 218
1841060 218
1841070 216
1841080 215
1841090 215
1841100 215
1841110 214
1841120 214
1841130 214
1841140 214
1841150 214
1841160 213
1841170 213
1841180 213
1841190 213
1841200 212
1841210 212
1841220 212
1841230 211
1841240 211
1841250 211
1841260 211
1841270 211
1841280 211
1841290 210
1841300 210
1841310 210
1841320 210
1841330 210
1841340 209
1841350 208
1841360 208
1841370 208
1841380 207
1841390 207
1841400 206
1841410 206
1841420 206
1841430 205
1841440 205
1841450 205
1841460 204
1841470 204
1841480 204
1841490 204
1841500 204
1841510 203
1841520 203
1841530 203
1841540 203
1841550 203
1841560 203
1841570 202
1841580 202
1841590 202
1841600 202
1841610 202
1841620 202
1841630 201
1841640 201
1841650 201
1841660 201
1841670 201
1841680 201
1841690 201
1841700 201
1841710 201
1841720 200
1841730 200
1841740 200
1841750 200
1841760 200
1841770 200
1841780 200
1841790 200
1841800 200
1841810 200
1841820 200
1841830 200
1841840 200
1841850 200
1841860 200
1841870 200
1841880 200
1841890 200
1841900 200
1841910 200
1841920 200
1841930 200
1841940 200
1841950 200
1841960 201
1841970 201
1841980 201
1841990 200
1842000 200
1842010 200
1842020 200
1842030 200
1842040 200
1842050 200
1842060 200
1842070 200
1842080 201
1842090 201
1842100 201
1842110 201
1842120 201
1842130 202
1842140 203
1842150 203
1842160 204
1842170 205
1842180 205
1842190 205
1842200 205
1842210 205
1842220 206
1842230 206
1842240 206
1842250 206
1842260 206
1842270 206
1842280 206
1842290 206
1842300 206
1842310 206
1842320 206
1842330 206
1842340 206
1842350 206
1842360 206
1842370 206
1842380 206
1842390 206
1842400 205
1842410 205
1842420 205
1842430 205
1842440 205
1842450 205
1842460 205
1842470 205
1842480 204
1842490 204
1842500 204
1842510 204
1842520 204
1842530 204
1842540 203
1842550 203
1842560 203
1842570 203
1842580 203
1842590 203
1842600 203
1842610 203
1842620 203
1842630 203
1842640 203
1842650 203
1842660 203
1842670 203
1842680 203
1842690 203
1842700 202
1842710 202
1842720 202
1842730 202
1842740 202
1842750 202
1842760 202
1842770 202
1842780 202
1842790 202
1842800 202
1842810 202
1842820 202
1842830 202
1842840 202
1842850 201
1842860 201
1842870 201
1842880 201
1842890 201
1842900 201
1842910 201
1842920 201
1842930 201
1842940 201
1842950 201
1842960 201
1842970 201
1842980 201
1842990 201
1843000 201
1843010 201
1843020 201
1843030 201
1843040 201
1843050 201
1843060 201
1843070 201
1843080 202
1843090 202
1843100 202
1843110 202
1843120 202
1843130 202
1843140 203
1843150 203
1843160 203
1843170 203
1843180 203
1843190 204
1843200 205
1843210 205
1843220 205
1843230 206
1843240 206
1843250 207
1843260 209
1843270 209
1843280 209
1843290 211
1843300 211
1843310 212
1843320 214
1843330 214
1843340 215
1843350 215
1843360 217
1843370 218
1843380 218
1843390 220
1843400 221
1843410 221
1843420 222
1843430 223
1843440 223
1843450 223
1843460 224
1843470 224
1843480 224
1843490 224
1843500 224
1843510 225
1843520 225
1843530 225
1843540 225
1843550 225
1843560 225
1843570 225
1843580 225
1843590 225
1843600 225
1843610 224
1843620 224
1843630 224
1843640 223
1843650 223
1843660 223
1843670 223
1843680 223
1843690 223
1843700 223
1843710 223
1843720 223
1843730 223
1843740 223
1843750 223
1843760 223
1843770 223
1843780 223
1843790 224
1843800 224
1843810 224
1843820 224
1843830 224
1843840 224
1843850 224
1843860 225
1843870 225
1843880 225
1843890 225
1843900 225
1843910 225
1843920 226
1843930 226
1843940 226
1843950 226
1843960 227
1843970 227
1843980 227
1843990 227
1844000 227
1844010 227
1844020 228
1844030 228
1844040 228
1844050 229
1844060 229
1844070 229
1844080 230
1844090 230
1844100 231
1844110 231
1844120 231
1844130 232
1844140 233
1844150 233
1844160 234
1844170 235
1844180 235
1844190 236
1844200 237
1844210 237
1844220 239
1844230 240
1844240 240
1844250 242
1844260 243
1844270 243
1844280 245
1844290 245
1844300 246
1844310 248
1844320 248
1844330 249
1844340 251
1844350 250
1844360 251
1844370 252
1844380 252
1844390 253
1844400 253
1844410 253
1844420 253
1844430 253
1844440 253
1844450 253
1844460 253
1844470 253
1844480 253
1844490 253
1844500 253
1844510 254
1844520 254
1844530 254
1844540 254
1844550 254
1844560 254
1844570 255
1844580 255
1844590 255
1844600 255
1844610 255
1844620 255
1844630 255
1844640 255
1844650 255
1844660 255
1844670 255
1844680 255
1844690 255
1844700 255
1844710 255
1844720 255
1844730 255
1844740 255
1844750 255
1844760 255
1844770 255
1844780 255
1844790 255
1844800 254
1844810 254
1844820 254
1844830 253
1844840 253
1844850 253
1844860 252
1844870 252
1844880 252
1844890 251
1844900 250
1844910 250
1844920 250
1844930 249
1844940 249
1844950 248
1844960 247
1844970 247
1844980 246
1844990 245
1845000 245
1845010 244
1845020 243
1845030 243
1845040 242
1845050 241
1845060 241
1845070 240
1845080 239
1845090 239
1845100 238
1845110 238
1845120 238
1845130 237
1845140 236
1845150 236
1845160 235
1845170 235
1845180 235
1845190 234
1845200 234
1845210 234
1845220 233
1845230 233
1845240 233
1845250 232
1845260 232
1845270 232
1845280 231
1845290 231
1845300 231
1845310 230
1845320 230
1845330 230
1845340 229
1845350 229
1845360 229
1845370 228
1845380 228
1845390 228
1845400 228
1845410 228
1845420 227
1845430 227
1845440 227
1845450 227
1845460 226
1845470 226
1845480 225
1845490 225
1845500 225
1845510 224
1845520 224
1845530 224
1845540 224
1845550 224
1845560 224
1845570 224
1845580 225
1845590 225
1845600 225
1845610 225
1845620 225
1845630 225
1845640 225
1845650 225
1845660 225
1845670 226
1845680 226
1845690 227
1845700 228
1845710 228
1845720 229
1845730 229
1845740 229
1845750 230
1845760 230
1845770 231
1845780 232
1845790 232
1845800 233
1845810 233
1845820 233
1845830 234
1845840 236
1845850 236
1845860 237
1845870 238
1845880 238
1845890 240
1845900 241
1845910 241
1845920 242
1845930 243
1845940 243
1845950 244
1845960 245
1845970 245
1845980 245
1845990 246
1846000 246
1846010 246
1846020 246
1846030 246
1846040 246
1846050 246
1846060 246
1846070 246
1846080 246
1846090 246
1846100 246
1846110 245
1846120 245
1846130 245
1846140 245
1846150 245
1846160 244
1846170 243
1846180 243
1846190 243
1846200 243
1846210 243
1846220 243
1846230 243
1846240 242
1846250 242
1846260 242
1846270 242
1846280 242
1846290 242
1846300 241
1846310 241
1846320 241
1846330 241
1846340 241
1846350 241
1846360 241
1846370 241
1846380 241
1846390 241
1846400 241
1846410 241
1846420 241
1846430 241
1846440 241
1846450 241
1846460 241
1846470 241
1846480 240
1846490 240
1846500 240
1846510 240
1846520 240
1846530 240
1846540 240
1846550 240
1846560 240
1846570 240
1846580 240
1846590 240
1846600 240
1846610 240
1846620 240
1846630 240
1846640 240
1846650 240
1846660 240
1846670 240
1846680 240
1846690 240
1846700 240
1846710 240
1846720 240
1846730 240
1846740 240
1846750 241
1846760 241
1846770 241
1846780 241
1846790 241
1846800 241
1846810 241
1846820 241
1846830 242
1846840 242
1846850 242
1846860 242
1846870 243
1846880 243
1846890 243
1846900 243
1846910 243
1846920 243
1846930 244
1846940 244
1846950 244
1846960 244
1846970 244
1846980 244
1846990 245
1847000 245
1847010 245
1847020 245
1847030 245
1847040 245
1847050 246
1847060 246
1847070 246
1847080 246
1847090 246
1847100 246
1847110 246
1847120 246
1847130 246
1847140 247
1847150 247
1847160 247
1847170 247
1847180 247
1847190 247
1847200 247
1847210 247
1847220 247
1847230 247
1847240 247
1847250 247
1847260 247
1847270 247
1847280 247
1847290 247
1847300 247
1847310 247
1847320 247
1847330 247
1847340 247
1847350 247
1847360 247
1847370 247
1847380 247
1847390 247
1847400 247
1847410 247
1847420 246
1847430 246
1847440 246
1847450 245
1847460 245
1847470 245
1847480 244
1847490 244
1847500 244
1847510 244
1847520 244
1847530 244
1847540 244
1847550 244
1847560 244
1847570 244
1847580 244
1847590 244
1847600 244
1847610 243
1847620 243
1847630 243
1847640 243
1847650 243
1847660 242
1847670 242
1847680 242
1847690 242
1847700 242
1847710 242
1847720 241
1847730 241
1847740 241
1847750 241
1847760 241
1847770 240
1847780 240
1847790 240
1847800 240
1847810 240
1847820 240
1847830 240
1847840 239
1847850 239
1847860 239
1847870 239
1847880 239
1847890 239
1847900 239
1847910 239
1847920 239
1847930 239
1847940 239
1847950 240
1847960 240
1847970 240
1847980 240
1847990 240
1848000 240
1848010 240
1848020 239
1848030 239
1848040 239
1848050 239
1848060 239
1848070 239
1848080 238
1848090 238
1848100 238
1848110 238
1848120 238
1848130 238
1848140 238
1848150 237
1848160 237
1848170 237
1848180 236
1848190 236
1848200 236
1848210 235
1848220 234
1848230 234
1848240 234
1848250 233
1848260 233
1848270 233
1848280 232
1848290 232
1848300 231
1848310 230
1848320 230
1848330 230
1848340 228
1848350 228
1848360 227
1848370 227
1848380 227
1848390 226
1848400 226
1848410 226
1848420 227
1848430 227
1848440 227
1848450 227
1848460 228
1848470 228
1848480 228
1848490 229
1848500 229
1848510 229
1848520 229
1848530 229
1848540 228
1848550 229
1848560 229
1848570 229
1848580 230
1848590 230
1848600 230
1848610 230
1848620 230
1848630 230
1848640 230
1848650 230
1848660 230
1848670 230
1848680 230
1848690 229
1848700 229
1848710 228
1848720 228
1848730 228
1848740 228
1848750 227
1848760 227
1848770 227
1848780 226
1848790 226
1848800 226
1848810 226
1848820 226
1848830 225
1848840 225
1848850 225
1848860 224
1848870 223
1848880 223
1848890 223
1848900 222
1848910 222
1848920 221
1848930 221
1848940 221
1848950 220
1848960 219
1848970 219
1848980 219
1848990 218
1849000 218
1849010 218
1849020 217
1849030 217
1849040 217
1849050 216
1849060 216
1849070 216
1849080 216
1849090 217
1849100 217
1849110 217
1849120 217
1849130 217
1849140 217
1849150 217
1849160 217
1849170 217
1849180 218
1849190 217
1849200 217
1849210 218
1849220 218
1849230 218
1849240 219
1849250 220
1849260 220
1849270 221
1849280 222
1849290 222
1849300 224
1849310 225
1849320 225
1849330 227
1849340 228
1849350 228
1849360 229
1849370 229
1849380 229
1849390 229
1849400 229
1849410 228
1849420 228
1849430 227
1849440 227
1849450 226
1849460 225
1849470 225
1849480 224
1849490 223
1849500 223
1849510 223
1849520 223
1849530 223
1849540 223
1849550 223
1849560 223
1849570 224
1849580 224
1849590 226
1849600 227
1849610 227
1849620 228
1849630 230
1849640 230
1849650 232
1849660 233
1849670 233
1849680 235
1849690 236
1849700 236
1849710 237
1849720 238
1849730 238
1849740 238
1849750 238
1849760 238
1849770 238
1849780 238
1849790 238
1849800 238
1849810 238
1849820 238
1849830 238
1849840 238
1849850 238
1849860 238
1849870 239
1849880 239
1849890 240
1849900 240
1849910 240
1849920 241
1849930 241
1849940 241
1849950 242
1849960 243
1849970 243
1849980 243
1849990 243
1850000 243
1850010 242
1850020 242
1850030 242
1850040 242
1850050 242
1850060 243
1850070 244
1850080 244
1850090 245
1850100 246
1850110 246
1850120 247
1850130 247
1850140 247
1850150 248
1850160 248
1850170 248
1850180 249
1850190 250
1850200 250
1850210 250
1850220 251
1850230 251
1850240 251
1850250 250
1850260 250
1850270 250
1850280 250
1850290 250
1850300 250
1850310 249
1850320 249
1850330 249
1850340 248
1850350 248
1850360 248
1850370 247
1850380 247
1850390 246
1850400 246
1850410 246
1850420 245
1850430 245
1850440 245
1850450 245
1850460 245
1850470 245
1850480 245
1850490 244
1850500 244
1850510 244
1850520 244
1850530 244
1850540 244
1850550 244
1850560 243
1850570 243
1850580 243
1850590 243
1850600 243
1850610 243
1850620 243
1850630 242
1850640 242
1850650 242
1850660 241
1850670 241
1850680 241
1850690 241
1850700 241
1850710 240
1850720 239
1850730 239
1850740 239
1850750 237
1850760 237
1850770 236
1850780 237
1850790 237
1850800 237
1850810 236
1850820 236
1850830 235
1850840 235
1850850 231
1850860 232
1850870 232
1850880 232
1850890 234
1850900 237
1850910 237
1850920 238
1850930 238
1850940 238
1850950 239
1850960 239
1850970 239
1850980 239
1850990 239
1851000 238
1851010 238
1851020 238
1851030 237
1851040 237
1851050 237
1851060 237
1851070 237
1851080 237
1851090 236
1851100 236
1851110 236
1851120 235
1851130 234
1851140 234
1851150 233
1851160 232
1851170 232
1851180 232
1851190 231
1851200 231
1851210 229
1851220 228
1851230 228
1851240 228
1851250 227
1851260 227
1851270 226
1851280 226
1851290 226
1851300 225
1851310 224
1851320 224
1851330 224
1851340 223
1851350 223
1851360 223
1851370 222
1851380 222
1851390 222
1851400 221
1851410 221
1851420 221
1851430 220
1851440 220
1851450 220
1851460 220
1851470 219
1851480 219
1851490 219
1851500 218
1851510 218
1851520 218
1851530 218
1851540 218
1851550 218
1851560 217
1851570 216
1851580 216
1851590 216
1851600 216
1851610 216
1851620 216
1851630 216
1851640 216
1851650 216
1851660 216
1851670 216
1851680 216
1851690 215
1851700 215
1851710 215
1851720 215
1851730 215
1851740 215
1851750 216
1851760 216
1851770 216
1851780 216
1851790 216
1851800 216
1851810 216
1851820 216
1851830 216
1851840 217
1851850 217
1851860 217
1851870 218
1851880 218
1851890 218
1851900 219
1851910 219
1851920 219
1851930 219
1851940 219
1851950 219
1851960 219
1851970 219
1851980 218
1851990 218
1852000 218
1852010 217
1852020 217
1852030 217
1852040 216
1852050 216
1852060 216
1852070 215
1852080 215
1852090 215
1852100 215
1852110 215
1852120 215
1852130 214
1852140 214
1852150 214
1852160 214
1852170 214
1852180 213
1852190 213
1852200 213
1852210 213
1852220 212
1852230 212
1852240 212
1852250 212
1852260 212
1852270 212
1852280 211
1852290 211
1852300 210
1852310 210
1852320 210
1852330 209
1852340 209
1852350 209
1852360 209
1852370 209
1852380 209
1852390 209
1852400 209
1852410 209
1852420 209
1852430 209
1852440 210
1852450 210
1852460 210
1852470 210
1852480 210
1852490 210
1852500 210
1852510 210
1852520 210
1852530 210
1852540 210
1852550 210
1852560 210
1852570 209
1852580 209
1852590 209
1852600 209
1852610 209
1852620 209
1852630 209
1852640 209
1852650 209
1852660 209
1852670 209
1852680 209
1852690 210
1852700 210
1852710 211
1852720 211
1852730 211
1852740 211
1852750 211
1852760 211
1852770 211
1852780 212
1852790 212
1852800 212
1852810 213
1852820 213
1852830 213
1852840 214
1852850 214
1852860 214
1852870 214
1852880 214
1852890 215
1852900 215
1852910 215
1852920 215
1852930 215
1852940 216
1852950 216
1852960 216
1852970 217
1852980 217
1852990 217
1853000 218
1853010 218
1853020 218
1853030 219
1853040 219
1853050 219
1853060 220
1853070 220
1853080 220
1853090 220
1853100 219
1853110 219
1853120 218
1853130 218
1853140 218
1853150 219
1853160 221
1853170 221
1853180 219
1853190 219
1853200 219
1853210 219
1853220 220
1853230 220
1853240 221
1853250 220
1853260 220
1853270 220
1853280 220
1853290 220
1853300 220
1853310 220
1853320 220
1853330 219
1853340 219
1853350 219
1853360 219
1853370 219
1853380 218
1853390 218
1853400 218
1853410 218
1853420 218
1853430 218
1853440 217
1853450 217
1853460 217
1853470 217
1853480 217
1853490 217
1853500 217
1853510 217
1853520 217
1853530 217
1853540 216
1853550 216
1853560 216
1853570 216
1853580 216
1853590 216
1853600 216
1853610 216
1853620 215
1853630 215
1853640 215
1853650 215
1853660 215
1853670 215
1853680 214
1853690 214
1853700 213
1853710 213
1853720 213
1853730 213
1853740 212
1853750 212
1853760 212
1853770 212
1853780 211
1853790 211
1853800 211
1853810 211
1853820 211
1853830 210
1853840 210
1853850 210
1853860 210
1853870 210
1853880 209
1853890 209
1853900 209
1853910 209
1853920 208
1853930 208
1853940 208
1853950 208
1853960 208
1853970 208
1853980 207
1853990 207
1854000 207
1854010 207
1854020 207
1854030 207
1854040 206
1854050 206
1854060 206
1854070 206
1854080 206
1854090 206
1854100 205
1854110 205
1854120 205
1854130 205
1854140 205
1854150 205
1854160 204
1854170 204
1854180 204
1854190 204
1854200 204
1854210 204
1854220 203
1854230 203
1854240 203
1854250 203
1854260 203
1854270 203
1854280 203
1854290 203
1854300 202
1854310 202
1854320 202
1854330 202
1854340 202
1854350 202
1854360 201
1854370 201
1854380 201
1854390 201
1854400 201
1854410 201
1854420 201
1854430 201
1854440 201
1854450 200
1854460 200
1854470 200
1854480 200
1854490 200
1854500 200
1854510 200
1854520 200
1854530 200
1854540 199
1854550 199
1854560 199
1854570 199
1854580 199
1854590 199
1854600 199
1854610 199
1854620 198
1854630 198
1854640 198
1854650 198
1854660 198
1854670 198
1854680 197
1854690 197
1854700 197
1854710 197
1854720 196
1854730 196
1854740 196
1854750 195
1854760 195
1854770 195
1854780 194
1854790 194
1854800 194
1854810 194
1854820 193
1854830 193
1854840 193
1854850 192
1854860 192
1854870 192
1854880 191
1854890 191
1854900 191
1854910 191
1854920 190
1854930 190
1854940 190
1854950 190
1854960 190
1854970 189
1854980 190
1854990 190
1855000 190
1855010 190
1855020 190
1855030 190
1855040 190
1855050 190
1855060 189
1855070 189
1855080 189
1855090 189
1855100 189
1855110 189
1855120 189
1855130 189
1855140 189
1855150 190
1855160 190
1855170 190
1855180 192
1855190 193
1855200 193
1855210 194
1855220 195
1855230 195
1855240 196
1855250 197
1855260 197
1855270 199
1855280 199
1855290 200
1855300 201
1855310 201
1855320 202
1855330 203
1855340 203
1855350 204
1855360 204
1855370 204
1855380 204
1855390 203
1855400 203
1855410 203
1855420 203
1855430 203
1855440 203
1855450 203
1855460 203
1855470 203
1855480 204
1855490 204
1855500 205
1855510 206
1855520 206
1855530 207
1855540 208
1855550 208
1855560 209
1855570 211
1855580 211
1855590 212
1855600 213
1855610 213
1855620 214
1855630 215
1855640 215
1855650 216
1855660 217
1855670 217
1855680 218
1855690 220
1855700 220
1855710 221
1855720 222
1855730 222
1855740 223
1855750 223
1855760 225
1855770 226
1855780 226
1855790 227
1855800 228
1855810 228
1855820 230
1855830 231
1855840 231
1855850 231
1855860 231
1855870 231
1855880 232
1855890 234
1855900 234
1855910 236
1855920 237
1855930 237
1855940 240
1855950 241
1855960 241
1855970 242
1855980 243
1855990 243
1856000 243
1856010 244
1856020 244
1856030 245
1856040 246
1856050 246
1856060 246
1856070 247
1856080 247
1856090 248
1856100 248
1856110 248
1856120 249
1856130 249
1856140 249
1856150 250
1856160 251
1856170 251
1856180 252
1856190 252
1856200 252
1856210 253
1856220 253
1856230 254
1856240 254
1856250 254
1856260 255
1856270 256
1856280 256
1856290 256
1856300 256
1856310 256
1856320 257
1856330 257
1856340 257
1856350 257
1856360 258
1856370 258
1856380 258
1856390 258
1856400 258
1856410 259
1856420 259
1856430 259
1856440 259
1856450 259
1856460 259
1856470 258
1856480 258
1856490 258
1856500 257
