1840000 219
1840010 219
1840020 219
1840030 220
1840040 221
1840050 221
1840060 222
1840070 223
1840080 223
1840090 223
1840100 224
1840110 224
1840120 223
1840130 223
1840140 223
1840150 223
1840160 223
1840170 223
1840180 222
1840190 221
1840200 221
1840210 220
1840220 219
1840230 219
1840240 218
1840250 217
1840260 217
1840270 216
1840280 215
1840290 215
1840300 214
1840310 213
1840320 213
1840330 212
1840340 211
1840350 211
1840360 211
1840370 210
1840380 210
1840390 210
1840400 209
1840410 209
1840420 209
1840430 209
1840440 208
1840450 208
1840460 208
1840470 207
1840480 207
1840490 206
1840500 206
1840510 206
1840520 206
1840530 205
1840540 205
1840550 205
1840560 205
1840570 204
1840580 204
1840590 204
1840600 204
1840610 204
1840620 204
1840630 204
1840640 204
1840650 203
1840660 203
1840670 203
1840680 203
1840690 203
1840700 203
1840710 203
1840720 203
1840730 203
1840740 203
1840750 203
1840760 203
1840770 204
1840780 204
1840790 204
1840800 204
1840810 205
1840820 205
1840830 205
1840840 205
1840850 205
1840860 205
1840870 205
1840880 205
1840890 205
1840900 205
1840910 205
1840920 205
1840930 205
1840940 205
1840950 205
1840960 205
1840970 204
1840980 204
1840990 204
1841000 204
1841010 204
1841020 204
1841030 203
1841040 203
1841050 203
1841060 203
1841070 203
1841080 203
1841090 202
1841100 202
1841110 202
1841120 202
1841130 202
1841140 202
1841150 201
1841160 201
1841170 201
1841180 201
1841190 201
1841200 201
1841210 200
1841220 200
1841230 200
1841240 200
1841250 199
1841260 199
1841270 199
1841280 199
1841290 199
1841300 199
1841310 199
1841320 199
1841330 198
1841340 198
1841350 198
1841360 198
1841370 198
1841380 198
1841390 198
1841400 198
1841410 198
1841420 197
1841430 197
1841440 197
1841450 197
1841460 197
1841470 197
1841480 197
1841490 197
1841500 197
1841510 197
1841520 197
1841530 197
1841540 196
1841550 196
1841560 196
1841570 196
1841580 196
1841590 196
1841600 196
1841610 196
1841620 196
1841630 196
1841640 196
1841650 196
1841660 196
1841670 196
1841680 196
1841690 196
1841700 196
1841710 196
1841720 196
1841730 196
1841740 196
1841750 196
1841760 196
1841770 196
1841780 195
1841790 195
1841800 195
1841810 195
1841820 195
1841830 195
1841840 195
1841850 195
1841860 195
1841870 195
1841880 194
1841890 194
1841900 194
1841910 194
1841920 194
1841930 194
1841940 194
1841950 194
1841960 194
1841970 194
1841980 194
1841990 194
1842000 194
1842010 195
1842020 195
1842030 195
1842040 195
1842050 195
1842060 195
1842070 195
1842080 195
1842090 195
1842100 195
1842110 195
1842120 195
1842130 195
1842140 195
1842150 195
1842160 195
1842170 195
1842180 195
1842190 195
1842200 195
1842210 195
1842220 195
1842230 195
1842240 195
1842250 195
1842260 195
1842270 195
1842280 195
1842290 195
1842300 195
1842310 195
1842320 195
1842330 195
1842340 195
1842350 195
1842360 195
1842370 195
1842380 195
1842390 194
1842400 194
1842410 194
1842420 194
1842430 194
1842440 194
1842450 194
1842460 194
1842470 194
1842480 194
1842490 194
1842500 194
1842510 194
1842520 194
1842530 194
1842540 194
1842550 194
1842560 194
1842570 194
1842580 194
1842590 194
1842600 194
1842610 194
1842620 194
1842630 194
1842640 194
1842650 194
1842660 195
1842670 195
1842680 195
1842690 195
1842700 195
1842710 195
1842720 195
1842730 195
1842740 196
1842750 196
1842760 196
1842770 196
1842780 196
1842790 196
1842800 197
1842810 197
1842820 197
1842830 197
1842840 197
1842850 197
1842860 198
1842870 198
1842880 198
1842890 198
1842900 198
1842910 198
1842920 199
1842930 199
1842940 199
1842950 199
1842960 199
1842970 199
1842980 200
1842990 200
1843000 200
1843010 200
1843020 200
1843030 201
1843040 201
1843050 201
1843060 201
1843070 202
1843080 202
1843090 202
1843100 203
1843110 203
1843120 203
1843130 204
1843140 204
1843150 204
1843160 205
1843170 205
1843180 206
1843190 206
1843200 206
1843210 207
1843220 207
1843230 207
1843240 208
1843250 208
1843260 208
1843270 209
1843280 209
1843290 209
1843300 210
1843310 210
1843320 210
1843330 210
1843340 210
1843350 210
1843360 210
1843370 210
1843380 210
1843390 210
1843400 210
1843410 209
1843420 209
1843430 209
1843440 209
1843450 208
1843460 208
1843470 208
1843480 208
1843490 208
1843500 207
1843510 207
1843520 207
1843530 207
1843540 207
1843550 207
1843560 206
1843570 206
1843580 206
1843590 206
1843600 206
1843610 206
1843620 206
1843630 205
1843640 205
1843650 205
1843660 205
1843670 205
1843680 205
1843690 205
1843700 205
1843710 205
1843720 205
1843730 205
1843740 205
1843750 205
1843760 206
1843770 206
1843780 206
1843790 207
1843800 207
1843810 207
1843820 207
1843830 207
1843840 207
1843850 206
1843860 206
1843870 206
1843880 206
1843890 206
1843900 206
1843910 205
1843920 205
1843930 205
1843940 205
1843950 205
1843960 205
1843970 206
1843980 206
1843990 206
1844000 206
1844010 206
1844020 206
1844030 206
1844040 206
1844050 206
1844060 206
1844070 206
1844080 206
1844090 206
1844100 206
1844110 206
1844120 206
1844130 207
1844140 207
1844150 207
1844160 207
1844170 207
1844180 207
1844190 207
1844200 207
1844210 207
1844220 207
1844230 207
1844240 208
1844250 208
1844260 208
1844270 208
1844280 208
1844290 209
1844300 209
1844310 209
1844320 210
1844330 211
1844340 211
1844350 212
1844360 212
1844370 212
1844380 213
1844390 214
1844400 214
1844410 214
1844420 215
1844430 215
1844440 215
1844450 216
1844460 216
1844470 216
1844480 216
1844490 216
1844500 217
1844510 216
1844520 216
1844530 216
1844540 217
1844550 217
1844560 217
1844570 217
1844580 217
1844590 218
1844600 219
1844610 219
1844620 219
1844630 220
1844640 220
1844650 221
1844660 222
1844670 222
1844680 223
1844690 223
1844700 223
1844710 224
1844720 224
1844730 225
1844740 225
1844750 225
1844760 226
1844770 226
1844780 226
1844790 227
1844800 228
1844810 228
1844820 229
1844830 229
1844840 229
1844850 230
1844860 231
1844870 231
1844880 232
1844890 233
1844900 233
1844910 234
1844920 235
1844930 235
1844940 236
1844950 237
1844960 237
1844970 238
1844980 239
1844990 239
1845000 239
1845010 239
1845020 239
1845030 239
1845040 239
1845050 239
1845060 239
1845070 238
1845080 238
1845090 238
1845100 237
1845110 237
1845120 237
1845130 236
1845140 236
1845150 236
1845160 236
1845170 236
1845180 236
1845190 236
1845200 236
1845210 236
1845220 236
1845230 236
1845240 236
1845250 236
1845260 236
1845270 235
1845280 235
1845290 235
1845300 235
1845310 235
1845320 235
1845330 235
1845340 235
1845350 234
1845360 234
1845370 234
1845380 234
1845390 234
1845400 234
1845410 234
1845420 234
1845430 234
1845440 234
1845450 234
1845460 234
1845470 234
1845480 234
1845490 234
1845500 234
1845510 234
1845520 234
1845530 234
1845540 234
1845550 234
1845560 234
1845570 234
1845580 234
1845590 234
1845600 234
1845610 234
1845620 234
1845630 234
1845640 234
1845650 234
1845660 234
1845670 233
1845680 233
1845690 233
1845700 233
1845710 234
1845720 234
1845730 234
1845740 234
1845750 234
1845760 234
1845770 234
1845780 234
1845790 234
1845800 234
1845810 234
1845820 234
1845830 234
1845840 234
1845850 234
1845860 233
1845870 233
1845880 233
1845890 233
1845900 233
1845910 233
1845920 234
1845930 234
1845940 234
1845950 234
1845960 234
1845970 234
1845980 234
1845990 234
1846000 234
1846010 234
1846020 234
1846030 234
1846040 234
1846050 234
1846060 234
1846070 234
1846080 234
1846090 234
1846100 234
1846110 234
1846120 235
1846130 235
1846140 235
1846150 235
1846160 235
1846170 235
1846180 235
1846190 235
1846200 235
1846210 233
1846220 233
1846230 232
1846240 230
1846250 230
1846260 228
1846270 226
1846280 226
1846290 224
1846300 222
1846310 222
1846320 220
1846330 220
1846340 220
1846350 219
1846360 218
1846370 218
1846380 217
1846390 216
1846400 216
1846410 216
1846420 215
1846430 215
1846440 214
1846450 214
1846460 214
1846470 213
1846480 212
1846490 212
1846500 212
1846510 212
1846520 212
1846530 212
1846540 212
1846550 212
1846560 212
1846570 212
1846580 212
1846590 211
1846600 211
1846610 211
1846620 211
1846630 211
1846640 212
1846650 212
1846660 212
1846670 211
1846680 211
1846690 211
1846700 211
1846710 211
1846720 211
1846730 212
1846740 211
1846750 211
1846760 211
1846770 211
1846780 211
1846790 211
1846800 211
1846810 211
1846820 210
1846830 210
1846840 210
1846850 210
1846860 210
1846870 210
1846880 210
1846890 210
1846900 210
1846910 210
1846920 210
1846930 210
1846940 210
1846950 210
1846960 210
1846970 210
1846980 210
1846990 210
1847000 210
1847010 210
1847020 210
1847030 210
1847040 210
1847050 209
1847060 209
1847070 209
1847080 209
1847090 209
1847100 209
1847110 209
1847120 209
1847130 209
1847140 208
1847150 208
1847160 208
1847170 208
1847180 208
1847190 208
1847200 208
1847210 208
1847220 208
1847230 208
1847240 207
1847250 207
1847260 207
1847270 207
1847280 207
1847290 207
1847300 207
1847310 207
1847320 207
1847330 207
1847340 207
1847350 207
1847360 207
1847370 207
1847380 207
1847390 207
1847400 207
1847410 207
1847420 207
1847430 207
1847440 207
1847450 207
1847460 207
1847470 207
1847480 207
1847490 207
1847500 207
1847510 207
1847520 207
1847530 207
1847540 207
1847550 207
1847560 207
1847570 207
1847580 207
1847590 208
1847600 208
1847610 207
1847620 207
1847630 207
1847640 207
1847650 207
1847660 207
1847670 207
1847680 207
1847690 207
1847700 206
1847710 206
1847720 206
1847730 206
1847740 206
1847750 206
1847760 206
1847770 205
1847780 205
1847790 205
1847800 205
1847810 205
1847820 205
1847830 205
1847840 205
1847850 205
1847860 205
1847870 205
1847880 205
1847890 205
1847900 205
1847910 205
1847920 205
1847930 205
1847940 205
1847950 205
1847960 205
1847970 205
1847980 205
1847990 205
1848000 205
1848010 205
1848020 205
1848030 205
1848040 205
1848050 205
1848060 205
1848070 205
1848080 205
1848090 206
1848100 206
1848110 206
1848120 206
1848130 206
1848140 206
1848150 206
1848160 206
1848170 206
1848180 206
1848190 206
1848200 206
1848210 206
1848220 206
1848230 206
1848240 206
1848250 206
1848260 205
1848270 205
1848280 205
1848290 205
1848300 205
1848310 205
1848320 205
1848330 205
1848340 205
1848350 205
1848360 205
1848370 205
1848380 205
1848390 205
1848400 205
1848410 205
1848420 204
1848430 204
1848440 204
1848450 204
1848460 204
1848470 204
1848480 204
1848490 204
1848500 204
1848510 204
1848520 204
1848530 204
1848540 204
1848550 204
1848560 204
1848570 204
1848580 204
1848590 204
1848600 204
1848610 204
1848620 205
1848630 205
1848640 205
1848650 206
1848660 206
1848670 206
1848680 206
1848690 206
1848700 207
1848710 207
1848720 207
1848730 207
1848740 208
1848750 208
1848760 208
1848770 209
1848780 209
1848790 209
1848800 209
1848810 209
1848820 210
1848830 210
1848840 210
1848850 210
1848860 209
1848870 209
1848880 209
1848890 208
1848900 208
1848910 208
1848920 208
1848930 208
1848940 208
1848950 208
1848960 208
1848970 208
1848980 208
1848990 207
1849000 207
1849010 207
1849020 207
1849030 207
1849040 207
1849050 207
1849060 207
1849070 207
1849080 207
1849090 206
1849100 206
1849110 206
1849120 206
1849130 206
1849140 205
1849150 205
1849160 205
1849170 205
1849180 205
1849190 205
1849200 204
1849210 204
1849220 204
1849230 204
1849240 204
1849250 204
1849260 204
1849270 204
1849280 204
1849290 204
1849300 204
1849310 204
1849320 204
1849330 204
1849340 204
1849350 204
1849360 204
1849370 204
1849380 205
1849390 205
1849400 205
1849410 206
1849420 206
1849430 207
1849440 207
1849450 207
1849460 208
1849470 208
1849480 208
1849490 208
1849500 208
1849510 208
1849520 208
1849530 208
1849540 208
1849550 208
1849560 208
1849570 209
1849580 209
1849590 209
1849600 209
1849610 209
1849620 209
1849630 209
1849640 209
1849650 210
1849660 210
1849670 210
1849680 210
1849690 210
1849700 210
1849710 210
1849720 210
1849730 210
1849740 210
1849750 210
1849760 209
1849770 209
1849780 209
1849790 209
1849800 208
1849810 208
1849820 208
1849830 208
1849840 208
1849850 208
1849860 208
1849870 207
1849880 207
1849890 207
1849900 207
1849910 207
1849920 207
1849930 207
1849940 206
1849950 206
1849960 206
1849970 205
1849980 205
1849990 205
1850000 205
1850010 205
1850020 204
1850030 204
1850040 204
1850050 204
1850060 204
1850070 204
1850080 204
1850090 205
1850100 205
1850110 205
1850120 204
1850130 204
1850140 204
1850150 204
1850160 204
1850170 204
1850180 204
1850190 204
1850200 204
1850210 204
1850220 204
1850230 204
1850240 204
1850250 204
1850260 204
1850270 204
1850280 204
1850290 203
1850300 204
1850310 204
1850320 204
1850330 204
1850340 204
1850350 204
1850360 204
1850370 204
1850380 205
1850390 205
1850400 205
1850410 205
1850420 205
1850430 206
1850440 206
1850450 206
1850460 206
1850470 206
1850480 206
1850490 206
1850500 207
1850510 207
1850520 207
1850530 207
1850540 207
1850550 207
1850560 207
1850570 207
1850580 207
1850590 207
1850600 207
1850610 208
1850620 208
1850630 208
1850640 208
1850650 208
1850660 208
1850670 208
1850680 209
1850690 209
1850700 209
1850710 209
1850720 209
1850730 209
1850740 209
1850750 209
1850760 209
1850770 209
1850780 209
1850790 210
1850800 210
1850810 210
1850820 210
1850830 210
1850840 210
1850850 210
1850860 210
1850870 210
1850880 210
1850890 210
1850900 210
1850910 209
1850920 209
1850930 209
1850940 209
1850950 209
1850960 208
1850970 208
1850980 208
1850990 207
1851000 207
1851010 206
1851020 206
1851030 205
1851040 205
1851050 205
1851060 204
1851070 204
1851080 204
1851090 204
1851100 204
1851110 204
1851120 203
1851130 203
1851140 203
1851150 203
1851160 203
1851170 203
1851180 203
1851190 203
1851200 202
1851210 202
1851220 202
1851230 202
1851240 202
1851250 202
1851260 201
1851270 201
1851280 201
1851290 201
1851300 201
1851310 201
1851320 200
1851330 200
1851340 200
1851350 200
1851360 200
1851370 200
1851380 199
1851390 199
1851400 199
1851410 199
1851420 199
1851430 199
1851440 199
1851450 199
1851460 198
1851470 198
1851480 198
1851490 198
1851500 198
1851510 198
1851520 198
1851530 198
1851540 198
1851550 198
1851560 198
1851570 198
1851580 198
1851590 198
1851600 198
1851610 199
1851620 199
1851630 199
1851640 200
1851650 200
1851660 200
1851670 200
1851680 200
1851690 200
1851700 201
1851710 201
1851720 201
1851730 201
1851740 202
1851750 202
1851760 202
1851770 202
1851780 202
1851790 203
1851800 203
1851810 203
1851820 203
1851830 203
1851840 203
1851850 203
1851860 203
1851870 203
1851880 203
1851890 203
1851900 203
1851910 203
1851920 203
1851930 203
1851940 202
1851950 202
1851960 202
1851970 202
1851980 202
1851990 202
1852000 202
1852010 202
1852020 202
1852030 202
1852040 202
1852050 202
1852060 202
1852070 202
1852080 201
1852090 201
1852100 201
1852110 201
1852120 201
1852130 201
1852140 201
1852150 201
1852160 201
1852170 201
1852180 200
1852190 200
1852200 200
1852210 200
1852220 200
1852230 200
1852240 200
1852250 200
1852260 200
1852270 200
1852280 200
1852290 200
1852300 200
1852310 200
1852320 200
1852330 200
1852340 200
1852350 199
1852360 199
1852370 200
1852380 200
1852390 200
1852400 200
1852410 200
1852420 200
1852430 200
1852440 200
1852450 200
1852460 200
1852470 200
1852480 200
1852490 200
1852500 200
1852510 200
1852520 199
1852530 199
1852540 199
1852550 198
1852560 198
1852570 198
1852580 198
1852590 198
1852600 198
1852610 198
1852620 198
1852630 198
1852640 197
1852650 197
1852660 197
1852670 197
1852680 197
1852690 197
1852700 197
1852710 197
1852720 197
1852730 197
1852740 197
1852750 196
1852760 196
1852770 196
1852780 196
1852790 196
1852800 196
1852810 196
1852820 195
1852830 195
1852840 195
1852850 195
1852860 195
1852870 195
1852880 195
1852890 195
1852900 195
1852910 195
1852920 195
1852930 195
1852940 196
1852950 196
1852960 196
1852970 196
1852980 196
1852990 196
1853000 196
1853010 196
1853020 196
1853030 197
1853040 197
1853050 197
1853060 197
1853070 197
1853080 197
1853090 197
1853100 197
1853110 197
1853120 197
1853130 197
1853140 197
1853150 197
1853160 197
1853170 197
1853180 197
1853190 196
1853200 197
1853210 197
1853220 196
1853230 196
1853240 196
1853250 196
1853260 196
1853270 196
1853280 196
1853290 196
1853300 196
1853310 195
1853320 195
1853330 195
1853340 195
1853350 195
1853360 195
1853370 196
1853380 196
1853390 196
1853400 196
1853410 196
1853420 196
1853430 196
1853440 196
1853450 196
1853460 196
1853470 196
1853480 196
1853490 196
1853500 196
1853510 196
1853520 196
1853530 196
1853540 196
1853550 196
1853560 196
1853570 196
1853580 196
1853590 196
1853600 196
1853610 196
1853620 196
1853630 196
1853640 196
1853650 196
1853660 196
1853670 196
1853680 196
1853690 196
1853700 196
1853710 196
1853720 196
1853730 195
1853740 195
1853750 195
1853760 195
1853770 195
1853780 195
1853790 195
1853800 195
1853810 195
1853820 195
1853830 195
1853840 196
1853850 196
1853860 196
1853870 196
1853880 195
1853890 195
1853900 195
1853910 195
1853920 195
1853930 195
1853940 195
1853950 195
1853960 195
1853970 195
1853980 195
1853990 195
1854000 195
1854010 195
1854020 195
1854030 195
1854040 195
1854050 194
1854060 194
1854070 194
1854080 194
1854090 194
1854100 194
1854110 194
1854120 194
1854130 194
1854140 194
1854150 194
1854160 194
1854170 194
1854180 194
1854190 194
1854200 194
1854210 194
1854220 194
1854230 194
1854240 194
1854250 194
1854260 193
1854270 193
1854280 193
1854290 193
1854300 193
1854310 193
1854320 193
1854330 193
1854340 193
1854350 193
1854360 193
1854370 193
1854380 193
1854390 193
1854400 193
1854410 192
1854420 192
1854430 192
1854440 191
1854450 191
1854460 191
1854470 190
1854480 190
1854490 190
1854500 190
1854510 190
1854520 189
1854530 189
1854540 189
1854550 189
1854560 189
1854570 189
1854580 189
1854590 189
1854600 188
1854610 188
1854620 188
1854630 188
1854640 188
1854650 188
1854660 188
1854670 187
1854680 187
1854690 187
1854700 187
1854710 187
1854720 187
1854730 187
1854740 187
1854750 187
1854760 186
1854770 186
1854780 186
1854790 186
1854800 186
1854810 186
1854820 186
1854830 186
1854840 186
1854850 186
1854860 186
1854870 186
1854880 186
1854890 186
1854900 186
1854910 186
1854920 186
1854930 186
1854940 186
1854950 186
1854960 186
1854970 186
1854980 186
1854990 186
1855000 186
1855010 186
1855020 186
1855030 186
1855040 186
1855050 186
1855060 186
1855070 186
1855080 186
1855090 186
1855100 187
1855110 186
1855120 186
1855130 186
1855140 187
1855150 187
1855160 187
1855170 186
1855180 186
1855190 186
1855200 186
1855210 186
1855220 186
1855230 186
1855240 186
1855250 186
1855260 186
1855270 186
1855280 186
1855290 186
1855300 186
